,0,1,2,3,4,5,6,7,8,9,10,11,12,13,14,15,16,17,18,19,20,21,22,23,24,25,26,27,28,29,30,31,32,33,34,35,36,37,38,39,40,41,42,43,44,45,46,47,48,49,50,51,52,53,54,55,56,57,58,59,60,61,62,63,64,65,66,67,68,69,70,71,72,73,74,75,76,77,78,79,80,81,82,83,84,85,86,87,88,89,90,91,92,93,94,95,96,97,98,99,100,101,102,103,104,105,106,107,108,109,110,111,112,113,114,115,116,117,118,119,120,121,122,123,124,125,126,127,128,129,130,131,132,133,134,135,136,137,138,139,140,141,142,143,144,145,146,147,148,149,150,151,152,153,154,155,156,157,158,159,160,161
0,-1.0,10243382.0,1027160190.0,1041520796.0,104199233.0,1043962896.0,1060675476.0,107354463.0,109297550.0,122564147.0,123907301.0,130772703.0,133285939.0,135950053.0,137702613.0,141175646.0,141201481.0,141261746.0,141858649.0,142123126.0,142202568.0,143041462.0,143245156.0,144468781.0,1444754557.0,145535500.0,145629242.0,1482382711.0,150693380.0,1512277656.0,151592843.0,153158797.0,1536843788.0,1585014307.0,1651092140.0,1668340226.0,16684243.0,17313874.0,173684661.0,173744839.0,173898921.0,177192126.0,185171649.0,1864632128.0,187093976.0,18711950.0,193331367.0,19679654.0,20508216.0,20974569.0,21211840.0,223367096.0,2293782709.0,23051061.0,23196860.0,23374586.0,2351240086.0,235888436.0,238985094.0,241058503.0,241081044.0,2462120142.0,252107087.0,2541237607.0,2583679106.0,261978976.0,264183317.0,26536236.0,271477047.0,274588878.0,276405865.0,28306935.0,288881604.0,2895302724.0,2903058009.0,295565112.0,2959174339.0,303251307.0,3033041251.0,30860019.0,308976598.0,311990625.0,3292442355.0,3305969124.0,3306738445.0,331650533.0,3383447679.0,3420786279.0,35435904.0,367575448.0,38608550.0,40265211.0,406000313.0,412364283.0,415531815.0,423521419.0,428270598.0,43725438.0,439845866.0,4460803583.0,460025199.0,46343277.0,464391387.0,4701234798.0,47038077.0,47615505.0,486339595.0,491958813.0,494095798.0,500483223.0,503326012.0,51912694.0,525778146.0,525811990.0,53857480.0,543271705.0,548963351.0,550382928.0,558721586.0,57758737.0,583127755.0,583823040.0,594747705.0,61728690.0,622556066.0,62887141.0,64201471.0,67254817.0,67368079.0,701442378.0,7.133976984063017e+17,71471528.0,7.335751936044605e+17,742811888.0,7.434433255338516e+17,743671039.0,7.498968103788257e+17,7.510163854054195e+17,753283147.0,7.608427938120581e+17,78585532.0,7.909668600868577e+17,8.06070266371543e+17,8.08663034378027e+17,8.108844673509663e+17,8.125573776312402e+17,81809415.0,8.202752320573481e+17,827464374.0,8.287812378253148e+17,839295986.0,8.405105886651187e+17,8.490769888286351e+17,8.578223124266066e+17,86055919.0,8.659393463225917e+17,8.72030349034967e+17,87377938.0,8.9848317979904e+17,9.138543338625556e+17,929234672.0,93782365.0
1,10243382.0,0.0,1.0,0.0,0.0,2.0,2.0,0.0,1.0,4.0,0.0,2.0,2.0,0.0,0.0,2.0,2.0,0.0,1.0,2.0,0.0,1.0,2.0,2.0,11.0,1.0,3.0,0.0,1.0,0.0,0.0,0.0,1.0,0.0,2.0,1.0,1.0,0.0,2.0,2.0,0.0,0.0,2.0,0.0,1.0,14.0,1.0,0.0,0.0,2.0,3.0,0.0,0.0,3.0,2.0,2.0,3.0,2.0,0.0,1.0,2.0,0.0,2.0,0.0,2.0,0.0,0.0,2.0,1.0,3.0,1.0,1.0,2.0,1.0,2.0,1.0,2.0,1.0,1.0,2.0,0.0,2.0,2.0,0.0,0.0,2.0,0.0,2.0,2.0,4.0,0.0,1.0,0.0,2.0,2.0,0.0,2.0,0.0,2.0,2.0,2.0,2.0,0.0,1.0,0.0,3.0,0.0,1.0,0.0,1.0,2.0,0.0,0.0,1.0,1.0,1.0,0.0,0.0,0.0,0.0,0.0,1.0,0.0,1.0,2.0,2.0,1.0,1.0,4.0,2.0,0.0,0.0,1.0,1.0,0.0,1.0,0.0,0.0,0.0,2.0,0.0,1.0,0.0,0.0,0.0,1.0,2.0,0.0,0.0,0.0,8.0,1.0,2.0,0.0,2.0,1.0,2.0,0.0,0.0,0.0,0.0,2.0
2,1027160190.0,1.0,0.0,0.0,2.0,1.0,15.0,0.0,0.0,2.0,3.0,11.0,5.0,0.0,0.0,4.0,26.0,3.0,3.0,6.0,0.0,3.0,8.0,13.0,11.0,4.0,7.0,0.0,2.0,0.0,1.0,1.0,0.0,1.0,5.0,2.0,16.0,0.0,9.0,3.0,0.0,4.0,1.0,0.0,2.0,9.0,3.0,2.0,5.0,4.0,11.0,0.0,0.0,2.0,10.0,3.0,33.0,5.0,0.0,2.0,1.0,3.0,3.0,1.0,9.0,0.0,0.0,3.0,2.0,13.0,5.0,7.0,2.0,1.0,6.0,3.0,3.0,1.0,0.0,11.0,0.0,4.0,5.0,0.0,0.0,11.0,0.0,4.0,3.0,0.0,2.0,7.0,1.0,3.0,11.0,0.0,4.0,0.0,20.0,6.0,8.0,6.0,1.0,0.0,2.0,17.0,0.0,6.0,0.0,7.0,9.0,3.0,0.0,2.0,9.0,0.0,0.0,0.0,0.0,1.0,0.0,0.0,0.0,1.0,3.0,14.0,9.0,4.0,9.0,8.0,0.0,0.0,1.0,2.0,0.0,5.0,0.0,0.0,0.0,1.0,1.0,2.0,0.0,0.0,0.0,0.0,6.0,0.0,4.0,3.0,3.0,3.0,0.0,0.0,2.0,0.0,5.0,0.0,0.0,0.0,1.0,2.0
3,1041520796.0,0.0,0.0,0.0,1.0,0.0,1.0,0.0,0.0,0.0,0.0,17.0,1.0,0.0,0.0,3.0,11.0,0.0,1.0,5.0,1.0,0.0,0.0,5.0,7.0,3.0,33.0,0.0,1.0,1.0,0.0,0.0,0.0,0.0,0.0,1.0,1.0,0.0,5.0,1.0,0.0,1.0,0.0,0.0,1.0,16.0,1.0,0.0,1.0,2.0,1.0,0.0,0.0,0.0,0.0,1.0,2.0,2.0,0.0,2.0,2.0,0.0,1.0,0.0,1.0,0.0,0.0,0.0,2.0,1.0,0.0,2.0,0.0,0.0,0.0,1.0,1.0,0.0,1.0,0.0,0.0,1.0,1.0,0.0,0.0,6.0,0.0,1.0,1.0,1.0,1.0,3.0,1.0,5.0,1.0,1.0,25.0,0.0,4.0,0.0,0.0,3.0,1.0,0.0,0.0,2.0,1.0,1.0,0.0,3.0,1.0,0.0,0.0,1.0,0.0,0.0,0.0,0.0,0.0,1.0,0.0,0.0,0.0,1.0,1.0,0.0,1.0,0.0,5.0,0.0,0.0,0.0,0.0,0.0,0.0,3.0,0.0,1.0,0.0,0.0,0.0,0.0,0.0,0.0,2.0,0.0,1.0,0.0,1.0,0.0,2.0,0.0,0.0,0.0,1.0,0.0,1.0,0.0,0.0,0.0,0.0,0.0
4,104199233.0,0.0,2.0,1.0,0.0,3.0,26.0,0.0,2.0,5.0,10.0,54.0,51.0,0.0,0.0,16.0,62.0,24.0,16.0,37.0,0.0,7.0,8.0,9.0,65.0,4.0,37.0,11.0,5.0,3.0,0.0,0.0,0.0,4.0,9.0,13.0,47.0,6.0,35.0,11.0,1.0,5.0,5.0,7.0,4.0,56.0,19.0,4.0,10.0,17.0,13.0,0.0,0.0,23.0,8.0,18.0,26.0,16.0,0.0,18.0,12.0,13.0,8.0,4.0,7.0,0.0,1.0,3.0,3.0,63.0,3.0,27.0,2.0,0.0,19.0,22.0,1.0,0.0,4.0,10.0,0.0,7.0,27.0,0.0,0.0,67.0,1.0,23.0,45.0,2.0,2.0,14.0,1.0,9.0,18.0,0.0,8.0,5.0,67.0,11.0,16.0,23.0,13.0,1.0,3.0,36.0,15.0,15.0,0.0,33.0,31.0,5.0,1.0,8.0,3.0,1.0,0.0,2.0,2.0,2.0,0.0,3.0,0.0,3.0,8.0,25.0,3.0,30.0,22.0,24.0,0.0,1.0,0.0,3.0,2.0,4.0,1.0,0.0,0.0,0.0,4.0,2.0,0.0,0.0,0.0,1.0,19.0,0.0,23.0,9.0,9.0,11.0,0.0,0.0,6.0,8.0,10.0,0.0,0.0,0.0,0.0,4.0
5,1043962896.0,2.0,1.0,0.0,3.0,0.0,16.0,0.0,5.0,7.0,1.0,17.0,12.0,0.0,0.0,11.0,18.0,3.0,7.0,13.0,0.0,7.0,4.0,10.0,20.0,1.0,8.0,1.0,1.0,1.0,0.0,0.0,0.0,0.0,12.0,7.0,3.0,0.0,11.0,9.0,0.0,0.0,6.0,1.0,0.0,15.0,4.0,0.0,1.0,3.0,0.0,2.0,0.0,2.0,7.0,6.0,2.0,13.0,0.0,9.0,8.0,0.0,14.0,0.0,11.0,0.0,0.0,2.0,0.0,19.0,3.0,10.0,10.0,2.0,12.0,2.0,3.0,6.0,5.0,3.0,0.0,12.0,10.0,1.0,0.0,18.0,2.0,9.0,8.0,0.0,0.0,12.0,2.0,11.0,19.0,0.0,11.0,2.0,14.0,8.0,13.0,5.0,0.0,2.0,0.0,14.0,0.0,9.0,0.0,10.0,11.0,0.0,0.0,0.0,7.0,3.0,1.0,1.0,0.0,1.0,0.0,2.0,0.0,4.0,10.0,12.0,3.0,8.0,12.0,12.0,0.0,0.0,1.0,5.0,0.0,7.0,0.0,2.0,0.0,5.0,0.0,8.0,0.0,0.0,0.0,6.0,13.0,2.0,0.0,1.0,8.0,9.0,0.0,0.0,9.0,6.0,6.0,0.0,0.0,0.0,0.0,6.0
6,1060675476.0,2.0,15.0,1.0,26.0,16.0,0.0,5.0,11.0,27.0,40.0,313.0,167.0,0.0,0.0,92.0,468.0,30.0,80.0,175.0,1.0,74.0,106.0,202.0,270.0,17.0,100.0,3.0,31.0,9.0,2.0,1.0,0.0,4.0,122.0,61.0,50.0,8.0,214.0,53.0,2.0,15.0,41.0,15.0,6.0,206.0,40.0,3.0,52.0,34.0,7.0,8.0,0.0,37.0,63.0,47.0,37.0,129.0,1.0,48.0,48.0,9.0,75.0,0.0,86.0,0.0,8.0,22.0,7.0,282.0,25.0,117.0,41.0,9.0,120.0,75.0,35.0,37.0,34.0,59.0,12.0,101.0,66.0,4.0,0.0,247.0,3.0,102.0,58.0,2.0,9.0,52.0,22.0,69.0,306.0,8.0,133.0,10.0,629.0,33.0,175.0,66.0,15.0,9.0,20.0,271.0,44.0,130.0,0.0,121.0,157.0,9.0,2.0,15.0,117.0,24.0,7.0,4.0,4.0,8.0,0.0,26.0,2.0,9.0,109.0,140.0,23.0,136.0,193.0,188.0,0.0,1.0,4.0,43.0,0.0,70.0,8.0,2.0,0.0,14.0,2.0,32.0,0.0,0.0,0.0,7.0,105.0,22.0,24.0,9.0,52.0,36.0,3.0,0.0,35.0,24.0,39.0,0.0,0.0,0.0,3.0,29.0
7,107354463.0,0.0,0.0,0.0,0.0,0.0,5.0,0.0,0.0,2.0,0.0,3.0,4.0,0.0,0.0,1.0,4.0,2.0,1.0,4.0,0.0,1.0,2.0,2.0,5.0,0.0,4.0,0.0,1.0,0.0,0.0,0.0,0.0,0.0,2.0,1.0,2.0,0.0,4.0,1.0,0.0,0.0,2.0,1.0,0.0,5.0,0.0,0.0,0.0,1.0,0.0,0.0,0.0,1.0,0.0,2.0,0.0,4.0,0.0,1.0,2.0,0.0,4.0,0.0,0.0,0.0,0.0,1.0,0.0,5.0,0.0,1.0,0.0,0.0,0.0,5.0,0.0,0.0,0.0,0.0,0.0,0.0,2.0,0.0,0.0,8.0,0.0,4.0,5.0,0.0,0.0,1.0,0.0,2.0,5.0,0.0,2.0,1.0,5.0,0.0,3.0,2.0,0.0,0.0,1.0,5.0,0.0,1.0,0.0,1.0,2.0,0.0,0.0,0.0,0.0,0.0,0.0,0.0,0.0,0.0,0.0,4.0,0.0,0.0,1.0,3.0,1.0,2.0,1.0,3.0,0.0,0.0,0.0,0.0,0.0,0.0,0.0,0.0,0.0,0.0,0.0,0.0,0.0,0.0,0.0,1.0,3.0,0.0,0.0,0.0,2.0,0.0,0.0,0.0,0.0,3.0,0.0,0.0,0.0,0.0,0.0,2.0
8,109297550.0,1.0,0.0,0.0,2.0,5.0,11.0,0.0,0.0,3.0,0.0,14.0,15.0,0.0,0.0,5.0,14.0,4.0,12.0,10.0,0.0,5.0,4.0,5.0,23.0,0.0,9.0,1.0,0.0,2.0,0.0,0.0,0.0,0.0,6.0,6.0,4.0,0.0,9.0,5.0,0.0,0.0,5.0,0.0,0.0,11.0,6.0,0.0,1.0,5.0,0.0,3.0,0.0,2.0,3.0,4.0,2.0,6.0,0.0,5.0,4.0,1.0,3.0,0.0,5.0,0.0,0.0,1.0,0.0,26.0,1.0,8.0,3.0,1.0,7.0,4.0,1.0,4.0,7.0,6.0,0.0,4.0,9.0,1.0,0.0,23.0,1.0,6.0,11.0,0.0,0.0,7.0,3.0,5.0,10.0,0.0,9.0,7.0,35.0,4.0,8.0,7.0,0.0,1.0,0.0,9.0,1.0,5.0,0.0,9.0,10.0,0.0,0.0,0.0,1.0,4.0,6.0,1.0,0.0,1.0,0.0,2.0,0.0,1.0,10.0,8.0,4.0,15.0,7.0,7.0,0.0,0.0,0.0,7.0,0.0,1.0,0.0,1.0,0.0,5.0,0.0,2.0,0.0,0.0,0.0,3.0,5.0,1.0,0.0,1.0,7.0,9.0,0.0,0.0,5.0,6.0,4.0,0.0,0.0,0.0,0.0,5.0
9,122564147.0,4.0,2.0,0.0,5.0,7.0,27.0,2.0,3.0,0.0,2.0,26.0,12.0,0.0,0.0,14.0,27.0,8.0,7.0,21.0,0.0,15.0,10.0,15.0,23.0,3.0,16.0,1.0,2.0,0.0,0.0,0.0,0.0,1.0,19.0,6.0,7.0,0.0,20.0,10.0,0.0,0.0,6.0,4.0,1.0,29.0,5.0,0.0,4.0,5.0,2.0,3.0,0.0,8.0,15.0,10.0,7.0,16.0,0.0,10.0,7.0,2.0,14.0,0.0,12.0,0.0,0.0,8.0,0.0,26.0,6.0,13.0,11.0,3.0,15.0,9.0,7.0,6.0,3.0,7.0,0.0,19.0,12.0,1.0,1.0,28.0,2.0,16.0,7.0,3.0,0.0,13.0,1.0,14.0,30.0,2.0,16.0,2.0,26.0,14.0,15.0,29.0,0.0,3.0,3.0,22.0,0.0,16.0,0.0,12.0,17.0,2.0,0.0,9.0,13.0,5.0,1.0,1.0,0.0,1.0,0.0,2.0,0.0,5.0,14.0,19.0,4.0,12.0,19.0,22.0,0.0,0.0,2.0,4.0,0.0,13.0,1.0,2.0,0.0,8.0,0.0,11.0,0.0,0.0,0.0,5.0,17.0,2.0,2.0,1.0,11.0,7.0,0.0,0.0,14.0,8.0,10.0,0.0,0.0,0.0,1.0,8.0
10,123907301.0,0.0,3.0,0.0,10.0,1.0,40.0,0.0,0.0,2.0,0.0,48.0,21.0,0.0,2.0,9.0,55.0,10.0,10.0,29.0,3.0,9.0,9.0,17.0,36.0,2.0,17.0,1.0,16.0,0.0,1.0,0.0,0.0,1.0,4.0,15.0,15.0,8.0,47.0,3.0,0.0,10.0,8.0,5.0,2.0,16.0,11.0,0.0,20.0,10.0,3.0,0.0,0.0,9.0,11.0,7.0,10.0,8.0,0.0,15.0,3.0,9.0,5.0,1.0,3.0,0.0,4.0,2.0,5.0,27.0,2.0,15.0,2.0,1.0,11.0,4.0,2.0,5.0,0.0,9.0,2.0,13.0,5.0,1.0,0.0,18.0,0.0,11.0,8.0,2.0,3.0,11.0,0.0,11.0,19.0,1.0,13.0,2.0,45.0,13.0,8.0,14.0,8.0,2.0,7.0,39.0,12.0,25.0,0.0,16.0,16.0,3.0,1.0,8.0,15.0,0.0,0.0,1.0,0.0,5.0,0.0,2.0,0.0,2.0,3.0,42.0,5.0,6.0,23.0,18.0,0.0,2.0,0.0,3.0,0.0,6.0,0.0,1.0,0.0,0.0,1.0,1.0,0.0,0.0,0.0,0.0,7.0,1.0,6.0,6.0,5.0,2.0,1.0,0.0,3.0,1.0,4.0,0.0,0.0,0.0,0.0,1.0
11,130772703.0,2.0,11.0,17.0,54.0,17.0,313.0,3.0,14.0,26.0,48.0,0.0,121.0,0.0,0.0,91.0,341.0,44.0,84.0,278.0,7.0,83.0,99.0,194.0,215.0,9.0,165.0,6.0,45.0,11.0,3.0,0.0,1.0,7.0,79.0,94.0,60.0,10.0,426.0,49.0,4.0,22.0,42.0,30.0,7.0,239.0,54.0,6.0,33.0,93.0,11.0,5.0,0.0,42.0,60.0,53.0,39.0,134.0,1.0,70.0,44.0,18.0,67.0,0.0,75.0,0.0,6.0,19.0,10.0,273.0,22.0,116.0,29.0,11.0,102.0,65.0,42.0,42.0,15.0,69.0,5.0,101.0,60.0,15.0,0.0,284.0,3.0,100.0,59.0,7.0,8.0,53.0,15.0,85.0,232.0,6.0,105.0,18.0,432.0,44.0,113.0,61.0,50.0,9.0,30.0,225.0,105.0,196.0,1.0,148.0,136.0,12.0,0.0,26.0,109.0,17.0,8.0,4.0,1.0,11.0,0.0,17.0,2.0,11.0,81.0,134.0,21.0,110.0,279.0,169.0,0.0,0.0,3.0,44.0,4.0,66.0,14.0,3.0,0.0,17.0,2.0,27.0,0.0,0.0,2.0,14.0,101.0,29.0,20.0,8.0,43.0,33.0,2.0,0.0,34.0,26.0,42.0,0.0,0.0,0.0,3.0,19.0
12,133285939.0,2.0,5.0,1.0,51.0,12.0,167.0,4.0,15.0,12.0,21.0,121.0,0.0,0.0,3.0,38.0,237.0,29.0,62.0,92.0,1.0,34.0,61.0,69.0,174.0,10.0,79.0,6.0,18.0,5.0,1.0,0.0,0.0,7.0,57.0,28.0,56.0,6.0,94.0,35.0,5.0,10.0,25.0,12.0,7.0,131.0,23.0,3.0,21.0,28.0,6.0,3.0,0.0,52.0,35.0,30.0,17.0,67.0,1.0,45.0,23.0,9.0,39.0,0.0,49.0,0.0,2.0,13.0,8.0,189.0,13.0,81.0,24.0,4.0,56.0,74.0,19.0,13.0,19.0,24.0,3.0,35.0,58.0,4.0,0.0,166.0,1.0,64.0,95.0,2.0,8.0,28.0,10.0,36.0,119.0,2.0,69.0,14.0,360.0,29.0,75.0,56.0,11.0,8.0,11.0,117.0,20.0,55.0,0.0,76.0,84.0,6.0,4.0,13.0,38.0,14.0,7.0,0.0,8.0,7.0,0.0,19.0,1.0,9.0,39.0,75.0,18.0,89.0,81.0,85.0,0.0,0.0,3.0,19.0,0.0,35.0,3.0,0.0,0.0,8.0,1.0,19.0,0.0,0.0,0.0,5.0,56.0,4.0,16.0,9.0,28.0,22.0,1.0,0.0,20.0,19.0,26.0,0.0,0.0,0.0,2.0,17.0
13,135950053.0,0.0,0.0,0.0,0.0,0.0,0.0,0.0,0.0,0.0,0.0,0.0,0.0,0.0,0.0,0.0,0.0,0.0,0.0,0.0,0.0,0.0,0.0,0.0,0.0,0.0,0.0,0.0,0.0,0.0,0.0,0.0,0.0,0.0,0.0,0.0,1.0,0.0,0.0,0.0,0.0,0.0,0.0,0.0,0.0,0.0,0.0,0.0,0.0,0.0,0.0,0.0,0.0,0.0,0.0,0.0,0.0,0.0,0.0,0.0,0.0,0.0,0.0,0.0,0.0,0.0,0.0,0.0,0.0,0.0,0.0,0.0,0.0,0.0,0.0,0.0,0.0,0.0,0.0,0.0,0.0,0.0,0.0,0.0,0.0,0.0,0.0,0.0,0.0,0.0,0.0,0.0,0.0,0.0,0.0,0.0,0.0,0.0,0.0,0.0,0.0,0.0,0.0,0.0,0.0,0.0,0.0,0.0,0.0,0.0,0.0,0.0,0.0,0.0,0.0,0.0,0.0,0.0,0.0,0.0,0.0,0.0,0.0,0.0,0.0,0.0,0.0,0.0,0.0,0.0,0.0,0.0,0.0,0.0,0.0,0.0,0.0,0.0,0.0,0.0,0.0,0.0,0.0,0.0,0.0,0.0,0.0,0.0,0.0,0.0,0.0,0.0,0.0,0.0,0.0,0.0,0.0,0.0,0.0,0.0,0.0,0.0
14,137702613.0,0.0,0.0,0.0,0.0,0.0,0.0,0.0,0.0,0.0,2.0,0.0,3.0,0.0,0.0,0.0,5.0,0.0,1.0,2.0,0.0,0.0,2.0,0.0,6.0,2.0,1.0,0.0,2.0,0.0,1.0,0.0,0.0,0.0,0.0,0.0,10.0,1.0,4.0,0.0,0.0,1.0,0.0,0.0,0.0,16.0,1.0,0.0,4.0,1.0,2.0,0.0,0.0,2.0,0.0,1.0,2.0,0.0,0.0,1.0,1.0,3.0,1.0,0.0,0.0,0.0,0.0,0.0,15.0,3.0,0.0,0.0,0.0,0.0,1.0,3.0,0.0,0.0,0.0,0.0,0.0,0.0,2.0,0.0,0.0,4.0,0.0,0.0,6.0,1.0,1.0,0.0,0.0,1.0,0.0,0.0,0.0,0.0,2.0,0.0,0.0,0.0,0.0,0.0,1.0,3.0,0.0,12.0,0.0,1.0,0.0,0.0,1.0,0.0,0.0,0.0,0.0,0.0,0.0,0.0,0.0,1.0,0.0,0.0,0.0,3.0,1.0,1.0,17.0,0.0,0.0,5.0,0.0,0.0,0.0,0.0,0.0,1.0,0.0,0.0,0.0,0.0,0.0,0.0,0.0,0.0,1.0,0.0,2.0,4.0,1.0,0.0,0.0,0.0,0.0,2.0,0.0,0.0,0.0,0.0,0.0,0.0
15,141175646.0,2.0,4.0,3.0,16.0,11.0,92.0,1.0,5.0,14.0,9.0,91.0,38.0,0.0,0.0,0.0,113.0,13.0,26.0,93.0,2.0,31.0,36.0,72.0,65.0,4.0,48.0,1.0,15.0,4.0,3.0,0.0,0.0,1.0,42.0,22.0,13.0,4.0,66.0,19.0,2.0,4.0,12.0,11.0,1.0,56.0,16.0,2.0,9.0,20.0,4.0,6.0,0.0,13.0,17.0,16.0,6.0,42.0,2.0,28.0,17.0,2.0,34.0,0.0,27.0,0.0,1.0,5.0,2.0,69.0,9.0,38.0,18.0,6.0,32.0,11.0,7.0,18.0,9.0,15.0,1.0,49.0,17.0,3.0,0.0,90.0,3.0,33.0,17.0,5.0,2.0,18.0,9.0,30.0,82.0,2.0,40.0,5.0,111.0,16.0,51.0,16.0,10.0,6.0,10.0,72.0,18.0,50.0,0.0,51.0,49.0,4.0,0.0,17.0,32.0,5.0,4.0,1.0,0.0,3.0,0.0,4.0,1.0,5.0,31.0,40.0,14.0,28.0,71.0,69.0,0.0,0.0,2.0,17.0,3.0,35.0,3.0,2.0,0.0,9.0,1.0,15.0,0.0,0.0,0.0,6.0,35.0,8.0,8.0,2.0,25.0,8.0,0.0,0.0,15.0,11.0,19.0,0.0,0.0,0.0,1.0,11.0
16,141201481.0,2.0,26.0,11.0,62.0,18.0,468.0,4.0,14.0,27.0,55.0,341.0,237.0,0.0,5.0,113.0,0.0,43.0,91.0,256.0,2.0,72.0,162.0,280.0,328.0,36.0,178.0,13.0,66.0,9.0,4.0,0.0,0.0,12.0,116.0,52.0,170.0,23.0,300.0,45.0,21.0,34.0,41.0,20.0,9.0,319.0,48.0,8.0,108.0,50.0,18.0,9.0,0.0,85.0,72.0,50.0,137.0,136.0,5.0,87.0,57.0,37.0,98.0,1.0,84.0,1.0,10.0,18.0,12.0,374.0,27.0,136.0,34.0,10.0,114.0,101.0,62.0,33.0,20.0,81.0,13.0,114.0,122.0,7.0,0.0,387.0,1.0,120.0,178.0,6.0,25.0,65.0,16.0,77.0,292.0,9.0,117.0,14.0,785.0,58.0,189.0,70.0,26.0,13.0,30.0,313.0,61.0,132.0,1.0,172.0,167.0,15.0,4.0,32.0,118.0,18.0,6.0,5.0,9.0,13.0,0.0,25.0,5.0,9.0,81.0,210.0,29.0,141.0,213.0,192.0,0.0,1.0,4.0,48.0,2.0,97.0,33.0,5.0,0.0,14.0,4.0,29.0,0.0,0.0,4.0,16.0,92.0,31.0,59.0,17.0,45.0,50.0,4.0,0.0,33.0,38.0,47.0,0.0,0.0,0.0,3.0,30.0
17,141261746.0,0.0,3.0,0.0,24.0,3.0,30.0,2.0,4.0,8.0,10.0,44.0,29.0,0.0,0.0,13.0,43.0,0.0,16.0,27.0,1.0,11.0,11.0,11.0,42.0,2.0,37.0,4.0,5.0,1.0,1.0,0.0,0.0,5.0,12.0,13.0,17.0,6.0,41.0,19.0,0.0,3.0,7.0,4.0,1.0,40.0,12.0,1.0,7.0,17.0,2.0,1.0,0.0,13.0,10.0,14.0,9.0,15.0,0.0,22.0,9.0,11.0,13.0,0.0,10.0,0.0,0.0,7.0,3.0,57.0,6.0,23.0,8.0,2.0,22.0,12.0,1.0,3.0,5.0,9.0,1.0,12.0,18.0,1.0,0.0,51.0,1.0,31.0,16.0,1.0,3.0,12.0,2.0,16.0,29.0,1.0,16.0,4.0,43.0,11.0,12.0,20.0,12.0,1.0,5.0,28.0,16.0,22.0,0.0,21.0,24.0,5.0,2.0,11.0,7.0,3.0,1.0,2.0,0.0,2.0,0.0,5.0,0.0,3.0,14.0,30.0,3.0,24.0,27.0,18.0,0.0,0.0,0.0,3.0,1.0,5.0,0.0,1.0,0.0,5.0,1.0,4.0,0.0,0.0,0.0,8.0,20.0,1.0,4.0,6.0,18.0,7.0,1.0,0.0,6.0,9.0,11.0,0.0,0.0,0.0,0.0,4.0
18,141858649.0,1.0,3.0,1.0,16.0,7.0,80.0,1.0,12.0,7.0,10.0,84.0,62.0,0.0,1.0,26.0,91.0,16.0,0.0,59.0,2.0,16.0,46.0,34.0,54.0,12.0,49.0,4.0,15.0,4.0,0.0,0.0,0.0,2.0,24.0,25.0,27.0,6.0,53.0,21.0,11.0,4.0,15.0,7.0,2.0,104.0,21.0,2.0,13.0,38.0,2.0,3.0,0.0,25.0,15.0,24.0,14.0,69.0,1.0,22.0,25.0,5.0,30.0,0.0,17.0,0.0,3.0,11.0,4.0,83.0,10.0,44.0,13.0,5.0,32.0,20.0,7.0,12.0,25.0,24.0,2.0,18.0,41.0,4.0,0.0,97.0,4.0,46.0,33.0,1.0,5.0,21.0,7.0,31.0,55.0,0.0,47.0,11.0,103.0,14.0,25.0,23.0,14.0,6.0,12.0,54.0,16.0,23.0,0.0,38.0,42.0,3.0,1.0,10.0,9.0,7.0,14.0,2.0,1.0,5.0,0.0,10.0,1.0,3.0,46.0,52.0,11.0,40.0,48.0,31.0,0.0,0.0,0.0,18.0,0.0,19.0,1.0,2.0,0.0,6.0,1.0,6.0,0.0,1.0,0.0,4.0,41.0,2.0,8.0,3.0,21.0,20.0,1.0,0.0,12.0,11.0,14.0,0.0,0.0,0.0,1.0,10.0
19,142123126.0,2.0,6.0,5.0,37.0,13.0,175.0,4.0,10.0,21.0,29.0,278.0,92.0,0.0,2.0,93.0,256.0,27.0,59.0,0.0,5.0,73.0,57.0,108.0,168.0,8.0,135.0,4.0,32.0,7.0,4.0,0.0,0.0,4.0,60.0,54.0,37.0,7.0,366.0,31.0,7.0,8.0,26.0,19.0,9.0,152.0,68.0,3.0,25.0,58.0,8.0,5.0,2.0,40.0,29.0,31.0,17.0,85.0,1.0,57.0,35.0,9.0,53.0,0.0,34.0,0.0,1.0,12.0,10.0,181.0,12.0,72.0,24.0,9.0,68.0,40.0,25.0,45.0,10.0,33.0,5.0,72.0,52.0,7.0,0.0,224.0,3.0,60.0,52.0,7.0,6.0,30.0,14.0,67.0,132.0,3.0,71.0,10.0,224.0,29.0,69.0,33.0,27.0,8.0,24.0,125.0,98.0,163.0,0.0,122.0,95.0,12.0,1.0,21.0,31.0,11.0,7.0,1.0,1.0,8.0,0.0,12.0,2.0,11.0,53.0,103.0,23.0,61.0,142.0,124.0,0.0,3.0,3.0,32.0,2.0,52.0,7.0,2.0,0.0,11.0,1.0,22.0,0.0,0.0,0.0,9.0,79.0,39.0,15.0,3.0,30.0,17.0,2.0,0.0,24.0,23.0,34.0,0.0,0.0,0.0,4.0,17.0
20,142202568.0,0.0,0.0,1.0,0.0,0.0,1.0,0.0,0.0,0.0,3.0,7.0,1.0,0.0,0.0,2.0,2.0,1.0,2.0,5.0,0.0,0.0,0.0,3.0,4.0,1.0,2.0,0.0,2.0,0.0,0.0,0.0,1.0,0.0,0.0,3.0,4.0,3.0,14.0,0.0,0.0,1.0,0.0,1.0,1.0,3.0,0.0,0.0,1.0,5.0,1.0,0.0,0.0,2.0,0.0,1.0,0.0,0.0,0.0,2.0,1.0,0.0,2.0,0.0,0.0,0.0,0.0,0.0,1.0,4.0,0.0,6.0,0.0,0.0,1.0,1.0,0.0,0.0,0.0,0.0,0.0,4.0,0.0,0.0,0.0,2.0,0.0,1.0,1.0,2.0,1.0,0.0,1.0,1.0,2.0,0.0,1.0,2.0,1.0,0.0,0.0,1.0,5.0,0.0,3.0,2.0,2.0,2.0,0.0,2.0,1.0,0.0,0.0,2.0,0.0,0.0,0.0,0.0,0.0,1.0,0.0,1.0,0.0,1.0,1.0,2.0,1.0,0.0,4.0,1.0,0.0,2.0,0.0,1.0,0.0,1.0,0.0,1.0,0.0,0.0,1.0,0.0,0.0,0.0,0.0,0.0,2.0,0.0,1.0,0.0,1.0,0.0,0.0,0.0,0.0,0.0,0.0,0.0,0.0,0.0,0.0,0.0
21,143041462.0,1.0,3.0,0.0,7.0,7.0,74.0,1.0,5.0,15.0,9.0,83.0,34.0,0.0,0.0,31.0,72.0,11.0,16.0,73.0,0.0,0.0,22.0,46.0,42.0,2.0,26.0,1.0,4.0,2.0,1.0,0.0,0.0,1.0,39.0,20.0,10.0,1.0,82.0,15.0,0.0,3.0,9.0,5.0,1.0,50.0,15.0,1.0,7.0,11.0,5.0,3.0,0.0,9.0,19.0,11.0,8.0,35.0,1.0,11.0,7.0,4.0,14.0,2.0,21.0,0.0,0.0,3.0,1.0,45.0,7.0,26.0,15.0,3.0,32.0,18.0,9.0,21.0,7.0,13.0,0.0,32.0,16.0,2.0,0.0,53.0,1.0,24.0,9.0,0.0,0.0,18.0,5.0,21.0,57.0,1.0,29.0,2.0,77.0,18.0,36.0,14.0,7.0,5.0,10.0,40.0,14.0,72.0,0.0,28.0,36.0,0.0,0.0,3.0,30.0,4.0,3.0,1.0,0.0,1.0,0.0,1.0,0.0,6.0,20.0,35.0,7.0,20.0,56.0,47.0,0.0,0.0,1.0,9.0,0.0,19.0,4.0,1.0,0.0,7.0,2.0,19.0,0.0,0.0,0.0,2.0,41.0,10.0,8.0,2.0,11.0,7.0,0.0,0.0,16.0,6.0,20.0,0.0,0.0,0.0,2.0,11.0
22,143245156.0,2.0,8.0,0.0,8.0,4.0,106.0,2.0,4.0,10.0,9.0,99.0,61.0,0.0,2.0,36.0,162.0,11.0,46.0,57.0,0.0,22.0,0.0,75.0,79.0,7.0,52.0,1.0,9.0,3.0,0.0,0.0,1.0,6.0,34.0,12.0,42.0,30.0,69.0,12.0,39.0,8.0,12.0,7.0,6.0,87.0,12.0,1.0,46.0,10.0,7.0,1.0,0.0,36.0,29.0,14.0,19.0,51.0,0.0,13.0,7.0,6.0,24.0,0.0,41.0,0.0,2.0,6.0,2.0,82.0,20.0,59.0,9.0,2.0,33.0,42.0,16.0,8.0,6.0,22.0,5.0,25.0,39.0,1.0,0.0,81.0,0.0,36.0,37.0,0.0,6.0,20.0,5.0,19.0,83.0,2.0,41.0,10.0,135.0,22.0,43.0,29.0,6.0,5.0,8.0,124.0,5.0,46.0,0.0,61.0,49.0,5.0,4.0,14.0,53.0,13.0,1.0,0.0,2.0,6.0,0.0,3.0,0.0,7.0,36.0,64.0,14.0,60.0,76.0,54.0,0.0,2.0,2.0,8.0,0.0,39.0,3.0,0.0,0.0,6.0,0.0,12.0,0.0,0.0,0.0,1.0,29.0,3.0,10.0,6.0,9.0,8.0,1.0,0.0,11.0,15.0,16.0,0.0,0.0,0.0,2.0,13.0
23,144468781.0,2.0,13.0,5.0,9.0,10.0,202.0,2.0,5.0,15.0,17.0,194.0,69.0,0.0,0.0,72.0,280.0,11.0,34.0,108.0,3.0,46.0,75.0,0.0,109.0,7.0,64.0,3.0,19.0,4.0,1.0,0.0,0.0,2.0,64.0,29.0,23.0,4.0,142.0,17.0,2.0,11.0,14.0,9.0,8.0,103.0,12.0,2.0,19.0,20.0,5.0,4.0,0.0,19.0,38.0,22.0,31.0,78.0,5.0,27.0,11.0,5.0,40.0,1.0,77.0,0.0,4.0,5.0,1.0,126.0,17.0,67.0,22.0,3.0,38.0,29.0,34.0,15.0,6.0,26.0,1.0,72.0,21.0,3.0,0.0,115.0,1.0,42.0,11.0,3.0,2.0,29.0,8.0,45.0,142.0,4.0,68.0,12.0,292.0,27.0,109.0,30.0,7.0,5.0,20.0,121.0,20.0,97.0,1.0,94.0,77.0,7.0,0.0,8.0,113.0,13.0,2.0,1.0,1.0,4.0,0.0,5.0,2.0,7.0,27.0,69.0,21.0,65.0,127.0,106.0,0.0,1.0,3.0,27.0,0.0,64.0,22.0,2.0,0.0,9.0,0.0,23.0,0.0,0.0,1.0,3.0,50.0,7.0,14.0,3.0,12.0,13.0,1.0,0.0,16.0,8.0,21.0,0.0,0.0,0.0,3.0,13.0
24,1444754557.0,11.0,11.0,7.0,65.0,20.0,270.0,5.0,23.0,23.0,36.0,215.0,174.0,0.0,6.0,65.0,328.0,42.0,54.0,168.0,4.0,42.0,79.0,109.0,0.0,15.0,130.0,10.0,30.0,9.0,2.0,0.0,1.0,7.0,75.0,40.0,108.0,14.0,186.0,63.0,1.0,13.0,36.0,18.0,9.0,259.0,48.0,3.0,29.0,37.0,13.0,9.0,0.0,55.0,44.0,62.0,39.0,102.0,0.0,64.0,47.0,19.0,70.0,1.0,73.0,0.0,5.0,27.0,15.0,400.0,24.0,93.0,33.0,10.0,101.0,87.0,25.0,26.0,22.0,46.0,5.0,68.0,131.0,5.0,2.0,332.0,3.0,100.0,162.0,9.0,15.0,47.0,16.0,64.0,209.0,3.0,113.0,23.0,377.0,41.0,120.0,80.0,8.0,5.0,22.0,193.0,26.0,84.0,0.0,132.0,135.0,12.0,3.0,17.0,59.0,18.0,5.0,4.0,3.0,9.0,0.0,32.0,3.0,9.0,80.0,135.0,23.0,147.0,147.0,153.0,0.0,0.0,3.0,28.0,0.0,41.0,8.0,5.0,0.0,19.0,3.0,21.0,1.0,0.0,3.0,13.0,96.0,12.0,30.0,13.0,65.0,48.0,6.0,0.0,30.0,32.0,41.0,0.0,0.0,0.0,2.0,21.0
25,145535500.0,1.0,4.0,3.0,4.0,1.0,17.0,0.0,0.0,3.0,2.0,9.0,10.0,0.0,2.0,4.0,36.0,2.0,12.0,8.0,1.0,2.0,7.0,7.0,15.0,0.0,11.0,1.0,5.0,0.0,0.0,0.0,0.0,4.0,4.0,2.0,34.0,2.0,12.0,4.0,0.0,3.0,1.0,1.0,1.0,15.0,3.0,2.0,18.0,4.0,5.0,0.0,0.0,3.0,7.0,3.0,11.0,5.0,0.0,2.0,3.0,0.0,3.0,0.0,2.0,0.0,2.0,5.0,5.0,13.0,6.0,9.0,2.0,2.0,10.0,4.0,3.0,0.0,0.0,9.0,1.0,5.0,12.0,0.0,0.0,9.0,0.0,4.0,9.0,2.0,2.0,6.0,1.0,4.0,12.0,0.0,10.0,2.0,17.0,7.0,2.0,8.0,3.0,0.0,0.0,24.0,0.0,6.0,0.0,8.0,8.0,2.0,1.0,4.0,3.0,0.0,0.0,1.0,2.0,2.0,0.0,1.0,1.0,3.0,4.0,15.0,1.0,3.0,9.0,9.0,0.0,0.0,1.0,4.0,0.0,6.0,0.0,0.0,0.0,2.0,0.0,2.0,0.0,0.0,0.0,0.0,7.0,0.0,7.0,5.0,3.0,7.0,1.0,0.0,3.0,0.0,4.0,0.0,0.0,0.0,0.0,1.0
26,145629242.0,3.0,7.0,33.0,37.0,8.0,100.0,4.0,9.0,16.0,17.0,165.0,79.0,0.0,1.0,48.0,178.0,37.0,49.0,135.0,2.0,26.0,52.0,64.0,130.0,11.0,0.0,5.0,19.0,6.0,2.0,0.0,0.0,6.0,34.0,32.0,37.0,7.0,142.0,24.0,4.0,8.0,17.0,12.0,6.0,132.0,28.0,2.0,15.0,43.0,7.0,3.0,0.0,32.0,20.0,28.0,22.0,53.0,1.0,45.0,19.0,15.0,31.0,0.0,39.0,0.0,0.0,8.0,10.0,145.0,11.0,61.0,16.0,5.0,45.0,40.0,26.0,14.0,6.0,23.0,3.0,44.0,46.0,5.0,0.0,156.0,3.0,51.0,56.0,6.0,7.0,24.0,6.0,65.0,85.0,1.0,79.0,15.0,123.0,17.0,44.0,42.0,30.0,6.0,21.0,96.0,38.0,53.0,0.0,77.0,76.0,6.0,2.0,24.0,26.0,10.0,2.0,1.0,0.0,7.0,0.0,11.0,1.0,8.0,33.0,72.0,16.0,52.0,100.0,76.0,0.0,0.0,3.0,13.0,2.0,38.0,1.0,2.0,0.0,13.0,2.0,9.0,0.0,0.0,1.0,13.0,40.0,7.0,13.0,4.0,24.0,13.0,1.0,0.0,17.0,22.0,25.0,0.0,0.0,0.0,2.0,18.0
27,1482382711.0,0.0,0.0,0.0,11.0,1.0,3.0,0.0,1.0,1.0,1.0,6.0,6.0,0.0,0.0,1.0,13.0,4.0,4.0,4.0,0.0,1.0,1.0,3.0,10.0,1.0,5.0,0.0,1.0,0.0,0.0,0.0,0.0,2.0,2.0,3.0,36.0,2.0,6.0,1.0,0.0,0.0,1.0,0.0,1.0,14.0,4.0,3.0,2.0,4.0,1.0,1.0,0.0,7.0,1.0,4.0,10.0,6.0,0.0,2.0,3.0,5.0,2.0,0.0,2.0,0.0,0.0,1.0,0.0,16.0,2.0,2.0,2.0,1.0,6.0,11.0,0.0,1.0,1.0,2.0,2.0,1.0,14.0,1.0,0.0,12.0,1.0,4.0,22.0,0.0,5.0,2.0,1.0,3.0,3.0,0.0,2.0,5.0,12.0,3.0,2.0,3.0,2.0,0.0,0.0,11.0,1.0,3.0,0.0,5.0,2.0,3.0,2.0,2.0,0.0,1.0,1.0,1.0,1.0,0.0,0.0,1.0,1.0,0.0,1.0,5.0,1.0,8.0,3.0,5.0,0.0,0.0,0.0,2.0,0.0,0.0,0.0,1.0,0.0,1.0,0.0,1.0,0.0,0.0,1.0,2.0,6.0,0.0,20.0,6.0,2.0,8.0,1.0,0.0,1.0,1.0,1.0,0.0,0.0,0.0,0.0,1.0
28,150693380.0,1.0,2.0,1.0,5.0,1.0,31.0,1.0,0.0,2.0,16.0,45.0,18.0,0.0,2.0,15.0,66.0,5.0,15.0,32.0,2.0,4.0,9.0,19.0,30.0,5.0,19.0,1.0,0.0,0.0,1.0,0.0,0.0,2.0,3.0,9.0,32.0,5.0,50.0,3.0,0.0,10.0,5.0,3.0,1.0,31.0,5.0,2.0,8.0,19.0,6.0,0.0,0.0,10.0,7.0,3.0,21.0,6.0,0.0,10.0,4.0,8.0,7.0,0.0,3.0,0.0,3.0,2.0,8.0,32.0,4.0,19.0,1.0,1.0,15.0,5.0,4.0,3.0,0.0,13.0,1.0,12.0,10.0,4.0,0.0,37.0,0.0,12.0,13.0,3.0,6.0,5.0,3.0,6.0,27.0,0.0,4.0,5.0,37.0,17.0,10.0,9.0,13.0,0.0,7.0,39.0,17.0,17.0,0.0,26.0,15.0,7.0,0.0,12.0,14.0,1.0,1.0,0.0,0.0,4.0,0.0,5.0,1.0,2.0,1.0,44.0,3.0,13.0,31.0,17.0,0.0,0.0,1.0,7.0,1.0,9.0,0.0,0.0,0.0,0.0,1.0,1.0,0.0,0.0,0.0,0.0,7.0,0.0,12.0,2.0,3.0,0.0,3.0,0.0,0.0,1.0,1.0,0.0,0.0,0.0,1.0,0.0
29,1512277656.0,0.0,0.0,1.0,3.0,1.0,9.0,0.0,2.0,0.0,0.0,11.0,5.0,0.0,0.0,4.0,9.0,1.0,4.0,7.0,0.0,2.0,3.0,4.0,9.0,0.0,6.0,0.0,0.0,0.0,0.0,0.0,0.0,0.0,3.0,3.0,0.0,0.0,9.0,4.0,0.0,0.0,5.0,0.0,0.0,8.0,4.0,0.0,5.0,0.0,0.0,2.0,0.0,1.0,0.0,0.0,0.0,3.0,0.0,5.0,5.0,0.0,4.0,0.0,2.0,0.0,1.0,0.0,0.0,8.0,1.0,6.0,0.0,1.0,5.0,1.0,2.0,2.0,4.0,3.0,2.0,3.0,4.0,1.0,0.0,6.0,0.0,4.0,0.0,0.0,1.0,2.0,1.0,2.0,8.0,1.0,5.0,0.0,13.0,1.0,1.0,2.0,0.0,0.0,0.0,8.0,4.0,5.0,0.0,5.0,2.0,0.0,0.0,0.0,1.0,0.0,2.0,0.0,0.0,0.0,0.0,1.0,0.0,0.0,5.0,2.0,2.0,3.0,4.0,1.0,0.0,0.0,0.0,0.0,0.0,1.0,0.0,0.0,0.0,1.0,0.0,0.0,0.0,0.0,1.0,0.0,4.0,1.0,0.0,0.0,3.0,2.0,0.0,0.0,3.0,3.0,2.0,0.0,0.0,0.0,0.0,1.0
30,151592843.0,0.0,1.0,0.0,0.0,0.0,2.0,0.0,0.0,0.0,1.0,3.0,1.0,0.0,1.0,3.0,4.0,1.0,0.0,4.0,0.0,1.0,0.0,1.0,2.0,0.0,2.0,0.0,1.0,0.0,0.0,0.0,0.0,0.0,0.0,1.0,1.0,0.0,6.0,1.0,0.0,1.0,1.0,1.0,0.0,3.0,0.0,1.0,2.0,2.0,1.0,0.0,1.0,1.0,1.0,2.0,0.0,0.0,1.0,1.0,5.0,1.0,4.0,0.0,0.0,0.0,0.0,0.0,3.0,4.0,0.0,1.0,0.0,1.0,2.0,0.0,0.0,0.0,0.0,1.0,0.0,1.0,0.0,1.0,0.0,5.0,0.0,0.0,1.0,0.0,1.0,0.0,1.0,1.0,2.0,0.0,1.0,0.0,2.0,0.0,0.0,2.0,1.0,0.0,1.0,3.0,0.0,4.0,0.0,4.0,1.0,2.0,0.0,3.0,0.0,0.0,0.0,0.0,0.0,1.0,0.0,1.0,1.0,0.0,0.0,2.0,1.0,1.0,7.0,1.0,0.0,0.0,1.0,0.0,0.0,2.0,0.0,0.0,0.0,0.0,0.0,0.0,0.0,0.0,0.0,0.0,1.0,0.0,1.0,1.0,1.0,0.0,0.0,0.0,0.0,0.0,0.0,0.0,0.0,0.0,0.0,0.0
31,153158797.0,0.0,1.0,0.0,0.0,0.0,1.0,0.0,0.0,0.0,0.0,0.0,0.0,0.0,0.0,0.0,0.0,0.0,0.0,0.0,0.0,0.0,0.0,0.0,0.0,0.0,0.0,0.0,0.0,0.0,0.0,0.0,0.0,0.0,0.0,0.0,0.0,0.0,0.0,0.0,0.0,0.0,0.0,0.0,0.0,0.0,0.0,1.0,0.0,0.0,0.0,0.0,0.0,0.0,1.0,0.0,2.0,0.0,0.0,0.0,0.0,0.0,0.0,0.0,0.0,0.0,0.0,0.0,0.0,0.0,0.0,1.0,0.0,0.0,0.0,0.0,0.0,0.0,0.0,0.0,0.0,0.0,0.0,0.0,0.0,1.0,0.0,0.0,0.0,0.0,0.0,0.0,0.0,0.0,0.0,0.0,0.0,0.0,0.0,0.0,0.0,0.0,0.0,0.0,0.0,1.0,0.0,0.0,0.0,0.0,1.0,0.0,0.0,0.0,0.0,0.0,0.0,0.0,0.0,0.0,0.0,0.0,0.0,0.0,0.0,0.0,0.0,1.0,0.0,0.0,0.0,0.0,0.0,0.0,0.0,0.0,0.0,0.0,0.0,0.0,0.0,0.0,0.0,0.0,0.0,0.0,0.0,0.0,0.0,0.0,0.0,0.0,0.0,0.0,0.0,0.0,0.0,0.0,0.0,0.0,0.0,0.0
32,1536843788.0,1.0,0.0,0.0,0.0,0.0,0.0,0.0,0.0,0.0,0.0,1.0,0.0,0.0,0.0,0.0,0.0,0.0,0.0,0.0,1.0,0.0,1.0,0.0,1.0,0.0,0.0,0.0,0.0,0.0,0.0,0.0,0.0,0.0,0.0,0.0,1.0,1.0,0.0,0.0,0.0,0.0,0.0,0.0,0.0,2.0,0.0,0.0,0.0,0.0,2.0,0.0,0.0,2.0,0.0,1.0,2.0,0.0,0.0,0.0,0.0,0.0,0.0,0.0,0.0,0.0,0.0,0.0,0.0,0.0,0.0,0.0,0.0,0.0,0.0,0.0,0.0,0.0,0.0,0.0,0.0,0.0,1.0,0.0,0.0,1.0,0.0,0.0,1.0,0.0,0.0,0.0,0.0,0.0,0.0,0.0,0.0,0.0,0.0,0.0,0.0,0.0,0.0,0.0,0.0,0.0,0.0,0.0,0.0,0.0,0.0,0.0,1.0,0.0,0.0,0.0,0.0,0.0,0.0,0.0,0.0,0.0,0.0,0.0,0.0,1.0,0.0,0.0,1.0,0.0,0.0,0.0,0.0,0.0,0.0,0.0,0.0,0.0,0.0,0.0,2.0,0.0,0.0,0.0,0.0,0.0,0.0,0.0,0.0,0.0,1.0,0.0,1.0,0.0,0.0,0.0,0.0,0.0,0.0,0.0,0.0,0.0
33,1585014307.0,0.0,1.0,0.0,4.0,0.0,4.0,0.0,0.0,1.0,1.0,7.0,7.0,0.0,0.0,1.0,12.0,5.0,2.0,4.0,0.0,1.0,6.0,2.0,7.0,4.0,6.0,2.0,2.0,0.0,0.0,0.0,0.0,0.0,1.0,0.0,16.0,5.0,8.0,2.0,0.0,3.0,0.0,0.0,0.0,10.0,1.0,1.0,3.0,0.0,5.0,0.0,0.0,4.0,3.0,1.0,7.0,5.0,0.0,3.0,0.0,3.0,2.0,0.0,1.0,0.0,1.0,0.0,1.0,8.0,2.0,4.0,0.0,0.0,5.0,2.0,1.0,0.0,0.0,5.0,0.0,1.0,4.0,0.0,0.0,6.0,0.0,5.0,7.0,0.0,3.0,2.0,0.0,4.0,5.0,0.0,1.0,0.0,8.0,5.0,1.0,2.0,2.0,0.0,0.0,8.0,0.0,2.0,0.0,5.0,2.0,4.0,2.0,3.0,2.0,0.0,0.0,0.0,4.0,0.0,0.0,0.0,0.0,0.0,2.0,7.0,0.0,3.0,3.0,2.0,0.0,0.0,0.0,0.0,0.0,1.0,0.0,0.0,0.0,0.0,0.0,0.0,0.0,0.0,0.0,0.0,3.0,0.0,4.0,7.0,0.0,2.0,1.0,0.0,0.0,0.0,1.0,0.0,0.0,0.0,0.0,0.0
34,1651092140.0,2.0,5.0,0.0,9.0,12.0,122.0,2.0,6.0,19.0,4.0,79.0,57.0,0.0,0.0,42.0,116.0,12.0,24.0,60.0,0.0,39.0,34.0,64.0,75.0,4.0,34.0,2.0,3.0,3.0,0.0,0.0,0.0,1.0,0.0,14.0,11.0,2.0,57.0,22.0,1.0,1.0,15.0,7.0,3.0,84.0,9.0,1.0,5.0,11.0,3.0,4.0,0.0,11.0,32.0,21.0,5.0,51.0,1.0,18.0,15.0,1.0,33.0,0.0,36.0,0.0,1.0,7.0,0.0,83.0,13.0,42.0,29.0,4.0,45.0,25.0,13.0,13.0,14.0,19.0,3.0,52.0,26.0,1.0,0.0,88.0,1.0,44.0,19.0,0.0,0.0,24.0,7.0,29.0,94.0,5.0,56.0,4.0,140.0,20.0,77.0,26.0,3.0,4.0,7.0,65.0,6.0,53.0,0.0,45.0,60.0,1.0,0.0,2.0,39.0,8.0,2.0,1.0,2.0,1.0,0.0,6.0,1.0,7.0,32.0,43.0,11.0,38.0,61.0,83.0,0.0,0.0,2.0,18.0,0.0,32.0,2.0,2.0,0.0,9.0,1.0,24.0,1.0,0.0,1.0,4.0,43.0,7.0,4.0,4.0,19.0,13.0,1.0,0.0,18.0,12.0,29.0,0.0,0.0,0.0,2.0,13.0
35,1668340226.0,1.0,2.0,1.0,13.0,7.0,61.0,1.0,6.0,6.0,15.0,94.0,28.0,0.0,0.0,22.0,52.0,13.0,25.0,54.0,3.0,20.0,12.0,29.0,40.0,2.0,32.0,3.0,9.0,3.0,1.0,0.0,0.0,0.0,14.0,0.0,9.0,3.0,68.0,14.0,0.0,1.0,10.0,4.0,0.0,38.0,19.0,0.0,3.0,23.0,0.0,3.0,0.0,12.0,9.0,8.0,5.0,28.0,0.0,12.0,14.0,4.0,17.0,0.0,8.0,0.0,0.0,3.0,1.0,48.0,5.0,24.0,9.0,2.0,25.0,7.0,2.0,19.0,4.0,19.0,2.0,18.0,17.0,3.0,0.0,49.0,3.0,20.0,13.0,1.0,1.0,10.0,6.0,21.0,31.0,1.0,17.0,7.0,80.0,9.0,15.0,12.0,11.0,2.0,5.0,27.0,16.0,35.0,0.0,24.0,20.0,0.0,0.0,6.0,8.0,3.0,5.0,1.0,1.0,2.0,0.0,4.0,1.0,3.0,23.0,31.0,6.0,14.0,54.0,30.0,0.0,0.0,0.0,11.0,1.0,6.0,1.0,1.0,0.0,5.0,0.0,7.0,0.0,0.0,0.0,8.0,17.0,9.0,3.0,3.0,22.0,9.0,1.0,0.0,12.0,9.0,10.0,0.0,0.0,0.0,2.0,6.0
36,16684243.0,1.0,16.0,1.0,47.0,3.0,50.0,2.0,4.0,7.0,15.0,60.0,56.0,1.0,10.0,13.0,170.0,17.0,27.0,37.0,4.0,10.0,42.0,23.0,108.0,34.0,37.0,36.0,32.0,0.0,1.0,0.0,1.0,16.0,11.0,9.0,0.0,32.0,61.0,16.0,4.0,15.0,10.0,7.0,5.0,114.0,13.0,13.0,65.0,21.0,70.0,1.0,0.0,49.0,28.0,15.0,132.0,29.0,1.0,12.0,12.0,44.0,23.0,0.0,18.0,1.0,8.0,6.0,13.0,119.0,12.0,43.0,5.0,5.0,41.0,62.0,8.0,2.0,5.0,28.0,6.0,14.0,122.0,2.0,0.0,115.0,1.0,32.0,251.0,4.0,23.0,20.0,5.0,14.0,42.0,1.0,17.0,17.0,132.0,30.0,12.0,34.0,20.0,1.0,11.0,109.0,14.0,20.0,0.0,49.0,32.0,20.0,9.0,23.0,12.0,3.0,1.0,6.0,13.0,3.0,0.0,8.0,1.0,5.0,14.0,63.0,8.0,40.0,58.0,30.0,0.0,6.0,0.0,6.0,0.0,10.0,3.0,1.0,0.0,2.0,2.0,2.0,0.0,0.0,0.0,3.0,21.0,0.0,52.0,49.0,11.0,38.0,4.0,0.0,3.0,9.0,6.0,0.0,0.0,0.0,0.0,4.0
37,17313874.0,0.0,0.0,0.0,6.0,0.0,8.0,0.0,0.0,0.0,8.0,10.0,6.0,0.0,1.0,4.0,23.0,6.0,6.0,7.0,3.0,1.0,30.0,4.0,14.0,2.0,7.0,2.0,5.0,0.0,0.0,0.0,1.0,5.0,2.0,3.0,32.0,0.0,11.0,1.0,0.0,2.0,3.0,2.0,0.0,10.0,5.0,2.0,10.0,7.0,2.0,0.0,1.0,6.0,3.0,1.0,4.0,1.0,0.0,5.0,3.0,4.0,3.0,0.0,2.0,0.0,2.0,0.0,0.0,15.0,1.0,12.0,1.0,0.0,10.0,1.0,0.0,1.0,1.0,9.0,1.0,6.0,12.0,1.0,0.0,13.0,0.0,9.0,14.0,2.0,2.0,4.0,0.0,1.0,6.0,0.0,1.0,4.0,19.0,2.0,1.0,5.0,7.0,0.0,1.0,17.0,5.0,2.0,0.0,7.0,5.0,0.0,1.0,5.0,2.0,1.0,0.0,0.0,3.0,1.0,0.0,4.0,1.0,0.0,1.0,10.0,2.0,3.0,8.0,5.0,0.0,2.0,0.0,6.0,0.0,2.0,0.0,0.0,0.0,0.0,1.0,0.0,0.0,0.0,0.0,1.0,3.0,0.0,5.0,5.0,0.0,2.0,1.0,0.0,0.0,0.0,1.0,0.0,0.0,0.0,0.0,0.0
38,173684661.0,2.0,9.0,5.0,35.0,11.0,214.0,4.0,9.0,20.0,47.0,426.0,94.0,0.0,4.0,66.0,300.0,41.0,53.0,366.0,14.0,82.0,69.0,142.0,186.0,12.0,142.0,6.0,50.0,9.0,6.0,0.0,0.0,8.0,57.0,68.0,61.0,11.0,0.0,32.0,1.0,16.0,34.0,22.0,7.0,164.0,60.0,2.0,26.0,73.0,8.0,6.0,0.0,48.0,44.0,37.0,35.0,100.0,1.0,58.0,45.0,22.0,47.0,1.0,40.0,0.0,3.0,12.0,11.0,201.0,22.0,101.0,22.0,12.0,81.0,53.0,24.0,50.0,18.0,42.0,4.0,78.0,46.0,11.0,0.0,227.0,2.0,74.0,58.0,6.0,7.0,39.0,11.0,61.0,152.0,4.0,71.0,17.0,309.0,40.0,70.0,50.0,79.0,8.0,30.0,159.0,139.0,245.0,1.0,117.0,97.0,16.0,2.0,34.0,61.0,12.0,8.0,1.0,2.0,11.0,0.0,14.0,2.0,9.0,54.0,124.0,17.0,69.0,230.0,119.0,0.0,1.0,3.0,33.0,2.0,57.0,9.0,3.0,0.0,11.0,2.0,22.0,1.0,0.0,0.0,8.0,74.0,47.0,25.0,6.0,33.0,24.0,3.0,1.0,28.0,19.0,31.0,0.0,0.0,0.0,3.0,13.0
39,173744839.0,2.0,3.0,1.0,11.0,9.0,53.0,1.0,5.0,10.0,3.0,49.0,35.0,0.0,0.0,19.0,45.0,19.0,21.0,31.0,0.0,15.0,12.0,17.0,63.0,4.0,24.0,1.0,3.0,4.0,1.0,0.0,0.0,2.0,22.0,14.0,16.0,1.0,32.0,0.0,0.0,3.0,21.0,9.0,0.0,57.0,15.0,2.0,4.0,11.0,2.0,2.0,0.0,12.0,12.0,23.0,10.0,28.0,0.0,44.0,27.0,1.0,40.0,0.0,21.0,0.0,0.0,10.0,1.0,79.0,7.0,15.0,21.0,8.0,25.0,16.0,6.0,7.0,19.0,16.0,0.0,24.0,48.0,2.0,0.0,96.0,2.0,55.0,25.0,1.0,2.0,17.0,9.0,34.0,52.0,0.0,40.0,2.0,59.0,11.0,22.0,20.0,3.0,2.0,3.0,33.0,4.0,18.0,0.0,28.0,29.0,1.0,0.0,4.0,11.0,8.0,3.0,2.0,0.0,2.0,0.0,14.0,1.0,4.0,48.0,25.0,6.0,40.0,27.0,35.0,0.0,0.0,2.0,12.0,0.0,9.0,1.0,2.0,0.0,13.0,2.0,8.0,0.0,0.0,2.0,16.0,34.0,0.0,5.0,4.0,40.0,24.0,0.0,0.0,13.0,16.0,14.0,0.0,0.0,0.0,1.0,8.0
40,173898921.0,0.0,0.0,0.0,1.0,0.0,2.0,0.0,0.0,0.0,0.0,4.0,5.0,0.0,0.0,2.0,21.0,0.0,11.0,7.0,0.0,0.0,39.0,2.0,1.0,0.0,4.0,0.0,0.0,0.0,0.0,0.0,0.0,0.0,1.0,0.0,4.0,0.0,1.0,0.0,0.0,1.0,1.0,0.0,0.0,4.0,2.0,0.0,5.0,0.0,1.0,0.0,0.0,12.0,0.0,0.0,1.0,0.0,1.0,0.0,0.0,0.0,3.0,0.0,0.0,0.0,0.0,0.0,0.0,1.0,3.0,7.0,0.0,0.0,1.0,0.0,4.0,1.0,0.0,0.0,0.0,4.0,3.0,1.0,0.0,1.0,0.0,1.0,2.0,0.0,0.0,0.0,0.0,0.0,1.0,0.0,1.0,1.0,3.0,1.0,1.0,0.0,1.0,3.0,1.0,4.0,1.0,0.0,0.0,0.0,0.0,1.0,1.0,4.0,0.0,1.0,0.0,0.0,1.0,2.0,0.0,0.0,0.0,0.0,4.0,8.0,4.0,0.0,1.0,0.0,0.0,0.0,0.0,0.0,0.0,5.0,3.0,0.0,0.0,0.0,0.0,0.0,0.0,0.0,1.0,0.0,0.0,1.0,6.0,0.0,0.0,2.0,1.0,0.0,0.0,0.0,0.0,0.0,0.0,0.0,0.0,0.0
41,177192126.0,0.0,4.0,1.0,5.0,0.0,15.0,0.0,0.0,0.0,10.0,22.0,10.0,0.0,1.0,4.0,34.0,3.0,4.0,8.0,1.0,3.0,8.0,11.0,13.0,3.0,8.0,0.0,10.0,0.0,1.0,0.0,0.0,3.0,1.0,1.0,15.0,2.0,16.0,3.0,1.0,0.0,3.0,2.0,3.0,11.0,5.0,8.0,7.0,5.0,7.0,0.0,1.0,4.0,9.0,2.0,20.0,2.0,0.0,5.0,1.0,4.0,4.0,1.0,2.0,11.0,1.0,1.0,3.0,11.0,4.0,7.0,0.0,3.0,7.0,3.0,8.0,0.0,0.0,14.0,0.0,6.0,2.0,2.0,0.0,10.0,0.0,4.0,7.0,1.0,1.0,5.0,2.0,5.0,12.0,0.0,6.0,0.0,23.0,12.0,3.0,11.0,4.0,0.0,6.0,16.0,2.0,6.0,1.0,12.0,9.0,7.0,0.0,5.0,7.0,0.0,0.0,2.0,0.0,1.0,2.0,2.0,2.0,2.0,3.0,19.0,3.0,5.0,8.0,10.0,0.0,1.0,1.0,1.0,0.0,3.0,6.0,0.0,0.0,0.0,0.0,0.0,0.0,0.0,3.0,0.0,9.0,0.0,11.0,2.0,3.0,1.0,0.0,0.0,0.0,0.0,1.0,0.0,0.0,0.0,0.0,0.0
42,185171649.0,2.0,1.0,0.0,5.0,6.0,41.0,2.0,5.0,6.0,8.0,42.0,25.0,0.0,0.0,12.0,41.0,7.0,15.0,26.0,0.0,9.0,12.0,14.0,36.0,1.0,17.0,1.0,5.0,5.0,1.0,0.0,0.0,0.0,15.0,10.0,10.0,3.0,34.0,21.0,1.0,3.0,0.0,3.0,1.0,39.0,12.0,1.0,2.0,7.0,0.0,4.0,0.0,8.0,12.0,13.0,3.0,24.0,0.0,19.0,21.0,2.0,19.0,0.0,13.0,0.0,1.0,7.0,1.0,48.0,8.0,16.0,10.0,4.0,13.0,15.0,3.0,6.0,13.0,12.0,0.0,12.0,31.0,4.0,0.0,54.0,3.0,29.0,22.0,1.0,1.0,8.0,6.0,15.0,41.0,3.0,26.0,7.0,49.0,5.0,18.0,10.0,3.0,1.0,2.0,24.0,5.0,8.0,0.0,22.0,25.0,1.0,0.0,4.0,8.0,5.0,3.0,1.0,1.0,1.0,0.0,8.0,1.0,3.0,22.0,20.0,4.0,25.0,23.0,26.0,0.0,0.0,2.0,8.0,0.0,10.0,1.0,1.0,0.0,8.0,1.0,3.0,0.0,0.0,0.0,7.0,18.0,4.0,3.0,3.0,19.0,10.0,0.0,0.0,8.0,14.0,9.0,0.0,0.0,0.0,0.0,7.0
43,1864632128.0,0.0,0.0,0.0,7.0,1.0,15.0,1.0,0.0,4.0,5.0,30.0,12.0,0.0,0.0,11.0,20.0,4.0,7.0,19.0,1.0,5.0,7.0,9.0,18.0,1.0,12.0,0.0,3.0,0.0,1.0,0.0,0.0,0.0,7.0,4.0,7.0,2.0,22.0,9.0,0.0,2.0,3.0,0.0,1.0,23.0,9.0,1.0,1.0,9.0,0.0,0.0,0.0,5.0,6.0,7.0,4.0,13.0,0.0,11.0,7.0,1.0,9.0,0.0,5.0,0.0,0.0,1.0,1.0,27.0,3.0,8.0,2.0,1.0,12.0,7.0,1.0,0.0,2.0,3.0,0.0,9.0,8.0,1.0,0.0,29.0,0.0,15.0,8.0,1.0,0.0,6.0,3.0,12.0,13.0,1.0,11.0,1.0,20.0,3.0,10.0,6.0,7.0,0.0,10.0,16.0,8.0,12.0,0.0,14.0,12.0,1.0,0.0,7.0,4.0,0.0,0.0,0.0,0.0,0.0,0.0,4.0,1.0,2.0,4.0,11.0,0.0,8.0,14.0,16.0,0.0,0.0,1.0,4.0,1.0,5.0,0.0,2.0,0.0,2.0,0.0,2.0,0.0,0.0,0.0,2.0,6.0,2.0,2.0,1.0,4.0,2.0,0.0,0.0,5.0,4.0,7.0,0.0,0.0,0.0,0.0,2.0
44,187093976.0,1.0,2.0,1.0,4.0,0.0,6.0,0.0,0.0,1.0,2.0,7.0,7.0,0.0,0.0,1.0,9.0,1.0,2.0,9.0,1.0,1.0,6.0,8.0,9.0,1.0,6.0,1.0,1.0,0.0,0.0,0.0,0.0,0.0,3.0,0.0,5.0,0.0,7.0,0.0,0.0,3.0,1.0,1.0,0.0,7.0,2.0,0.0,2.0,4.0,4.0,0.0,0.0,4.0,2.0,2.0,5.0,1.0,0.0,2.0,0.0,2.0,2.0,2.0,5.0,0.0,0.0,0.0,2.0,7.0,0.0,6.0,1.0,0.0,1.0,5.0,2.0,0.0,0.0,0.0,0.0,3.0,2.0,0.0,0.0,9.0,0.0,2.0,4.0,2.0,1.0,3.0,1.0,2.0,4.0,0.0,4.0,3.0,9.0,1.0,2.0,3.0,1.0,0.0,4.0,9.0,5.0,4.0,0.0,10.0,7.0,0.0,0.0,1.0,3.0,1.0,0.0,0.0,0.0,1.0,0.0,1.0,0.0,2.0,3.0,6.0,3.0,4.0,7.0,3.0,0.0,0.0,1.0,1.0,0.0,2.0,0.0,0.0,0.0,2.0,0.0,1.0,0.0,0.0,0.0,0.0,4.0,0.0,3.0,0.0,1.0,1.0,0.0,0.0,1.0,1.0,1.0,0.0,0.0,0.0,1.0,2.0
45,18711950.0,14.0,9.0,16.0,56.0,15.0,206.0,5.0,11.0,29.0,16.0,239.0,131.0,0.0,16.0,56.0,319.0,40.0,104.0,152.0,3.0,50.0,87.0,103.0,259.0,15.0,132.0,14.0,31.0,8.0,3.0,0.0,2.0,10.0,84.0,38.0,114.0,10.0,164.0,57.0,4.0,11.0,39.0,23.0,7.0,0.0,32.0,12.0,32.0,53.0,23.0,3.0,0.0,80.0,44.0,75.0,58.0,149.0,1.0,70.0,67.0,27.0,85.0,4.0,69.0,0.0,1.0,27.0,27.0,271.0,22.0,80.0,42.0,13.0,82.0,75.0,39.0,17.0,38.0,40.0,4.0,73.0,130.0,3.0,1.0,353.0,2.0,116.0,133.0,18.0,16.0,42.0,14.0,73.0,192.0,4.0,114.0,13.0,261.0,36.0,107.0,65.0,15.0,5.0,22.0,168.0,26.0,94.0,1.0,120.0,100.0,14.0,4.0,30.0,58.0,22.0,9.0,6.0,5.0,5.0,0.0,33.0,3.0,10.0,85.0,111.0,13.0,140.0,189.0,148.0,0.0,1.0,3.0,32.0,0.0,49.0,14.0,5.0,0.0,14.0,12.0,29.0,0.0,0.0,5.0,17.0,108.0,3.0,51.0,19.0,67.0,48.0,8.0,0.0,22.0,31.0,34.0,0.0,0.0,0.0,3.0,18.0
46,193331367.0,1.0,3.0,1.0,19.0,4.0,40.0,0.0,6.0,5.0,11.0,54.0,23.0,0.0,1.0,16.0,48.0,12.0,21.0,68.0,0.0,15.0,12.0,12.0,48.0,3.0,28.0,4.0,5.0,4.0,0.0,0.0,0.0,1.0,9.0,19.0,13.0,5.0,60.0,15.0,2.0,5.0,12.0,9.0,2.0,32.0,0.0,1.0,6.0,17.0,3.0,4.0,0.0,7.0,9.0,7.0,9.0,26.0,0.0,17.0,16.0,4.0,12.0,1.0,9.0,0.0,0.0,2.0,1.0,48.0,7.0,23.0,6.0,2.0,27.0,8.0,4.0,13.0,4.0,13.0,2.0,11.0,20.0,2.0,0.0,50.0,3.0,27.0,19.0,2.0,0.0,16.0,4.0,14.0,31.0,1.0,14.0,5.0,62.0,8.0,11.0,15.0,11.0,3.0,2.0,40.0,19.0,24.0,0.0,25.0,15.0,2.0,0.0,11.0,7.0,4.0,5.0,1.0,3.0,0.0,0.0,5.0,1.0,2.0,19.0,26.0,5.0,15.0,25.0,18.0,0.0,0.0,0.0,7.0,1.0,3.0,0.0,1.0,0.0,3.0,1.0,1.0,0.0,0.0,2.0,2.0,15.0,4.0,7.0,4.0,13.0,11.0,1.0,0.0,10.0,7.0,12.0,0.0,0.0,0.0,0.0,6.0
47,19679654.0,0.0,2.0,0.0,4.0,0.0,3.0,0.0,0.0,0.0,0.0,6.0,3.0,0.0,0.0,2.0,8.0,1.0,2.0,3.0,0.0,1.0,1.0,2.0,3.0,2.0,2.0,3.0,2.0,0.0,1.0,1.0,0.0,1.0,1.0,0.0,13.0,2.0,2.0,2.0,0.0,8.0,1.0,1.0,0.0,12.0,1.0,0.0,1.0,1.0,2.0,0.0,0.0,7.0,5.0,1.0,11.0,1.0,0.0,1.0,9.0,1.0,3.0,0.0,1.0,0.0,0.0,1.0,2.0,9.0,2.0,1.0,0.0,1.0,3.0,5.0,3.0,0.0,0.0,5.0,3.0,1.0,4.0,1.0,0.0,10.0,1.0,1.0,12.0,0.0,1.0,1.0,1.0,1.0,3.0,0.0,1.0,0.0,5.0,2.0,0.0,7.0,2.0,0.0,1.0,10.0,0.0,3.0,0.0,4.0,4.0,3.0,0.0,8.0,0.0,0.0,0.0,2.0,1.0,0.0,0.0,1.0,1.0,0.0,1.0,3.0,0.0,2.0,3.0,2.0,0.0,0.0,1.0,0.0,0.0,1.0,0.0,0.0,0.0,0.0,0.0,0.0,0.0,0.0,4.0,0.0,3.0,0.0,6.0,6.0,0.0,3.0,3.0,0.0,0.0,2.0,1.0,0.0,0.0,0.0,0.0,0.0
48,20508216.0,0.0,5.0,1.0,10.0,1.0,52.0,0.0,1.0,4.0,20.0,33.0,21.0,0.0,4.0,9.0,108.0,7.0,13.0,25.0,1.0,7.0,46.0,19.0,29.0,18.0,15.0,2.0,8.0,5.0,2.0,0.0,0.0,3.0,5.0,3.0,65.0,10.0,26.0,4.0,5.0,7.0,2.0,1.0,2.0,32.0,6.0,1.0,0.0,5.0,15.0,0.0,0.0,17.0,14.0,7.0,42.0,3.0,0.0,7.0,1.0,11.0,9.0,1.0,3.0,1.0,7.0,3.0,2.0,22.0,4.0,34.0,0.0,0.0,14.0,4.0,6.0,3.0,1.0,13.0,28.0,7.0,7.0,0.0,0.0,14.0,0.0,13.0,11.0,3.0,6.0,10.0,1.0,6.0,25.0,0.0,8.0,4.0,64.0,10.0,5.0,16.0,3.0,3.0,3.0,72.0,9.0,9.0,1.0,12.0,8.0,7.0,14.0,19.0,8.0,0.0,0.0,1.0,0.0,5.0,0.0,1.0,1.0,1.0,5.0,39.0,12.0,3.0,18.0,13.0,0.0,4.0,0.0,4.0,0.0,11.0,0.0,0.0,0.0,0.0,2.0,0.0,0.0,0.0,1.0,0.0,9.0,0.0,13.0,6.0,2.0,14.0,1.0,0.0,1.0,1.0,3.0,0.0,0.0,1.0,0.0,1.0
49,20974569.0,2.0,4.0,2.0,17.0,3.0,34.0,1.0,5.0,5.0,10.0,93.0,28.0,0.0,1.0,20.0,50.0,17.0,38.0,58.0,5.0,11.0,10.0,20.0,37.0,4.0,43.0,4.0,19.0,0.0,2.0,0.0,0.0,0.0,11.0,23.0,21.0,7.0,73.0,11.0,0.0,5.0,7.0,9.0,4.0,53.0,17.0,1.0,5.0,0.0,5.0,1.0,0.0,15.0,14.0,19.0,17.0,32.0,0.0,21.0,15.0,9.0,20.0,1.0,12.0,0.0,0.0,5.0,5.0,45.0,6.0,30.0,8.0,6.0,22.0,13.0,4.0,3.0,3.0,14.0,1.0,17.0,15.0,5.0,0.0,63.0,2.0,31.0,21.0,3.0,8.0,9.0,6.0,18.0,28.0,0.0,14.0,12.0,45.0,11.0,12.0,14.0,31.0,2.0,13.0,38.0,31.0,26.0,0.0,33.0,24.0,4.0,0.0,8.0,12.0,5.0,7.0,1.0,1.0,3.0,0.0,7.0,2.0,5.0,15.0,36.0,8.0,18.0,45.0,27.0,0.0,0.0,2.0,10.0,0.0,10.0,0.0,1.0,0.0,4.0,0.0,6.0,0.0,0.0,1.0,3.0,22.0,2.0,6.0,3.0,15.0,10.0,1.0,0.0,6.0,6.0,9.0,0.0,0.0,0.0,2.0,6.0
50,21211840.0,3.0,11.0,1.0,13.0,0.0,7.0,0.0,0.0,2.0,3.0,11.0,6.0,0.0,2.0,4.0,18.0,2.0,2.0,8.0,1.0,5.0,7.0,5.0,13.0,5.0,7.0,1.0,6.0,0.0,1.0,0.0,2.0,5.0,3.0,0.0,70.0,2.0,8.0,2.0,1.0,7.0,0.0,0.0,4.0,23.0,3.0,2.0,15.0,5.0,0.0,0.0,1.0,8.0,12.0,5.0,49.0,1.0,1.0,1.0,2.0,4.0,3.0,3.0,3.0,0.0,1.0,4.0,4.0,8.0,2.0,9.0,1.0,1.0,4.0,4.0,6.0,0.0,1.0,8.0,0.0,3.0,5.0,0.0,0.0,16.0,0.0,2.0,4.0,5.0,3.0,9.0,1.0,2.0,7.0,0.0,4.0,2.0,11.0,6.0,1.0,7.0,4.0,0.0,2.0,16.0,3.0,6.0,0.0,13.0,9.0,2.0,0.0,8.0,1.0,1.0,0.0,0.0,0.0,1.0,0.0,0.0,0.0,2.0,3.0,10.0,1.0,2.0,14.0,6.0,0.0,2.0,1.0,0.0,0.0,2.0,3.0,1.0,0.0,1.0,3.0,1.0,0.0,0.0,1.0,0.0,6.0,0.0,18.0,3.0,5.0,5.0,1.0,0.0,1.0,1.0,4.0,0.0,0.0,0.0,1.0,1.0
51,223367096.0,0.0,0.0,0.0,0.0,2.0,8.0,0.0,3.0,3.0,0.0,5.0,3.0,0.0,0.0,6.0,9.0,1.0,3.0,5.0,0.0,3.0,1.0,4.0,9.0,0.0,3.0,1.0,0.0,2.0,0.0,0.0,0.0,0.0,4.0,3.0,1.0,0.0,6.0,2.0,0.0,0.0,4.0,0.0,0.0,3.0,4.0,0.0,0.0,1.0,0.0,0.0,0.0,0.0,3.0,1.0,1.0,5.0,0.0,2.0,4.0,0.0,4.0,0.0,2.0,0.0,0.0,1.0,0.0,6.0,1.0,4.0,3.0,2.0,2.0,0.0,0.0,3.0,4.0,1.0,0.0,2.0,3.0,1.0,0.0,7.0,1.0,3.0,2.0,0.0,0.0,2.0,3.0,3.0,9.0,0.0,4.0,1.0,8.0,2.0,6.0,2.0,0.0,0.0,0.0,5.0,0.0,2.0,0.0,5.0,6.0,0.0,0.0,0.0,1.0,2.0,2.0,1.0,0.0,0.0,0.0,1.0,0.0,1.0,4.0,3.0,2.0,4.0,4.0,3.0,0.0,0.0,0.0,1.0,0.0,2.0,0.0,1.0,0.0,2.0,0.0,2.0,0.0,0.0,0.0,1.0,3.0,3.0,1.0,1.0,4.0,3.0,0.0,0.0,3.0,1.0,1.0,0.0,0.0,0.0,0.0,1.0
52,2293782709.0,0.0,0.0,0.0,0.0,0.0,0.0,0.0,0.0,0.0,0.0,0.0,0.0,0.0,0.0,0.0,0.0,0.0,0.0,2.0,0.0,0.0,0.0,0.0,0.0,0.0,0.0,0.0,0.0,0.0,1.0,0.0,0.0,0.0,0.0,0.0,0.0,1.0,0.0,0.0,0.0,1.0,0.0,0.0,0.0,0.0,0.0,0.0,0.0,0.0,1.0,0.0,0.0,0.0,0.0,0.0,0.0,0.0,1.0,0.0,3.0,0.0,0.0,0.0,0.0,0.0,0.0,0.0,0.0,0.0,0.0,0.0,0.0,0.0,0.0,0.0,0.0,0.0,0.0,0.0,0.0,0.0,1.0,0.0,0.0,4.0,0.0,0.0,0.0,0.0,12.0,4.0,0.0,0.0,0.0,0.0,0.0,0.0,0.0,0.0,0.0,0.0,0.0,0.0,0.0,1.0,0.0,1.0,0.0,1.0,0.0,0.0,0.0,0.0,0.0,0.0,0.0,0.0,0.0,0.0,0.0,0.0,0.0,0.0,0.0,0.0,0.0,0.0,0.0,0.0,0.0,0.0,0.0,0.0,0.0,0.0,0.0,0.0,0.0,0.0,0.0,0.0,0.0,0.0,0.0,0.0,0.0,0.0,0.0,0.0,0.0,0.0,0.0,0.0,0.0,0.0,0.0,2.0,0.0,0.0,0.0,0.0
