,0,1,2,3,4,5,6,7,8,9,10,11,12,13,14,15,16,17,18,19,20,21,22,23,24,25,26,27,28,29,30,31,32,33,34,35,36,37,38,39,40,41,42,43,44,45,46,47,48,49,50,51,52,53,54,55,56,57,58,59,60,61,62,63,64,65,66,67,68,69,70,71,72,73,74,75,76,77,78,79,80,81,82,83,84,85,86,87,88,89,90,91,92,93,94,95,96,97,98,99,100,101,102,103,104,105,106,107,108,109,110,111,112,113,114,115,116,117,118,119,120,121,122,123,124,125,126,127,128,129,130,131,132,133,134,135,136,137,138,139
0,-1.0,1014472861.0,1088673384.0,108932561.0,123907301.0,1286073547.0,129734015.0,132095476.0,1345923643.0,1360226702.0,138168534.0,1404113779.0,1448071981.0,1526624384.0,1578018152.0,1609986416.0,1612980956.0,1624960712.0,1677481501.0,1679974800.0,17481929.0,175654096.0,1953490207.0,1958029015.0,196195734.0,202571420.0,2150974058.0,22052895.0,2218834058.0,2325208218.0,2385434784.0,2507816448.0,2529779670.0,2594788350.0,2685147625.0,2715396797.0,2766102815.0,2819935525.0,2834367054.0,2842442970.0,2862889645.0,2898655952.0,2912563656.0,2919412724.0,2941076594.0,2954907308.0,2955251099.0,2955690313.0,2955832574.0,2955941941.0,2982013375.0,2995350464.0,302474902.0,3062572074.0,30860019.0,309701929.0,320811254.0,3253783614.0,325610106.0,3258801637.0,3265625238.0,3271916676.0,33131371.0,3315400338.0,333948601.0,335159421.0,3502039692.0,3515814794.0,353708454.0,3617084718.0,372180741.0,3759062833.0,3969464114.0,4184156722.0,449843383.0,4504378703.0,4610802808.0,4718740534.0,4737419786.0,4830668070.0,53078495.0,546953628.0,574227053.0,580057012.0,614941426.0,632432638.0,7.054849283564708e+17,7.089505947198874e+17,7.184282798336369e+17,7.332228107226767e+17,7.506884830233313e+17,7.533416302587453e+17,756330074.0,7.626870950014525e+17,7.647663670440837e+17,7.647874566211584e+17,7.77553343375827e+17,7.804736633929155e+17,7.8171733684369e+17,7.876581978888643e+17,7.909474863281725e+17,7.951811338643702e+17,7.987212636823388e+17,8.059736744320082e+17,8.123508837112914e+17,8.206789392701194e+17,8.24908397053096e+17,8.289750972685476e+17,832373833.0,833877799.0,8.369322251700429e+17,8.380843397787771e+17,8.446761639770071e+17,8.451974327365345e+17,8.477601558612746e+17,8.559749635846676e+17,8.653962276799775e+17,8.65490241217364e+17,8.658594844589507e+17,8.821165070265958e+17,8.82262074239275e+17,884831366.0,9.029099839304622e+17,9.040418751615468e+17,9.064800187415347e+17,9.152004418220442e+17,9.174309554212659e+17,9.204821986161213e+17,9.373387028749107e+17,94105816.0,9.427013383114793e+17,9.458874019934208e+17,9.465940454548275e+17,9.48090855553876e+17,9.540326676866621e+17,9.563869328330793e+17,9.568830545298432e+17,9.607106383339766e+17,9.616763204835901e+17,9.630733214526259e+17
1,1014472861.0,0.0,6.0,2.0,4.0,33.0,39.0,5.0,37.0,47.0,11.0,44.0,4.0,47.0,0.0,58.0,84.0,67.0,2.0,14.0,0.0,22.0,39.0,48.0,44.0,12.0,12.0,0.0,46.0,7.0,38.0,11.0,4.0,11.0,42.0,3.0,15.0,28.0,19.0,61.0,4.0,26.0,13.0,20.0,16.0,24.0,40.0,13.0,22.0,23.0,4.0,30.0,48.0,82.0,9.0,20.0,6.0,15.0,82.0,59.0,51.0,8.0,2.0,61.0,2.0,57.0,46.0,3.0,37.0,5.0,24.0,6.0,7.0,78.0,10.0,67.0,14.0,6.0,51.0,70.0,0.0,7.0,8.0,22.0,116.0,1.0,6.0,33.0,83.0,0.0,56.0,0.0,61.0,22.0,34.0,34.0,17.0,21.0,17.0,6.0,65.0,0.0,38.0,50.0,51.0,1.0,23.0,15.0,48.0,0.0,14.0,48.0,0.0,49.0,1.0,12.0,32.0,10.0,47.0,19.0,42.0,23.0,15.0,37.0,33.0,0.0,38.0,3.0,1.0,23.0,0.0,13.0,8.0,53.0,1.0,4.0,7.0,15.0,2.0,10.0
2,1088673384.0,6.0,0.0,4.0,3.0,11.0,9.0,3.0,9.0,19.0,7.0,71.0,8.0,46.0,0.0,21.0,41.0,88.0,2.0,53.0,0.0,35.0,56.0,15.0,11.0,50.0,21.0,0.0,8.0,9.0,26.0,21.0,2.0,0.0,11.0,22.0,41.0,9.0,21.0,78.0,26.0,13.0,13.0,6.0,20.0,4.0,11.0,0.0,0.0,12.0,0.0,0.0,7.0,20.0,7.0,2.0,3.0,72.0,22.0,20.0,64.0,23.0,1.0,108.0,2.0,22.0,44.0,26.0,53.0,0.0,8.0,7.0,44.0,77.0,42.0,37.0,0.0,12.0,32.0,24.0,0.0,24.0,5.0,4.0,29.0,0.0,19.0,39.0,38.0,0.0,18.0,0.0,13.0,18.0,8.0,6.0,21.0,1.0,10.0,4.0,22.0,0.0,104.0,13.0,50.0,0.0,4.0,56.0,5.0,0.0,5.0,69.0,0.0,78.0,23.0,16.0,53.0,10.0,58.0,104.0,62.0,7.0,1.0,32.0,13.0,0.0,38.0,1.0,0.0,7.0,1.0,8.0,13.0,14.0,0.0,7.0,11.0,12.0,38.0,23.0
3,108932561.0,2.0,4.0,0.0,0.0,3.0,0.0,0.0,1.0,9.0,8.0,8.0,1.0,9.0,0.0,7.0,11.0,19.0,0.0,2.0,0.0,5.0,5.0,7.0,10.0,2.0,2.0,0.0,2.0,0.0,4.0,2.0,1.0,0.0,7.0,1.0,3.0,2.0,5.0,19.0,0.0,6.0,1.0,2.0,1.0,0.0,4.0,0.0,0.0,4.0,0.0,0.0,2.0,13.0,4.0,0.0,0.0,3.0,5.0,2.0,10.0,0.0,3.0,15.0,0.0,14.0,10.0,0.0,10.0,0.0,3.0,3.0,1.0,15.0,4.0,23.0,2.0,0.0,11.0,12.0,0.0,0.0,8.0,0.0,16.0,2.0,1.0,1.0,23.0,0.0,9.0,0.0,5.0,4.0,4.0,0.0,3.0,0.0,4.0,1.0,8.0,0.0,8.0,4.0,15.0,0.0,2.0,6.0,2.0,0.0,6.0,14.0,0.0,11.0,0.0,2.0,7.0,1.0,10.0,7.0,6.0,1.0,0.0,13.0,11.0,0.0,3.0,0.0,0.0,0.0,0.0,1.0,1.0,7.0,0.0,0.0,4.0,0.0,0.0,1.0
4,123907301.0,4.0,3.0,0.0,0.0,7.0,6.0,0.0,8.0,8.0,36.0,11.0,0.0,14.0,0.0,8.0,15.0,37.0,9.0,4.0,0.0,6.0,7.0,5.0,20.0,2.0,5.0,0.0,2.0,3.0,10.0,5.0,1.0,1.0,3.0,3.0,1.0,1.0,7.0,21.0,2.0,1.0,4.0,3.0,8.0,1.0,7.0,2.0,1.0,10.0,1.0,1.0,12.0,15.0,9.0,1.0,1.0,7.0,11.0,1.0,11.0,8.0,2.0,14.0,19.0,63.0,15.0,1.0,12.0,1.0,3.0,3.0,8.0,21.0,3.0,25.0,3.0,2.0,32.0,10.0,0.0,2.0,10.0,3.0,30.0,13.0,2.0,14.0,44.0,0.0,13.0,0.0,8.0,2.0,4.0,3.0,5.0,1.0,5.0,2.0,11.0,2.0,7.0,6.0,20.0,0.0,3.0,11.0,4.0,0.0,3.0,17.0,0.0,10.0,0.0,14.0,12.0,5.0,17.0,4.0,13.0,3.0,1.0,10.0,18.0,0.0,13.0,1.0,4.0,3.0,0.0,5.0,4.0,9.0,0.0,1.0,3.0,3.0,2.0,3.0
5,1286073547.0,33.0,11.0,3.0,7.0,0.0,23.0,1.0,41.0,75.0,11.0,25.0,4.0,28.0,0.0,61.0,56.0,47.0,4.0,5.0,0.0,16.0,25.0,66.0,37.0,9.0,10.0,0.0,51.0,3.0,21.0,11.0,10.0,13.0,54.0,1.0,8.0,48.0,19.0,34.0,0.0,44.0,5.0,21.0,6.0,17.0,45.0,11.0,24.0,32.0,8.0,24.0,37.0,77.0,6.0,26.0,11.0,11.0,56.0,57.0,25.0,5.0,6.0,46.0,8.0,44.0,22.0,2.0,26.0,5.0,43.0,6.0,3.0,42.0,11.0,50.0,11.0,0.0,35.0,42.0,0.0,6.0,9.0,19.0,104.0,2.0,4.0,14.0,70.0,0.0,49.0,0.0,49.0,29.0,37.0,36.0,10.0,22.0,11.0,10.0,56.0,0.0,31.0,57.0,38.0,0.0,18.0,18.0,53.0,0.0,14.0,42.0,0.0,38.0,0.0,14.0,24.0,5.0,31.0,17.0,18.0,23.0,26.0,27.0,46.0,0.0,17.0,3.0,0.0,27.0,0.0,9.0,4.0,30.0,0.0,3.0,6.0,6.0,0.0,4.0
6,129734015.0,39.0,9.0,0.0,6.0,23.0,0.0,4.0,40.0,56.0,5.0,73.0,2.0,52.0,0.0,84.0,97.0,101.0,2.0,30.0,0.0,24.0,66.0,39.0,68.0,20.0,15.0,0.0,42.0,10.0,50.0,17.0,7.0,11.0,50.0,5.0,18.0,32.0,19.0,104.0,6.0,32.0,18.0,28.0,32.0,27.0,51.0,11.0,23.0,32.0,6.0,33.0,70.0,95.0,8.0,16.0,9.0,13.0,106.0,75.0,75.0,15.0,2.0,94.0,4.0,86.0,69.0,4.0,63.0,5.0,17.0,6.0,8.0,96.0,15.0,97.0,12.0,5.0,70.0,116.0,0.0,10.0,8.0,27.0,147.0,0.0,2.0,48.0,128.0,0.0,65.0,0.0,61.0,18.0,41.0,37.0,9.0,19.0,21.0,8.0,78.0,0.0,55.0,42.0,50.0,2.0,23.0,17.0,53.0,0.0,10.0,80.0,0.0,77.0,0.0,16.0,37.0,8.0,62.0,23.0,44.0,36.0,14.0,43.0,47.0,0.0,57.0,6.0,1.0,30.0,0.0,17.0,12.0,74.0,1.0,1.0,2.0,21.0,2.0,15.0
7,132095476.0,5.0,3.0,0.0,0.0,1.0,4.0,0.0,1.0,6.0,1.0,8.0,0.0,4.0,0.0,12.0,11.0,10.0,0.0,4.0,0.0,2.0,8.0,2.0,4.0,4.0,1.0,0.0,4.0,0.0,4.0,2.0,1.0,0.0,1.0,3.0,2.0,1.0,1.0,16.0,0.0,8.0,1.0,0.0,2.0,3.0,4.0,0.0,2.0,0.0,0.0,3.0,7.0,13.0,0.0,0.0,0.0,2.0,10.0,15.0,7.0,0.0,0.0,17.0,0.0,12.0,11.0,0.0,7.0,0.0,2.0,1.0,0.0,13.0,4.0,8.0,1.0,2.0,5.0,9.0,0.0,2.0,0.0,5.0,18.0,0.0,1.0,4.0,15.0,0.0,10.0,0.0,7.0,2.0,1.0,4.0,4.0,2.0,6.0,0.0,7.0,0.0,8.0,3.0,3.0,0.0,3.0,1.0,4.0,0.0,1.0,12.0,0.0,12.0,0.0,0.0,3.0,1.0,7.0,1.0,7.0,2.0,2.0,5.0,5.0,0.0,6.0,0.0,0.0,3.0,0.0,2.0,1.0,3.0,0.0,0.0,0.0,4.0,0.0,1.0
8,1345923643.0,37.0,9.0,1.0,8.0,41.0,40.0,1.0,0.0,92.0,8.0,52.0,2.0,55.0,0.0,88.0,90.0,84.0,1.0,17.0,0.0,23.0,65.0,65.0,61.0,17.0,14.0,0.0,63.0,10.0,41.0,17.0,11.0,15.0,47.0,6.0,19.0,48.0,24.0,75.0,7.0,51.0,20.0,24.0,21.0,30.0,53.0,21.0,27.0,34.0,8.0,27.0,55.0,113.0,16.0,23.0,8.0,15.0,112.0,92.0,50.0,14.0,8.0,85.0,7.0,80.0,46.0,4.0,47.0,6.0,45.0,7.0,12.0,100.0,10.0,74.0,11.0,5.0,52.0,88.0,0.0,5.0,7.0,34.0,159.0,3.0,3.0,46.0,108.0,0.0,62.0,0.0,90.0,25.0,40.0,59.0,14.0,23.0,23.0,7.0,92.0,0.0,52.0,71.0,51.0,2.0,23.0,22.0,75.0,0.0,7.0,80.0,0.0,59.0,0.0,21.0,36.0,13.0,61.0,20.0,42.0,31.0,26.0,38.0,49.0,0.0,43.0,7.0,3.0,33.0,0.0,18.0,12.0,63.0,2.0,3.0,3.0,20.0,3.0,14.0
9,1360226702.0,47.0,19.0,9.0,8.0,75.0,56.0,6.0,92.0,0.0,16.0,60.0,2.0,50.0,0.0,140.0,110.0,87.0,5.0,20.0,0.0,19.0,69.0,118.0,67.0,29.0,13.0,0.0,101.0,5.0,35.0,19.0,20.0,20.0,76.0,6.0,13.0,115.0,24.0,78.0,4.0,100.0,14.0,36.0,12.0,38.0,83.0,20.0,29.0,46.0,11.0,39.0,74.0,173.0,15.0,40.0,9.0,15.0,151.0,180.0,48.0,10.0,4.0,100.0,6.0,82.0,45.0,7.0,63.0,6.0,83.0,7.0,9.0,115.0,23.0,86.0,16.0,5.0,54.0,102.0,0.0,13.0,15.0,53.0,275.0,1.0,6.0,36.0,136.0,0.0,88.0,0.0,113.0,55.0,59.0,79.0,15.0,37.0,23.0,11.0,131.0,0.0,55.0,127.0,61.0,1.0,22.0,27.0,126.0,0.0,15.0,81.0,0.0,81.0,0.0,17.0,29.0,6.0,62.0,23.0,41.0,35.0,35.0,47.0,75.0,0.0,30.0,5.0,1.0,71.0,0.0,19.0,9.0,53.0,2.0,2.0,9.0,22.0,1.0,9.0
10,138168534.0,11.0,7.0,8.0,36.0,11.0,5.0,1.0,8.0,16.0,0.0,52.0,2.0,46.0,0.0,18.0,48.0,199.0,28.0,1.0,0.0,7.0,16.0,37.0,115.0,5.0,9.0,0.0,4.0,1.0,14.0,4.0,0.0,1.0,8.0,1.0,2.0,8.0,6.0,109.0,0.0,10.0,1.0,10.0,9.0,2.0,10.0,1.0,2.0,13.0,0.0,1.0,21.0,65.0,58.0,0.0,3.0,10.0,23.0,10.0,40.0,14.0,3.0,70.0,35.0,164.0,86.0,2.0,33.0,0.0,7.0,6.0,10.0,75.0,12.0,122.0,35.0,2.0,93.0,38.0,0.0,2.0,50.0,3.0,138.0,38.0,4.0,12.0,197.0,0.0,34.0,0.0,20.0,4.0,6.0,3.0,6.0,2.0,8.0,3.0,24.0,6.0,30.0,9.0,57.0,0.0,4.0,22.0,8.0,0.0,9.0,63.0,0.0,28.0,1.0,22.0,31.0,5.0,56.0,14.0,15.0,2.0,0.0,41.0,41.0,0.0,22.0,2.0,5.0,0.0,0.0,8.0,4.0,22.0,1.0,1.0,4.0,0.0,0.0,4.0
11,1404113779.0,44.0,71.0,8.0,11.0,25.0,73.0,8.0,52.0,60.0,52.0,0.0,15.0,174.0,0.0,129.0,236.0,358.0,1.0,133.0,0.0,109.0,245.0,57.0,121.0,133.0,50.0,0.0,31.0,32.0,144.0,65.0,4.0,5.0,35.0,45.0,94.0,17.0,72.0,412.0,49.0,25.0,63.0,16.0,86.0,27.0,67.0,6.0,21.0,33.0,1.0,29.0,69.0,152.0,18.0,14.0,4.0,165.0,172.0,96.0,273.0,84.0,2.0,390.0,10.0,159.0,292.0,35.0,240.0,1.0,17.0,17.0,45.0,362.0,82.0,252.0,14.0,37.0,222.0,234.0,0.0,62.0,32.0,28.0,266.0,1.0,48.0,152.0,320.0,0.0,117.0,0.0,99.0,42.0,28.0,26.0,49.0,7.0,43.0,9.0,98.0,0.0,247.0,40.0,174.0,6.0,25.0,83.0,34.0,0.0,23.0,312.0,0.0,337.0,39.0,65.0,127.0,38.0,247.0,145.0,184.0,35.0,4.0,154.0,43.0,0.0,208.0,15.0,1.0,31.0,1.0,37.0,45.0,136.0,2.0,14.0,19.0,64.0,66.0,66.0
12,1448071981.0,4.0,8.0,1.0,0.0,4.0,2.0,0.0,2.0,2.0,2.0,15.0,0.0,12.0,0.0,6.0,14.0,18.0,0.0,14.0,0.0,15.0,15.0,3.0,3.0,9.0,8.0,0.0,2.0,6.0,10.0,8.0,0.0,1.0,8.0,7.0,11.0,0.0,14.0,19.0,6.0,0.0,7.0,1.0,10.0,1.0,4.0,0.0,1.0,3.0,0.0,2.0,1.0,12.0,0.0,2.0,0.0,13.0,6.0,2.0,16.0,7.0,0.0,32.0,1.0,12.0,14.0,7.0,11.0,0.0,0.0,4.0,9.0,18.0,8.0,12.0,1.0,5.0,13.0,15.0,0.0,10.0,1.0,1.0,10.0,0.0,8.0,9.0,14.0,0.0,8.0,0.0,6.0,2.0,1.0,3.0,9.0,5.0,3.0,0.0,6.0,0.0,14.0,1.0,15.0,0.0,2.0,10.0,0.0,0.0,3.0,19.0,0.0,24.0,7.0,8.0,15.0,6.0,12.0,18.0,17.0,2.0,1.0,11.0,4.0,0.0,13.0,2.0,0.0,1.0,1.0,1.0,6.0,4.0,0.0,3.0,7.0,7.0,9.0,9.0
13,1526624384.0,47.0,46.0,9.0,14.0,28.0,52.0,4.0,55.0,50.0,46.0,174.0,12.0,0.0,0.0,84.0,180.0,273.0,2.0,77.0,0.0,79.0,133.0,60.0,97.0,52.0,43.0,0.0,26.0,27.0,108.0,43.0,4.0,6.0,49.0,30.0,55.0,19.0,76.0,259.0,36.0,23.0,50.0,22.0,62.0,23.0,64.0,5.0,21.0,37.0,2.0,22.0,58.0,137.0,38.0,9.0,6.0,87.0,113.0,65.0,210.0,53.0,5.0,211.0,12.0,136.0,177.0,35.0,163.0,2.0,26.0,15.0,58.0,220.0,50.0,194.0,20.0,21.0,161.0,153.0,0.0,37.0,28.0,19.0,204.0,4.0,17.0,119.0,213.0,0.0,84.0,0.0,80.0,32.0,40.0,27.0,43.0,11.0,41.0,6.0,93.0,0.0,175.0,46.0,166.0,7.0,26.0,100.0,29.0,0.0,24.0,189.0,0.0,175.0,27.0,53.0,135.0,36.0,187.0,171.0,152.0,31.0,4.0,141.0,55.0,0.0,106.0,18.0,1.0,20.0,1.0,35.0,29.0,94.0,3.0,12.0,24.0,45.0,32.0,51.0
14,1578018152.0,0.0,0.0,0.0,0.0,0.0,0.0,0.0,0.0,0.0,0.0,0.0,0.0,0.0,0.0,0.0,0.0,0.0,0.0,0.0,0.0,0.0,0.0,0.0,0.0,0.0,0.0,0.0,0.0,0.0,0.0,0.0,0.0,0.0,0.0,0.0,0.0,0.0,0.0,0.0,0.0,0.0,0.0,0.0,0.0,0.0,0.0,0.0,0.0,0.0,0.0,0.0,0.0,0.0,0.0,0.0,0.0,0.0,0.0,0.0,0.0,0.0,0.0,0.0,0.0,0.0,0.0,0.0,0.0,0.0,0.0,0.0,0.0,0.0,0.0,0.0,0.0,0.0,0.0,0.0,0.0,0.0,0.0,0.0,0.0,0.0,0.0,0.0,0.0,0.0,0.0,0.0,0.0,0.0,0.0,0.0,0.0,0.0,0.0,0.0,0.0,0.0,0.0,0.0,0.0,0.0,0.0,0.0,0.0,0.0,0.0,0.0,0.0,0.0,0.0,0.0,0.0,0.0,0.0,0.0,0.0,0.0,0.0,0.0,0.0,0.0,0.0,0.0,0.0,0.0,0.0,0.0,0.0,0.0,0.0,0.0,0.0,0.0,0.0,0.0
15,1609986416.0,58.0,21.0,7.0,8.0,61.0,84.0,12.0,88.0,140.0,18.0,129.0,6.0,84.0,0.0,0.0,172.0,191.0,1.0,46.0,0.0,34.0,97.0,108.0,98.0,29.0,26.0,0.0,112.0,10.0,81.0,21.0,10.0,18.0,79.0,12.0,19.0,88.0,39.0,186.0,9.0,83.0,30.0,35.0,33.0,34.0,83.0,17.0,31.0,53.0,8.0,63.0,99.0,222.0,20.0,34.0,6.0,31.0,189.0,205.0,110.0,18.0,5.0,175.0,7.0,137.0,121.0,8.0,110.0,7.0,67.0,10.0,17.0,191.0,28.0,176.0,20.0,12.0,113.0,172.0,0.0,15.0,21.0,58.0,316.0,5.0,9.0,70.0,235.0,0.0,149.0,0.0,147.0,46.0,74.0,77.0,22.0,36.0,31.0,11.0,129.0,0.0,93.0,103.0,104.0,3.0,35.0,26.0,129.0,0.0,19.0,142.0,0.0,124.0,3.0,26.0,63.0,18.0,105.0,37.0,78.0,43.0,34.0,97.0,76.0,0.0,91.0,13.0,2.0,55.0,0.0,24.0,14.0,101.0,0.0,4.0,12.0,24.0,4.0,17.0
16,1612980956.0,84.0,41.0,11.0,15.0,56.0,97.0,11.0,90.0,110.0,48.0,236.0,14.0,180.0,0.0,172.0,0.0,305.0,3.0,78.0,0.0,74.0,185.0,115.0,129.0,60.0,53.0,0.0,157.0,27.0,129.0,47.0,9.0,10.0,80.0,27.0,53.0,55.0,76.0,302.0,21.0,76.0,58.0,31.0,64.0,45.0,108.0,17.0,33.0,50.0,5.0,49.0,97.0,277.0,23.0,74.0,17.0,70.0,244.0,178.0,214.0,49.0,9.0,284.0,12.0,183.0,228.0,15.0,191.0,3.0,56.0,16.0,29.0,312.0,57.0,254.0,23.0,24.0,193.0,269.0,0.0,23.0,32.0,43.0,382.0,4.0,19.0,120.0,348.0,0.0,150.0,0.0,149.0,57.0,65.0,81.0,42.0,38.0,51.0,14.0,157.0,0.0,216.0,103.0,171.0,7.0,55.0,80.0,104.0,0.0,30.0,247.0,0.0,239.0,11.0,57.0,122.0,37.0,214.0,116.0,156.0,110.0,33.0,165.0,86.0,0.0,147.0,21.0,2.0,52.0,1.0,43.0,33.0,143.0,3.0,9.0,24.0,56.0,15.0,40.0
17,1624960712.0,67.0,88.0,19.0,37.0,47.0,101.0,10.0,84.0,87.0,199.0,358.0,18.0,273.0,0.0,191.0,305.0,0.0,14.0,123.0,0.0,125.0,222.0,94.0,265.0,83.0,56.0,0.0,40.0,39.0,153.0,47.0,4.0,9.0,70.0,50.0,92.0,26.0,88.0,653.0,60.0,49.0,68.0,36.0,96.0,30.0,89.0,9.0,30.0,62.0,3.0,40.0,125.0,235.0,78.0,11.0,12.0,163.0,236.0,98.0,395.0,92.0,29.0,515.0,33.0,321.0,438.0,69.0,251.0,2.0,52.0,18.0,128.0,478.0,73.0,645.0,24.0,25.0,368.0,338.0,0.0,62.0,62.0,32.0,489.0,30.0,34.0,164.0,751.0,0.0,143.0,0.0,120.0,35.0,54.0,32.0,55.0,13.0,46.0,10.0,133.0,3.0,383.0,63.0,267.0,6.0,30.0,150.0,46.0,0.0,24.0,425.0,0.0,342.0,87.0,76.0,201.0,43.0,333.0,355.0,276.0,42.0,10.0,269.0,118.0,0.0,252.0,22.0,4.0,30.0,1.0,50.0,57.0,169.0,5.0,15.0,25.0,65.0,76.0,76.0
18,1677481501.0,2.0,2.0,0.0,9.0,4.0,2.0,0.0,1.0,5.0,28.0,1.0,0.0,2.0,0.0,1.0,3.0,14.0,0.0,0.0,0.0,2.0,1.0,4.0,11.0,1.0,1.0,0.0,0.0,1.0,1.0,0.0,0.0,0.0,1.0,0.0,0.0,1.0,0.0,9.0,0.0,2.0,0.0,2.0,0.0,0.0,3.0,0.0,0.0,3.0,0.0,0.0,4.0,8.0,6.0,0.0,2.0,1.0,3.0,0.0,2.0,5.0,2.0,10.0,5.0,24.0,3.0,0.0,2.0,0.0,1.0,2.0,7.0,15.0,1.0,17.0,5.0,1.0,8.0,3.0,0.0,1.0,3.0,0.0,17.0,3.0,1.0,2.0,19.0,0.0,2.0,0.0,2.0,1.0,1.0,0.0,0.0,0.0,0.0,0.0,2.0,3.0,2.0,2.0,14.0,0.0,0.0,1.0,1.0,0.0,0.0,8.0,0.0,2.0,0.0,6.0,3.0,2.0,8.0,1.0,3.0,0.0,0.0,3.0,13.0,0.0,6.0,0.0,0.0,0.0,0.0,0.0,2.0,1.0,1.0,1.0,0.0,0.0,0.0,0.0
19,1679974800.0,14.0,53.0,2.0,4.0,5.0,30.0,4.0,17.0,20.0,1.0,133.0,14.0,77.0,0.0,46.0,78.0,123.0,0.0,0.0,0.0,79.0,127.0,12.0,17.0,88.0,27.0,0.0,10.0,32.0,60.0,49.0,0.0,2.0,15.0,56.0,55.0,6.0,35.0,184.0,49.0,9.0,38.0,7.0,63.0,8.0,24.0,1.0,8.0,17.0,0.0,8.0,26.0,44.0,6.0,1.0,0.0,90.0,64.0,40.0,151.0,62.0,4.0,238.0,3.0,48.0,112.0,31.0,108.0,0.0,13.0,8.0,53.0,227.0,71.0,84.0,3.0,28.0,80.0,69.0,0.0,59.0,4.0,12.0,69.0,0.0,22.0,87.0,92.0,0.0,35.0,0.0,40.0,16.0,6.0,11.0,38.0,1.0,17.0,4.0,41.0,0.0,119.0,22.0,110.0,2.0,9.0,56.0,16.0,0.0,7.0,159.0,0.0,191.0,33.0,25.0,95.0,20.0,122.0,113.0,126.0,19.0,1.0,53.0,21.0,0.0,122.0,4.0,1.0,13.0,1.0,18.0,33.0,44.0,1.0,7.0,12.0,39.0,45.0,55.0
20,17481929.0,0.0,0.0,0.0,0.0,0.0,0.0,0.0,0.0,0.0,0.0,0.0,0.0,0.0,0.0,0.0,0.0,0.0,0.0,0.0,0.0,0.0,0.0,0.0,0.0,0.0,0.0,0.0,0.0,0.0,0.0,0.0,0.0,0.0,0.0,0.0,0.0,0.0,0.0,0.0,0.0,0.0,0.0,0.0,0.0,0.0,0.0,0.0,0.0,0.0,0.0,0.0,0.0,0.0,0.0,0.0,0.0,0.0,0.0,0.0,0.0,0.0,0.0,0.0,0.0,0.0,0.0,0.0,0.0,0.0,0.0,0.0,0.0,0.0,0.0,0.0,0.0,0.0,0.0,0.0,0.0,0.0,0.0,0.0,0.0,0.0,0.0,0.0,0.0,0.0,0.0,0.0,0.0,0.0,0.0,0.0,0.0,0.0,0.0,0.0,0.0,1.0,0.0,0.0,0.0,0.0,0.0,0.0,0.0,0.0,0.0,0.0,0.0,0.0,0.0,0.0,0.0,0.0,0.0,0.0,0.0,0.0,0.0,0.0,0.0,0.0,0.0,0.0,0.0,0.0,0.0,0.0,0.0,0.0,0.0,0.0,0.0,0.0,0.0,0.0
21,175654096.0,22.0,35.0,5.0,6.0,16.0,24.0,2.0,23.0,19.0,7.0,109.0,15.0,79.0,0.0,34.0,74.0,125.0,2.0,79.0,0.0,0.0,95.0,21.0,37.0,64.0,24.0,0.0,12.0,31.0,53.0,32.0,2.0,3.0,24.0,24.0,49.0,5.0,38.0,138.0,29.0,10.0,30.0,7.0,46.0,11.0,32.0,4.0,9.0,12.0,0.0,13.0,25.0,66.0,8.0,5.0,2.0,64.0,59.0,28.0,112.0,40.0,3.0,156.0,5.0,63.0,93.0,17.0,78.0,0.0,14.0,11.0,39.0,152.0,38.0,73.0,4.0,18.0,77.0,68.0,0.0,29.0,5.0,6.0,98.0,1.0,23.0,64.0,92.0,0.0,41.0,0.0,38.0,23.0,16.0,12.0,29.0,7.0,19.0,5.0,46.0,0.0,106.0,18.0,92.0,2.0,11.0,49.0,14.0,0.0,10.0,126.0,0.0,141.0,21.0,34.0,78.0,25.0,107.0,87.0,88.0,12.0,3.0,52.0,25.0,0.0,73.0,5.0,1.0,8.0,1.0,9.0,20.0,43.0,0.0,7.0,14.0,28.0,34.0,39.0
22,1953490207.0,39.0,56.0,5.0,7.0,25.0,66.0,8.0,65.0,69.0,16.0,245.0,15.0,133.0,0.0,97.0,185.0,222.0,1.0,127.0,0.0,95.0,0.0,54.0,74.0,163.0,40.0,0.0,39.0,30.0,117.0,70.0,4.0,8.0,44.0,53.0,83.0,26.0,61.0,290.0,46.0,38.0,55.0,21.0,74.0,27.0,61.0,9.0,23.0,29.0,3.0,27.0,66.0,122.0,15.0,13.0,5.0,124.0,157.0,114.0,212.0,77.0,3.0,371.0,6.0,114.0,195.0,31.0,207.0,2.0,20.0,13.0,42.0,337.0,84.0,150.0,14.0,38.0,152.0,183.0,0.0,65.0,10.0,32.0,176.0,0.0,50.0,136.0,200.0,0.0,85.0,0.0,86.0,45.0,29.0,31.0,48.0,12.0,38.0,9.0,103.0,0.0,212.0,44.0,129.0,4.0,26.0,65.0,34.0,0.0,19.0,276.0,0.0,317.0,35.0,50.0,102.0,32.0,199.0,132.0,142.0,39.0,6.0,116.0,44.0,0.0,180.0,16.0,1.0,34.0,1.0,33.0,42.0,101.0,1.0,13.0,19.0,76.0,57.0,72.0
23,1958029015.0,48.0,15.0,7.0,5.0,66.0,39.0,2.0,65.0,118.0,37.0,57.0,3.0,60.0,0.0,108.0,115.0,94.0,4.0,12.0,0.0,21.0,54.0,0.0,78.0,27.0,14.0,0.0,83.0,4.0,36.0,17.0,14.0,13.0,57.0,3.0,12.0,85.0,26.0,90.0,4.0,81.0,12.0,20.0,10.0,30.0,61.0,16.0,28.0,30.0,8.0,36.0,46.0,148.0,10.0,43.0,9.0,28.0,125.0,121.0,47.0,17.0,2.0,110.0,5.0,98.0,70.0,2.0,57.0,4.0,46.0,6.0,5.0,97.0,23.0,103.0,23.0,5.0,61.0,101.0,0.0,7.0,8.0,35.0,224.0,1.0,9.0,34.0,147.0,0.0,92.0,0.0,90.0,56.0,49.0,64.0,15.0,39.0,19.0,18.0,118.0,0.0,62.0,109.0,64.0,1.0,26.0,26.0,89.0,0.0,16.0,78.0,0.0,71.0,0.0,17.0,40.0,9.0,74.0,28.0,37.0,26.0,35.0,67.0,53.0,0.0,36.0,4.0,0.0,40.0,0.0,15.0,7.0,53.0,1.0,3.0,11.0,14.0,1.0,6.0
24,196195734.0,44.0,11.0,10.0,20.0,37.0,68.0,4.0,61.0,67.0,115.0,121.0,3.0,97.0,0.0,98.0,129.0,265.0,11.0,17.0,0.0,37.0,74.0,78.0,0.0,11.0,18.0,0.0,49.0,11.0,60.0,18.0,10.0,17.0,63.0,3.0,22.0,31.0,33.0,244.0,2.0,38.0,24.0,26.0,35.0,25.0,58.0,13.0,23.0,40.0,8.0,38.0,78.0,163.0,32.0,12.0,9.0,18.0,121.0,75.0,118.0,30.0,2.0,167.0,24.0,205.0,156.0,3.0,95.0,6.0,30.0,6.0,14.0,149.0,16.0,256.0,37.0,3.0,164.0,158.0,0.0,6.0,30.0,27.0,272.0,9.0,4.0,51.0,328.0,0.0,92.0,0.0,75.0,23.0,54.0,41.0,15.0,22.0,26.0,8.0,89.0,0.0,102.0,48.0,102.0,3.0,27.0,28.0,59.0,0.0,20.0,136.0,0.0,108.0,2.0,30.0,75.0,16.0,125.0,50.0,60.0,30.0,19.0,110.0,77.0,0.0,84.0,9.0,3.0,29.0,0.0,18.0,11.0,85.0,3.0,5.0,12.0,24.0,1.0,19.0
25,202571420.0,12.0,50.0,2.0,2.0,9.0,20.0,4.0,17.0,29.0,5.0,133.0,9.0,52.0,0.0,29.0,60.0,83.0,1.0,88.0,0.0,64.0,163.0,27.0,11.0,0.0,26.0,0.0,19.0,20.0,48.0,49.0,1.0,0.0,11.0,40.0,62.0,17.0,26.0,138.0,44.0,26.0,21.0,6.0,34.0,7.0,13.0,5.0,4.0,9.0,0.0,7.0,15.0,36.0,6.0,5.0,2.0,96.0,52.0,56.0,109.0,48.0,1.0,190.0,3.0,28.0,78.0,28.0,100.0,0.0,5.0,9.0,37.0,183.0,67.0,41.0,2.0,31.0,47.0,45.0,0.0,50.0,4.0,14.0,52.0,0.0,40.0,58.0,60.0,0.0,30.0,0.0,24.0,28.0,5.0,13.0,29.0,4.0,11.0,7.0,47.0,0.0,111.0,16.0,50.0,1.0,7.0,44.0,14.0,0.0,4.0,142.0,0.0,181.0,29.0,24.0,49.0,18.0,99.0,85.0,69.0,12.0,2.0,31.0,9.0,0.0,84.0,2.0,0.0,13.0,1.0,11.0,17.0,20.0,0.0,8.0,12.0,32.0,57.0,45.0
26,2150974058.0,12.0,21.0,2.0,5.0,10.0,15.0,1.0,14.0,13.0,9.0,50.0,8.0,43.0,0.0,26.0,53.0,56.0,1.0,27.0,0.0,24.0,40.0,14.0,18.0,26.0,0.0,0.0,7.0,14.0,36.0,20.0,2.0,1.0,12.0,16.0,31.0,4.0,21.0,67.0,19.0,7.0,28.0,5.0,24.0,5.0,18.0,1.0,4.0,14.0,0.0,7.0,10.0,33.0,4.0,3.0,3.0,29.0,32.0,27.0,53.0,26.0,2.0,66.0,4.0,29.0,51.0,10.0,49.0,0.0,2.0,8.0,16.0,65.0,24.0,41.0,3.0,10.0,34.0,40.0,0.0,17.0,8.0,7.0,54.0,1.0,2.0,34.0,57.0,0.0,23.0,0.0,20.0,8.0,4.0,9.0,20.0,1.0,11.0,2.0,30.0,0.0,51.0,10.0,47.0,1.0,7.0,34.0,11.0,0.0,6.0,64.0,0.0,53.0,10.0,24.0,33.0,17.0,57.0,32.0,43.0,7.0,1.0,31.0,15.0,0.0,34.0,4.0,1.0,8.0,1.0,7.0,14.0,21.0,0.0,2.0,9.0,20.0,14.0,20.0
27,22052895.0,0.0,0.0,0.0,0.0,0.0,0.0,0.0,0.0,0.0,0.0,0.0,0.0,0.0,0.0,0.0,0.0,0.0,0.0,0.0,0.0,0.0,0.0,0.0,0.0,0.0,0.0,0.0,0.0,0.0,0.0,0.0,0.0,0.0,0.0,0.0,0.0,0.0,0.0,0.0,0.0,0.0,0.0,0.0,0.0,0.0,0.0,0.0,0.0,0.0,0.0,0.0,0.0,0.0,0.0,0.0,0.0,0.0,0.0,0.0,0.0,0.0,0.0,0.0,0.0,0.0,0.0,0.0,0.0,0.0,0.0,0.0,0.0,0.0,0.0,0.0,0.0,0.0,0.0,0.0,0.0,0.0,0.0,0.0,0.0,0.0,0.0,0.0,0.0,0.0,0.0,0.0,0.0,0.0,0.0,0.0,0.0,0.0,0.0,0.0,0.0,0.0,0.0,0.0,0.0,0.0,0.0,0.0,0.0,0.0,0.0,0.0,0.0,0.0,0.0,0.0,0.0,0.0,0.0,0.0,0.0,0.0,0.0,0.0,0.0,0.0,0.0,0.0,0.0,0.0,0.0,0.0,0.0,0.0,0.0,0.0,0.0,0.0,0.0,0.0
28,2218834058.0,46.0,8.0,2.0,2.0,51.0,42.0,4.0,63.0,101.0,4.0,31.0,2.0,26.0,0.0,112.0,157.0,40.0,0.0,10.0,0.0,12.0,39.0,83.0,49.0,19.0,7.0,0.0,0.0,3.0,21.0,14.0,13.0,17.0,62.0,2.0,17.0,67.0,16.0,39.0,8.0,63.0,6.0,23.0,9.0,36.0,64.0,21.0,31.0,24.0,9.0,32.0,57.0,190.0,2.0,75.0,7.0,13.0,120.0,130.0,30.0,3.0,0.0,45.0,0.0,49.0,20.0,2.0,24.0,7.0,65.0,4.0,1.0,60.0,9.0,39.0,19.0,3.0,26.0,79.0,0.0,4.0,2.0,40.0,188.0,0.0,4.0,24.0,69.0,0.0,67.0,0.0,90.0,31.0,56.0,94.0,9.0,39.0,12.0,15.0,86.0,0.0,46.0,87.0,28.0,2.0,36.0,27.0,123.0,0.0,11.0,33.0,0.0,36.0,2.0,7.0,20.0,8.0,33.0,31.0,18.0,45.0,47.0,20.0,54.0,0.0,23.0,3.0,0.0,36.0,0.0,10.0,7.0,45.0,1.0,0.0,3.0,10.0,2.0,10.0
29,2325208218.0,7.0,9.0,0.0,3.0,3.0,10.0,0.0,10.0,5.0,1.0,32.0,6.0,27.0,0.0,10.0,27.0,39.0,1.0,32.0,0.0,31.0,30.0,4.0,11.0,20.0,14.0,0.0,3.0,0.0,30.0,19.0,0.0,1.0,7.0,11.0,22.0,0.0,13.0,51.0,22.0,3.0,15.0,3.0,23.0,6.0,11.0,0.0,1.0,7.0,0.0,6.0,14.0,23.0,4.0,0.0,0.0,21.0,18.0,6.0,39.0,23.0,1.0,51.0,3.0,17.0,37.0,10.0,32.0,0.0,3.0,3.0,19.0,51.0,12.0,28.0,0.0,13.0,26.0,22.0,0.0,23.0,1.0,3.0,28.0,0.0,5.0,30.0,30.0,0.0,10.0,0.0,14.0,6.0,5.0,8.0,13.0,1.0,8.0,1.0,16.0,0.0,33.0,7.0,35.0,1.0,6.0,21.0,2.0,0.0,1.0,39.0,0.0,40.0,8.0,14.0,26.0,15.0,39.0,41.0,36.0,4.0,1.0,23.0,10.0,0.0,30.0,4.0,0.0,4.0,1.0,4.0,18.0,16.0,1.0,3.0,8.0,17.0,10.0,20.0
30,2385434784.0,38.0,26.0,4.0,10.0,21.0,50.0,4.0,41.0,35.0,14.0,144.0,10.0,108.0,0.0,81.0,129.0,153.0,1.0,60.0,0.0,53.0,117.0,36.0,60.0,48.0,36.0,0.0,21.0,30.0,0.0,39.0,3.0,6.0,33.0,19.0,48.0,14.0,58.0,171.0,25.0,18.0,46.0,19.0,57.0,18.0,61.0,4.0,19.0,32.0,2.0,22.0,55.0,104.0,18.0,10.0,3.0,57.0,103.0,51.0,155.0,42.0,3.0,163.0,7.0,97.0,132.0,13.0,124.0,2.0,9.0,12.0,20.0,171.0,29.0,131.0,12.0,27.0,125.0,126.0,0.0,33.0,13.0,17.0,136.0,1.0,9.0,96.0,163.0,0.0,74.0,0.0,80.0,22.0,23.0,23.0,38.0,8.0,36.0,6.0,72.0,0.0,110.0,37.0,106.0,4.0,20.0,37.0,26.0,0.0,19.0,148.0,0.0,137.0,11.0,43.0,89.0,36.0,132.0,70.0,102.0,31.0,4.0,110.0,32.0,0.0,107.0,12.0,1.0,28.0,1.0,27.0,25.0,94.0,0.0,8.0,16.0,54.0,13.0,37.0
31,2507816448.0,11.0,21.0,2.0,5.0,11.0,17.0,2.0,17.0,19.0,4.0,65.0,8.0,43.0,0.0,21.0,47.0,47.0,0.0,49.0,0.0,32.0,70.0,17.0,18.0,49.0,20.0,0.0,14.0,19.0,39.0,0.0,3.0,1.0,13.0,21.0,35.0,9.0,23.0,73.0,25.0,15.0,24.0,6.0,30.0,8.0,18.0,2.0,8.0,12.0,1.0,8.0,15.0,31.0,5.0,6.0,4.0,41.0,35.0,24.0,61.0,31.0,1.0,76.0,3.0,31.0,47.0,13.0,61.0,1.0,9.0,7.0,15.0,80.0,34.0,37.0,3.0,21.0,38.0,32.0,0.0,28.0,5.0,7.0,45.0,1.0,8.0,46.0,46.0,0.0,21.0,0.0,28.0,15.0,11.0,14.0,21.0,2.0,13.0,6.0,33.0,0.0,58.0,15.0,42.0,2.0,12.0,25.0,10.0,0.0,5.0,70.0,0.0,75.0,12.0,25.0,38.0,15.0,60.0,44.0,48.0,11.0,2.0,33.0,16.0,0.0,50.0,8.0,0.0,12.0,1.0,11.0,20.0,24.0,0.0,5.0,12.0,30.0,22.0,33.0
32,2529779670.0,4.0,2.0,1.0,1.0,10.0,7.0,1.0,11.0,20.0,0.0,4.0,0.0,4.0,0.0,10.0,9.0,4.0,0.0,0.0,0.0,2.0,4.0,14.0,10.0,1.0,2.0,0.0,13.0,0.0,3.0,3.0,0.0,7.0,11.0,1.0,2.0,13.0,3.0,4.0,0.0,12.0,1.0,5.0,0.0,7.0,11.0,4.0,8.0,9.0,7.0,6.0,10.0,18.0,1.0,6.0,3.0,1.0,12.0,18.0,3.0,0.0,0.0,4.0,0.0,9.0,1.0,0.0,1.0,6.0,19.0,3.0,0.0,4.0,4.0,8.0,4.0,0.0,3.0,8.0,0.0,0.0,0.0,9.0,22.0,0.0,0.0,3.0,8.0,0.0,7.0,0.0,9.0,4.0,10.0,14.0,2.0,7.0,0.0,3.0,13.0,0.0,4.0,18.0,4.0,0.0,5.0,3.0,14.0,0.0,2.0,6.0,0.0,3.0,0.0,3.0,4.0,0.0,3.0,2.0,1.0,4.0,10.0,3.0,12.0,0.0,0.0,0.0,0.0,10.0,0.0,2.0,0.0,7.0,0.0,0.0,1.0,1.0,0.0,1.0
33,2594788350.0,11.0,0.0,0.0,1.0,13.0,11.0,0.0,15.0,20.0,1.0,5.0,1.0,6.0,0.0,18.0,10.0,9.0,0.0,2.0,0.0,3.0,8.0,13.0,17.0,0.0,1.0,0.0,17.0,1.0,6.0,1.0,7.0,0.0,20.0,0.0,3.0,16.0,5.0,5.0,0.0,12.0,0.0,12.0,0.0,8.0,22.0,11.0,10.0,11.0,6.0,12.0,21.0,26.0,1.0,8.0,6.0,2.0,25.0,19.0,6.0,0.0,0.0,5.0,0.0,16.0,2.0,0.0,3.0,5.0,10.0,3.0,1.0,9.0,0.0,13.0,7.0,0.0,5.0,12.0,0.0,0.0,1.0,14.0,25.0,0.0,2.0,5.0,13.0,0.0,12.0,0.0,16.0,5.0,15.0,18.0,2.0,11.0,1.0,5.0,19.0,0.0,4.0,14.0,6.0,1.0,8.0,4.0,18.0,0.0,5.0,5.0,0.0,7.0,0.0,2.0,6.0,2.0,3.0,3.0,3.0,10.0,14.0,5.0,19.0,0.0,3.0,1.0,0.0,10.0,0.0,2.0,0.0,12.0,0.0,1.0,0.0,2.0,0.0,3.0
34,2685147625.0,42.0,11.0,7.0,3.0,54.0,50.0,1.0,47.0,76.0,8.0,35.0,8.0,49.0,0.0,79.0,80.0,70.0,1.0,15.0,0.0,24.0,44.0,57.0,63.0,11.0,12.0,0.0,62.0,7.0,33.0,13.0,11.0,20.0,0.0,1.0,11.0,49.0,29.0,58.0,3.0,38.0,12.0,37.0,14.0,34.0,61.0,15.0,32.0,43.0,10.0,30.0,62.0,126.0,11.0,27.0,6.0,14.0,98.0,80.0,42.0,9.0,0.0,65.0,3.0,64.0,34.0,4.0,40.0,7.0,47.0,5.0,5.0,62.0,12.0,77.0,12.0,2.0,52.0,85.0,0.0,7.0,9.0,33.0,150.0,0.0,4.0,27.0,96.0,0.0,57.0,0.0,58.0,17.0,71.0,57.0,12.0,31.0,15.0,8.0,81.0,0.0,40.0,79.0,55.0,1.0,26.0,25.0,77.0,0.0,18.0,54.0,0.0,51.0,0.0,16.0,37.0,9.0,50.0,32.0,32.0,34.0,29.0,47.0,66.0,0.0,30.0,1.0,1.0,26.0,0.0,18.0,5.0,50.0,1.0,2.0,11.0,16.0,1.0,9.0
35,2715396797.0,3.0,22.0,1.0,3.0,1.0,5.0,3.0,6.0,6.0,1.0,45.0,7.0,30.0,0.0,12.0,27.0,50.0,0.0,56.0,0.0,24.0,53.0,3.0,3.0,40.0,16.0,0.0,2.0,11.0,19.0,21.0,1.0,0.0,1.0,0.0,28.0,1.0,15.0,67.0,29.0,4.0,13.0,0.0,11.0,1.0,6.0,1.0,1.0,6.0,0.0,1.0,4.0,15.0,1.0,0.0,0.0,48.0,21.0,21.0,59.0,34.0,0.0,91.0,1.0,12.0,56.0,17.0,40.0,0.0,1.0,4.0,35.0,82.0,39.0,14.0,1.0,15.0,29.0,20.0,0.0,37.0,0.0,5.0,14.0,0.0,16.0,33.0,23.0,0.0,11.0,0.0,7.0,10.0,2.0,5.0,24.0,0.0,3.0,1.0,12.0,0.0,55.0,4.0,32.0,0.0,4.0,34.0,2.0,0.0,2.0,70.0,0.0,69.0,29.0,8.0,32.0,10.0,59.0,60.0,64.0,7.0,0.0,17.0,5.0,0.0,43.0,1.0,0.0,4.0,1.0,3.0,20.0,6.0,0.0,4.0,8.0,22.0,29.0,39.0
36,2766102815.0,15.0,41.0,3.0,1.0,8.0,18.0,2.0,19.0,13.0,2.0,94.0,11.0,55.0,0.0,19.0,53.0,92.0,0.0,55.0,0.0,49.0,83.0,12.0,22.0,62.0,31.0,0.0,17.0,22.0,48.0,35.0,2.0,3.0,11.0,28.0,0.0,7.0,30.0,108.0,40.0,8.0,28.0,4.0,34.0,5.0,22.0,1.0,8.0,9.0,0.0,8.0,17.0,42.0,6.0,5.0,2.0,94.0,45.0,27.0,78.0,38.0,1.0,124.0,2.0,34.0,73.0,30.0,69.0,0.0,4.0,9.0,36.0,107.0,36.0,43.0,4.0,18.0,54.0,45.0,0.0,38.0,4.0,7.0,53.0,0.0,25.0,50.0,53.0,0.0,28.0,0.0,29.0,15.0,10.0,9.0,36.0,3.0,15.0,6.0,39.0,0.0,90.0,17.0,61.0,1.0,9.0,49.0,11.0,0.0,7.0,109.0,0.0,99.0,30.0,26.0,58.0,22.0,82.0,92.0,73.0,9.0,1.0,49.0,14.0,0.0,59.0,5.0,1.0,9.0,1.0,10.0,20.0,30.0,2.0,6.0,11.0,32.0,53.0,39.0
37,2819935525.0,28.0,9.0,2.0,1.0,48.0,32.0,1.0,48.0,115.0,8.0,17.0,0.0,19.0,0.0,88.0,55.0,26.0,1.0,6.0,0.0,5.0,26.0,85.0,31.0,17.0,4.0,0.0,67.0,0.0,14.0,9.0,13.0,16.0,49.0,1.0,7.0,0.0,10.0,26.0,2.0,62.0,2.0,21.0,4.0,25.0,41.0,14.0,26.0,26.0,10.0,29.0,47.0,110.0,4.0,28.0,7.0,8.0,91.0,111.0,16.0,0.0,0.0,31.0,0.0,34.0,12.0,4.0,18.0,5.0,47.0,3.0,2.0,42.0,10.0,33.0,13.0,2.0,20.0,48.0,0.0,6.0,4.0,34.0,147.0,0.0,6.0,11.0,48.0,0.0,51.0,0.0,72.0,39.0,38.0,55.0,5.0,26.0,7.0,10.0,70.0,0.0,21.0,74.0,18.0,0.0,14.0,9.0,85.0,0.0,8.0,26.0,0.0,28.0,0.0,6.0,13.0,0.0,17.0,11.0,8.0,25.0,29.0,17.0,44.0,0.0,11.0,1.0,0.0,40.0,0.0,11.0,3.0,28.0,0.0,0.0,3.0,7.0,1.0,2.0
38,2834367054.0,19.0,21.0,5.0,7.0,19.0,19.0,1.0,24.0,24.0,6.0,72.0,14.0,76.0,0.0,39.0,76.0,88.0,0.0,35.0,0.0,38.0,61.0,26.0,33.0,26.0,21.0,0.0,16.0,13.0,58.0,23.0,3.0,5.0,29.0,15.0,30.0,10.0,0.0,80.0,20.0,8.0,30.0,11.0,24.0,8.0,35.0,5.0,13.0,20.0,2.0,15.0,24.0,56.0,6.0,6.0,3.0,37.0,44.0,20.0,75.0,32.0,0.0,75.0,6.0,44.0,60.0,12.0,65.0,2.0,3.0,13.0,18.0,82.0,22.0,74.0,11.0,8.0,72.0,66.0,0.0,19.0,8.0,8.0,72.0,0.0,9.0,51.0,73.0,0.0,43.0,0.0,46.0,13.0,21.0,15.0,33.0,9.0,23.0,5.0,39.0,0.0,65.0,30.0,74.0,4.0,16.0,32.0,11.0,0.0,21.0,70.0,0.0,69.0,11.0,32.0,56.0,26.0,76.0,48.0,61.0,18.0,4.0,67.0,24.0,0.0,50.0,8.0,1.0,12.0,1.0,21.0,20.0,48.0,1.0,7.0,17.0,23.0,12.0,23.0
39,2842442970.0,61.0,78.0,19.0,21.0,34.0,104.0,16.0,75.0,78.0,109.0,412.0,19.0,259.0,0.0,186.0,302.0,653.0,9.0,184.0,0.0,138.0,290.0,90.0,244.0,138.0,67.0,0.0,39.0,51.0,171.0,73.0,4.0,5.0,58.0,67.0,108.0,26.0,80.0,0.0,72.0,41.0,79.0,25.0,107.0,29.0,86.0,7.0,23.0,50.0,1.0,31.0,106.0,227.0,50.0,11.0,12.0,181.0,223.0,114.0,393.0,110.0,11.0,696.0,23.0,280.0,441.0,53.0,284.0,1.0,33.0,16.0,102.0,558.0,97.0,466.0,22.0,37.0,330.0,348.0,0.0,80.0,47.0,31.0,460.0,9.0,50.0,200.0,667.0,0.0,142.0,0.0,122.0,38.0,43.0,33.0,62.0,9.0,47.0,12.0,137.0,1.0,370.0,62.0,269.0,7.0,34.0,110.0,49.0,0.0,24.0,489.0,0.0,434.0,70.0,78.0,195.0,43.0,382.0,246.0,278.0,38.0,4.0,258.0,100.0,0.0,270.0,26.0,5.0,31.0,1.0,46.0,61.0,158.0,5.0,20.0,28.0,81.0,73.0,98.0
40,2862889645.0,4.0,26.0,0.0,2.0,0.0,6.0,0.0,7.0,4.0,0.0,49.0,6.0,36.0,0.0,9.0,21.0,60.0,0.0,49.0,0.0,29.0,46.0,4.0,2.0,44.0,19.0,0.0,8.0,22.0,25.0,25.0,0.0,0.0,3.0,29.0,40.0,2.0,20.0,72.0,0.0,0.0,17.0,0.0,26.0,5.0,9.0,0.0,3.0,6.0,0.0,1.0,5.0,13.0,2.0,1.0,0.0,55.0,15.0,10.0,57.0,31.0,0.0,69.0,1.0,11.0,42.0,27.0,39.0,0.0,2.0,4.0,41.0,71.0,29.0,14.0,1.0,16.0,27.0,14.0,0.0,35.0,0.0,4.0,13.0,0.0,13.0,36.0,16.0,0.0,10.0,0.0,10.0,6.0,2.0,8.0,21.0,0.0,7.0,1.0,10.0,0.0,64.0,6.0,39.0,1.0,3.0,43.0,4.0,0.0,1.0,58.0,0.0,57.0,28.0,16.0,40.0,15.0,52.0,68.0,59.0,6.0,1.0,22.0,6.0,0.0,39.0,3.0,0.0,5.0,1.0,4.0,21.0,11.0,1.0,7.0,8.0,20.0,27.0,29.0
41,2898655952.0,26.0,13.0,6.0,1.0,44.0,32.0,8.0,51.0,100.0,10.0,25.0,0.0,23.0,0.0,83.0,76.0,49.0,2.0,9.0,0.0,10.0,38.0,81.0,38.0,26.0,7.0,0.0,63.0,3.0,18.0,15.0,12.0,12.0,38.0,4.0,8.0,62.0,8.0,41.0,0.0,0.0,1.0,15.0,4.0,32.0,35.0,18.0,15.0,24.0,9.0,30.0,46.0,97.0,8.0,23.0,16.0,7.0,98.0,129.0,27.0,9.0,5.0,65.0,1.0,48.0,23.0,4.0,35.0,5.0,36.0,4.0,8.0,90.0,21.0,56.0,9.0,5.0,18.0,66.0,0.0,2.0,4.0,36.0,157.0,4.0,6.0,14.0,104.0,0.0,59.0,0.0,64.0,47.0,37.0,44.0,12.0,30.0,12.0,10.0,90.0,0.0,36.0,56.0,33.0,0.0,17.0,13.0,78.0,0.0,9.0,44.0,0.0,52.0,0.0,2.0,14.0,2.0,33.0,14.0,27.0,17.0,28.0,18.0,51.0,0.0,16.0,5.0,0.0,34.0,0.0,7.0,5.0,29.0,1.0,0.0,3.0,7.0,1.0,4.0
42,2912563656.0,13.0,13.0,1.0,4.0,5.0,18.0,1.0,20.0,14.0,1.0,63.0,7.0,50.0,0.0,30.0,58.0,68.0,0.0,38.0,0.0,30.0,55.0,12.0,24.0,21.0,28.0,0.0,6.0,15.0,46.0,24.0,1.0,0.0,12.0,13.0,28.0,2.0,30.0,79.0,17.0,1.0,0.0,2.0,35.0,5.0,23.0,1.0,7.0,12.0,0.0,9.0,18.0,43.0,5.0,1.0,0.0,27.0,52.0,24.0,61.0,33.0,0.0,75.0,5.0,42.0,61.0,10.0,58.0,0.0,3.0,7.0,9.0,69.0,12.0,55.0,3.0,13.0,60.0,62.0,0.0,20.0,2.0,7.0,56.0,0.0,3.0,53.0,70.0,0.0,28.0,0.0,36.0,6.0,7.0,11.0,27.0,0.0,14.0,1.0,29.0,0.0,54.0,14.0,60.0,1.0,8.0,24.0,2.0,0.0,6.0,72.0,0.0,59.0,6.0,24.0,45.0,25.0,70.0,34.0,59.0,12.0,1.0,49.0,13.0,0.0,53.0,5.0,0.0,11.0,1.0,14.0,19.0,39.0,0.0,5.0,10.0,36.0,10.0,26.0
43,2919412724.0,20.0,6.0,2.0,3.0,21.0,28.0,0.0,24.0,36.0,10.0,16.0,1.0,22.0,0.0,35.0,31.0,36.0,2.0,7.0,0.0,7.0,21.0,20.0,26.0,6.0,5.0,0.0,23.0,3.0,19.0,6.0,5.0,12.0,37.0,0.0,4.0,21.0,11.0,25.0,0.0,15.0,2.0,0.0,5.0,9.0,30.0,10.0,14.0,21.0,5.0,11.0,29.0,46.0,7.0,8.0,4.0,4.0,38.0,31.0,17.0,4.0,1.0,26.0,3.0,31.0,15.0,3.0,15.0,5.0,17.0,3.0,4.0,30.0,6.0,40.0,7.0,1.0,24.0,31.0,0.0,2.0,9.0,16.0,62.0,1.0,1.0,8.0,41.0,0.0,18.0,0.0,31.0,10.0,31.0,21.0,6.0,11.0,8.0,5.0,29.0,0.0,13.0,26.0,24.0,0.0,14.0,8.0,33.0,0.0,7.0,17.0,0.0,22.0,0.0,9.0,16.0,1.0,17.0,12.0,14.0,18.0,12.0,17.0,28.0,0.0,11.0,0.0,1.0,12.0,0.0,12.0,5.0,25.0,0.0,1.0,2.0,4.0,0.0,5.0
44,2941076594.0,16.0,20.0,1.0,8.0,6.0,32.0,2.0,21.0,12.0,9.0,86.0,10.0,62.0,0.0,33.0,64.0,96.0,0.0,63.0,0.0,46.0,74.0,10.0,35.0,34.0,24.0,0.0,9.0,23.0,57.0,30.0,0.0,0.0,14.0,11.0,34.0,4.0,24.0,107.0,26.0,4.0,35.0,5.0,0.0,8.0,26.0,1.0,10.0,9.0,0.0,12.0,30.0,46.0,9.0,3.0,0.0,37.0,56.0,22.0,94.0,24.0,1.0,117.0,7.0,58.0,74.0,16.0,69.0,0.0,8.0,8.0,23.0,101.0,15.0,70.0,5.0,13.0,76.0,65.0,0.0,26.0,4.0,7.0,69.0,0.0,11.0,58.0,81.0,0.0,40.0,0.0,45.0,8.0,10.0,15.0,18.0,2.0,19.0,1.0,28.0,0.0,70.0,13.0,58.0,0.0,11.0,31.0,7.0,0.0,6.0,88.0,0.0,86.0,24.0,23.0,62.0,22.0,77.0,60.0,61.0,16.0,1.0,53.0,16.0,0.0,75.0,7.0,1.0,17.0,1.0,14.0,25.0,55.0,0.0,11.0,11.0,31.0,19.0,31.0
45,2954907308.0,24.0,4.0,0.0,1.0,17.0,27.0,3.0,30.0,38.0,2.0,27.0,1.0,23.0,0.0,34.0,45.0,30.0,0.0,8.0,0.0,11.0,27.0,30.0,25.0,7.0,5.0,0.0,36.0,6.0,18.0,8.0,7.0,8.0,34.0,1.0,5.0,25.0,8.0,29.0,5.0,32.0,5.0,9.0,8.0,0.0,25.0,10.0,19.0,12.0,7.0,15.0,27.0,56.0,2.0,20.0,7.0,4.0,49.0,50.0,23.0,5.0,0.0,33.0,0.0,29.0,26.0,2.0,16.0,6.0,24.0,3.0,1.0,46.0,5.0,29.0,8.0,4.0,21.0,41.0,0.0,4.0,2.0,21.0,76.0,0.0,1.0,20.0,40.0,0.0,26.0,0.0,28.0,15.0,31.0,26.0,3.0,17.0,11.0,6.0,50.0,0.0,23.0,24.0,22.0,2.0,15.0,9.0,42.0,0.0,11.0,27.0,0.0,29.0,0.0,7.0,16.0,3.0,23.0,9.0,17.0,21.0,10.0,13.0,21.0,0.0,15.0,2.0,1.0,19.0,0.0,6.0,2.0,31.0,1.0,1.0,2.0,7.0,0.0,9.0
46,2955251099.0,40.0,11.0,4.0,7.0,45.0,51.0,4.0,53.0,83.0,10.0,67.0,4.0,64.0,0.0,83.0,108.0,89.0,3.0,24.0,0.0,32.0,61.0,61.0,58.0,13.0,18.0,0.0,64.0,11.0,61.0,18.0,11.0,22.0,61.0,6.0,22.0,41.0,35.0,86.0,9.0,35.0,23.0,30.0,26.0,25.0,0.0,15.0,30.0,38.0,8.0,28.0,63.0,126.0,10.0,30.0,9.0,21.0,111.0,72.0,67.0,12.0,3.0,87.0,5.0,76.0,61.0,4.0,61.0,5.0,41.0,10.0,6.0,90.0,11.0,88.0,19.0,6.0,65.0,91.0,0.0,10.0,11.0,34.0,157.0,1.0,4.0,49.0,112.0,0.0,59.0,0.0,74.0,22.0,48.0,48.0,20.0,28.0,28.0,7.0,91.0,0.0,70.0,66.0,70.0,3.0,35.0,23.0,84.0,0.0,17.0,75.0,0.0,68.0,1.0,22.0,48.0,20.0,71.0,33.0,55.0,42.0,34.0,61.0,64.0,0.0,52.0,6.0,0.0,31.0,1.0,21.0,13.0,68.0,0.0,7.0,10.0,24.0,2.0,14.0
47,2955690313.0,13.0,0.0,0.0,2.0,11.0,11.0,0.0,21.0,20.0,1.0,6.0,0.0,5.0,0.0,17.0,17.0,9.0,0.0,1.0,0.0,4.0,9.0,16.0,13.0,5.0,1.0,0.0,21.0,0.0,4.0,2.0,4.0,11.0,15.0,1.0,1.0,14.0,5.0,7.0,0.0,18.0,1.0,10.0,1.0,10.0,15.0,0.0,9.0,10.0,4.0,9.0,14.0,27.0,1.0,13.0,5.0,0.0,27.0,26.0,6.0,0.0,0.0,6.0,0.0,14.0,1.0,1.0,5.0,5.0,15.0,1.0,1.0,13.0,0.0,12.0,6.0,0.0,5.0,13.0,0.0,0.0,1.0,15.0,33.0,0.0,1.0,5.0,11.0,0.0,10.0,0.0,17.0,7.0,14.0,13.0,0.0,7.0,1.0,5.0,26.0,0.0,6.0,15.0,5.0,0.0,9.0,4.0,25.0,0.0,4.0,5.0,0.0,8.0,0.0,2.0,4.0,1.0,3.0,1.0,2.0,12.0,8.0,3.0,10.0,0.0,3.0,0.0,0.0,10.0,0.0,3.0,1.0,10.0,0.0,0.0,1.0,1.0,1.0,3.0
48,2955832574.0,22.0,0.0,0.0,1.0,24.0,23.0,2.0,27.0,29.0,2.0,21.0,1.0,21.0,0.0,31.0,33.0,30.0,0.0,8.0,0.0,9.0,23.0,28.0,23.0,4.0,4.0,0.0,31.0,1.0,19.0,8.0,8.0,10.0,32.0,1.0,8.0,26.0,13.0,23.0,3.0,15.0,7.0,14.0,10.0,19.0,30.0,9.0,0.0,16.0,7.0,20.0,27.0,45.0,2.0,21.0,5.0,7.0,41.0,35.0,21.0,2.0,0.0,24.0,2.0,31.0,14.0,2.0,17.0,6.0,20.0,3.0,1.0,30.0,2.0,29.0,11.0,2.0,21.0,32.0,0.0,3.0,2.0,21.0,51.0,0.0,1.0,18.0,36.0,0.0,26.0,0.0,30.0,14.0,29.0,25.0,5.0,12.0,10.0,4.0,36.0,0.0,17.0,32.0,21.0,3.0,18.0,9.0,31.0,0.0,9.0,23.0,0.0,23.0,0.0,7.0,19.0,5.0,22.0,9.0,12.0,22.0,18.0,21.0,26.0,0.0,18.0,3.0,1.0,21.0,0.0,10.0,5.0,27.0,1.0,3.0,0.0,11.0,0.0,4.0
49,2955941941.0,23.0,12.0,4.0,10.0,32.0,32.0,0.0,34.0,46.0,13.0,33.0,3.0,37.0,0.0,53.0,50.0,62.0,3.0,17.0,0.0,12.0,29.0,30.0,40.0,9.0,14.0,0.0,24.0,7.0,32.0,12.0,9.0,11.0,43.0,6.0,9.0,26.0,20.0,50.0,6.0,24.0,12.0,21.0,9.0,12.0,38.0,10.0,16.0,0.0,7.0,16.0,45.0,60.0,14.0,11.0,4.0,18.0,50.0,40.0,36.0,13.0,3.0,61.0,6.0,51.0,28.0,6.0,34.0,4.0,24.0,5.0,9.0,60.0,11.0,61.0,13.0,6.0,35.0,38.0,0.0,6.0,10.0,27.0,93.0,4.0,3.0,27.0,80.0,0.0,40.0,0.0,33.0,17.0,35.0,26.0,14.0,14.0,10.0,6.0,48.0,0.0,31.0,38.0,48.0,0.0,16.0,16.0,34.0,0.0,6.0,52.0,0.0,39.0,3.0,14.0,29.0,10.0,47.0,16.0,40.0,19.0,14.0,36.0,45.0,0.0,28.0,6.0,2.0,15.0,1.0,12.0,8.0,35.0,0.0,2.0,7.0,9.0,4.0,4.0
50,2982013375.0,4.0,0.0,0.0,1.0,8.0,6.0,0.0,8.0,11.0,0.0,1.0,0.0,2.0,0.0,8.0,5.0,3.0,0.0,0.0,0.0,0.0,3.0,8.0,8.0,0.0,0.0,0.0,9.0,0.0,2.0,1.0,7.0,6.0,10.0,0.0,0.0,10.0,2.0,1.0,0.0,9.0,0.0,5.0,0.0,7.0,8.0,4.0,7.0,7.0,0.0,5.0,9.0,11.0,0.0,5.0,3.0,0.0,10.0,10.0,1.0,0.0,0.0,1.0,0.0,8.0,0.0,0.0,0.0,4.0,6.0,1.0,0.0,3.0,0.0,5.0,4.0,0.0,1.0,5.0,0.0,0.0,0.0,10.0,11.0,0.0,0.0,1.0,8.0,0.0,7.0,0.0,6.0,3.0,10.0,8.0,0.0,8.0,0.0,3.0,9.0,0.0,1.0,9.0,1.0,0.0,5.0,1.0,11.0,0.0,2.0,1.0,0.0,1.0,0.0,0.0,2.0,0.0,0.0,1.0,0.0,3.0,10.0,1.0,9.0,0.0,0.0,0.0,0.0,6.0,0.0,1.0,0.0,7.0,0.0,0.0,0.0,0.0,0.0,0.0
51,2995350464.0,30.0,0.0,0.0,1.0,24.0,33.0,3.0,27.0,39.0,1.0,29.0,2.0,22.0,0.0,63.0,49.0,40.0,0.0,8.0,0.0,13.0,27.0,36.0,38.0,7.0,7.0,0.0,32.0,6.0,22.0,8.0,6.0,12.0,30.0,1.0,8.0,29.0,15.0,31.0,1.0,30.0,9.0,11.0,12.0,15.0,28.0,9.0,20.0,16.0,5.0,0.0,45.0,74.0,5.0,13.0,6.0,6.0,66.0,61.0,24.0,5.0,1.0,39.0,2.0,34.0,21.0,0.0,21.0,4.0,17.0,1.0,1.0,48.0,3.0,36.0,11.0,2.0,25.0,50.0,0.0,5.0,1.0,16.0,85.0,0.0,1.0,22.0,49.0,0.0,49.0,0.0,49.0,15.0,26.0,39.0,3.0,18.0,7.0,4.0,49.0,0.0,29.0,41.0,24.0,2.0,18.0,5.0,46.0,0.0,9.0,31.0,0.0,26.0,0.0,10.0,18.0,7.0,27.0,11.0,18.0,22.0,17.0,25.0,29.0,0.0,24.0,6.0,0.0,23.0,0.0,8.0,6.0,35.0,0.0,5.0,3.0,15.0,0.0,7.0
52,302474902.0,48.0,7.0,2.0,12.0,37.0,70.0,7.0,55.0,74.0,21.0,69.0,1.0,58.0,0.0,99.0,97.0,125.0,4.0,26.0,0.0,25.0,66.0,46.0,78.0,15.0,10.0,0.0,57.0,14.0,55.0,15.0,10.0,21.0,62.0,4.0,17.0,47.0,24.0,106.0,5.0,46.0,18.0,29.0,30.0,27.0,63.0,14.0,27.0,45.0,9.0,45.0,0.0,129.0,17.0,13.0,10.0,16.0,117.0,84.0,73.0,15.0,5.0,106.0,12.0,113.0,64.0,3.0,57.0,6.0,33.0,5.0,10.0,109.0,11.0,122.0,14.0,6.0,75.0,99.0,0.0,9.0,17.0,39.0,193.0,6.0,3.0,49.0,169.0,0.0,79.0,0.0,78.0,21.0,52.0,57.0,13.0,22.0,27.0,7.0,92.0,1.0,51.0,62.0,70.0,2.0,28.0,17.0,79.0,0.0,13.0,85.0,0.0,61.0,1.0,19.0,38.0,15.0,73.0,23.0,50.0,38.0,28.0,56.0,73.0,0.0,59.0,6.0,4.0,34.0,0.0,16.0,13.0,74.0,1.0,5.0,5.0,22.0,2.0,10.0
53,3062572074.0,82.0,20.0,13.0,15.0,77.0,95.0,13.0,113.0,173.0,65.0,152.0,12.0,137.0,0.0,222.0,277.0,235.0,8.0,44.0,0.0,66.0,122.0,148.0,163.0,36.0,33.0,0.0,190.0,23.0,104.0,31.0,18.0,26.0,126.0,15.0,42.0,110.0,56.0,227.0,13.0,97.0,43.0,46.0,46.0,56.0,126.0,27.0,45.0,60.0,11.0,74.0,129.0,0.0,37.0,73.0,10.0,42.0,255.0,203.0,140.0,40.0,6.0,206.0,21.0,193.0,167.0,6.0,121.0,6.0,101.0,11.0,14.0,232.0,27.0,209.0,36.0,14.0,159.0,223.0,0.0,18.0,31.0,62.0,494.0,10.0,19.0,95.0,294.0,0.0,160.0,0.0,178.0,66.0,95.0,128.0,36.0,57.0,38.0,20.0,184.0,2.0,142.0,155.0,143.0,3.0,57.0,51.0,183.0,0.0,30.0,171.0,0.0,140.0,3.0,54.0,86.0,30.0,146.0,66.0,99.0,70.0,55.0,132.0,103.0,0.0,103.0,15.0,3.0,62.0,1.0,32.0,26.0,138.0,3.0,8.0,17.0,45.0,4.0,25.0
54,30860019.0,9.0,7.0,4.0,9.0,6.0,8.0,0.0,16.0,15.0,58.0,18.0,0.0,38.0,0.0,20.0,23.0,78.0,6.0,6.0,0.0,8.0,15.0,10.0,32.0,6.0,4.0,0.0,2.0,4.0,18.0,5.0,1.0,1.0,11.0,1.0,6.0,4.0,6.0,50.0,2.0,8.0,5.0,7.0,9.0,2.0,10.0,1.0,2.0,14.0,0.0,5.0,17.0,37.0,0.0,1.0,0.0,3.0,22.0,8.0,22.0,5.0,8.0,36.0,10.0,43.0,25.0,4.0,19.0,0.0,11.0,1.0,6.0,42.0,8.0,54.0,12.0,2.0,27.0,23.0,0.0,3.0,13.0,3.0,52.0,16.0,1.0,12.0,80.0,0.0,17.0,0.0,16.0,0.0,13.0,3.0,3.0,0.0,6.0,2.0,20.0,20.0,15.0,11.0,34.0,2.0,4.0,5.0,4.0,0.0,1.0,42.0,0.0,24.0,0.0,9.0,19.0,4.0,21.0,9.0,11.0,5.0,0.0,27.0,27.0,0.0,13.0,0.0,2.0,3.0,0.0,7.0,4.0,16.0,0.0,3.0,4.0,5.0,1.0,4.0
55,309701929.0,20.0,2.0,0.0,1.0,26.0,16.0,0.0,23.0,40.0,0.0,14.0,2.0,9.0,0.0,34.0,74.0,11.0,0.0,1.0,0.0,5.0,13.0,43.0,12.0,5.0,3.0,0.0,75.0,0.0,10.0,6.0,6.0,8.0,27.0,0.0,5.0,28.0,6.0,11.0,1.0,23.0,1.0,8.0,3.0,20.0,30.0,13.0,21.0,11.0,5.0,13.0,13.0,73.0,1.0,0.0,6.0,2.0,29.0,35.0,9.0,1.0,0.0,10.0,0.0,17.0,5.0,1.0,7.0,4.0,32.0,2.0,0.0,14.0,2.0,10.0,14.0,1.0,8.0,22.0,0.0,1.0,0.0,14.0,65.0,0.0,3.0,10.0,19.0,0.0,26.0,0.0,28.0,22.0,18.0,29.0,3.0,15.0,4.0,8.0,28.0,0.0,15.0,47.0,8.0,0.0,17.0,13.0,42.0,0.0,5.0,13.0,0.0,13.0,0.0,6.0,6.0,0.0,8.0,6.0,6.0,32.0,21.0,8.0,13.0,0.0,6.0,1.0,0.0,17.0,0.0,4.0,1.0,15.0,0.0,0.0,0.0,5.0,0.0,2.0
56,320811254.0,6.0,3.0,0.0,1.0,11.0,9.0,0.0,8.0,9.0,3.0,4.0,0.0,6.0,0.0,6.0,17.0,12.0,2.0,0.0,0.0,2.0,5.0,9.0,9.0,2.0,3.0,0.0,7.0,0.0,3.0,4.0,3.0,6.0,6.0,0.0,2.0,7.0,3.0,12.0,0.0,16.0,0.0,4.0,0.0,7.0,9.0,5.0,5.0,4.0,3.0,6.0,10.0,10.0,0.0,6.0,0.0,1.0,9.0,10.0,2.0,1.0,3.0,10.0,0.0,9.0,3.0,0.0,1.0,3.0,8.0,2.0,7.0,13.0,3.0,17.0,4.0,0.0,3.0,9.0,0.0,0.0,0.0,5.0,25.0,0.0,0.0,6.0,22.0,0.0,5.0,0.0,6.0,6.0,6.0,7.0,1.0,5.0,0.0,5.0,14.0,0.0,10.0,5.0,8.0,1.0,5.0,3.0,11.0,0.0,4.0,10.0,0.0,6.0,0.0,3.0,3.0,1.0,8.0,1.0,7.0,3.0,6.0,3.0,11.0,0.0,1.0,1.0,0.0,4.0,0.0,1.0,1.0,6.0,0.0,1.0,0.0,1.0,0.0,1.0
57,3253783614.0,15.0,72.0,3.0,7.0,11.0,13.0,2.0,15.0,15.0,10.0,165.0,13.0,87.0,0.0,31.0,70.0,163.0,1.0,90.0,0.0,64.0,124.0,28.0,18.0,96.0,29.0,0.0,13.0,21.0,57.0,41.0,1.0,2.0,14.0,48.0,94.0,8.0,37.0,181.0,55.0,7.0,27.0,4.0,37.0,4.0,21.0,0.0,7.0,18.0,0.0,6.0,16.0,42.0,3.0,2.0,1.0,0.0,35.0,26.0,127.0,65.0,0.0,227.0,5.0,41.0,117.0,65.0,99.0,0.0,5.0,9.0,69.0,192.0,54.0,59.0,6.0,22.0,69.0,50.0,0.0,59.0,6.0,7.0,61.0,0.0,43.0,73.0,74.0,0.0,27.0,0.0,30.0,15.0,10.0,11.0,37.0,2.0,14.0,6.0,32.0,0.0,196.0,23.0,82.0,1.0,8.0,88.0,9.0,0.0,9.0,160.0,0.0,185.0,70.0,27.0,89.0,23.0,135.0,206.0,133.0,7.0,2.0,61.0,15.0,0.0,86.0,9.0,0.0,7.0,1.0,14.0,31.0,38.0,1.0,17.0,15.0,33.0,95.0,68.0
