,0,1,2,3,4,5,6,7,8,9,10,11,12,13,14,15,16,17,18,19,20,21,22,23,24,25,26,27,28,29,30,31,32,33,34,35,36,37,38,39,40,41,42,43,44,45,46,47,48,49,50,51,52,53,54
0,-1.0,102576747.0,1111770013.0,1186987117.0,1256244530.0,1330876951.0,14726605.0,1558658197.0,1645658815.0,168364328.0,185667013.0,2339508653.0,2359328575.0,2481754254.0,253687000.0,2777267479.0,2890704012.0,2891849250.0,2904321841.0,2922747169.0,3011418180.0,3378668294.0,370092843.0,4344951854.0,4861887744.0,4864314450.0,540884301.0,58516766.0,61524466.0,69302901.0,7.91643479915e+17,7.037815820420588e+17,7.106005821642506e+17,7.20436554771116e+17,729894487.0,730088562.0,742289460.0,7.453915798006047e+17,7.513127665063731e+17,7.796301699297403e+17,7.854707486472356e+17,7.981946285414769e+17,8.159112482483692e+17,8.165591268096369e+17,817507375.0,8.256747820457124e+17,8.584123721044337e+17,8.721770636118712e+17,8.775749149658194e+17,8.849835205438628e+17,8.959394730027745e+17,9.119818808822989e+17,9.127430059661066e+17,9.317240215525048e+17,9.347037552196198e+17
1,102576747.0,0.0,0.0,0.0,17.0,6.0,63.0,18.0,17.0,67.0,3.0,0.0,144.0,1.0,68.0,3.0,6.0,1.0,3.0,15.0,4.0,2.0,2.0,0.0,3.0,24.0,1.0,164.0,43.0,1.0,0.0,36.0,0.0,0.0,143.0,0.0,4.0,2.0,5.0,2.0,8.0,6.0,4.0,20.0,2.0,0.0,1.0,3.0,0.0,0.0,0.0,2.0,0.0,4.0,72.0
2,1111770013.0,0.0,0.0,72.0,957.0,27.0,0.0,233.0,13.0,0.0,0.0,15.0,0.0,27.0,3.0,0.0,577.0,337.0,156.0,130.0,30.0,1.0,841.0,25.0,101.0,0.0,2.0,1.0,0.0,28.0,0.0,5.0,108.0,30.0,0.0,1.0,0.0,436.0,2.0,0.0,77.0,0.0,125.0,81.0,0.0,0.0,0.0,1.0,30.0,0.0,12.0,13.0,0.0,0.0,0.0
3,1186987117.0,0.0,72.0,0.0,126.0,14.0,0.0,88.0,18.0,0.0,1.0,10.0,1.0,16.0,0.0,0.0,120.0,70.0,53.0,72.0,25.0,2.0,74.0,14.0,56.0,0.0,5.0,1.0,9.0,20.0,0.0,14.0,9.0,17.0,2.0,1.0,0.0,87.0,4.0,0.0,47.0,1.0,49.0,37.0,1.0,0.0,1.0,1.0,12.0,1.0,7.0,14.0,0.0,0.0,0.0
4,1256244530.0,17.0,957.0,126.0,0.0,73.0,10.0,621.0,224.0,1.0,22.0,20.0,17.0,49.0,8.0,2.0,1041.0,576.0,358.0,581.0,88.0,20.0,1019.0,25.0,305.0,2.0,51.0,42.0,64.0,100.0,0.0,190.0,107.0,47.0,27.0,1.0,12.0,502.0,15.0,5.0,267.0,12.0,322.0,161.0,4.0,0.0,3.0,15.0,52.0,5.0,17.0,34.0,0.0,0.0,8.0
5,1330876951.0,6.0,27.0,14.0,73.0,0.0,6.0,61.0,51.0,2.0,14.0,6.0,11.0,20.0,7.0,0.0,65.0,37.0,49.0,61.0,27.0,18.0,32.0,10.0,46.0,3.0,7.0,25.0,22.0,16.0,0.0,66.0,12.0,19.0,20.0,1.0,3.0,55.0,11.0,3.0,55.0,11.0,63.0,61.0,4.0,0.0,2.0,4.0,12.0,5.0,9.0,10.0,0.0,0.0,10.0
6,14726605.0,63.0,0.0,0.0,10.0,6.0,0.0,13.0,10.0,81.0,4.0,0.0,123.0,1.0,109.0,2.0,6.0,1.0,4.0,9.0,3.0,1.0,1.0,0.0,4.0,12.0,1.0,141.0,27.0,1.0,0.0,22.0,0.0,0.0,98.0,0.0,2.0,3.0,2.0,0.0,8.0,5.0,2.0,14.0,1.0,0.0,2.0,2.0,1.0,0.0,0.0,1.0,0.0,3.0,68.0
7,1558658197.0,18.0,233.0,88.0,621.0,61.0,13.0,0.0,189.0,3.0,21.0,20.0,24.0,46.0,14.0,2.0,572.0,276.0,245.0,408.0,79.0,18.0,370.0,21.0,212.0,4.0,43.0,40.0,61.0,73.0,0.0,172.0,22.0,39.0,31.0,1.0,6.0,277.0,12.0,4.0,197.0,12.0,203.0,120.0,7.0,0.0,3.0,18.0,43.0,4.0,16.0,33.0,0.0,3.0,13.0
8,1645658815.0,17.0,13.0,18.0,224.0,51.0,10.0,189.0,0.0,10.0,27.0,4.0,27.0,24.0,16.0,1.0,238.0,71.0,189.0,267.0,50.0,27.0,69.0,3.0,143.0,4.0,37.0,40.0,61.0,44.0,0.0,248.0,6.0,21.0,36.0,1.0,10.0,103.0,14.0,4.0,153.0,12.0,133.0,95.0,6.0,0.0,4.0,13.0,25.0,4.0,7.0,21.0,0.0,2.0,19.0
9,168364328.0,67.0,0.0,0.0,1.0,2.0,81.0,3.0,10.0,0.0,0.0,0.0,129.0,1.0,80.0,0.0,4.0,3.0,2.0,4.0,7.0,4.0,0.0,0.0,1.0,15.0,0.0,139.0,23.0,0.0,0.0,14.0,0.0,0.0,90.0,0.0,1.0,1.0,11.0,1.0,5.0,2.0,1.0,8.0,1.0,0.0,0.0,6.0,0.0,0.0,0.0,0.0,0.0,1.0,60.0
10,185667013.0,3.0,0.0,1.0,22.0,14.0,4.0,21.0,27.0,0.0,0.0,0.0,7.0,5.0,5.0,0.0,28.0,9.0,20.0,27.0,10.0,71.0,5.0,2.0,14.0,2.0,9.0,13.0,11.0,4.0,0.0,47.0,0.0,1.0,10.0,0.0,2.0,19.0,7.0,1.0,18.0,7.0,14.0,20.0,3.0,0.0,2.0,14.0,4.0,2.0,9.0,3.0,0.0,1.0,2.0
11,2339508653.0,0.0,15.0,10.0,20.0,6.0,0.0,20.0,4.0,0.0,0.0,0.0,0.0,7.0,0.0,0.0,21.0,17.0,8.0,17.0,8.0,0.0,16.0,6.0,15.0,0.0,1.0,0.0,0.0,6.0,0.0,2.0,6.0,7.0,0.0,1.0,0.0,19.0,0.0,0.0,11.0,0.0,16.0,11.0,0.0,0.0,0.0,0.0,4.0,0.0,9.0,5.0,0.0,0.0,0.0
12,2359328575.0,144.0,0.0,1.0,17.0,11.0,123.0,24.0,27.0,129.0,7.0,0.0,0.0,3.0,451.0,0.0,13.0,6.0,14.0,25.0,10.0,5.0,4.0,1.0,6.0,39.0,4.0,727.0,67.0,2.0,0.0,56.0,0.0,1.0,216.0,0.0,4.0,11.0,8.0,3.0,20.0,13.0,7.0,28.0,1.0,0.0,1.0,5.0,0.0,2.0,0.0,1.0,0.0,6.0,155.0
13,2481754254.0,1.0,27.0,16.0,49.0,20.0,1.0,46.0,24.0,1.0,5.0,7.0,3.0,0.0,3.0,0.0,48.0,41.0,40.0,39.0,20.0,8.0,35.0,3.0,39.0,0.0,5.0,4.0,5.0,20.0,0.0,20.0,8.0,17.0,6.0,1.0,0.0,43.0,3.0,2.0,43.0,3.0,46.0,32.0,1.0,0.0,0.0,3.0,15.0,3.0,9.0,12.0,0.0,0.0,2.0
14,253687000.0,68.0,3.0,0.0,8.0,7.0,109.0,14.0,16.0,80.0,5.0,0.0,451.0,3.0,0.0,0.0,11.0,4.0,9.0,10.0,9.0,4.0,3.0,0.0,5.0,19.0,2.0,881.0,26.0,1.0,0.0,29.0,0.0,1.0,110.0,0.0,2.0,8.0,10.0,1.0,13.0,8.0,4.0,15.0,1.0,0.0,1.0,3.0,1.0,1.0,0.0,2.0,0.0,5.0,89.0
15,2777267479.0,3.0,0.0,0.0,2.0,0.0,2.0,2.0,1.0,0.0,0.0,0.0,0.0,0.0,0.0,0.0,1.0,0.0,1.0,1.0,0.0,0.0,0.0,0.0,1.0,0.0,0.0,5.0,5.0,0.0,0.0,1.0,0.0,0.0,2.0,0.0,0.0,0.0,1.0,0.0,1.0,0.0,0.0,1.0,0.0,0.0,42.0,1.0,0.0,0.0,0.0,0.0,0.0,0.0,0.0
16,2890704012.0,6.0,577.0,120.0,1041.0,65.0,6.0,572.0,238.0,4.0,28.0,21.0,13.0,48.0,11.0,1.0,0.0,428.0,301.0,588.0,86.0,28.0,822.0,20.0,292.0,3.0,48.0,27.0,47.0,95.0,0.0,228.0,33.0,56.0,20.0,1.0,6.0,365.0,17.0,4.0,272.0,10.0,257.0,143.0,3.0,0.0,2.0,29.0,50.0,8.0,20.0,34.0,0.0,1.0,9.0
17,2891849250.0,1.0,337.0,70.0,576.0,37.0,1.0,276.0,71.0,3.0,9.0,17.0,6.0,41.0,4.0,0.0,428.0,0.0,122.0,274.0,52.0,14.0,547.0,12.0,133.0,0.0,18.0,8.0,20.0,55.0,0.0,58.0,25.0,37.0,8.0,1.0,0.0,163.0,5.0,5.0,96.0,1.0,122.0,72.0,3.0,0.0,0.0,6.0,29.0,2.0,15.0,21.0,0.0,0.0,1.0
18,2904321841.0,3.0,156.0,53.0,358.0,49.0,4.0,245.0,189.0,2.0,20.0,8.0,14.0,40.0,9.0,1.0,301.0,122.0,0.0,277.0,71.0,29.0,131.0,10.0,217.0,2.0,45.0,22.0,37.0,54.0,0.0,250.0,37.0,31.0,19.0,1.0,2.0,228.0,12.0,6.0,221.0,8.0,229.0,114.0,1.0,0.0,1.0,11.0,35.0,16.0,9.0,35.0,0.0,2.0,7.0
19,2922747169.0,15.0,130.0,72.0,581.0,61.0,9.0,408.0,267.0,4.0,27.0,17.0,25.0,39.0,10.0,1.0,588.0,274.0,277.0,0.0,80.0,25.0,297.0,14.0,229.0,2.0,49.0,40.0,58.0,94.0,0.0,288.0,17.0,41.0,24.0,1.0,17.0,236.0,17.0,3.0,275.0,13.0,220.0,132.0,4.0,0.0,3.0,27.0,41.0,4.0,15.0,31.0,0.0,1.0,21.0
20,3011418180.0,4.0,30.0,25.0,88.0,27.0,3.0,79.0,50.0,7.0,10.0,8.0,10.0,20.0,9.0,0.0,86.0,52.0,71.0,80.0,0.0,5.0,45.0,5.0,64.0,4.0,13.0,17.0,13.0,29.0,0.0,44.0,9.0,18.0,13.0,1.0,5.0,74.0,10.0,2.0,68.0,7.0,56.0,39.0,2.0,0.0,1.0,9.0,30.0,1.0,7.0,14.0,0.0,1.0,6.0
21,3378668294.0,2.0,1.0,2.0,20.0,18.0,1.0,18.0,27.0,4.0,71.0,0.0,5.0,8.0,4.0,0.0,28.0,14.0,29.0,25.0,5.0,0.0,8.0,3.0,16.0,2.0,6.0,13.0,10.0,4.0,0.0,69.0,0.0,6.0,11.0,0.0,3.0,23.0,9.0,2.0,27.0,3.0,20.0,27.0,3.0,0.0,0.0,30.0,1.0,4.0,7.0,2.0,0.0,0.0,3.0
22,370092843.0,2.0,841.0,74.0,1019.0,32.0,1.0,370.0,69.0,0.0,5.0,16.0,4.0,35.0,3.0,0.0,822.0,547.0,131.0,297.0,45.0,8.0,0.0,18.0,125.0,0.0,17.0,8.0,18.0,58.0,0.0,45.0,43.0,34.0,3.0,1.0,2.0,204.0,4.0,1.0,92.0,3.0,114.0,72.0,0.0,0.0,0.0,7.0,28.0,4.0,12.0,18.0,0.0,0.0,0.0
23,4344951854.0,0.0,25.0,14.0,25.0,10.0,0.0,21.0,3.0,0.0,2.0,6.0,1.0,3.0,0.0,0.0,20.0,12.0,10.0,14.0,5.0,3.0,18.0,0.0,10.0,0.0,1.0,2.0,2.0,6.0,0.0,4.0,4.0,5.0,1.0,1.0,0.0,25.0,1.0,0.0,8.0,1.0,12.0,14.0,0.0,0.0,1.0,0.0,3.0,1.0,5.0,2.0,0.0,0.0,0.0
24,4861887744.0,3.0,101.0,56.0,305.0,46.0,4.0,212.0,143.0,1.0,14.0,15.0,6.0,39.0,5.0,1.0,292.0,133.0,217.0,229.0,64.0,16.0,125.0,10.0,0.0,1.0,25.0,15.0,29.0,55.0,0.0,165.0,17.0,33.0,14.0,1.0,5.0,189.0,8.0,3.0,176.0,4.0,191.0,94.0,2.0,0.0,2.0,6.0,41.0,10.0,13.0,31.0,0.0,0.0,5.0
25,4864314450.0,24.0,0.0,0.0,2.0,3.0,12.0,4.0,4.0,15.0,2.0,0.0,39.0,0.0,19.0,0.0,3.0,0.0,2.0,2.0,4.0,2.0,0.0,0.0,1.0,0.0,1.0,42.0,5.0,0.0,0.0,9.0,0.0,0.0,25.0,0.0,2.0,1.0,3.0,0.0,3.0,2.0,1.0,5.0,0.0,0.0,1.0,2.0,1.0,0.0,0.0,0.0,0.0,1.0,17.0
26,540884301.0,1.0,2.0,5.0,51.0,7.0,1.0,43.0,37.0,0.0,9.0,1.0,4.0,5.0,2.0,0.0,48.0,18.0,45.0,49.0,13.0,6.0,17.0,1.0,25.0,1.0,0.0,7.0,16.0,9.0,0.0,36.0,3.0,2.0,3.0,1.0,3.0,23.0,6.0,0.0,29.0,5.0,31.0,23.0,1.0,0.0,0.0,4.0,4.0,0.0,3.0,5.0,0.0,0.0,2.0
27,58516766.0,164.0,1.0,1.0,42.0,25.0,141.0,40.0,40.0,139.0,13.0,0.0,727.0,4.0,881.0,5.0,27.0,8.0,22.0,40.0,17.0,13.0,8.0,2.0,15.0,42.0,7.0,0.0,104.0,5.0,0.0,85.0,0.0,2.0,220.0,0.0,8.0,18.0,21.0,4.0,23.0,18.0,16.0,56.0,6.0,0.0,8.0,10.0,3.0,3.0,0.0,2.0,0.0,5.0,149.0
28,61524466.0,43.0,0.0,9.0,64.0,22.0,27.0,61.0,61.0,23.0,11.0,0.0,67.0,5.0,26.0,5.0,47.0,20.0,37.0,58.0,13.0,10.0,18.0,2.0,29.0,5.0,16.0,104.0,0.0,8.0,0.0,95.0,0.0,2.0,105.0,0.0,7.0,28.0,27.0,14.0,39.0,13.0,27.0,59.0,5.0,0.0,5.0,7.0,5.0,3.0,0.0,9.0,0.0,1.0,21.0
29,69302901.0,1.0,28.0,20.0,100.0,16.0,1.0,73.0,44.0,0.0,4.0,6.0,2.0,20.0,1.0,0.0,95.0,55.0,54.0,94.0,29.0,4.0,58.0,6.0,55.0,0.0,9.0,5.0,8.0,0.0,0.0,32.0,10.0,21.0,3.0,1.0,1.0,57.0,4.0,0.0,44.0,2.0,46.0,28.0,0.0,0.0,0.0,6.0,19.0,0.0,9.0,14.0,0.0,0.0,1.0
30,7.91643479915e+17,0.0,0.0,0.0,0.0,0.0,0.0,0.0,0.0,0.0,0.0,0.0,0.0,0.0,0.0,0.0,0.0,0.0,0.0,0.0,0.0,0.0,0.0,0.0,0.0,0.0,0.0,0.0,0.0,0.0,0.0,0.0,0.0,0.0,0.0,0.0,0.0,0.0,0.0,0.0,0.0,0.0,0.0,0.0,0.0,0.0,0.0,0.0,0.0,0.0,0.0,0.0,0.0,0.0,0.0
31,7.037815820420588e+17,36.0,5.0,14.0,190.0,66.0,22.0,172.0,248.0,14.0,47.0,2.0,56.0,20.0,29.0,1.0,228.0,58.0,250.0,288.0,44.0,69.0,45.0,4.0,165.0,9.0,36.0,85.0,95.0,32.0,0.0,0.0,2.0,16.0,73.0,1.0,26.0,109.0,24.0,11.0,261.0,18.0,147.0,173.0,11.0,0.0,18.0,45.0,18.0,18.0,11.0,16.0,0.0,5.0,43.0
32,7.106005821642506e+17,0.0,108.0,9.0,107.0,12.0,0.0,22.0,6.0,0.0,0.0,6.0,0.0,8.0,0.0,0.0,33.0,25.0,37.0,17.0,9.0,0.0,43.0,4.0,17.0,0.0,3.0,0.0,0.0,10.0,0.0,2.0,0.0,7.0,0.0,1.0,0.0,47.0,0.0,0.0,23.0,0.0,80.0,11.0,0.0,0.0,0.0,0.0,5.0,0.0,7.0,5.0,0.0,0.0,0.0
33,7.20436554771116e+17,0.0,30.0,17.0,47.0,19.0,0.0,39.0,21.0,0.0,1.0,7.0,1.0,17.0,1.0,0.0,56.0,37.0,31.0,41.0,18.0,6.0,34.0,5.0,33.0,0.0,2.0,2.0,2.0,21.0,0.0,16.0,7.0,0.0,1.0,1.0,0.0,42.0,2.0,0.0,38.0,1.0,35.0,26.0,0.0,0.0,0.0,1.0,12.0,4.0,9.0,10.0,0.0,0.0,0.0
34,729894487.0,143.0,0.0,2.0,27.0,20.0,98.0,31.0,36.0,90.0,10.0,0.0,216.0,6.0,110.0,2.0,20.0,8.0,19.0,24.0,13.0,11.0,3.0,1.0,14.0,25.0,3.0,220.0,105.0,3.0,0.0,73.0,0.0,1.0,0.0,0.0,3.0,17.0,22.0,6.0,26.0,16.0,16.0,45.0,2.0,0.0,3.0,6.0,2.0,2.0,0.0,2.0,0.0,6.0,105.0
35,730088562.0,0.0,1.0,1.0,1.0,1.0,0.0,1.0,1.0,0.0,0.0,1.0,0.0,1.0,0.0,0.0,1.0,1.0,1.0,1.0,1.0,0.0,1.0,1.0,1.0,0.0,1.0,0.0,0.0,1.0,0.0,1.0,1.0,1.0,0.0,0.0,0.0,1.0,0.0,0.0,1.0,0.0,1.0,1.0,0.0,0.0,0.0,0.0,1.0,0.0,1.0,1.0,0.0,0.0,0.0
36,742289460.0,4.0,0.0,0.0,12.0,3.0,2.0,6.0,10.0,1.0,2.0,0.0,4.0,0.0,2.0,0.0,6.0,0.0,2.0,17.0,5.0,3.0,2.0,0.0,5.0,2.0,3.0,8.0,7.0,1.0,0.0,26.0,0.0,0.0,3.0,0.0,0.0,5.0,1.0,0.0,9.0,0.0,2.0,7.0,5.0,0.0,1.0,3.0,1.0,0.0,0.0,0.0,0.0,0.0,5.0
37,7.453915798006047e+17,2.0,436.0,87.0,502.0,55.0,3.0,277.0,103.0,1.0,19.0,19.0,11.0,43.0,8.0,0.0,365.0,163.0,228.0,236.0,74.0,23.0,204.0,25.0,189.0,1.0,23.0,18.0,28.0,57.0,0.0,109.0,47.0,42.0,17.0,1.0,5.0,0.0,13.0,1.0,196.0,8.0,197.0,112.0,4.0,0.0,1.0,9.0,43.0,7.0,16.0,29.0,0.0,1.0,2.0
38,7.513127665063731e+17,5.0,2.0,4.0,15.0,11.0,2.0,12.0,14.0,11.0,7.0,0.0,8.0,3.0,10.0,1.0,17.0,5.0,12.0,17.0,10.0,9.0,4.0,1.0,8.0,3.0,6.0,21.0,27.0,4.0,0.0,24.0,0.0,2.0,22.0,0.0,1.0,13.0,0.0,1.0,12.0,5.0,9.0,16.0,0.0,0.0,1.0,3.0,1.0,1.0,3.0,1.0,0.0,0.0,4.0
39,7.796301699297403e+17,2.0,0.0,0.0,5.0,3.0,0.0,4.0,4.0,1.0,1.0,0.0,3.0,2.0,1.0,0.0,4.0,5.0,6.0,3.0,2.0,2.0,1.0,0.0,3.0,0.0,0.0,4.0,14.0,0.0,0.0,11.0,0.0,0.0,6.0,0.0,0.0,1.0,1.0,0.0,6.0,1.0,6.0,9.0,0.0,0.0,0.0,1.0,0.0,0.0,0.0,0.0,0.0,0.0,1.0
40,7.854707486472356e+17,8.0,77.0,47.0,267.0,55.0,8.0,197.0,153.0,5.0,18.0,11.0,20.0,43.0,13.0,1.0,272.0,96.0,221.0,275.0,68.0,27.0,92.0,8.0,176.0,3.0,29.0,23.0,39.0,44.0,0.0,261.0,23.0,38.0,26.0,1.0,9.0,196.0,12.0,6.0,0.0,9.0,188.0,111.0,8.0,0.0,3.0,17.0,38.0,9.0,15.0,25.0,0.0,3.0,10.0
41,7.981946285414769e+17,6.0,0.0,1.0,12.0,11.0,5.0,12.0,12.0,2.0,7.0,0.0,13.0,3.0,8.0,0.0,10.0,1.0,8.0,13.0,7.0,3.0,3.0,1.0,4.0,2.0,5.0,18.0,13.0,2.0,0.0,18.0,0.0,1.0,16.0,0.0,0.0,8.0,5.0,1.0,9.0,0.0,7.0,14.0,3.0,0.0,1.0,3.0,0.0,2.0,0.0,1.0,0.0,34.0,6.0
42,8.159112482483692e+17,4.0,125.0,49.0,322.0,63.0,2.0,203.0,133.0,1.0,14.0,16.0,7.0,46.0,4.0,0.0,257.0,122.0,229.0,220.0,56.0,20.0,114.0,12.0,191.0,1.0,31.0,16.0,27.0,46.0,0.0,147.0,80.0,35.0,16.0,1.0,2.0,197.0,9.0,6.0,188.0,7.0,0.0,97.0,2.0,0.0,1.0,11.0,32.0,8.0,13.0,27.0,0.0,0.0,5.0
43,8.165591268096369e+17,20.0,81.0,37.0,161.0,61.0,14.0,120.0,95.0,8.0,20.0,11.0,28.0,32.0,15.0,1.0,143.0,72.0,114.0,132.0,39.0,27.0,72.0,14.0,94.0,5.0,23.0,56.0,59.0,28.0,0.0,173.0,11.0,26.0,45.0,1.0,7.0,112.0,16.0,9.0,111.0,14.0,97.0,0.0,6.0,0.0,4.0,12.0,21.0,7.0,10.0,15.0,0.0,3.0,19.0
44,817507375.0,2.0,0.0,1.0,4.0,4.0,1.0,7.0,6.0,1.0,3.0,0.0,1.0,1.0,1.0,0.0,3.0,3.0,1.0,4.0,2.0,3.0,0.0,0.0,2.0,0.0,1.0,6.0,5.0,0.0,0.0,11.0,0.0,0.0,2.0,0.0,5.0,4.0,0.0,0.0,8.0,3.0,2.0,6.0,0.0,0.0,0.0,3.0,0.0,0.0,0.0,0.0,0.0,0.0,5.0
45,8.256747820457124e+17,0.0,0.0,0.0,0.0,0.0,0.0,0.0,0.0,0.0,0.0,0.0,0.0,0.0,0.0,0.0,0.0,0.0,0.0,0.0,0.0,0.0,0.0,0.0,0.0,0.0,0.0,0.0,0.0,0.0,0.0,0.0,0.0,0.0,0.0,0.0,0.0,0.0,0.0,0.0,0.0,0.0,0.0,0.0,0.0,0.0,0.0,0.0,0.0,0.0,0.0,0.0,0.0,0.0,0.0
46,8.584123721044337e+17,1.0,0.0,1.0,3.0,2.0,2.0,3.0,4.0,0.0,2.0,0.0,1.0,0.0,1.0,42.0,2.0,0.0,1.0,3.0,1.0,0.0,0.0,1.0,2.0,1.0,0.0,8.0,5.0,0.0,0.0,18.0,0.0,0.0,3.0,0.0,1.0,1.0,1.0,0.0,3.0,1.0,1.0,4.0,0.0,0.0,0.0,1.0,1.0,1.0,0.0,0.0,0.0,0.0,1.0
47,8.721770636118712e+17,3.0,1.0,1.0,15.0,4.0,2.0,18.0,13.0,6.0,14.0,0.0,5.0,3.0,3.0,1.0,29.0,6.0,11.0,27.0,9.0,30.0,7.0,0.0,6.0,2.0,4.0,10.0,7.0,6.0,0.0,45.0,0.0,1.0,6.0,0.0,3.0,9.0,3.0,1.0,17.0,3.0,11.0,12.0,3.0,0.0,1.0,0.0,1.0,0.0,3.0,1.0,0.0,0.0,6.0
48,8.775749149658194e+17,0.0,30.0,12.0,52.0,12.0,1.0,43.0,25.0,0.0,4.0,4.0,0.0,15.0,1.0,0.0,50.0,29.0,35.0,41.0,30.0,1.0,28.0,3.0,41.0,1.0,4.0,3.0,5.0,19.0,0.0,18.0,5.0,12.0,2.0,1.0,1.0,43.0,1.0,0.0,38.0,0.0,32.0,21.0,0.0,0.0,1.0,1.0,0.0,0.0,5.0,11.0,0.0,0.0,0.0
49,8.849835205438628e+17,0.0,0.0,1.0,5.0,5.0,0.0,4.0,4.0,0.0,2.0,0.0,2.0,3.0,1.0,0.0,8.0,2.0,16.0,4.0,1.0,4.0,4.0,1.0,10.0,0.0,0.0,3.0,3.0,0.0,0.0,18.0,0.0,4.0,2.0,0.0,0.0,7.0,1.0,0.0,9.0,2.0,8.0,7.0,0.0,0.0,1.0,0.0,0.0,0.0,0.0,2.0,0.0,0.0,0.0
50,8.959394730027745e+17,0.0,12.0,7.0,17.0,9.0,0.0,16.0,7.0,0.0,9.0,9.0,0.0,9.0,0.0,0.0,20.0,15.0,9.0,15.0,7.0,7.0,12.0,5.0,13.0,0.0,3.0,0.0,0.0,9.0,0.0,11.0,7.0,9.0,0.0,1.0,0.0,16.0,3.0,0.0,15.0,0.0,13.0,10.0,0.0,0.0,0.0,3.0,5.0,0.0,0.0,5.0,0.0,0.0,1.0
51,9.119818808822989e+17,2.0,13.0,14.0,34.0,10.0,1.0,33.0,21.0,0.0,3.0,5.0,1.0,12.0,2.0,0.0,34.0,21.0,35.0,31.0,14.0,2.0,18.0,2.0,31.0,0.0,5.0,2.0,9.0,14.0,0.0,16.0,5.0,10.0,2.0,1.0,0.0,29.0,1.0,0.0,25.0,1.0,27.0,15.0,0.0,0.0,0.0,1.0,11.0,2.0,5.0,0.0,0.0,0.0,1.0
52,9.127430059661066e+17,0.0,0.0,0.0,0.0,0.0,0.0,0.0,0.0,0.0,0.0,0.0,0.0,0.0,0.0,0.0,0.0,0.0,0.0,0.0,0.0,0.0,0.0,0.0,0.0,0.0,0.0,0.0,0.0,0.0,0.0,0.0,0.0,0.0,0.0,0.0,0.0,0.0,0.0,0.0,0.0,0.0,0.0,0.0,0.0,0.0,0.0,0.0,0.0,0.0,0.0,0.0,0.0,0.0,0.0
53,9.317240215525048e+17,4.0,0.0,0.0,0.0,0.0,3.0,3.0,2.0,1.0,1.0,0.0,6.0,0.0,5.0,0.0,1.0,0.0,2.0,1.0,1.0,0.0,0.0,0.0,0.0,1.0,0.0,5.0,1.0,0.0,0.0,5.0,0.0,0.0,6.0,0.0,0.0,1.0,0.0,0.0,3.0,34.0,0.0,3.0,0.0,0.0,0.0,0.0,0.0,0.0,0.0,0.0,0.0,0.0,3.0
54,9.347037552196198e+17,72.0,0.0,0.0,8.0,10.0,68.0,13.0,19.0,60.0,2.0,0.0,155.0,2.0,89.0,0.0,9.0,1.0,7.0,21.0,6.0,3.0,0.0,0.0,5.0,17.0,2.0,149.0,21.0,1.0,0.0,43.0,0.0,0.0,105.0,0.0,5.0,2.0,4.0,1.0,10.0,6.0,5.0,19.0,5.0,0.0,1.0,6.0,0.0,0.0,1.0,1.0,0.0,3.0,0.0
