,0,1,2,3,4,5,6,7,8,9,10,11,12,13,14,15,16,17,18,19,20,21,22,23,24,25,26,27,28,29,30,31,32,33,34,35,36,37,38,39,40,41,42,43,44,45,46,47,48,49,50,51,52,53,54,55,56,57,58,59,60,61,62,63,64,65,66,67,68,69,70,71,72,73,74,75,76,77,78,79,80,81,82,83,84,85,86,87,88,89,90,91,92,93,94,95,96,97,98,99,100,101,102,103
0,-1.0,100012790.0,100545652.0,101714446.0,103791628.0,1081213921.0,1084925311.0,114444486.0,117839377.0,11907542.0,132037287.0,139795953.0,145535500.0,1572975829.0,1623238100.0,1664041106.0,1688754036.0,1693000988.0,17481929.0,183970675.0,18864666.0,19245814.0,1956886015.0,20306005.0,2181707419.0,218748137.0,2279028352.0,2288101506.0,233590866.0,24321756.0,2534372124.0,2695353296.0,272367319.0,2736229391.0,2785808918.0,2787559124.0,283060898.0,2864877319.0,2917634087.0,29388282.0,2987014292.0,3060993466.0,3102697892.0,3106953674.0,3165067362.0,3199880931.0,3224841817.0,3286260847.0,3289026890.0,3292442355.0,3299791117.0,33111520.0,354921752.0,35511546.0,36388063.0,366098196.0,3726466940.0,380162721.0,3847769958.0,395403887.0,3999676762.0,40673542.0,4165172593.0,418419130.0,4207660557.0,4366085354.0,43702409.0,4518693252.0,4552531032.0,4630068306.0,4743950912.0,492321808.0,492790630.0,504720596.0,510442496.0,550382928.0,55518713.0,56765016.0,57283072.0,59399169.0,62766520.0,63513043.0,65885323.0,67593879.0,7.016366061474734e+17,7.056856698306314e+17,740770292.0,7.417371369787269e+17,75245154.0,7.58275652621525e+17,81800868.0,8.231487699193324e+17,8.304443215183176e+17,842560730.0,848821279.0,86055919.0,8.69509840514687e+17,8.960571693379625e+17,9.224278839638917e+17,9.288970096662938e+17,9.333614006671852e+17,943230524.0,9.453778214377308e+17,9.46409253610197e+17
1,100012790.0,0.0,44.0,25.0,96.0,2.0,27.0,10.0,15.0,0.0,17.0,60.0,4.0,21.0,1.0,11.0,24.0,5.0,0.0,42.0,18.0,3.0,1.0,72.0,1.0,2.0,4.0,10.0,16.0,0.0,10.0,16.0,0.0,3.0,1.0,5.0,11.0,7.0,1.0,12.0,29.0,1.0,7.0,28.0,9.0,1.0,4.0,4.0,25.0,10.0,18.0,12.0,41.0,0.0,0.0,6.0,7.0,4.0,28.0,7.0,0.0,38.0,43.0,41.0,17.0,1.0,2.0,1.0,9.0,61.0,22.0,2.0,6.0,0.0,19.0,2.0,14.0,36.0,9.0,55.0,4.0,5.0,15.0,90.0,2.0,7.0,6.0,22.0,6.0,16.0,4.0,5.0,4.0,8.0,0.0,14.0,5.0,7.0,4.0,0.0,1.0,86.0,4.0,5.0
2,100545652.0,44.0,0.0,19.0,47.0,2.0,13.0,9.0,9.0,0.0,16.0,41.0,3.0,21.0,0.0,6.0,22.0,3.0,0.0,24.0,19.0,1.0,1.0,56.0,0.0,0.0,2.0,6.0,21.0,0.0,7.0,6.0,0.0,1.0,0.0,8.0,12.0,4.0,1.0,5.0,23.0,0.0,7.0,17.0,4.0,0.0,1.0,3.0,24.0,22.0,13.0,15.0,38.0,0.0,1.0,3.0,1.0,1.0,25.0,7.0,0.0,21.0,25.0,34.0,7.0,0.0,0.0,0.0,3.0,44.0,13.0,2.0,3.0,0.0,13.0,2.0,11.0,21.0,13.0,36.0,4.0,6.0,8.0,58.0,0.0,1.0,5.0,10.0,3.0,7.0,4.0,3.0,3.0,8.0,1.0,13.0,5.0,1.0,0.0,0.0,0.0,61.0,2.0,2.0
3,101714446.0,25.0,19.0,0.0,35.0,0.0,20.0,16.0,17.0,1.0,14.0,53.0,24.0,28.0,0.0,10.0,30.0,6.0,0.0,38.0,28.0,3.0,1.0,65.0,0.0,1.0,2.0,9.0,28.0,0.0,14.0,11.0,0.0,5.0,1.0,13.0,18.0,5.0,1.0,7.0,24.0,3.0,11.0,7.0,3.0,0.0,2.0,1.0,22.0,19.0,12.0,20.0,36.0,0.0,0.0,5.0,4.0,6.0,21.0,14.0,0.0,29.0,30.0,43.0,9.0,0.0,4.0,0.0,3.0,44.0,11.0,2.0,4.0,2.0,19.0,2.0,24.0,25.0,23.0,47.0,13.0,100.0,10.0,51.0,5.0,4.0,8.0,11.0,10.0,12.0,5.0,4.0,6.0,9.0,3.0,23.0,6.0,7.0,1.0,0.0,0.0,57.0,3.0,6.0
4,103791628.0,96.0,47.0,35.0,0.0,28.0,26.0,13.0,27.0,2.0,98.0,86.0,5.0,52.0,1.0,13.0,43.0,7.0,0.0,50.0,64.0,4.0,2.0,102.0,2.0,1.0,6.0,10.0,35.0,0.0,12.0,23.0,0.0,5.0,1.0,23.0,20.0,9.0,2.0,17.0,34.0,2.0,6.0,35.0,10.0,1.0,4.0,5.0,36.0,47.0,28.0,35.0,94.0,0.0,3.0,6.0,8.0,17.0,38.0,16.0,1.0,42.0,50.0,60.0,19.0,1.0,5.0,1.0,11.0,85.0,32.0,3.0,6.0,2.0,19.0,3.0,18.0,49.0,42.0,82.0,24.0,15.0,21.0,119.0,2.0,10.0,8.0,26.0,15.0,15.0,6.0,6.0,5.0,13.0,3.0,22.0,15.0,8.0,5.0,0.0,1.0,198.0,3.0,7.0
5,1081213921.0,2.0,2.0,0.0,28.0,0.0,0.0,1.0,0.0,0.0,18.0,2.0,1.0,4.0,0.0,0.0,0.0,0.0,0.0,1.0,6.0,0.0,0.0,3.0,0.0,0.0,0.0,0.0,1.0,0.0,0.0,0.0,0.0,0.0,0.0,3.0,1.0,0.0,0.0,0.0,0.0,0.0,0.0,2.0,0.0,0.0,0.0,0.0,0.0,5.0,1.0,1.0,2.0,0.0,0.0,0.0,0.0,0.0,0.0,0.0,0.0,0.0,0.0,0.0,0.0,0.0,3.0,0.0,0.0,2.0,0.0,0.0,0.0,0.0,0.0,1.0,2.0,0.0,2.0,2.0,1.0,2.0,0.0,7.0,0.0,0.0,0.0,0.0,1.0,0.0,0.0,0.0,0.0,0.0,0.0,0.0,3.0,0.0,0.0,0.0,0.0,10.0,0.0,0.0
6,1084925311.0,27.0,13.0,20.0,26.0,0.0,0.0,6.0,4.0,0.0,7.0,25.0,2.0,12.0,57.0,135.0,144.0,46.0,0.0,33.0,20.0,43.0,54.0,25.0,18.0,4.0,31.0,4.0,13.0,0.0,84.0,9.0,0.0,74.0,23.0,24.0,7.0,89.0,67.0,1.0,202.0,45.0,95.0,50.0,6.0,3.0,24.0,64.0,12.0,8.0,8.0,5.0,25.0,0.0,0.0,113.0,2.0,1.0,175.0,5.0,0.0,18.0,191.0,38.0,148.0,11.0,0.0,34.0,96.0,250.0,137.0,58.0,63.0,0.0,113.0,1.0,26.0,15.0,11.0,26.0,11.0,10.0,6.0,38.0,32.0,5.0,80.0,11.0,2.0,134.0,18.0,66.0,64.0,4.0,0.0,12.0,4.0,122.0,59.0,0.0,6.0,48.0,10.0,63.0
7,114444486.0,10.0,9.0,16.0,13.0,1.0,6.0,0.0,7.0,1.0,3.0,18.0,3.0,20.0,0.0,7.0,13.0,4.0,0.0,18.0,22.0,4.0,0.0,16.0,0.0,1.0,2.0,5.0,21.0,0.0,9.0,4.0,0.0,1.0,3.0,11.0,21.0,1.0,0.0,0.0,12.0,1.0,6.0,4.0,1.0,0.0,1.0,1.0,15.0,21.0,6.0,7.0,22.0,0.0,0.0,2.0,3.0,0.0,9.0,5.0,0.0,14.0,13.0,10.0,6.0,0.0,0.0,0.0,1.0,19.0,7.0,2.0,3.0,1.0,8.0,2.0,7.0,9.0,21.0,17.0,7.0,8.0,1.0,16.0,3.0,1.0,3.0,3.0,5.0,7.0,2.0,2.0,3.0,4.0,0.0,11.0,7.0,3.0,0.0,0.0,0.0,26.0,1.0,4.0
8,117839377.0,15.0,9.0,17.0,27.0,0.0,4.0,7.0,0.0,1.0,22.0,22.0,1.0,44.0,0.0,2.0,14.0,1.0,0.0,9.0,22.0,2.0,0.0,18.0,0.0,0.0,0.0,1.0,13.0,0.0,4.0,4.0,0.0,1.0,0.0,9.0,9.0,1.0,0.0,7.0,6.0,0.0,2.0,4.0,1.0,0.0,1.0,1.0,15.0,11.0,5.0,6.0,20.0,0.0,0.0,2.0,1.0,3.0,4.0,5.0,0.0,12.0,6.0,10.0,3.0,0.0,4.0,0.0,0.0,16.0,1.0,1.0,1.0,0.0,6.0,1.0,8.0,7.0,11.0,26.0,42.0,7.0,4.0,19.0,0.0,2.0,1.0,1.0,7.0,3.0,2.0,0.0,0.0,9.0,0.0,7.0,3.0,0.0,0.0,0.0,0.0,42.0,1.0,1.0
9,11907542.0,0.0,0.0,1.0,2.0,0.0,0.0,1.0,1.0,0.0,0.0,4.0,2.0,5.0,0.0,0.0,3.0,0.0,0.0,1.0,8.0,0.0,0.0,5.0,0.0,0.0,0.0,0.0,8.0,0.0,0.0,0.0,0.0,0.0,0.0,4.0,1.0,0.0,0.0,0.0,0.0,0.0,0.0,0.0,0.0,0.0,0.0,0.0,2.0,11.0,0.0,2.0,4.0,1.0,0.0,0.0,0.0,1.0,0.0,2.0,0.0,0.0,0.0,1.0,0.0,0.0,0.0,0.0,0.0,1.0,2.0,0.0,0.0,0.0,0.0,0.0,2.0,1.0,2.0,3.0,1.0,3.0,0.0,1.0,0.0,0.0,0.0,0.0,0.0,0.0,0.0,0.0,0.0,0.0,3.0,0.0,1.0,0.0,0.0,0.0,0.0,15.0,0.0,0.0
10,132037287.0,17.0,16.0,14.0,98.0,18.0,7.0,3.0,22.0,0.0,0.0,25.0,2.0,29.0,3.0,2.0,22.0,0.0,0.0,9.0,36.0,4.0,3.0,26.0,2.0,0.0,2.0,0.0,3.0,0.0,2.0,9.0,0.0,5.0,0.0,17.0,6.0,4.0,3.0,12.0,11.0,1.0,6.0,10.0,5.0,0.0,4.0,3.0,5.0,9.0,4.0,8.0,33.0,0.0,0.0,2.0,1.0,13.0,6.0,2.0,0.0,8.0,12.0,16.0,7.0,1.0,12.0,0.0,5.0,24.0,9.0,1.0,7.0,0.0,10.0,1.0,1.0,11.0,25.0,29.0,50.0,7.0,5.0,33.0,0.0,4.0,4.0,8.0,3.0,3.0,0.0,2.0,2.0,7.0,0.0,5.0,1.0,5.0,0.0,0.0,0.0,72.0,0.0,0.0
11,139795953.0,60.0,41.0,53.0,86.0,2.0,25.0,18.0,22.0,4.0,25.0,0.0,9.0,62.0,0.0,19.0,46.0,8.0,0.0,64.0,59.0,3.0,1.0,103.0,1.0,0.0,6.0,11.0,63.0,0.0,20.0,14.0,0.0,10.0,1.0,37.0,29.0,10.0,1.0,14.0,44.0,3.0,16.0,21.0,7.0,0.0,5.0,2.0,39.0,38.0,24.0,26.0,81.0,1.0,3.0,9.0,6.0,6.0,33.0,20.0,0.0,47.0,47.0,64.0,13.0,0.0,6.0,0.0,7.0,88.0,23.0,4.0,8.0,2.0,31.0,1.0,26.0,44.0,44.0,87.0,21.0,31.0,16.0,94.0,4.0,7.0,14.0,18.0,13.0,17.0,7.0,6.0,8.0,18.0,4.0,26.0,10.0,7.0,1.0,0.0,0.0,150.0,3.0,8.0
12,145535500.0,4.0,3.0,24.0,5.0,1.0,2.0,3.0,1.0,2.0,2.0,9.0,0.0,6.0,0.0,0.0,5.0,0.0,0.0,6.0,5.0,0.0,0.0,14.0,0.0,0.0,0.0,1.0,11.0,0.0,1.0,0.0,0.0,1.0,0.0,1.0,4.0,1.0,0.0,1.0,5.0,0.0,0.0,1.0,0.0,0.0,0.0,0.0,3.0,12.0,1.0,5.0,8.0,0.0,2.0,2.0,0.0,4.0,3.0,3.0,0.0,8.0,5.0,5.0,1.0,0.0,2.0,0.0,0.0,5.0,6.0,1.0,1.0,0.0,1.0,1.0,5.0,4.0,4.0,8.0,3.0,27.0,1.0,8.0,0.0,0.0,1.0,1.0,3.0,2.0,1.0,1.0,0.0,3.0,5.0,3.0,3.0,1.0,0.0,0.0,0.0,13.0,0.0,1.0
13,1572975829.0,21.0,21.0,28.0,52.0,4.0,12.0,20.0,44.0,5.0,29.0,62.0,6.0,0.0,1.0,8.0,34.0,5.0,0.0,36.0,45.0,4.0,2.0,37.0,1.0,1.0,4.0,4.0,43.0,0.0,9.0,5.0,0.0,3.0,1.0,23.0,37.0,2.0,2.0,8.0,17.0,1.0,8.0,8.0,2.0,1.0,3.0,2.0,41.0,70.0,14.0,16.0,68.0,0.0,4.0,5.0,1.0,7.0,14.0,8.0,0.0,33.0,19.0,31.0,7.0,1.0,4.0,1.0,4.0,35.0,15.0,3.0,5.0,0.0,12.0,3.0,15.0,14.0,39.0,46.0,76.0,21.0,7.0,35.0,3.0,1.0,5.0,4.0,15.0,7.0,6.0,2.0,5.0,10.0,2.0,12.0,10.0,1.0,1.0,0.0,1.0,93.0,2.0,5.0
14,1623238100.0,1.0,0.0,0.0,1.0,0.0,57.0,0.0,0.0,0.0,3.0,0.0,0.0,1.0,0.0,52.0,58.0,24.0,0.0,1.0,1.0,40.0,43.0,1.0,10.0,4.0,15.0,1.0,0.0,0.0,32.0,0.0,0.0,48.0,18.0,5.0,0.0,54.0,47.0,0.0,50.0,46.0,44.0,6.0,0.0,3.0,23.0,52.0,0.0,0.0,0.0,0.0,0.0,0.0,0.0,46.0,0.0,0.0,42.0,0.0,0.0,0.0,55.0,1.0,49.0,14.0,0.0,15.0,42.0,77.0,59.0,38.0,32.0,0.0,48.0,0.0,0.0,0.0,0.0,0.0,0.0,0.0,0.0,0.0,14.0,0.0,39.0,0.0,0.0,57.0,4.0,35.0,40.0,0.0,0.0,0.0,0.0,64.0,25.0,0.0,5.0,1.0,4.0,24.0
15,1664041106.0,11.0,6.0,10.0,13.0,0.0,135.0,7.0,2.0,0.0,2.0,19.0,0.0,8.0,52.0,0.0,122.0,47.0,0.0,10.0,10.0,47.0,46.0,17.0,15.0,4.0,26.0,2.0,10.0,0.0,108.0,5.0,0.0,77.0,29.0,39.0,7.0,76.0,51.0,3.0,180.0,41.0,115.0,43.0,1.0,3.0,22.0,66.0,3.0,2.0,10.0,3.0,17.0,0.0,0.0,109.0,1.0,0.0,166.0,4.0,0.0,11.0,157.0,12.0,148.0,16.0,0.0,19.0,78.0,224.0,125.0,70.0,56.0,0.0,117.0,0.0,17.0,8.0,5.0,8.0,6.0,15.0,1.0,13.0,29.0,3.0,82.0,4.0,3.0,120.0,15.0,65.0,59.0,1.0,0.0,14.0,2.0,121.0,47.0,0.0,6.0,32.0,7.0,54.0
16,1688754036.0,24.0,22.0,30.0,43.0,0.0,144.0,13.0,14.0,3.0,22.0,46.0,5.0,34.0,58.0,122.0,0.0,51.0,0.0,47.0,48.0,67.0,41.0,43.0,17.0,7.0,34.0,11.0,34.0,0.0,85.0,19.0,0.0,115.0,31.0,47.0,17.0,84.0,67.0,21.0,223.0,40.0,80.0,49.0,12.0,3.0,34.0,62.0,24.0,37.0,12.0,17.0,56.0,1.0,1.0,81.0,15.0,3.0,181.0,20.0,0.0,23.0,177.0,32.0,174.0,14.0,3.0,20.0,118.0,286.0,142.0,79.0,78.0,2.0,140.0,0.0,31.0,22.0,27.0,37.0,22.0,28.0,6.0,37.0,31.0,9.0,102.0,17.0,7.0,154.0,12.0,75.0,68.0,10.0,2.0,15.0,7.0,130.0,56.0,0.0,6.0,99.0,11.0,63.0
17,1693000988.0,5.0,3.0,6.0,7.0,0.0,46.0,4.0,1.0,0.0,0.0,8.0,0.0,5.0,24.0,47.0,51.0,0.0,0.0,4.0,4.0,16.0,17.0,7.0,7.0,2.0,17.0,2.0,4.0,0.0,40.0,2.0,0.0,39.0,20.0,8.0,3.0,33.0,28.0,0.0,68.0,17.0,43.0,13.0,0.0,2.0,14.0,27.0,4.0,2.0,5.0,2.0,7.0,0.0,0.0,33.0,1.0,0.0,58.0,2.0,0.0,6.0,53.0,6.0,60.0,10.0,0.0,13.0,43.0,71.0,47.0,33.0,27.0,0.0,47.0,0.0,6.0,4.0,1.0,5.0,1.0,4.0,0.0,6.0,16.0,0.0,48.0,1.0,1.0,64.0,6.0,35.0,32.0,2.0,0.0,6.0,1.0,54.0,34.0,0.0,5.0,7.0,5.0,38.0
18,17481929.0,0.0,0.0,0.0,0.0,0.0,0.0,0.0,0.0,0.0,0.0,0.0,0.0,0.0,0.0,0.0,0.0,0.0,0.0,0.0,0.0,0.0,0.0,0.0,0.0,0.0,0.0,0.0,0.0,0.0,0.0,0.0,0.0,0.0,0.0,0.0,0.0,0.0,0.0,0.0,0.0,0.0,0.0,0.0,0.0,0.0,0.0,0.0,0.0,0.0,0.0,0.0,0.0,0.0,0.0,0.0,0.0,0.0,0.0,0.0,0.0,0.0,0.0,0.0,0.0,0.0,0.0,0.0,0.0,0.0,0.0,0.0,0.0,0.0,0.0,0.0,0.0,0.0,0.0,0.0,0.0,0.0,0.0,0.0,0.0,0.0,0.0,0.0,0.0,0.0,0.0,0.0,0.0,0.0,0.0,0.0,0.0,0.0,0.0,0.0,0.0,0.0,0.0,0.0
19,183970675.0,42.0,24.0,38.0,50.0,1.0,33.0,18.0,9.0,1.0,9.0,64.0,6.0,36.0,1.0,10.0,47.0,4.0,0.0,0.0,49.0,1.0,1.0,56.0,0.0,1.0,4.0,14.0,23.0,0.0,12.0,15.0,0.0,9.0,1.0,11.0,28.0,13.0,1.0,7.0,33.0,1.0,10.0,18.0,10.0,0.0,3.0,3.0,25.0,29.0,15.0,11.0,55.0,0.0,0.0,3.0,5.0,2.0,32.0,14.0,0.0,39.0,44.0,50.0,8.0,0.0,2.0,0.0,9.0,56.0,26.0,4.0,6.0,1.0,19.0,2.0,24.0,35.0,38.0,53.0,12.0,14.0,10.0,57.0,3.0,6.0,7.0,19.0,6.0,13.0,5.0,4.0,5.0,7.0,2.0,19.0,11.0,5.0,3.0,0.0,0.0,95.0,2.0,5.0
20,18864666.0,18.0,19.0,28.0,64.0,6.0,20.0,22.0,22.0,8.0,36.0,59.0,5.0,45.0,1.0,10.0,48.0,4.0,0.0,49.0,0.0,1.0,1.0,54.0,0.0,0.0,3.0,2.0,64.0,0.0,8.0,5.0,0.0,9.0,0.0,31.0,29.0,6.0,1.0,15.0,27.0,0.0,8.0,8.0,3.0,0.0,3.0,6.0,20.0,72.0,5.0,48.0,92.0,1.0,1.0,8.0,2.0,18.0,40.0,31.0,0.0,32.0,32.0,30.0,14.0,0.0,12.0,0.0,5.0,46.0,31.0,2.0,5.0,5.0,14.0,1.0,34.0,14.0,114.0,75.0,25.0,27.0,7.0,48.0,1.0,0.0,7.0,6.0,12.0,13.0,5.0,4.0,1.0,8.0,14.0,10.0,12.0,4.0,3.0,0.0,0.0,137.0,3.0,7.0
21,19245814.0,3.0,1.0,3.0,4.0,0.0,43.0,4.0,2.0,0.0,4.0,3.0,0.0,4.0,40.0,47.0,67.0,16.0,0.0,1.0,1.0,0.0,26.0,2.0,11.0,5.0,19.0,0.0,6.0,0.0,35.0,0.0,0.0,39.0,17.0,12.0,3.0,33.0,33.0,0.0,38.0,33.0,36.0,3.0,0.0,3.0,14.0,52.0,2.0,5.0,1.0,2.0,2.0,0.0,0.0,29.0,0.0,0.0,38.0,3.0,0.0,2.0,34.0,2.0,53.0,18.0,0.0,13.0,34.0,74.0,53.0,50.0,48.0,0.0,57.0,1.0,5.0,1.0,3.0,2.0,2.0,3.0,0.0,2.0,7.0,0.0,21.0,0.0,1.0,48.0,2.0,25.0,39.0,1.0,0.0,2.0,1.0,50.0,19.0,0.0,4.0,4.0,3.0,16.0
22,1956886015.0,1.0,1.0,1.0,2.0,0.0,54.0,0.0,0.0,0.0,3.0,1.0,0.0,2.0,43.0,46.0,41.0,17.0,0.0,1.0,1.0,26.0,0.0,1.0,11.0,3.0,21.0,0.0,0.0,0.0,18.0,0.0,0.0,35.0,13.0,4.0,1.0,47.0,45.0,0.0,31.0,25.0,25.0,9.0,0.0,3.0,18.0,35.0,0.0,0.0,1.0,0.0,1.0,0.0,0.0,37.0,0.0,0.0,29.0,1.0,0.0,0.0,44.0,2.0,38.0,11.0,0.0,17.0,28.0,54.0,47.0,32.0,17.0,0.0,26.0,0.0,2.0,1.0,0.0,1.0,0.0,0.0,0.0,1.0,10.0,0.0,21.0,0.0,0.0,50.0,4.0,25.0,37.0,0.0,0.0,1.0,0.0,42.0,21.0,0.0,5.0,1.0,4.0,24.0
23,20306005.0,72.0,56.0,65.0,102.0,3.0,25.0,16.0,18.0,5.0,26.0,103.0,14.0,37.0,1.0,17.0,43.0,7.0,0.0,56.0,54.0,2.0,1.0,0.0,0.0,0.0,6.0,10.0,62.0,0.0,15.0,18.0,0.0,9.0,1.0,22.0,19.0,4.0,1.0,13.0,43.0,2.0,14.0,32.0,7.0,0.0,4.0,2.0,34.0,30.0,22.0,34.0,75.0,1.0,1.0,6.0,5.0,10.0,44.0,23.0,0.0,48.0,51.0,71.0,15.0,0.0,6.0,0.0,5.0,82.0,38.0,3.0,7.0,3.0,27.0,1.0,40.0,53.0,26.0,95.0,11.0,43.0,20.0,131.0,4.0,6.0,7.0,21.0,16.0,15.0,5.0,10.0,8.0,24.0,12.0,23.0,10.0,7.0,1.0,0.0,0.0,144.0,3.0,6.0
24,2181707419.0,1.0,0.0,0.0,2.0,0.0,18.0,0.0,0.0,0.0,2.0,1.0,0.0,1.0,10.0,15.0,17.0,7.0,0.0,0.0,0.0,11.0,11.0,0.0,0.0,3.0,9.0,0.0,1.0,0.0,13.0,0.0,0.0,12.0,8.0,1.0,0.0,10.0,11.0,0.0,13.0,8.0,12.0,5.0,0.0,3.0,6.0,8.0,0.0,0.0,0.0,0.0,1.0,0.0,0.0,9.0,0.0,0.0,12.0,0.0,0.0,0.0,12.0,2.0,16.0,5.0,0.0,5.0,13.0,17.0,13.0,11.0,9.0,0.0,12.0,0.0,1.0,0.0,0.0,1.0,0.0,0.0,0.0,1.0,5.0,0.0,13.0,0.0,0.0,14.0,2.0,7.0,12.0,0.0,0.0,0.0,0.0,11.0,8.0,0.0,4.0,1.0,1.0,9.0
25,218748137.0,2.0,0.0,1.0,1.0,0.0,4.0,1.0,0.0,0.0,0.0,0.0,0.0,1.0,4.0,4.0,7.0,2.0,0.0,1.0,0.0,5.0,3.0,0.0,3.0,0.0,2.0,1.0,0.0,0.0,5.0,1.0,0.0,6.0,4.0,0.0,1.0,3.0,4.0,0.0,7.0,2.0,6.0,1.0,0.0,2.0,2.0,4.0,0.0,0.0,0.0,0.0,0.0,0.0,0.0,3.0,0.0,0.0,6.0,0.0,0.0,0.0,5.0,2.0,7.0,4.0,0.0,3.0,6.0,8.0,4.0,5.0,7.0,0.0,5.0,0.0,0.0,1.0,0.0,0.0,0.0,0.0,0.0,1.0,3.0,0.0,6.0,1.0,0.0,6.0,1.0,7.0,3.0,0.0,0.0,0.0,0.0,6.0,4.0,0.0,3.0,0.0,1.0,4.0
26,2279028352.0,4.0,2.0,2.0,6.0,0.0,31.0,2.0,0.0,0.0,2.0,6.0,0.0,4.0,15.0,26.0,34.0,17.0,0.0,4.0,3.0,19.0,21.0,6.0,9.0,2.0,0.0,0.0,3.0,0.0,16.0,1.0,0.0,32.0,9.0,3.0,1.0,22.0,23.0,2.0,33.0,11.0,20.0,6.0,0.0,2.0,9.0,15.0,0.0,2.0,3.0,2.0,4.0,0.0,0.0,17.0,0.0,0.0,30.0,3.0,0.0,3.0,29.0,4.0,33.0,5.0,0.0,9.0,24.0,42.0,30.0,16.0,17.0,0.0,22.0,0.0,5.0,1.0,1.0,6.0,0.0,2.0,0.0,4.0,9.0,0.0,20.0,0.0,0.0,34.0,5.0,14.0,20.0,0.0,0.0,2.0,2.0,26.0,13.0,0.0,4.0,7.0,3.0,18.0
27,2288101506.0,10.0,6.0,9.0,10.0,0.0,4.0,5.0,1.0,0.0,0.0,11.0,1.0,4.0,1.0,2.0,11.0,2.0,0.0,14.0,2.0,0.0,0.0,10.0,0.0,1.0,0.0,0.0,2.0,0.0,3.0,24.0,0.0,1.0,0.0,0.0,3.0,1.0,0.0,2.0,7.0,2.0,3.0,5.0,13.0,0.0,2.0,0.0,9.0,3.0,5.0,2.0,8.0,0.0,0.0,1.0,22.0,0.0,5.0,1.0,0.0,6.0,10.0,7.0,3.0,0.0,0.0,0.0,1.0,11.0,3.0,0.0,1.0,0.0,4.0,0.0,1.0,8.0,4.0,9.0,2.0,1.0,2.0,12.0,1.0,15.0,1.0,19.0,1.0,4.0,2.0,1.0,1.0,2.0,0.0,7.0,2.0,1.0,1.0,0.0,0.0,9.0,2.0,1.0
28,233590866.0,16.0,21.0,28.0,35.0,1.0,13.0,21.0,13.0,8.0,3.0,63.0,11.0,43.0,0.0,10.0,34.0,4.0,0.0,23.0,64.0,6.0,0.0,62.0,1.0,0.0,3.0,2.0,0.0,0.0,10.0,2.0,0.0,2.0,1.0,28.0,27.0,2.0,0.0,6.0,20.0,3.0,12.0,7.0,0.0,0.0,5.0,3.0,24.0,64.0,7.0,33.0,42.0,1.0,2.0,6.0,0.0,1.0,16.0,29.0,0.0,25.0,14.0,21.0,6.0,0.0,4.0,0.0,2.0,37.0,19.0,6.0,4.0,3.0,12.0,3.0,30.0,11.0,26.0,31.0,11.0,27.0,5.0,40.0,3.0,0.0,7.0,3.0,16.0,6.0,3.0,4.0,6.0,14.0,16.0,12.0,8.0,4.0,2.0,0.0,0.0,84.0,1.0,4.0
29,24321756.0,0.0,0.0,0.0,0.0,0.0,0.0,0.0,0.0,0.0,0.0,0.0,0.0,0.0,0.0,0.0,0.0,0.0,0.0,0.0,0.0,0.0,0.0,0.0,0.0,0.0,0.0,0.0,0.0,0.0,0.0,0.0,0.0,0.0,0.0,0.0,0.0,0.0,0.0,0.0,0.0,0.0,0.0,0.0,0.0,0.0,0.0,0.0,0.0,0.0,0.0,0.0,0.0,0.0,0.0,0.0,0.0,0.0,0.0,0.0,0.0,0.0,0.0,0.0,0.0,0.0,0.0,0.0,0.0,0.0,0.0,0.0,0.0,0.0,0.0,0.0,0.0,0.0,0.0,0.0,0.0,0.0,0.0,0.0,0.0,0.0,0.0,0.0,0.0,0.0,0.0,0.0,0.0,0.0,0.0,0.0,0.0,0.0,0.0,0.0,0.0,0.0,0.0,0.0
30,2534372124.0,10.0,7.0,14.0,12.0,0.0,84.0,9.0,4.0,0.0,2.0,20.0,1.0,9.0,32.0,108.0,85.0,40.0,0.0,12.0,8.0,35.0,18.0,15.0,13.0,5.0,16.0,3.0,10.0,0.0,0.0,3.0,0.0,57.0,24.0,29.0,8.0,40.0,34.0,1.0,131.0,33.0,78.0,25.0,1.0,3.0,11.0,43.0,7.0,6.0,7.0,6.0,19.0,0.0,0.0,65.0,1.0,0.0,110.0,4.0,0.0,12.0,100.0,12.0,100.0,14.0,0.0,12.0,61.0,146.0,79.0,53.0,42.0,0.0,95.0,1.0,15.0,7.0,5.0,9.0,8.0,17.0,3.0,11.0,26.0,2.0,78.0,3.0,3.0,85.0,19.0,52.0,51.0,5.0,0.0,17.0,4.0,96.0,37.0,0.0,6.0,23.0,10.0,55.0
31,2695353296.0,16.0,6.0,11.0,23.0,0.0,9.0,4.0,4.0,0.0,9.0,14.0,0.0,5.0,0.0,5.0,19.0,2.0,0.0,15.0,5.0,0.0,0.0,18.0,0.0,1.0,1.0,24.0,2.0,0.0,3.0,0.0,0.0,1.0,0.0,1.0,4.0,1.0,0.0,8.0,12.0,1.0,4.0,11.0,39.0,0.0,2.0,0.0,11.0,4.0,9.0,3.0,31.0,0.0,0.0,1.0,53.0,1.0,7.0,1.0,0.0,7.0,16.0,12.0,7.0,0.0,0.0,0.0,1.0,19.0,5.0,0.0,1.0,0.0,7.0,0.0,3.0,14.0,4.0,14.0,2.0,3.0,5.0,19.0,1.0,51.0,1.0,56.0,0.0,6.0,1.0,3.0,1.0,1.0,0.0,7.0,3.0,2.0,1.0,0.0,0.0,31.0,2.0,0.0
32,272367319.0,0.0,0.0,0.0,0.0,0.0,0.0,0.0,0.0,0.0,0.0,0.0,0.0,0.0,0.0,0.0,0.0,0.0,0.0,0.0,0.0,0.0,0.0,0.0,0.0,0.0,0.0,0.0,0.0,0.0,0.0,0.0,0.0,0.0,0.0,0.0,0.0,0.0,0.0,0.0,0.0,0.0,0.0,0.0,0.0,0.0,0.0,0.0,0.0,0.0,0.0,0.0,0.0,0.0,0.0,0.0,0.0,0.0,0.0,0.0,0.0,0.0,0.0,0.0,0.0,0.0,0.0,0.0,0.0,0.0,0.0,0.0,0.0,0.0,0.0,0.0,0.0,0.0,0.0,0.0,0.0,0.0,0.0,0.0,0.0,0.0,0.0,0.0,0.0,0.0,0.0,0.0,0.0,0.0,0.0,0.0,0.0,0.0,0.0,0.0,0.0,0.0,0.0,0.0
33,2736229391.0,3.0,1.0,5.0,5.0,0.0,74.0,1.0,1.0,0.0,5.0,10.0,1.0,3.0,48.0,77.0,115.0,39.0,0.0,9.0,9.0,39.0,35.0,9.0,12.0,6.0,32.0,1.0,2.0,0.0,57.0,1.0,0.0,0.0,31.0,10.0,4.0,45.0,56.0,9.0,107.0,30.0,60.0,8.0,2.0,3.0,19.0,41.0,0.0,2.0,3.0,0.0,8.0,0.0,0.0,41.0,2.0,0.0,89.0,3.0,0.0,1.0,80.0,4.0,104.0,13.0,1.0,12.0,65.0,147.0,70.0,55.0,49.0,0.0,78.0,0.0,7.0,2.0,4.0,7.0,3.0,4.0,1.0,4.0,18.0,1.0,64.0,1.0,1.0,91.0,5.0,55.0,61.0,3.0,0.0,4.0,1.0,80.0,25.0,0.0,6.0,12.0,6.0,35.0
34,2785808918.0,1.0,0.0,1.0,1.0,0.0,23.0,3.0,0.0,0.0,0.0,1.0,0.0,1.0,18.0,29.0,31.0,20.0,0.0,1.0,0.0,17.0,13.0,1.0,8.0,4.0,9.0,0.0,1.0,0.0,24.0,0.0,0.0,31.0,0.0,2.0,1.0,22.0,19.0,0.0,35.0,15.0,31.0,3.0,0.0,3.0,8.0,24.0,0.0,0.0,1.0,1.0,1.0,0.0,0.0,26.0,0.0,0.0,31.0,1.0,0.0,3.0,29.0,1.0,33.0,7.0,0.0,11.0,26.0,41.0,25.0,25.0,22.0,0.0,32.0,0.0,3.0,0.0,1.0,2.0,1.0,1.0,0.0,1.0,10.0,0.0,20.0,0.0,0.0,28.0,1.0,23.0,27.0,0.0,0.0,1.0,0.0,40.0,19.0,0.0,4.0,3.0,1.0,17.0
35,2787559124.0,5.0,8.0,13.0,23.0,3.0,24.0,11.0,9.0,4.0,17.0,37.0,1.0,23.0,5.0,39.0,47.0,8.0,0.0,11.0,31.0,12.0,4.0,22.0,1.0,0.0,3.0,0.0,28.0,0.0,29.0,1.0,0.0,10.0,2.0,0.0,12.0,11.0,5.0,2.0,56.0,7.0,24.0,4.0,0.0,0.0,5.0,8.0,6.0,19.0,7.0,19.0,34.0,0.0,1.0,19.0,0.0,3.0,34.0,10.0,0.0,12.0,41.0,9.0,24.0,0.0,6.0,2.0,14.0,73.0,26.0,11.0,11.0,1.0,31.0,1.0,21.0,4.0,19.0,14.0,15.0,28.0,1.0,14.0,8.0,0.0,25.0,0.0,9.0,20.0,5.0,9.0,10.0,5.0,0.0,15.0,4.0,19.0,8.0,0.0,0.0,59.0,1.0,16.0
36,283060898.0,11.0,12.0,18.0,20.0,1.0,7.0,21.0,9.0,1.0,6.0,29.0,4.0,37.0,0.0,7.0,17.0,3.0,0.0,28.0,29.0,3.0,1.0,19.0,0.0,1.0,1.0,3.0,27.0,0.0,8.0,4.0,0.0,4.0,1.0,12.0,0.0,1.0,1.0,4.0,14.0,0.0,6.0,4.0,0.0,0.0,1.0,1.0,30.0,35.0,6.0,11.0,38.0,0.0,1.0,2.0,0.0,1.0,17.0,8.0,0.0,21.0,12.0,18.0,4.0,0.0,1.0,0.0,1.0,24.0,11.0,1.0,4.0,3.0,7.0,3.0,12.0,7.0,35.0,20.0,8.0,8.0,1.0,15.0,2.0,1.0,5.0,5.0,6.0,4.0,3.0,1.0,3.0,4.0,3.0,9.0,5.0,1.0,0.0,0.0,0.0,47.0,0.0,4.0
37,2864877319.0,7.0,4.0,5.0,9.0,0.0,89.0,1.0,1.0,0.0,4.0,10.0,1.0,2.0,54.0,76.0,84.0,33.0,0.0,13.0,6.0,33.0,47.0,4.0,10.0,3.0,22.0,1.0,2.0,0.0,40.0,1.0,0.0,45.0,22.0,11.0,1.0,0.0,56.0,2.0,92.0,77.0,51.0,22.0,2.0,3.0,32.0,87.0,2.0,1.0,1.0,0.0,4.0,0.0,0.0,139.0,1.0,0.0,86.0,2.0,0.0,3.0,103.0,9.0,74.0,15.0,0.0,52.0,61.0,128.0,89.0,45.0,32.0,0.0,50.0,0.0,8.0,2.0,1.0,4.0,2.0,7.0,1.0,7.0,20.0,1.0,38.0,2.0,0.0,79.0,10.0,49.0,51.0,2.0,0.0,4.0,1.0,105.0,60.0,0.0,5.0,12.0,6.0,46.0
38,2917634087.0,1.0,1.0,1.0,2.0,0.0,67.0,0.0,0.0,0.0,3.0,1.0,0.0,2.0,47.0,51.0,67.0,28.0,0.0,1.0,1.0,33.0,45.0,1.0,11.0,4.0,23.0,0.0,0.0,0.0,34.0,0.0,0.0,56.0,19.0,5.0,1.0,56.0,0.0,0.0,76.0,30.0,51.0,11.0,0.0,3.0,21.0,51.0,0.0,0.0,1.0,0.0,1.0,0.0,0.0,54.0,0.0,0.0,63.0,1.0,0.0,0.0,67.0,2.0,80.0,21.0,0.0,23.0,56.0,114.0,79.0,53.0,38.0,0.0,52.0,0.0,1.0,1.0,0.0,1.0,0.0,1.0,0.0,1.0,17.0,0.0,52.0,1.0,0.0,90.0,4.0,45.0,64.0,0.0,0.0,1.0,0.0,91.0,38.0,0.0,6.0,5.0,9.0,38.0
39,29388282.0,12.0,5.0,7.0,17.0,0.0,1.0,0.0,7.0,0.0,12.0,14.0,1.0,8.0,0.0,3.0,21.0,0.0,0.0,7.0,15.0,0.0,0.0,13.0,0.0,0.0,2.0,2.0,6.0,0.0,1.0,8.0,0.0,9.0,0.0,2.0,4.0,2.0,0.0,0.0,7.0,0.0,1.0,5.0,3.0,0.0,2.0,0.0,5.0,4.0,7.0,7.0,15.0,2.0,0.0,0.0,2.0,1.0,3.0,4.0,0.0,6.0,7.0,8.0,5.0,0.0,0.0,0.0,3.0,11.0,2.0,1.0,2.0,0.0,2.0,0.0,6.0,6.0,3.0,17.0,3.0,0.0,3.0,16.0,0.0,3.0,1.0,6.0,1.0,1.0,1.0,1.0,0.0,3.0,2.0,6.0,0.0,0.0,0.0,0.0,0.0,24.0,1.0,0.0
40,2987014292.0,29.0,23.0,24.0,34.0,0.0,202.0,12.0,6.0,0.0,11.0,44.0,5.0,17.0,50.0,180.0,223.0,68.0,0.0,33.0,27.0,38.0,31.0,43.0,13.0,7.0,33.0,7.0,20.0,0.0,131.0,12.0,0.0,107.0,35.0,56.0,14.0,92.0,76.0,7.0,0.0,33.0,136.0,63.0,7.0,3.0,22.0,64.0,21.0,12.0,15.0,11.0,42.0,0.0,1.0,140.0,6.0,1.0,336.0,8.0,0.0,29.0,307.0,31.0,267.0,14.0,0.0,19.0,149.0,451.0,173.0,79.0,78.0,1.0,175.0,1.0,29.0,14.0,11.0,32.0,11.0,29.0,7.0,36.0,37.0,6.0,126.0,14.0,5.0,219.0,23.0,105.0,68.0,8.0,2.0,29.0,6.0,224.0,85.0,0.0,6.0,67.0,13.0,89.0
41,3060993466.0,1.0,0.0,3.0,2.0,0.0,45.0,1.0,0.0,0.0,1.0,3.0,0.0,1.0,46.0,41.0,40.0,17.0,0.0,1.0,0.0,33.0,25.0,2.0,8.0,2.0,11.0,2.0,3.0,0.0,33.0,1.0,0.0,30.0,15.0,7.0,0.0,77.0,30.0,0.0,33.0,0.0,35.0,5.0,1.0,3.0,26.0,75.0,0.0,0.0,1.0,1.0,2.0,0.0,0.0,71.0,1.0,0.0,28.0,1.0,0.0,1.0,36.0,1.0,36.0,20.0,0.0,22.0,27.0,74.0,37.0,37.0,19.0,0.0,26.0,0.0,3.0,0.0,0.0,0.0,1.0,6.0,0.0,1.0,12.0,1.0,20.0,1.0,2.0,38.0,3.0,30.0,41.0,0.0,0.0,1.0,0.0,97.0,45.0,0.0,4.0,4.0,4.0,19.0
42,3102697892.0,7.0,7.0,11.0,6.0,0.0,95.0,6.0,2.0,0.0,6.0,16.0,0.0,8.0,44.0,115.0,80.0,43.0,0.0,10.0,8.0,36.0,25.0,14.0,12.0,6.0,20.0,3.0,12.0,0.0,78.0,4.0,0.0,60.0,31.0,24.0,6.0,51.0,51.0,1.0,136.0,35.0,0.0,13.0,2.0,3.0,16.0,64.0,3.0,4.0,4.0,4.0,12.0,0.0,0.0,65.0,1.0,0.0,125.0,3.0,0.0,10.0,126.0,11.0,103.0,12.0,0.0,21.0,59.0,197.0,113.0,58.0,63.0,0.0,116.0,0.0,12.0,4.0,2.0,10.0,4.0,11.0,2.0,14.0,24.0,1.0,77.0,4.0,1.0,96.0,12.0,60.0,81.0,3.0,1.0,7.0,0.0,134.0,42.0,0.0,6.0,26.0,7.0,50.0
43,3106953674.0,28.0,17.0,7.0,35.0,2.0,50.0,4.0,4.0,0.0,10.0,21.0,1.0,8.0,6.0,43.0,49.0,13.0,0.0,18.0,8.0,3.0,9.0,32.0,5.0,1.0,6.0,5.0,7.0,0.0,25.0,11.0,0.0,8.0,3.0,4.0,4.0,22.0,11.0,5.0,63.0,5.0,13.0,0.0,7.0,1.0,4.0,10.0,9.0,2.0,7.0,4.0,18.0,0.0,0.0,30.0,7.0,2.0,61.0,0.0,0.0,16.0,63.0,17.0,47.0,2.0,1.0,3.0,19.0,94.0,38.0,8.0,11.0,0.0,25.0,0.0,9.0,15.0,2.0,22.0,5.0,3.0,3.0,35.0,11.0,5.0,22.0,15.0,3.0,32.0,8.0,14.0,10.0,2.0,0.0,4.0,0.0,54.0,27.0,0.0,1.0,42.0,3.0,19.0
44,3165067362.0,9.0,4.0,3.0,10.0,0.0,6.0,1.0,1.0,0.0,5.0,7.0,0.0,2.0,0.0,1.0,12.0,0.0,0.0,10.0,3.0,0.0,0.0,7.0,0.0,0.0,0.0,13.0,0.0,0.0,1.0,39.0,0.0,2.0,0.0,0.0,0.0,2.0,0.0,3.0,7.0,1.0,2.0,7.0,0.0,0.0,1.0,1.0,9.0,1.0,3.0,1.0,14.0,0.0,0.0,2.0,31.0,0.0,5.0,0.0,0.0,3.0,12.0,7.0,2.0,0.0,0.0,0.0,3.0,12.0,8.0,0.0,1.0,0.0,5.0,0.0,3.0,4.0,0.0,10.0,2.0,0.0,4.0,7.0,1.0,25.0,1.0,26.0,0.0,2.0,0.0,1.0,2.0,0.0,0.0,2.0,1.0,1.0,1.0,0.0,0.0,12.0,0.0,0.0
45,3199880931.0,1.0,0.0,0.0,1.0,0.0,3.0,0.0,0.0,0.0,0.0,0.0,0.0,1.0,3.0,3.0,3.0,2.0,0.0,0.0,0.0,3.0,3.0,0.0,3.0,2.0,2.0,0.0,0.0,0.0,3.0,0.0,0.0,3.0,3.0,0.0,0.0,3.0,3.0,0.0,3.0,3.0,3.0,1.0,0.0,0.0,1.0,3.0,0.0,0.0,0.0,0.0,0.0,0.0,0.0,2.0,0.0,0.0,3.0,0.0,0.0,0.0,3.0,1.0,2.0,3.0,0.0,2.0,3.0,3.0,3.0,3.0,3.0,0.0,3.0,0.0,0.0,0.0,0.0,0.0,0.0,0.0,0.0,0.0,2.0,0.0,3.0,0.0,0.0,3.0,1.0,2.0,3.0,0.0,0.0,0.0,0.0,3.0,3.0,0.0,2.0,0.0,1.0,3.0
46,3224841817.0,4.0,1.0,2.0,4.0,0.0,24.0,1.0,1.0,0.0,4.0,5.0,0.0,3.0,23.0,22.0,34.0,14.0,0.0,3.0,3.0,14.0,18.0,4.0,6.0,2.0,9.0,2.0,5.0,0.0,11.0,2.0,0.0,19.0,8.0,5.0,1.0,32.0,21.0,2.0,22.0,26.0,16.0,4.0,1.0,1.0,0.0,28.0,2.0,5.0,3.0,0.0,7.0,0.0,0.0,33.0,2.0,0.0,14.0,0.0,0.0,2.0,22.0,3.0,24.0,4.0,0.0,19.0,22.0,28.0,24.0,17.0,13.0,0.0,19.0,0.0,4.0,1.0,1.0,5.0,3.0,2.0,2.0,2.0,4.0,2.0,14.0,1.0,1.0,24.0,2.0,15.0,14.0,3.0,0.0,4.0,1.0,29.0,18.0,0.0,2.0,7.0,1.0,8.0
47,3286260847.0,4.0,3.0,1.0,5.0,0.0,64.0,1.0,1.0,0.0,3.0,2.0,0.0,2.0,52.0,66.0,62.0,27.0,0.0,3.0,6.0,52.0,35.0,2.0,8.0,4.0,15.0,0.0,3.0,0.0,43.0,0.0,0.0,41.0,24.0,8.0,1.0,87.0,51.0,0.0,64.0,75.0,64.0,10.0,1.0,3.0,28.0,0.0,2.0,1.0,0.0,1.0,4.0,0.0,0.0,75.0,0.0,0.0,52.0,1.0,0.0,3.0,62.0,3.0,69.0,29.0,0.0,31.0,40.0,109.0,77.0,52.0,33.0,0.0,57.0,1.0,2.0,1.0,1.0,2.0,1.0,3.0,1.0,3.0,13.0,0.0,41.0,1.0,1.0,65.0,5.0,52.0,53.0,1.0,0.0,1.0,1.0,112.0,59.0,0.0,4.0,5.0,4.0,34.0
48,3289026890.0,25.0,24.0,22.0,36.0,0.0,12.0,15.0,15.0,2.0,5.0,39.0,3.0,41.0,0.0,3.0,24.0,4.0,0.0,25.0,20.0,2.0,0.0,34.0,0.0,0.0,0.0,9.0,24.0,0.0,7.0,11.0,0.0,0.0,0.0,6.0,30.0,2.0,0.0,5.0,21.0,0.0,3.0,9.0,9.0,0.0,2.0,2.0,0.0,35.0,16.0,17.0,45.0,0.0,1.0,2.0,6.0,1.0,21.0,5.0,0.0,21.0,20.0,25.0,6.0,0.0,0.0,0.0,2.0,35.0,16.0,1.0,1.0,2.0,10.0,4.0,10.0,17.0,21.0,34.0,5.0,4.0,10.0,29.0,1.0,5.0,3.0,12.0,4.0,10.0,3.0,3.0,3.0,11.0,2.0,13.0,7.0,0.0,0.0,0.0,0.0,57.0,2.0,2.0
49,3292442355.0,10.0,22.0,19.0,47.0,5.0,8.0,21.0,11.0,11.0,9.0,38.0,12.0,70.0,0.0,2.0,37.0,2.0,0.0,29.0,72.0,5.0,0.0,30.0,0.0,0.0,2.0,3.0,64.0,0.0,6.0,4.0,0.0,2.0,0.0,19.0,35.0,1.0,0.0,4.0,12.0,0.0,4.0,2.0,1.0,0.0,5.0,1.0,35.0,0.0,4.0,22.0,74.0,2.0,4.0,2.0,1.0,4.0,13.0,11.0,1.0,18.0,13.0,16.0,4.0,0.0,2.0,0.0,1.0,26.0,14.0,3.0,2.0,2.0,6.0,7.0,10.0,9.0,40.0,24.0,13.0,16.0,4.0,24.0,1.0,2.0,2.0,3.0,11.0,5.0,3.0,1.0,1.0,8.0,9.0,9.0,19.0,0.0,0.0,0.0,0.0,108.0,1.0,2.0
50,3299791117.0,18.0,13.0,12.0,28.0,1.0,8.0,6.0,5.0,0.0,4.0,24.0,1.0,14.0,0.0,10.0,12.0,5.0,0.0,15.0,5.0,1.0,1.0,22.0,0.0,0.0,3.0,5.0,7.0,0.0,7.0,9.0,0.0,3.0,1.0,7.0,6.0,1.0,1.0,7.0,15.0,1.0,4.0,7.0,3.0,0.0,3.0,0.0,16.0,4.0,0.0,9.0,24.0,0.0,0.0,2.0,4.0,0.0,14.0,6.0,0.0,15.0,18.0,16.0,9.0,0.0,0.0,0.0,3.0,26.0,8.0,2.0,5.0,0.0,9.0,0.0,7.0,9.0,7.0,22.0,5.0,4.0,6.0,24.0,3.0,3.0,4.0,6.0,2.0,8.0,3.0,4.0,3.0,6.0,0.0,10.0,2.0,1.0,0.0,0.0,0.0,30.0,1.0,5.0
51,33111520.0,12.0,15.0,20.0,35.0,1.0,5.0,7.0,6.0,2.0,8.0,26.0,5.0,16.0,0.0,3.0,17.0,2.0,0.0,11.0,48.0,2.0,0.0,34.0,0.0,0.0,2.0,2.0,33.0,0.0,6.0,3.0,0.0,0.0,1.0,19.0,11.0,0.0,0.0,7.0,11.0,1.0,4.0,4.0,1.0,0.0,0.0,1.0,17.0,22.0,9.0,0.0,28.0,0.0,1.0,1.0,1.0,1.0,11.0,19.0,0.0,13.0,7.0,14.0,3.0,0.0,4.0,0.0,2.0,22.0,6.0,2.0,1.0,2.0,6.0,1.0,11.0,7.0,18.0,22.0,2.0,6.0,5.0,27.0,2.0,1.0,2.0,3.0,6.0,5.0,3.0,1.0,3.0,9.0,3.0,13.0,3.0,1.0,0.0,0.0,0.0,47.0,1.0,2.0
52,354921752.0,41.0,38.0,36.0,94.0,2.0,25.0,22.0,20.0,4.0,33.0,81.0,8.0,68.0,0.0,17.0,56.0,7.0,0.0,55.0,92.0,2.0,1.0,75.0,1.0,0.0,4.0,8.0,42.0,0.0,19.0,31.0,0.0,8.0,1.0,34.0,38.0,4.0,1.0,15.0,42.0,2.0,12.0,18.0,14.0,0.0,7.0,4.0,45.0,74.0,24.0,28.0,0.0,1.0,2.0,10.0,10.0,6.0,38.0,15.0,0.0,42.0,51.0,47.0,15.0,0.0,4.0,0.0,7.0,85.0,30.0,4.0,6.0,1.0,24.0,2.0,29.0,33.0,50.0,70.0,20.0,21.0,13.0,72.0,4.0,17.0,11.0,31.0,8.0,17.0,6.0,8.0,6.0,13.0,5.0,24.0,20.0,5.0,1.0,0.0,0.0,170.0,4.0,7.0
53,35511546.0,0.0,0.0,0.0,0.0,0.0,0.0,0.0,0.0,1.0,0.0,1.0,0.0,0.0,0.0,0.0,1.0,0.0,0.0,0.0,1.0,0.0,0.0,1.0,0.0,0.0,0.0,0.0,1.0,0.0,0.0,0.0,0.0,0.0,0.0,0.0,0.0,0.0,0.0,2.0,0.0,0.0,0.0,0.0,0.0,0.0,0.0,0.0,0.0,2.0,0.0,0.0,1.0,0.0,0.0,0.0,0.0,1.0,0.0,2.0,0.0,0.0,0.0,2.0,0.0,0.0,0.0,0.0,0.0,0.0,0.0,0.0,0.0,0.0,0.0,0.0,0.0,1.0,0.0,1.0,0.0,0.0,0.0,0.0,0.0,0.0,0.0,0.0,0.0,0.0,0.0,0.0,0.0,0.0,0.0,0.0,0.0,0.0,0.0,0.0,0.0,3.0,0.0,0.0
54,36388063.0,0.0,1.0,0.0,3.0,0.0,0.0,0.0,0.0,0.0,0.0,3.0,2.0,4.0,0.0,0.0,1.0,0.0,0.0,0.0,1.0,0.0,0.0,1.0,0.0,0.0,0.0,0.0,2.0,0.0,0.0,0.0,0.0,0.0,0.0,1.0,1.0,0.0,0.0,0.0,1.0,0.0,0.0,0.0,0.0,0.0,0.0,0.0,1.0,4.0,0.0,1.0,2.0,0.0,0.0,1.0,0.0,1.0,2.0,2.0,0.0,4.0,0.0,1.0,0.0,0.0,1.0,0.0,0.0,3.0,1.0,0.0,0.0,0.0,0.0,2.0,1.0,0.0,1.0,1.0,1.0,2.0,1.0,1.0,0.0,0.0,0.0,0.0,0.0,0.0,0.0,1.0,0.0,2.0,1.0,0.0,1.0,0.0,0.0,0.0,0.0,4.0,0.0,0.0
55,366098196.0,6.0,3.0,5.0,6.0,0.0,113.0,2.0,2.0,0.0,2.0,9.0,2.0,5.0,46.0,109.0,81.0,33.0,0.0,3.0,8.0,29.0,37.0,6.0,9.0,3.0,17.0,1.0,6.0,0.0,65.0,1.0,0.0,41.0,26.0,19.0,2.0,139.0,54.0,0.0,140.0,71.0,65.0,30.0,2.0,2.0,33.0,75.0,2.0,2.0,2.0,1.0,10.0,0.0,1.0,0.0,1.0,1.0,124.0,1.0,0.0,5.0,120.0,8.0,101.0,14.0,0.0,45.0,73.0,166.0,93.0,44.0,31.0,0.0,71.0,0.0,13.0,0.0,1.0,4.0,3.0,12.0,1.0,7.0,25.0,1.0,55.0,4.0,3.0,88.0,12.0,61.0,47.0,2.0,2.0,3.0,0.0,107.0,65.0,0.0,5.0,18.0,6.0,52.0
56,3726466940.0,7.0,1.0,4.0,8.0,0.0,2.0,3.0,1.0,0.0,1.0,6.0,0.0,1.0,0.0,1.0,15.0,1.0,0.0,5.0,2.0,0.0,0.0,5.0,0.0,0.0,0.0,22.0,0.0,0.0,1.0,53.0,0.0,2.0,0.0,0.0,0.0,1.0,0.0,2.0,6.0,1.0,1.0,7.0,31.0,0.0,2.0,0.0,6.0,1.0,4.0,1.0,10.0,0.0,0.0,1.0,0.0,0.0,3.0,0.0,0.0,1.0,7.0,2.0,2.0,0.0,0.0,0.0,2.0,9.0,2.0,0.0,1.0,0.0,4.0,0.0,1.0,4.0,1.0,6.0,0.0,2.0,1.0,4.0,1.0,31.0,0.0,27.0,0.0,2.0,0.0,2.0,1.0,0.0,0.0,4.0,1.0,2.0,1.0,0.0,0.0,9.0,0.0,0.0
57,380162721.0,4.0,1.0,6.0,17.0,0.0,1.0,0.0,3.0,1.0,13.0,6.0,4.0,7.0,0.0,0.0,3.0,0.0,0.0,2.0,18.0,0.0,0.0,10.0,0.0,0.0,0.0,0.0,1.0,0.0,0.0,1.0,0.0,0.0,0.0,3.0,1.0,0.0,0.0,1.0,1.0,0.0,0.0,2.0,0.0,0.0,0.0,0.0,1.0,4.0,0.0,1.0,6.0,1.0,1.0,1.0,0.0,0.0,3.0,1.0,0.0,4.0,3.0,18.0,0.0,0.0,0.0,0.0,0.0,5.0,4.0,0.0,0.0,0.0,0.0,1.0,3.0,10.0,7.0,12.0,5.0,3.0,0.0,19.0,0.0,0.0,0.0,1.0,0.0,1.0,1.0,1.0,0.0,0.0,1.0,0.0,1.0,0.0,0.0,0.0,0.0,40.0,1.0,0.0
58,3847769958.0,28.0,25.0,21.0,38.0,0.0,175.0,9.0,4.0,0.0,6.0,33.0,3.0,14.0,42.0,166.0,181.0,58.0,0.0,32.0,40.0,38.0,29.0,44.0,12.0,6.0,30.0,5.0,16.0,0.0,110.0,7.0,0.0,89.0,31.0,34.0,17.0,86.0,63.0,3.0,336.0,28.0,125.0,61.0,5.0,3.0,14.0,52.0,21.0,13.0,14.0,11.0,38.0,0.0,2.0,124.0,3.0,3.0,0.0,11.0,0.0,26.0,263.0,35.0,213.0,20.0,1.0,16.0,135.0,388.0,177.0,70.0,63.0,3.0,142.0,0.0,33.0,16.0,26.0,40.0,7.0,16.0,7.0,40.0,34.0,2.0,95.0,13.0,3.0,179.0,21.0,96.0,69.0,6.0,3.0,13.0,6.0,181.0,67.0,0.0,6.0,75.0,13.0,81.0
59,395403887.0,7.0,7.0,14.0,16.0,0.0,5.0,5.0,5.0,2.0,2.0,20.0,3.0,8.0,0.0,4.0,20.0,2.0,0.0,14.0,31.0,3.0,1.0,23.0,0.0,0.0,3.0,1.0,29.0,0.0,4.0,1.0,0.0,3.0,1.0,10.0,8.0,2.0,1.0,4.0,8.0,1.0,3.0,0.0,0.0,0.0,0.0,1.0,5.0,11.0,6.0,19.0,15.0,2.0,2.0,1.0,0.0,1.0,11.0,0.0,0.0,18.0,9.0,9.0,4.0,0.0,3.0,0.0,3.0,11.0,5.0,2.0,2.0,2.0,4.0,5.0,15.0,5.0,16.0,24.0,3.0,7.0,2.0,28.0,1.0,0.0,2.0,1.0,5.0,1.0,3.0,0.0,1.0,5.0,7.0,5.0,3.0,1.0,0.0,0.0,0.0,26.0,1.0,2.0
60,3999676762.0,0.0,0.0,0.0,1.0,0.0,0.0,0.0,0.0,0.0,0.0,0.0,0.0,0.0,0.0,0.0,0.0,0.0,0.0,0.0,0.0,0.0,0.0,0.0,0.0,0.0,0.0,0.0,0.0,0.0,0.0,0.0,0.0,0.0,0.0,0.0,0.0,0.0,0.0,0.0,0.0,0.0,0.0,0.0,0.0,0.0,0.0,0.0,0.0,1.0,0.0,0.0,0.0,0.0,0.0,0.0,0.0,0.0,0.0,0.0,0.0,0.0,0.0,0.0,0.0,0.0,0.0,0.0,0.0,0.0,0.0,0.0,0.0,0.0,0.0,0.0,0.0,3.0,0.0,0.0,0.0,0.0,0.0,0.0,0.0,0.0,0.0,0.0,0.0,0.0,0.0,0.0,0.0,0.0,0.0,0.0,0.0,0.0,0.0,0.0,0.0,1.0,0.0,0.0
61,40673542.0,38.0,21.0,29.0,42.0,0.0,18.0,14.0,12.0,0.0,8.0,47.0,8.0,33.0,0.0,11.0,23.0,6.0,0.0,39.0,32.0,2.0,0.0,48.0,0.0,0.0,3.0,6.0,25.0,0.0,12.0,7.0,0.0,1.0,3.0,12.0,21.0,3.0,0.0,6.0,29.0,1.0,10.0,16.0,3.0,0.0,2.0,3.0,21.0,18.0,15.0,13.0,42.0,0.0,4.0,5.0,1.0,4.0,26.0,18.0,0.0,0.0,26.0,30.0,8.0,0.0,4.0,0.0,5.0,42.0,19.0,2.0,6.0,2.0,15.0,0.0,28.0,21.0,27.0,52.0,11.0,12.0,9.0,52.0,6.0,2.0,6.0,10.0,8.0,10.0,2.0,5.0,6.0,11.0,1.0,18.0,5.0,3.0,2.0,0.0,0.0,78.0,2.0,7.0
62,4165172593.0,43.0,25.0,30.0,50.0,0.0,191.0,13.0,6.0,0.0,12.0,47.0,5.0,19.0,55.0,157.0,177.0,53.0,0.0,44.0,32.0,34.0,44.0,51.0,12.0,5.0,29.0,10.0,14.0,0.0,100.0,16.0,0.0,80.0,29.0,41.0,12.0,103.0,67.0,7.0,307.0,36.0,126.0,63.0,12.0,3.0,22.0,62.0,20.0,13.0,18.0,7.0,51.0,0.0,0.0,120.0,7.0,3.0,263.0,9.0,0.0,26.0,0.0,43.0,209.0,11.0,0.0,20.0,119.0,379.0,189.0,56.0,74.0,0.0,154.0,0.0,28.0,29.0,11.0,42.0,9.0,16.0,10.0,57.0,41.0,7.0,117.0,22.0,3.0,177.0,22.0,74.0,64.0,5.0,1.0,19.0,5.0,163.0,66.0,0.0,5.0,79.0,11.0,81.0
63,418419130.0,41.0,34.0,43.0,60.0,0.0,38.0,10.0,10.0,1.0,16.0,64.0,5.0,31.0,1.0,12.0,32.0,6.0,0.0,50.0,30.0,2.0,2.0,71.0,2.0,2.0,4.0,7.0,21.0,0.0,12.0,12.0,0.0,4.0,1.0,9.0,18.0,9.0,2.0,8.0,31.0,1.0,11.0,17.0,7.0,1.0,3.0,3.0,25.0,16.0,16.0,14.0,47.0,2.0,1.0,8.0,2.0,18.0,35.0,9.0,0.0,30.0,43.0,0.0,12.0,1.0,0.0,1.0,5.0,59.0,23.0,2.0,7.0,3.0,21.0,1.0,18.0,49.0,18.0,66.0,10.0,14.0,13.0,124.0,3.0,7.0,8.0,16.0,8.0,13.0,7.0,9.0,8.0,7.0,3.0,15.0,7.0,3.0,1.0,0.0,1.0,126.0,4.0,7.0
64,4207660557.0,17.0,7.0,9.0,19.0,0.0,148.0,6.0,3.0,0.0,7.0,13.0,1.0,7.0,49.0,148.0,174.0,60.0,0.0,8.0,14.0,53.0,38.0,15.0,16.0,7.0,33.0,3.0,6.0,0.0,100.0,7.0,0.0,104.0,33.0,24.0,4.0,74.0,80.0,5.0,267.0,36.0,103.0,47.0,2.0,2.0,24.0,69.0,6.0,4.0,9.0,3.0,15.0,0.0,0.0,101.0,2.0,0.0,213.0,4.0,0.0,8.0,209.0,12.0,0.0,19.0,0.0,23.0,131.0,314.0,151.0,68.0,73.0,0.0,145.0,1.0,12.0,6.0,5.0,11.0,4.0,5.0,4.0,17.0,31.0,4.0,114.0,9.0,3.0,202.0,24.0,101.0,57.0,4.0,0.0,9.0,2.0,182.0,67.0,0.0,6.0,26.0,11.0,74.0
65,4366085354.0,1.0,0.0,0.0,1.0,0.0,11.0,0.0,0.0,0.0,1.0,0.0,0.0,1.0,14.0,16.0,14.0,10.0,0.0,0.0,0.0,18.0,11.0,0.0,5.0,4.0,5.0,0.0,0.0,0.0,14.0,0.0,0.0,13.0,7.0,0.0,0.0,15.0,21.0,0.0,14.0,20.0,12.0,2.0,0.0,3.0,4.0,29.0,0.0,0.0,0.0,0.0,0.0,0.0,0.0,14.0,0.0,0.0,20.0,0.0,0.0,0.0,11.0,1.0,19.0,0.0,0.0,5.0,20.0,28.0,18.0,19.0,11.0,0.0,11.0,0.0,0.0,0.0,0.0,0.0,0.0,1.0,0.0,0.0,6.0,0.0,8.0,0.0,0.0,19.0,1.0,14.0,19.0,0.0,0.0,0.0,0.0,48.0,20.0,0.0,5.0,0.0,1.0,15.0
66,43702409.0,2.0,0.0,4.0,5.0,3.0,0.0,0.0,4.0,0.0,12.0,6.0,2.0,4.0,0.0,0.0,3.0,0.0,0.0,2.0,12.0,0.0,0.0,6.0,0.0,0.0,0.0,0.0,4.0,0.0,0.0,0.0,0.0,1.0,0.0,6.0,1.0,0.0,0.0,0.0,0.0,0.0,0.0,1.0,0.0,0.0,0.0,0.0,0.0,2.0,0.0,4.0,4.0,0.0,1.0,0.0,0.0,0.0,1.0,3.0,0.0,4.0,0.0,0.0,0.0,0.0,0.0,0.0,0.0,3.0,0.0,0.0,0.0,0.0,0.0,0.0,3.0,0.0,3.0,5.0,2.0,2.0,0.0,3.0,0.0,0.0,0.0,0.0,2.0,0.0,0.0,0.0,0.0,1.0,0.0,1.0,1.0,0.0,0.0,0.0,0.0,5.0,0.0,0.0
67,4518693252.0,1.0,0.0,0.0,1.0,0.0,34.0,0.0,0.0,0.0,0.0,0.0,0.0,1.0,15.0,19.0,20.0,13.0,0.0,0.0,0.0,13.0,17.0,0.0,5.0,3.0,9.0,0.0,0.0,0.0,12.0,0.0,0.0,12.0,11.0,2.0,0.0,52.0,23.0,0.0,19.0,22.0,21.0,3.0,0.0,2.0,19.0,31.0,0.0,0.0,0.0,0.0,0.0,0.0,0.0,45.0,0.0,0.0,16.0,0.0,0.0,0.0,20.0,1.0,23.0,5.0,0.0,0.0,20.0,27.0,23.0,16.0,10.0,0.0,13.0,0.0,0.0,0.0,0.0,0.0,0.0,0.0,0.0,0.0,6.0,0.0,16.0,0.0,0.0,25.0,2.0,20.0,19.0,0.0,0.0,0.0,0.0,33.0,23.0,0.0,4.0,0.0,2.0,11.0
68,4552531032.0,9.0,3.0,3.0,11.0,0.0,96.0,1.0,0.0,0.0,5.0,7.0,0.0,4.0,42.0,78.0,118.0,43.0,0.0,9.0,5.0,34.0,28.0,5.0,13.0,6.0,24.0,1.0,2.0,0.0,61.0,1.0,0.0,65.0,26.0,14.0,1.0,61.0,56.0,3.0,149.0,27.0,59.0,19.0,3.0,3.0,22.0,40.0,2.0,1.0,3.0,2.0,7.0,0.0,0.0,73.0,2.0,0.0,135.0,3.0,0.0,5.0,119.0,5.0,131.0,20.0,0.0,20.0,0.0,156.0,84.0,51.0,50.0,0.0,86.0,0.0,9.0,3.0,1.0,5.0,0.0,2.0,3.0,7.0,25.0,1.0,62.0,3.0,0.0,99.0,9.0,65.0,39.0,0.0,0.0,5.0,0.0,114.0,47.0,0.0,5.0,13.0,9.0,51.0
69,4630068306.0,61.0,44.0,44.0,85.0,2.0,250.0,19.0,16.0,1.0,24.0,88.0,5.0,35.0,77.0,224.0,286.0,71.0,0.0,56.0,46.0,74.0,54.0,82.0,17.0,8.0,42.0,11.0,37.0,0.0,146.0,19.0,0.0,147.0,41.0,73.0,24.0,128.0,114.0,11.0,451.0,74.0,197.0,94.0,12.0,3.0,28.0,109.0,35.0,26.0,26.0,22.0,85.0,0.0,3.0,166.0,9.0,5.0,388.0,11.0,0.0,42.0,379.0,59.0,314.0,28.0,3.0,27.0,156.0,0.0,265.0,108.0,107.0,3.0,235.0,1.0,37.0,34.0,20.0,63.0,17.0,51.0,13.0,76.0,41.0,10.0,149.0,28.0,11.0,275.0,26.0,125.0,119.0,16.0,2.0,36.0,7.0,311.0,109.0,0.0,6.0,141.0,16.0,94.0
70,4743950912.0,22.0,13.0,11.0,32.0,0.0,137.0,7.0,1.0,2.0,9.0,23.0,6.0,15.0,59.0,125.0,142.0,47.0,0.0,26.0,31.0,53.0,47.0,38.0,13.0,4.0,30.0,3.0,19.0,0.0,79.0,5.0,0.0,70.0,25.0,26.0,11.0,89.0,79.0,2.0,173.0,37.0,113.0,38.0,8.0,3.0,24.0,77.0,16.0,14.0,8.0,6.0,30.0,0.0,1.0,93.0,2.0,4.0,177.0,5.0,0.0,19.0,189.0,23.0,151.0,18.0,0.0,23.0,84.0,265.0,0.0,70.0,69.0,1.0,118.0,2.0,23.0,14.0,12.0,24.0,6.0,13.0,6.0,28.0,31.0,1.0,82.0,4.0,7.0,141.0,18.0,73.0,75.0,8.0,3.0,9.0,3.0,123.0,58.0,0.0,6.0,51.0,10.0,71.0
71,492321808.0,2.0,2.0,2.0,3.0,0.0,58.0,2.0,1.0,0.0,1.0,4.0,1.0,3.0,38.0,70.0,79.0,33.0,0.0,4.0,2.0,50.0,32.0,3.0,11.0,5.0,16.0,0.0,6.0,0.0,53.0,0.0,0.0,55.0,25.0,11.0,1.0,45.0,53.0,1.0,79.0,37.0,58.0,8.0,0.0,3.0,17.0,52.0,1.0,3.0,2.0,2.0,4.0,0.0,0.0,44.0,0.0,0.0,70.0,2.0,0.0,2.0,56.0,2.0,68.0,19.0,0.0,16.0,51.0,108.0,70.0,0.0,37.0,0.0,55.0,1.0,4.0,1.0,3.0,1.0,1.0,4.0,0.0,3.0,17.0,0.0,35.0,1.0,1.0,72.0,4.0,50.0,62.0,1.0,0.0,2.0,1.0,88.0,36.0,0.0,6.0,5.0,9.0,37.0
72,492790630.0,6.0,3.0,4.0,6.0,0.0,63.0,3.0,1.0,0.0,7.0,8.0,1.0,5.0,32.0,56.0,78.0,27.0,0.0,6.0,5.0,48.0,17.0,7.0,9.0,7.0,17.0,1.0,4.0,0.0,42.0,1.0,0.0,49.0,22.0,11.0,4.0,32.0,38.0,2.0,78.0,19.0,63.0,11.0,1.0,3.0,13.0,33.0,1.0,2.0,5.0,1.0,6.0,0.0,0.0,31.0,1.0,0.0,63.0,2.0,0.0,6.0,74.0,7.0,73.0,11.0,0.0,10.0,50.0,107.0,69.0,37.0,0.0,0.0,114.0,0.0,5.0,2.0,1.0,6.0,2.0,4.0,2.0,7.0,17.0,1.0,44.0,1.0,3.0,54.0,5.0,27.0,37.0,2.0,0.0,5.0,1.0,57.0,25.0,0.0,4.0,8.0,5.0,32.0
73,504720596.0,0.0,0.0,2.0,2.0,0.0,0.0,1.0,0.0,0.0,0.0,2.0,0.0,0.0,0.0,0.0,2.0,0.0,0.0,1.0,5.0,0.0,0.0,3.0,0.0,0.0,0.0,0.0,3.0,0.0,0.0,0.0,0.0,0.0,0.0,1.0,3.0,0.0,0.0,0.0,1.0,0.0,0.0,0.0,0.0,0.0,0.0,0.0,2.0,2.0,0.0,2.0,1.0,0.0,0.0,0.0,0.0,0.0,3.0,2.0,0.0,2.0,0.0,3.0,0.0,0.0,0.0,0.0,0.0,3.0,1.0,0.0,0.0,0.0,0.0,0.0,0.0,0.0,3.0,3.0,1.0,0.0,0.0,2.0,0.0,0.0,0.0,0.0,1.0,0.0,0.0,0.0,0.0,1.0,1.0,0.0,0.0,0.0,0.0,0.0,0.0,2.0,0.0,0.0
74,510442496.0,19.0,13.0,19.0,19.0,0.0,113.0,8.0,6.0,0.0,10.0,31.0,1.0,12.0,48.0,117.0,140.0,47.0,0.0,19.0,14.0,57.0,26.0,27.0,12.0,5.0,22.0,4.0,12.0,0.0,95.0,7.0,0.0,78.0,32.0,31.0,7.0,50.0,52.0,2.0,175.0,26.0,116.0,25.0,5.0,3.0,19.0,57.0,10.0,6.0,9.0,6.0,24.0,0.0,0.0,71.0,4.0,0.0,142.0,4.0,0.0,15.0,154.0,21.0,145.0,11.0,0.0,13.0,86.0,235.0,118.0,55.0,114.0,0.0,0.0,2.0,12.0,11.0,4.0,16.0,9.0,23.0,7.0,23.0,27.0,6.0,91.0,7.0,5.0,109.0,17.0,61.0,56.0,6.0,0.0,19.0,4.0,127.0,46.0,0.0,6.0,37.0,11.0,57.0
75,550382928.0,2.0,2.0,2.0,3.0,1.0,1.0,2.0,1.0,0.0,1.0,1.0,1.0,3.0,0.0,0.0,0.0,0.0,0.0,2.0,1.0,1.0,0.0,1.0,0.0,0.0,0.0,0.0,3.0,0.0,1.0,0.0,0.0,0.0,0.0,1.0,3.0,0.0,0.0,0.0,1.0,0.0,0.0,0.0,0.0,0.0,0.0,1.0,4.0,7.0,0.0,1.0,2.0,0.0,2.0,0.0,0.0,1.0,0.0,5.0,0.0,0.0,0.0,1.0,1.0,0.0,0.0,0.0,0.0,1.0,2.0,1.0,0.0,0.0,2.0,0.0,0.0,2.0,2.0,1.0,1.0,2.0,0.0,1.0,0.0,0.0,0.0,0.0,2.0,0.0,1.0,0.0,0.0,1.0,0.0,1.0,1.0,0.0,0.0,0.0,1.0,1.0,0.0,0.0
76,55518713.0,14.0,11.0,24.0,18.0,2.0,26.0,7.0,8.0,2.0,1.0,26.0,5.0,15.0,0.0,17.0,31.0,6.0,0.0,24.0,34.0,5.0,2.0,40.0,1.0,0.0,5.0,1.0,30.0,0.0,15.0,3.0,0.0,7.0,3.0,21.0,12.0,8.0,1.0,6.0,29.0,3.0,12.0,9.0,3.0,0.0,4.0,2.0,10.0,10.0,7.0,11.0,29.0,0.0,1.0,13.0,1.0,3.0,33.0,15.0,0.0,28.0,28.0,18.0,12.0,0.0,3.0,0.0,9.0,37.0,23.0,4.0,5.0,0.0,12.0,0.0,0.0,16.0,23.0,31.0,9.0,30.0,3.0,23.0,5.0,1.0,10.0,3.0,8.0,11.0,3.0,5.0,9.0,14.0,6.0,11.0,5.0,6.0,1.0,0.0,0.0,58.0,2.0,11.0
77,56765016.0,36.0,21.0,25.0,49.0,0.0,15.0,9.0,7.0,1.0,11.0,44.0,4.0,14.0,0.0,8.0,22.0,4.0,0.0,35.0,14.0,1.0,1.0,53.0,0.0,1.0,1.0,8.0,11.0,0.0,7.0,14.0,0.0,2.0,0.0,4.0,7.0,2.0,1.0,6.0,14.0,0.0,4.0,15.0,4.0,0.0,1.0,1.0,17.0,9.0,9.0,7.0,33.0,1.0,0.0,0.0,4.0,10.0,16.0,5.0,3.0,21.0,29.0,49.0,6.0,0.0,0.0,0.0,3.0,34.0,14.0,1.0,2.0,0.0,11.0,2.0,16.0,0.0,7.0,41.0,4.0,8.0,10.0,57.0,1.0,7.0,2.0,15.0,4.0,9.0,3.0,4.0,2.0,21.0,0.0,13.0,5.0,2.0,0.0,0.0,0.0,79.0,2.0,4.0
78,57283072.0,9.0,13.0,23.0,42.0,2.0,11.0,21.0,11.0,2.0,25.0,44.0,4.0,39.0,0.0,5.0,27.0,1.0,0.0,38.0,114.0,3.0,0.0,26.0,0.0,0.0,1.0,4.0,26.0,0.0,5.0,4.0,0.0,4.0,1.0,19.0,35.0,1.0,0.0,3.0,11.0,0.0,2.0,2.0,0.0,0.0,1.0,1.0,21.0,40.0,7.0,18.0,50.0,0.0,1.0,1.0,1.0,7.0,26.0,16.0,0.0,27.0,11.0,18.0,5.0,0.0,3.0,0.0,1.0,20.0,12.0,3.0,1.0,3.0,4.0,2.0,23.0,7.0,0.0,42.0,24.0,12.0,7.0,20.0,0.0,1.0,1.0,3.0,6.0,7.0,3.0,3.0,0.0,4.0,2.0,9.0,12.0,0.0,0.0,0.0,0.0,72.0,2.0,1.0
79,59399169.0,55.0,36.0,47.0,82.0,2.0,26.0,17.0,26.0,3.0,29.0,87.0,8.0,46.0,0.0,8.0,37.0,5.0,0.0,53.0,75.0,2.0,1.0,95.0,1.0,0.0,6.0,9.0,31.0,0.0,9.0,14.0,0.0,7.0,2.0,14.0,20.0,4.0,1.0,17.0,32.0,0.0,10.0,22.0,10.0,0.0,5.0,2.0,34.0,24.0,22.0,22.0,70.0,1.0,1.0,4.0,6.0,12.0,40.0,24.0,0.0,52.0,42.0,66.0,11.0,0.0,5.0,0.0,5.0,63.0,24.0,1.0,6.0,3.0,16.0,1.0,31.0,41.0,42.0,0.0,27.0,11.0,17.0,96.0,2.0,5.0,5.0,19.0,10.0,13.0,5.0,10.0,4.0,14.0,3.0,19.0,11.0,2.0,1.0,0.0,0.0,130.0,3.0,4.0
80,62766520.0,4.0,4.0,13.0,24.0,1.0,11.0,7.0,42.0,1.0,50.0,21.0,3.0,76.0,0.0,6.0,22.0,1.0,0.0,12.0,25.0,2.0,0.0,11.0,0.0,0.0,0.0,2.0,11.0,0.0,8.0,2.0,0.0,3.0,1.0,15.0,8.0,2.0,0.0,3.0,11.0,1.0,4.0,5.0,2.0,0.0,3.0,1.0,5.0,13.0,5.0,2.0,20.0,0.0,1.0,3.0,0.0,5.0,7.0,3.0,0.0,11.0,9.0,10.0,4.0,0.0,2.0,0.0,0.0,17.0,6.0,1.0,2.0,1.0,9.0,1.0,9.0,4.0,24.0,27.0,0.0,9.0,3.0,14.0,2.0,3.0,5.0,1.0,6.0,6.0,2.0,1.0,2.0,10.0,0.0,5.0,6.0,2.0,0.0,0.0,0.0,42.0,0.0,3.0
81,63513043.0,5.0,6.0,100.0,15.0,2.0,10.0,8.0,7.0,3.0,7.0,31.0,27.0,21.0,0.0,15.0,28.0,4.0,0.0,14.0,27.0,3.0,0.0,43.0,0.0,0.0,2.0,1.0,27.0,0.0,17.0,3.0,0.0,4.0,1.0,28.0,8.0,7.0,1.0,0.0,29.0,6.0,11.0,3.0,0.0,0.0,2.0,3.0,4.0,16.0,4.0,6.0,21.0,0.0,2.0,12.0,2.0,3.0,16.0,7.0,0.0,12.0,16.0,14.0,5.0,1.0,2.0,0.0,2.0,51.0,13.0,4.0,4.0,0.0,23.0,2.0,30.0,8.0,12.0,11.0,9.0,0.0,0.0,15.0,4.0,0.0,8.0,2.0,9.0,8.0,2.0,1.0,8.0,10.0,4.0,12.0,4.0,7.0,3.0,0.0,0.0,41.0,2.0,6.0
82,65885323.0,15.0,8.0,10.0,21.0,0.0,6.0,1.0,4.0,0.0,5.0,16.0,1.0,7.0,0.0,1.0,6.0,0.0,0.0,10.0,7.0,0.0,0.0,20.0,0.0,0.0,0.0,2.0,5.0,0.0,3.0,5.0,0.0,1.0,0.0,1.0,1.0,1.0,0.0,3.0,7.0,0.0,2.0,3.0,4.0,0.0,2.0,1.0,10.0,4.0,6.0,5.0,13.0,0.0,1.0,1.0,1.0,0.0,7.0,2.0,0.0,9.0,10.0,13.0,4.0,0.0,0.0,0.0,3.0,13.0,6.0,0.0,2.0,0.0,7.0,0.0,3.0,10.0,7.0,17.0,3.0,0.0,0.0,18.0,0.0,4.0,2.0,5.0,3.0,3.0,2.0,1.0,1.0,4.0,0.0,7.0,2.0,1.0,0.0,0.0,0.0,19.0,1.0,1.0
