,0,1,2,3,4,5,6,7,8,9,10,11,12,13,14,15,16,17,18,19,20,21,22,23,24,25,26,27,28,29,30,31,32,33,34,35,36,37,38,39,40,41,42,43,44,45,46,47,48,49,50,51,52,53,54,55,56,57,58,59,60
0,-1.0,119731714.0,122949035.0,1311500713.0,131881172.0,133181241.0,1356673687.0,135803317.0,137642660.0,14216583.0,147871831.0,15583992.0,162031876.0,164493626.0,164958548.0,1651092140.0,1666288112.0,166855560.0,173338012.0,187196080.0,1951177484.0,221230073.0,223415493.0,236870463.0,2389257901.0,240054450.0,2553817934.0,256865363.0,261323160.0,283143017.0,2835865765.0,284867370.0,286625089.0,297846849.0,3155484370.0,3269633514.0,3299791117.0,3306087703.0,333948601.0,3352983190.0,3389726902.0,376622201.0,380840065.0,382527275.0,395940079.0,415592659.0,415655533.0,4415611873.0,457197303.0,488879471.0,569195664.0,59146843.0,59399169.0,6222502.0,636690842.0,65644622.0,708234968.0,723407058.0,7.463468283254907e+17,76327953.0,861912342.0
1,119731714.0,0.0,32.0,22.0,14.0,18.0,5.0,72.0,7.0,21.0,21.0,34.0,73.0,1.0,57.0,59.0,0.0,59.0,37.0,12.0,7.0,93.0,45.0,6.0,0.0,19.0,168.0,110.0,36.0,1.0,3.0,4.0,0.0,1.0,0.0,2.0,14.0,2.0,23.0,39.0,1.0,5.0,3.0,0.0,0.0,0.0,53.0,49.0,86.0,2.0,20.0,166.0,104.0,8.0,2.0,6.0,4.0,1.0,265.0,0.0,5.0
2,122949035.0,32.0,0.0,1.0,5.0,0.0,0.0,15.0,5.0,0.0,2.0,4.0,25.0,0.0,7.0,34.0,0.0,16.0,7.0,12.0,0.0,32.0,26.0,0.0,0.0,14.0,41.0,32.0,7.0,0.0,0.0,2.0,0.0,0.0,0.0,1.0,12.0,0.0,3.0,6.0,0.0,0.0,0.0,0.0,0.0,1.0,10.0,3.0,6.0,0.0,0.0,12.0,39.0,0.0,1.0,0.0,0.0,1.0,60.0,0.0,1.0
3,1311500713.0,22.0,1.0,0.0,0.0,5.0,1.0,2.0,2.0,3.0,3.0,4.0,4.0,0.0,11.0,3.0,0.0,8.0,34.0,1.0,2.0,11.0,2.0,1.0,0.0,12.0,13.0,16.0,5.0,0.0,2.0,5.0,0.0,0.0,0.0,1.0,0.0,0.0,15.0,10.0,0.0,2.0,0.0,0.0,0.0,0.0,7.0,16.0,9.0,0.0,9.0,24.0,9.0,1.0,0.0,1.0,0.0,0.0,28.0,0.0,0.0
4,131881172.0,14.0,5.0,0.0,0.0,0.0,0.0,15.0,0.0,0.0,3.0,2.0,13.0,0.0,4.0,13.0,0.0,4.0,0.0,1.0,0.0,7.0,3.0,0.0,0.0,3.0,18.0,8.0,7.0,0.0,0.0,0.0,0.0,0.0,0.0,0.0,3.0,0.0,0.0,2.0,0.0,0.0,0.0,0.0,0.0,0.0,0.0,0.0,11.0,0.0,0.0,18.0,11.0,0.0,3.0,0.0,0.0,1.0,24.0,0.0,0.0
5,133181241.0,18.0,0.0,5.0,0.0,0.0,1.0,5.0,1.0,3.0,4.0,6.0,5.0,0.0,11.0,2.0,0.0,7.0,5.0,2.0,3.0,8.0,3.0,0.0,0.0,4.0,12.0,11.0,7.0,0.0,3.0,1.0,0.0,0.0,0.0,2.0,0.0,0.0,6.0,17.0,0.0,0.0,0.0,0.0,0.0,0.0,10.0,14.0,10.0,2.0,4.0,13.0,8.0,1.0,0.0,2.0,1.0,0.0,18.0,0.0,0.0
6,1356673687.0,5.0,0.0,1.0,0.0,1.0,0.0,0.0,0.0,3.0,2.0,2.0,2.0,0.0,7.0,0.0,0.0,1.0,1.0,1.0,2.0,3.0,0.0,6.0,0.0,1.0,1.0,2.0,1.0,1.0,1.0,1.0,0.0,1.0,0.0,1.0,0.0,0.0,2.0,3.0,2.0,1.0,0.0,0.0,0.0,0.0,2.0,1.0,1.0,1.0,1.0,6.0,3.0,2.0,0.0,2.0,1.0,0.0,3.0,1.0,0.0
7,135803317.0,72.0,15.0,2.0,15.0,5.0,0.0,0.0,2.0,3.0,18.0,11.0,43.0,0.0,17.0,40.0,0.0,31.0,4.0,5.0,1.0,32.0,20.0,1.0,0.0,13.0,112.0,32.0,24.0,0.0,0.0,0.0,0.0,0.0,0.0,0.0,18.0,1.0,3.0,11.0,0.0,0.0,0.0,0.0,0.0,0.0,7.0,8.0,30.0,0.0,1.0,81.0,39.0,1.0,9.0,1.0,0.0,1.0,201.0,0.0,0.0
8,137642660.0,7.0,5.0,2.0,0.0,1.0,0.0,2.0,0.0,1.0,2.0,1.0,4.0,0.0,8.0,3.0,0.0,4.0,3.0,1.0,0.0,6.0,7.0,0.0,0.0,1.0,8.0,5.0,3.0,0.0,0.0,1.0,0.0,0.0,0.0,1.0,2.0,0.0,1.0,2.0,0.0,0.0,0.0,0.0,0.0,0.0,5.0,2.0,3.0,0.0,2.0,2.0,8.0,0.0,0.0,0.0,0.0,0.0,11.0,0.0,0.0
9,14216583.0,21.0,0.0,3.0,0.0,3.0,3.0,3.0,1.0,0.0,0.0,10.0,5.0,0.0,14.0,0.0,0.0,9.0,5.0,2.0,1.0,12.0,1.0,1.0,0.0,1.0,14.0,6.0,4.0,8.0,0.0,3.0,5.0,0.0,0.0,1.0,0.0,0.0,5.0,9.0,0.0,0.0,2.0,0.0,4.0,0.0,4.0,9.0,12.0,0.0,10.0,27.0,7.0,5.0,0.0,5.0,5.0,0.0,11.0,0.0,0.0
10,147871831.0,21.0,2.0,3.0,3.0,4.0,2.0,18.0,2.0,0.0,0.0,8.0,13.0,0.0,15.0,12.0,0.0,13.0,4.0,4.0,1.0,12.0,6.0,0.0,0.0,7.0,20.0,14.0,9.0,0.0,2.0,0.0,0.0,0.0,0.0,2.0,4.0,1.0,2.0,7.0,0.0,1.0,0.0,0.0,0.0,0.0,6.0,5.0,8.0,2.0,4.0,19.0,16.0,0.0,2.0,1.0,0.0,1.0,29.0,0.0,0.0
11,15583992.0,34.0,4.0,4.0,2.0,6.0,2.0,11.0,1.0,10.0,8.0,0.0,19.0,0.0,11.0,9.0,0.0,20.0,9.0,3.0,6.0,17.0,6.0,2.0,0.0,6.0,32.0,17.0,9.0,0.0,2.0,2.0,0.0,1.0,0.0,1.0,3.0,0.0,7.0,16.0,2.0,2.0,0.0,0.0,0.0,0.0,11.0,18.0,20.0,1.0,10.0,27.0,17.0,4.0,2.0,5.0,2.0,1.0,33.0,0.0,2.0
12,162031876.0,73.0,25.0,4.0,13.0,5.0,2.0,43.0,4.0,5.0,13.0,19.0,0.0,0.0,22.0,40.0,0.0,32.0,11.0,7.0,2.0,49.0,23.0,0.0,0.0,16.0,83.0,52.0,11.0,1.0,1.0,1.0,0.0,1.0,0.0,2.0,18.0,1.0,10.0,16.0,1.0,2.0,0.0,0.0,0.0,0.0,14.0,5.0,23.0,1.0,2.0,55.0,54.0,2.0,2.0,4.0,3.0,1.0,107.0,0.0,1.0
13,164493626.0,1.0,0.0,0.0,0.0,0.0,0.0,0.0,0.0,0.0,0.0,0.0,0.0,0.0,1.0,0.0,0.0,1.0,0.0,0.0,1.0,3.0,1.0,0.0,0.0,1.0,1.0,1.0,0.0,0.0,0.0,0.0,0.0,0.0,0.0,0.0,0.0,0.0,1.0,1.0,0.0,0.0,0.0,0.0,0.0,0.0,1.0,0.0,2.0,0.0,0.0,3.0,1.0,0.0,0.0,0.0,0.0,0.0,4.0,0.0,0.0
14,164958548.0,57.0,7.0,11.0,4.0,11.0,7.0,17.0,8.0,14.0,15.0,11.0,22.0,1.0,0.0,23.0,0.0,32.0,11.0,8.0,4.0,37.0,24.0,4.0,0.0,11.0,52.0,52.0,20.0,1.0,5.0,7.0,0.0,1.0,0.0,2.0,5.0,1.0,17.0,48.0,0.0,1.0,2.0,0.0,0.0,0.0,25.0,22.0,24.0,3.0,14.0,65.0,31.0,9.0,0.0,5.0,1.0,0.0,65.0,1.0,0.0
15,1651092140.0,59.0,34.0,3.0,13.0,2.0,0.0,40.0,3.0,0.0,12.0,9.0,40.0,0.0,23.0,0.0,0.0,30.0,7.0,12.0,1.0,46.0,40.0,0.0,0.0,21.0,80.0,58.0,16.0,0.0,1.0,2.0,0.0,0.0,0.0,1.0,21.0,0.0,4.0,10.0,0.0,0.0,0.0,0.0,0.0,0.0,12.0,4.0,20.0,0.0,2.0,32.0,54.0,0.0,4.0,0.0,0.0,1.0,137.0,0.0,0.0
16,1666288112.0,0.0,0.0,0.0,0.0,0.0,0.0,0.0,0.0,0.0,0.0,0.0,0.0,0.0,0.0,0.0,0.0,0.0,0.0,0.0,0.0,0.0,0.0,0.0,0.0,0.0,0.0,0.0,0.0,0.0,0.0,0.0,0.0,1.0,0.0,0.0,0.0,0.0,0.0,0.0,0.0,0.0,0.0,0.0,0.0,0.0,0.0,0.0,0.0,0.0,0.0,0.0,0.0,0.0,0.0,0.0,0.0,0.0,0.0,0.0,0.0
17,166855560.0,59.0,16.0,8.0,4.0,7.0,1.0,31.0,4.0,9.0,13.0,20.0,32.0,1.0,32.0,30.0,0.0,0.0,12.0,12.0,6.0,70.0,43.0,3.0,0.0,11.0,79.0,66.0,21.0,0.0,3.0,3.0,0.0,1.0,0.0,2.0,12.0,0.0,9.0,26.0,2.0,3.0,1.0,0.0,0.0,0.0,21.0,13.0,27.0,3.0,16.0,65.0,40.0,3.0,3.0,5.0,2.0,1.0,105.0,0.0,1.0
18,173338012.0,37.0,7.0,34.0,0.0,5.0,1.0,4.0,3.0,5.0,4.0,9.0,11.0,0.0,11.0,7.0,0.0,12.0,0.0,3.0,2.0,15.0,4.0,1.0,0.0,5.0,20.0,12.0,6.0,1.0,1.0,2.0,0.0,0.0,0.0,3.0,3.0,1.0,6.0,10.0,0.0,0.0,0.0,67.0,0.0,0.0,10.0,12.0,23.0,0.0,111.0,18.0,13.0,2.0,0.0,2.0,0.0,0.0,46.0,0.0,0.0
19,187196080.0,12.0,12.0,1.0,1.0,2.0,1.0,5.0,1.0,2.0,4.0,3.0,7.0,0.0,8.0,12.0,0.0,12.0,3.0,0.0,1.0,16.0,22.0,1.0,0.0,5.0,11.0,16.0,4.0,1.0,0.0,1.0,0.0,0.0,0.0,1.0,4.0,0.0,5.0,7.0,0.0,0.0,0.0,0.0,0.0,0.0,6.0,1.0,3.0,1.0,1.0,9.0,13.0,3.0,0.0,0.0,0.0,0.0,23.0,0.0,0.0
20,1951177484.0,7.0,0.0,2.0,0.0,3.0,2.0,1.0,0.0,1.0,1.0,6.0,2.0,1.0,4.0,1.0,0.0,6.0,2.0,1.0,0.0,2.0,0.0,6.0,0.0,1.0,8.0,4.0,3.0,0.0,0.0,0.0,0.0,0.0,0.0,0.0,0.0,0.0,0.0,9.0,0.0,0.0,0.0,0.0,0.0,0.0,3.0,5.0,4.0,0.0,3.0,4.0,3.0,2.0,0.0,4.0,0.0,0.0,9.0,0.0,0.0
21,221230073.0,93.0,32.0,11.0,7.0,8.0,3.0,32.0,6.0,12.0,12.0,17.0,49.0,3.0,37.0,46.0,0.0,70.0,15.0,16.0,2.0,0.0,43.0,3.0,0.0,14.0,119.0,67.0,20.0,0.0,4.0,2.0,0.0,1.0,0.0,4.0,17.0,0.0,9.0,17.0,1.0,1.0,0.0,0.0,1.0,0.0,26.0,15.0,30.0,3.0,9.0,86.0,73.0,4.0,1.0,4.0,1.0,2.0,144.0,0.0,0.0
22,223415493.0,45.0,26.0,2.0,3.0,3.0,0.0,20.0,7.0,1.0,6.0,6.0,23.0,1.0,24.0,40.0,0.0,43.0,4.0,22.0,0.0,43.0,0.0,0.0,0.0,10.0,59.0,62.0,30.0,0.0,3.0,2.0,0.0,0.0,0.0,1.0,14.0,0.0,10.0,12.0,0.0,0.0,0.0,0.0,0.0,0.0,19.0,11.0,14.0,0.0,3.0,47.0,46.0,0.0,0.0,0.0,1.0,0.0,134.0,0.0,1.0
23,236870463.0,6.0,0.0,1.0,0.0,0.0,6.0,1.0,0.0,1.0,0.0,2.0,0.0,0.0,4.0,0.0,0.0,3.0,1.0,1.0,6.0,3.0,0.0,0.0,0.0,0.0,2.0,4.0,1.0,0.0,0.0,0.0,0.0,0.0,0.0,0.0,0.0,0.0,1.0,4.0,1.0,1.0,0.0,0.0,0.0,0.0,2.0,3.0,7.0,0.0,3.0,4.0,2.0,1.0,0.0,11.0,0.0,0.0,5.0,0.0,0.0
24,2389257901.0,0.0,0.0,0.0,0.0,0.0,0.0,0.0,0.0,0.0,0.0,0.0,0.0,0.0,0.0,0.0,0.0,0.0,0.0,0.0,0.0,0.0,0.0,0.0,0.0,0.0,0.0,0.0,0.0,0.0,0.0,0.0,0.0,0.0,0.0,0.0,0.0,0.0,0.0,0.0,0.0,0.0,0.0,0.0,0.0,0.0,0.0,0.0,0.0,0.0,0.0,0.0,0.0,0.0,0.0,0.0,0.0,0.0,0.0,0.0,0.0
25,240054450.0,19.0,14.0,12.0,3.0,4.0,1.0,13.0,1.0,1.0,7.0,6.0,16.0,1.0,11.0,21.0,0.0,11.0,5.0,5.0,1.0,14.0,10.0,0.0,0.0,0.0,25.0,23.0,8.0,0.0,1.0,0.0,0.0,0.0,0.0,1.0,6.0,1.0,13.0,7.0,0.0,1.0,0.0,0.0,0.0,0.0,7.0,5.0,7.0,0.0,1.0,22.0,18.0,0.0,2.0,1.0,0.0,1.0,37.0,0.0,0.0
26,2553817934.0,168.0,41.0,13.0,18.0,12.0,1.0,112.0,8.0,14.0,20.0,32.0,83.0,1.0,52.0,80.0,0.0,79.0,20.0,11.0,8.0,119.0,59.0,2.0,0.0,25.0,0.0,111.0,49.0,0.0,5.0,1.0,0.0,0.0,0.0,3.0,28.0,0.0,15.0,37.0,0.0,2.0,3.0,0.0,0.0,0.0,30.0,47.0,61.0,1.0,15.0,114.0,94.0,3.0,6.0,6.0,1.0,1.0,321.0,0.0,5.0
27,256865363.0,110.0,32.0,16.0,8.0,11.0,2.0,32.0,5.0,6.0,14.0,17.0,52.0,1.0,52.0,58.0,0.0,66.0,12.0,16.0,4.0,67.0,62.0,4.0,0.0,23.0,111.0,0.0,29.0,0.0,5.0,4.0,0.0,1.0,0.0,3.0,17.0,0.0,26.0,38.0,1.0,4.0,0.0,0.0,1.0,1.0,56.0,33.0,30.0,3.0,9.0,82.0,85.0,2.0,2.0,5.0,3.0,1.0,160.0,0.0,2.0
28,261323160.0,36.0,7.0,5.0,7.0,7.0,1.0,24.0,3.0,4.0,9.0,9.0,11.0,0.0,20.0,16.0,0.0,21.0,6.0,4.0,3.0,20.0,30.0,1.0,0.0,8.0,49.0,29.0,0.0,0.0,2.0,0.0,0.0,1.0,0.0,0.0,6.0,0.0,11.0,12.0,1.0,1.0,0.0,0.0,0.0,0.0,10.0,16.0,24.0,2.0,5.0,41.0,19.0,1.0,1.0,1.0,1.0,1.0,75.0,0.0,1.0
29,283143017.0,1.0,0.0,0.0,0.0,0.0,1.0,0.0,0.0,8.0,0.0,0.0,1.0,0.0,1.0,0.0,0.0,0.0,1.0,1.0,0.0,0.0,0.0,0.0,0.0,0.0,0.0,0.0,0.0,0.0,0.0,1.0,13.0,0.0,0.0,4.0,0.0,0.0,0.0,1.0,0.0,0.0,0.0,0.0,4.0,0.0,0.0,0.0,1.0,0.0,0.0,1.0,0.0,1.0,0.0,0.0,10.0,0.0,3.0,0.0,1.0
30,2835865765.0,3.0,0.0,2.0,0.0,3.0,1.0,0.0,0.0,0.0,2.0,2.0,1.0,0.0,5.0,1.0,0.0,3.0,1.0,0.0,0.0,4.0,3.0,0.0,0.0,1.0,5.0,5.0,2.0,0.0,0.0,1.0,0.0,0.0,0.0,2.0,0.0,0.0,4.0,7.0,0.0,0.0,2.0,0.0,0.0,0.0,3.0,5.0,5.0,1.0,0.0,3.0,5.0,0.0,0.0,1.0,0.0,0.0,8.0,0.0,0.0
31,284867370.0,4.0,2.0,5.0,0.0,1.0,1.0,0.0,1.0,3.0,0.0,2.0,1.0,0.0,7.0,2.0,0.0,3.0,2.0,1.0,0.0,2.0,2.0,0.0,0.0,0.0,1.0,4.0,0.0,1.0,1.0,0.0,0.0,0.0,0.0,1.0,0.0,0.0,5.0,9.0,0.0,0.0,0.0,0.0,0.0,0.0,7.0,2.0,1.0,0.0,1.0,11.0,1.0,3.0,0.0,0.0,0.0,0.0,8.0,0.0,1.0
32,286625089.0,0.0,0.0,0.0,0.0,0.0,0.0,0.0,0.0,5.0,0.0,0.0,0.0,0.0,0.0,0.0,0.0,0.0,0.0,0.0,0.0,0.0,0.0,0.0,0.0,0.0,0.0,0.0,0.0,13.0,0.0,0.0,0.0,0.0,0.0,6.0,0.0,0.0,0.0,0.0,0.0,0.0,0.0,0.0,4.0,0.0,0.0,0.0,1.0,0.0,0.0,0.0,0.0,0.0,0.0,0.0,10.0,0.0,1.0,0.0,1.0
33,297846849.0,1.0,0.0,0.0,0.0,0.0,1.0,0.0,0.0,0.0,0.0,1.0,1.0,0.0,1.0,0.0,1.0,1.0,0.0,0.0,0.0,1.0,0.0,0.0,0.0,0.0,0.0,1.0,1.0,0.0,0.0,0.0,0.0,0.0,0.0,0.0,0.0,0.0,1.0,2.0,1.0,1.0,0.0,0.0,0.0,1.0,1.0,0.0,0.0,1.0,0.0,1.0,1.0,1.0,0.0,0.0,1.0,0.0,1.0,0.0,0.0
34,3155484370.0,0.0,0.0,0.0,0.0,0.0,0.0,0.0,0.0,0.0,0.0,0.0,0.0,0.0,0.0,0.0,0.0,0.0,0.0,0.0,0.0,0.0,0.0,0.0,0.0,0.0,0.0,0.0,0.0,0.0,0.0,0.0,0.0,0.0,0.0,0.0,0.0,0.0,0.0,0.0,0.0,0.0,0.0,0.0,0.0,0.0,0.0,2.0,0.0,0.0,0.0,0.0,0.0,0.0,0.0,0.0,0.0,0.0,0.0,0.0,0.0
35,3269633514.0,2.0,1.0,1.0,0.0,2.0,1.0,0.0,1.0,1.0,2.0,1.0,2.0,0.0,2.0,1.0,0.0,2.0,3.0,1.0,0.0,4.0,1.0,0.0,0.0,1.0,3.0,3.0,0.0,4.0,2.0,1.0,6.0,0.0,0.0,0.0,1.0,0.0,1.0,4.0,0.0,0.0,0.0,0.0,1.0,0.0,3.0,2.0,5.0,0.0,0.0,1.0,2.0,1.0,0.0,1.0,2.0,0.0,4.0,0.0,2.0
36,3299791117.0,14.0,12.0,0.0,3.0,0.0,0.0,18.0,2.0,0.0,4.0,3.0,18.0,0.0,5.0,21.0,0.0,12.0,3.0,4.0,0.0,17.0,14.0,0.0,0.0,6.0,28.0,17.0,6.0,0.0,0.0,0.0,0.0,0.0,0.0,1.0,0.0,0.0,0.0,4.0,0.0,0.0,0.0,0.0,0.0,0.0,2.0,0.0,9.0,0.0,0.0,23.0,22.0,0.0,2.0,0.0,0.0,0.0,48.0,0.0,0.0
37,3306087703.0,2.0,0.0,0.0,0.0,0.0,0.0,1.0,0.0,0.0,1.0,0.0,1.0,0.0,1.0,0.0,0.0,0.0,1.0,0.0,0.0,0.0,0.0,0.0,0.0,1.0,0.0,0.0,0.0,0.0,0.0,0.0,0.0,0.0,0.0,0.0,0.0,0.0,2.0,0.0,0.0,0.0,0.0,0.0,0.0,0.0,1.0,0.0,0.0,0.0,0.0,3.0,0.0,0.0,0.0,0.0,0.0,0.0,0.0,0.0,0.0
38,333948601.0,23.0,3.0,15.0,0.0,6.0,2.0,3.0,1.0,5.0,2.0,7.0,10.0,1.0,17.0,4.0,0.0,9.0,6.0,5.0,0.0,9.0,10.0,1.0,0.0,13.0,15.0,26.0,11.0,0.0,4.0,5.0,0.0,1.0,0.0,1.0,0.0,2.0,0.0,15.0,1.0,3.0,0.0,0.0,2.0,0.0,22.0,16.0,13.0,1.0,1.0,21.0,18.0,3.0,0.0,4.0,2.0,1.0,28.0,0.0,2.0
39,3352983190.0,39.0,6.0,10.0,2.0,17.0,3.0,11.0,2.0,9.0,7.0,16.0,16.0,1.0,48.0,10.0,0.0,26.0,10.0,7.0,9.0,17.0,12.0,4.0,0.0,7.0,37.0,38.0,12.0,1.0,7.0,9.0,0.0,2.0,0.0,4.0,4.0,0.0,15.0,0.0,1.0,2.0,1.0,0.0,2.0,0.0,19.0,26.0,24.0,4.0,10.0,35.0,20.0,8.0,0.0,5.0,3.0,1.0,60.0,0.0,2.0
40,3389726902.0,1.0,0.0,0.0,0.0,0.0,2.0,0.0,0.0,0.0,0.0,2.0,1.0,0.0,0.0,0.0,0.0,2.0,0.0,0.0,0.0,1.0,0.0,1.0,0.0,0.0,0.0,1.0,1.0,0.0,0.0,0.0,0.0,1.0,0.0,0.0,0.0,0.0,1.0,1.0,0.0,1.0,0.0,0.0,0.0,0.0,1.0,0.0,0.0,1.0,2.0,1.0,1.0,1.0,0.0,1.0,1.0,0.0,2.0,0.0,0.0
41,376622201.0,5.0,0.0,2.0,0.0,0.0,1.0,0.0,0.0,0.0,1.0,2.0,2.0,0.0,1.0,0.0,0.0,3.0,0.0,0.0,0.0,1.0,0.0,1.0,0.0,1.0,2.0,4.0,1.0,0.0,0.0,0.0,0.0,1.0,0.0,0.0,0.0,0.0,3.0,2.0,1.0,0.0,0.0,0.0,0.0,0.0,3.0,0.0,1.0,1.0,0.0,2.0,2.0,1.0,0.0,1.0,2.0,0.0,5.0,0.0,2.0
42,380840065.0,3.0,0.0,0.0,0.0,0.0,0.0,0.0,0.0,2.0,0.0,0.0,0.0,0.0,2.0,0.0,0.0,1.0,0.0,0.0,0.0,0.0,0.0,0.0,0.0,0.0,3.0,0.0,0.0,0.0,2.0,0.0,0.0,0.0,0.0,0.0,0.0,0.0,0.0,1.0,0.0,0.0,0.0,0.0,0.0,0.0,0.0,0.0,0.0,0.0,3.0,3.0,1.0,2.0,0.0,0.0,0.0,0.0,1.0,0.0,0.0
43,382527275.0,0.0,0.0,0.0,0.0,0.0,0.0,0.0,0.0,0.0,0.0,0.0,0.0,0.0,0.0,0.0,0.0,0.0,67.0,0.0,0.0,0.0,0.0,0.0,0.0,0.0,0.0,0.0,0.0,0.0,0.0,0.0,0.0,0.0,0.0,0.0,0.0,0.0,0.0,0.0,0.0,0.0,0.0,0.0,0.0,0.0,1.0,1.0,15.0,0.0,70.0,0.0,0.0,0.0,0.0,0.0,1.0,0.0,12.0,0.0,0.0
44,395940079.0,0.0,0.0,0.0,0.0,0.0,0.0,0.0,0.0,4.0,0.0,0.0,0.0,0.0,0.0,0.0,0.0,0.0,0.0,0.0,0.0,1.0,0.0,0.0,0.0,0.0,0.0,1.0,0.0,4.0,0.0,0.0,4.0,0.0,0.0,1.0,0.0,0.0,2.0,2.0,0.0,0.0,0.0,0.0,0.0,0.0,0.0,1.0,0.0,0.0,0.0,1.0,0.0,0.0,0.0,0.0,4.0,1.0,1.0,0.0,0.0
45,415592659.0,0.0,1.0,0.0,0.0,0.0,0.0,0.0,0.0,0.0,0.0,0.0,0.0,0.0,0.0,0.0,0.0,0.0,0.0,0.0,0.0,0.0,0.0,0.0,0.0,0.0,0.0,1.0,0.0,0.0,0.0,0.0,0.0,1.0,0.0,0.0,0.0,0.0,0.0,0.0,0.0,0.0,0.0,0.0,0.0,0.0,2.0,1.0,0.0,0.0,0.0,0.0,0.0,0.0,0.0,0.0,0.0,0.0,0.0,0.0,0.0
46,415655533.0,53.0,10.0,7.0,0.0,10.0,2.0,7.0,5.0,4.0,6.0,11.0,14.0,1.0,25.0,12.0,0.0,21.0,10.0,6.0,3.0,26.0,19.0,2.0,0.0,7.0,30.0,56.0,10.0,0.0,3.0,7.0,0.0,1.0,0.0,3.0,2.0,1.0,22.0,19.0,1.0,3.0,0.0,1.0,0.0,2.0,0.0,28.0,21.0,1.0,11.0,32.0,32.0,2.0,0.0,5.0,2.0,0.0,50.0,0.0,3.0
47,4415611873.0,49.0,3.0,16.0,0.0,14.0,1.0,8.0,2.0,9.0,5.0,18.0,5.0,0.0,22.0,4.0,0.0,13.0,12.0,1.0,5.0,15.0,11.0,3.0,0.0,5.0,47.0,33.0,16.0,0.0,5.0,2.0,0.0,0.0,2.0,2.0,0.0,0.0,16.0,26.0,0.0,0.0,0.0,1.0,1.0,1.0,28.0,0.0,33.0,1.0,11.0,23.0,15.0,3.0,0.0,4.0,0.0,0.0,57.0,0.0,6.0
48,457197303.0,86.0,6.0,9.0,11.0,10.0,1.0,30.0,3.0,12.0,8.0,20.0,23.0,2.0,24.0,20.0,0.0,27.0,23.0,3.0,4.0,30.0,14.0,7.0,0.0,7.0,61.0,30.0,24.0,1.0,5.0,1.0,1.0,0.0,0.0,5.0,9.0,0.0,13.0,24.0,0.0,1.0,0.0,15.0,0.0,0.0,21.0,33.0,0.0,1.0,85.0,62.0,31.0,4.0,4.0,6.0,3.0,1.0,132.0,1.0,4.0
49,488879471.0,2.0,0.0,0.0,0.0,2.0,1.0,0.0,0.0,0.0,2.0,1.0,1.0,0.0,3.0,0.0,0.0,3.0,0.0,1.0,0.0,3.0,0.0,0.0,0.0,0.0,1.0,3.0,2.0,0.0,1.0,0.0,0.0,1.0,0.0,0.0,0.0,0.0,1.0,4.0,1.0,1.0,0.0,0.0,0.0,0.0,1.0,1.0,1.0,0.0,0.0,3.0,2.0,1.0,0.0,0.0,1.0,0.0,1.0,0.0,0.0
50,569195664.0,20.0,0.0,9.0,0.0,4.0,1.0,1.0,2.0,10.0,4.0,10.0,2.0,0.0,14.0,2.0,0.0,16.0,111.0,1.0,3.0,9.0,3.0,3.0,0.0,1.0,15.0,9.0,5.0,0.0,0.0,1.0,0.0,0.0,0.0,0.0,0.0,0.0,1.0,10.0,2.0,0.0,3.0,70.0,0.0,0.0,11.0,11.0,85.0,0.0,0.0,26.0,6.0,2.0,0.0,1.0,0.0,0.0,51.0,2.0,0.0
51,59146843.0,166.0,12.0,24.0,18.0,13.0,6.0,81.0,2.0,27.0,19.0,27.0,55.0,3.0,65.0,32.0,0.0,65.0,18.0,9.0,4.0,86.0,47.0,4.0,0.0,22.0,114.0,82.0,41.0,1.0,3.0,11.0,0.0,1.0,0.0,1.0,23.0,3.0,21.0,35.0,1.0,2.0,3.0,0.0,1.0,0.0,32.0,23.0,62.0,3.0,26.0,0.0,76.0,6.0,3.0,9.0,4.0,1.0,296.0,1.0,2.0
52,59399169.0,104.0,39.0,9.0,11.0,8.0,3.0,39.0,8.0,7.0,16.0,17.0,54.0,1.0,31.0,54.0,0.0,40.0,13.0,13.0,3.0,73.0,46.0,2.0,0.0,18.0,94.0,85.0,19.0,0.0,5.0,1.0,0.0,1.0,0.0,2.0,22.0,0.0,18.0,20.0,1.0,2.0,1.0,0.0,0.0,0.0,32.0,15.0,31.0,2.0,6.0,76.0,0.0,2.0,3.0,3.0,3.0,1.0,123.0,0.0,1.0
53,6222502.0,8.0,0.0,1.0,0.0,1.0,2.0,1.0,0.0,5.0,0.0,4.0,2.0,0.0,9.0,0.0,0.0,3.0,2.0,3.0,2.0,4.0,0.0,1.0,0.0,0.0,3.0,2.0,1.0,1.0,0.0,3.0,0.0,1.0,0.0,1.0,0.0,0.0,3.0,8.0,1.0,1.0,2.0,0.0,0.0,0.0,2.0,3.0,4.0,1.0,2.0,6.0,2.0,0.0,0.0,1.0,1.0,0.0,5.0,0.0,0.0
54,636690842.0,2.0,1.0,0.0,3.0,0.0,0.0,9.0,0.0,0.0,2.0,2.0,2.0,0.0,0.0,4.0,0.0,3.0,0.0,0.0,0.0,1.0,0.0,0.0,0.0,2.0,6.0,2.0,1.0,0.0,0.0,0.0,0.0,0.0,0.0,0.0,2.0,0.0,0.0,0.0,0.0,0.0,0.0,0.0,0.0,0.0,0.0,0.0,4.0,0.0,0.0,3.0,3.0,0.0,0.0,0.0,0.0,1.0,12.0,0.0,0.0
55,65644622.0,6.0,0.0,1.0,0.0,2.0,2.0,1.0,0.0,5.0,1.0,5.0,4.0,0.0,5.0,0.0,0.0,5.0,2.0,0.0,4.0,4.0,0.0,11.0,0.0,1.0,6.0,5.0,1.0,0.0,1.0,0.0,0.0,0.0,0.0,1.0,0.0,0.0,4.0,5.0,1.0,1.0,0.0,0.0,0.0,0.0,5.0,4.0,6.0,0.0,1.0,9.0,3.0,1.0,0.0,0.0,1.0,0.0,7.0,0.0,1.0
56,708234968.0,4.0,0.0,0.0,0.0,1.0,1.0,0.0,0.0,5.0,0.0,2.0,3.0,0.0,1.0,0.0,0.0,2.0,0.0,0.0,0.0,1.0,1.0,0.0,0.0,0.0,1.0,3.0,1.0,10.0,0.0,0.0,10.0,1.0,0.0,2.0,0.0,0.0,2.0,3.0,1.0,2.0,0.0,1.0,4.0,0.0,2.0,0.0,3.0,1.0,0.0,4.0,3.0,1.0,0.0,1.0,0.0,0.0,3.0,0.0,2.0
57,723407058.0,1.0,1.0,0.0,1.0,0.0,0.0,1.0,0.0,0.0,1.0,1.0,1.0,0.0,0.0,1.0,0.0,1.0,0.0,0.0,0.0,2.0,0.0,0.0,0.0,1.0,1.0,1.0,1.0,0.0,0.0,0.0,0.0,0.0,0.0,0.0,0.0,0.0,1.0,1.0,0.0,0.0,0.0,0.0,1.0,0.0,0.0,0.0,1.0,0.0,0.0,1.0,1.0,0.0,1.0,0.0,0.0,0.0,2.0,0.0,0.0
58,7.463468283254907e+17,265.0,60.0,28.0,24.0,18.0,3.0,201.0,11.0,11.0,29.0,33.0,107.0,4.0,65.0,137.0,0.0,105.0,46.0,23.0,9.0,144.0,134.0,5.0,0.0,37.0,321.0,160.0,75.0,3.0,8.0,8.0,1.0,1.0,0.0,4.0,48.0,0.0,28.0,60.0,2.0,5.0,1.0,12.0,1.0,0.0,50.0,57.0,132.0,1.0,51.0,296.0,123.0,5.0,12.0,7.0,3.0,2.0,0.0,0.0,4.0
59,76327953.0,0.0,0.0,0.0,0.0,0.0,1.0,0.0,0.0,0.0,0.0,0.0,0.0,0.0,1.0,0.0,0.0,0.0,0.0,0.0,0.0,0.0,0.0,0.0,0.0,0.0,0.0,0.0,0.0,0.0,0.0,0.0,0.0,0.0,0.0,0.0,0.0,0.0,0.0,0.0,0.0,0.0,0.0,0.0,0.0,0.0,0.0,0.0,1.0,0.0,2.0,1.0,0.0,0.0,0.0,0.0,0.0,0.0,0.0,0.0,0.0
60,861912342.0,5.0,1.0,0.0,0.0,0.0,0.0,0.0,0.0,0.0,0.0,2.0,1.0,0.0,0.0,0.0,0.0,1.0,0.0,0.0,0.0,0.0,1.0,0.0,0.0,0.0,5.0,2.0,1.0,1.0,0.0,1.0,1.0,0.0,0.0,2.0,0.0,0.0,2.0,2.0,0.0,2.0,0.0,0.0,0.0,0.0,3.0,6.0,4.0,0.0,0.0,2.0,1.0,0.0,0.0,1.0,2.0,0.0,4.0,0.0,0.0
