,0,1,2,3,4,5,6,7,8,9,10,11,12,13,14,15,16,17,18,19,20,21,22,23,24,25,26,27,28,29,30,31,32,33,34,35,36,37,38,39,40,41,42,43,44,45,46,47,48,49,50,51,52,53,54,55,56,57,58,59,60,61,62,63,64,65,66,67,68,69,70,71,72,73,74,75,76,77,78,79,80,81,82,83,84,85,86,87,88,89,90,91,92,93,94,95,96,97,98,99,100,101,102,103,104,105,106,107,108,109,110,111,112,113,114,115,116,117,118,119,120,121,122,123,124,125,126,127,128,129,130,131,132,133,134,135,136,137,138,139,140,141,142,143,144,145,146,147,148,149,150,151,152,153,154,155,156,157,158,159,160,161
0,-1.0,1002225042.0,102186058.0,1087176728.0,1118577432.0,1167863016.0,1223174155.0,1261759800.0,1272453266.0,136604986.0,1507413750.0,1594760894.0,1668298164.0,1676697302.0,170143736.0,1731081126.0,18762637.0,201995037.0,218032656.0,2264868652.0,2289999739.0,2391473427.0,2493213433.0,2614574379.0,2629306048.0,2656704750.0,2728688695.0,2770551727.0,2802126473.0,2928562202.0,2988073705.0,3050608426.0,3187093457.0,3228462052.0,3235593308.0,3238578372.0,325109433.0,3298016058.0,3304834814.0,3309288841.0,3331600311.0,3402669803.0,3454610413.0,3663874516.0,3702241994.0,3948024891.0,40826310.0,4169333177.0,429311284.0,4678586833.0,4806395114.0,4872175065.0,562227281.0,56325848.0,617432148.0,65929816.0,66035277.0,67775967.0,6.962848462100972e+17,712655029.0,7.149492253736387e+17,7.219685845371658e+17,7.242852191849759e+17,7.329379326513029e+17,7.330086175913452e+17,742273441.0,7.473559465574195e+17,7.487687397477294e+17,7.539618062304543e+17,7.653591673977774e+17,7.740804349887857e+17,7.771301558692823e+17,7.869291733862318e+17,7.890589525835203e+17,7.965473808458752e+17,8.0173327952316e+17,8.071736962677473e+17,8.149139155785236e+17,8.171914452577976e+17,8.184588261060157e+17,8.20486478446805e+17,8.29794443712725e+17,83040951.0,8.31171594169045e+17,8.333435583336571e+17,8.3756187471138e+17,8.463212558632755e+17,8.483609870779146e+17,8.552235269236572e+17,8.553241357060792e+17,8.593898415402394e+17,8.597006258602107e+17,8.600312234224763e+17,8.604748955238728e+17,8.610263923975537e+17,8.620978432253788e+17,8.662976258420326e+17,8.664342911981855e+17,8.693701391745925e+17,8.717134482324849e+17,8.722633632580485e+17,8.844108285307003e+17,8.865620746415186e+17,888213542.0,8.89080716117631e+17,8.902369923902218e+17,8.949014632892867e+17,9.005794521191547e+17,9.02843975366783e+17,9.066404329430794e+17,9.096649516142223e+17,9.101789088086385e+17,9.127079801430876e+17,9.13166887718187e+17,9.156357094567404e+17,9.17036796676137e+17,9.175085148887818e+17,9.188543187191071e+17,919238756.0,9.20093293601366e+17,9.210142606285701e+17,9.210417238448046e+17,9.211660764817572e+17,9.23273657304019e+17,9.241174826878157e+17,9.242112583746765e+17,9.257381049877586e+17,9.269035645128049e+17,9.327348006576087e+17,9.328439497896264e+17,9.357506122134856e+17,9.365222912774758e+17,9.37565587953406e+17,9.383248382503526e+17,9.385361767130726e+17,9.428362198592553e+17,9.498389350306857e+17,9.498559716517478e+17,950232811.0,9.504433209998991e+17,9.516424603751465e+17,9.532608563384074e+17,9.542270780139766e+17,9.547177768447672e+17,9.547485171715154e+17,9.56869467094401e+17,9.589856586677371e+17,9.593518758279905e+17,9.59749039737598e+17,9.601163947412193e+17,9.603164330403963e+17,9.605226700005417e+17,9.608920751841812e+17,9.611410233082061e+17,9.615635627947336e+17,9.619072198884475e+17,9.62692820380287e+17,9.633316442026353e+17,9.63597230530859e+17,9.667282049363476e+17,9.677647597214024e+17,9.677830807390536e+17
1,1002225042.0,0.0,16.0,11.0,11.0,16.0,21.0,10.0,21.0,12.0,11.0,16.0,17.0,7.0,21.0,3.0,17.0,8.0,13.0,8.0,15.0,23.0,17.0,4.0,23.0,16.0,12.0,4.0,12.0,4.0,14.0,15.0,6.0,12.0,14.0,10.0,21.0,33.0,11.0,9.0,18.0,40.0,14.0,13.0,5.0,11.0,5.0,17.0,7.0,12.0,11.0,13.0,0.0,21.0,4.0,13.0,9.0,13.0,8.0,17.0,17.0,19.0,24.0,25.0,12.0,12.0,4.0,9.0,7.0,17.0,24.0,17.0,13.0,9.0,7.0,28.0,13.0,21.0,19.0,10.0,4.0,14.0,17.0,5.0,18.0,9.0,18.0,6.0,9.0,14.0,22.0,9.0,9.0,0.0,18.0,10.0,13.0,15.0,12.0,3.0,4.0,6.0,4.0,8.0,19.0,16.0,10.0,26.0,0.0,10.0,0.0,19.0,7.0,11.0,16.0,24.0,17.0,23.0,11.0,10.0,5.0,7.0,3.0,9.0,5.0,6.0,26.0,13.0,11.0,7.0,20.0,7.0,26.0,20.0,3.0,11.0,5.0,7.0,16.0,0.0,12.0,7.0,10.0,7.0,1.0,3.0,22.0,4.0,3.0,7.0,4.0,4.0,7.0,13.0,2.0,10.0,2.0,20.0,18.0,4.0,0.0,2.0
2,102186058.0,16.0,0.0,10.0,12.0,21.0,61.0,10.0,31.0,22.0,15.0,36.0,29.0,8.0,65.0,1.0,23.0,10.0,24.0,12.0,19.0,38.0,27.0,11.0,48.0,33.0,12.0,5.0,20.0,8.0,14.0,15.0,3.0,15.0,22.0,17.0,72.0,39.0,10.0,10.0,34.0,52.0,10.0,18.0,6.0,23.0,6.0,25.0,16.0,14.0,16.0,33.0,0.0,59.0,4.0,25.0,9.0,18.0,9.0,24.0,35.0,25.0,25.0,48.0,21.0,20.0,4.0,13.0,12.0,31.0,88.0,22.0,25.0,17.0,10.0,34.0,18.0,24.0,12.0,14.0,6.0,15.0,25.0,6.0,24.0,11.0,25.0,8.0,6.0,14.0,20.0,10.0,25.0,0.0,29.0,15.0,16.0,16.0,16.0,6.0,4.0,12.0,9.0,12.0,24.0,34.0,11.0,38.0,0.0,13.0,0.0,35.0,8.0,18.0,22.0,56.0,28.0,92.0,15.0,21.0,5.0,7.0,3.0,14.0,7.0,6.0,76.0,27.0,37.0,10.0,24.0,7.0,84.0,68.0,4.0,19.0,6.0,5.0,32.0,0.0,16.0,15.0,13.0,11.0,1.0,5.0,33.0,5.0,5.0,7.0,3.0,6.0,8.0,19.0,5.0,12.0,2.0,65.0,27.0,15.0,0.0,5.0
3,1087176728.0,11.0,10.0,0.0,8.0,27.0,61.0,5.0,40.0,27.0,14.0,99.0,17.0,12.0,38.0,4.0,23.0,12.0,7.0,10.0,11.0,31.0,11.0,10.0,48.0,25.0,24.0,3.0,14.0,8.0,10.0,33.0,7.0,55.0,16.0,30.0,46.0,70.0,19.0,9.0,21.0,115.0,9.0,8.0,10.0,18.0,5.0,18.0,10.0,19.0,20.0,27.0,2.0,32.0,4.0,11.0,10.0,38.0,6.0,25.0,21.0,14.0,59.0,42.0,16.0,21.0,6.0,11.0,13.0,17.0,52.0,10.0,22.0,24.0,4.0,78.0,12.0,52.0,12.0,10.0,7.0,14.0,26.0,3.0,57.0,10.0,23.0,7.0,5.0,30.0,20.0,24.0,16.0,0.0,43.0,11.0,19.0,18.0,12.0,11.0,10.0,8.0,7.0,38.0,51.0,24.0,19.0,27.0,1.0,13.0,0.0,28.0,11.0,9.0,23.0,38.0,17.0,38.0,20.0,24.0,7.0,4.0,3.0,16.0,5.0,3.0,39.0,13.0,7.0,4.0,33.0,3.0,34.0,34.0,5.0,17.0,3.0,9.0,41.0,0.0,9.0,11.0,21.0,8.0,1.0,5.0,33.0,7.0,5.0,6.0,6.0,3.0,9.0,11.0,2.0,11.0,3.0,57.0,23.0,16.0,0.0,3.0
4,1118577432.0,11.0,12.0,8.0,0.0,14.0,24.0,6.0,16.0,13.0,15.0,19.0,11.0,7.0,12.0,4.0,11.0,6.0,10.0,9.0,13.0,17.0,13.0,3.0,19.0,15.0,12.0,3.0,14.0,4.0,8.0,13.0,3.0,14.0,12.0,11.0,12.0,21.0,8.0,7.0,13.0,22.0,7.0,9.0,6.0,9.0,4.0,14.0,5.0,12.0,10.0,18.0,0.0,16.0,4.0,10.0,10.0,14.0,10.0,16.0,14.0,12.0,12.0,18.0,13.0,12.0,4.0,9.0,8.0,14.0,17.0,10.0,10.0,9.0,9.0,17.0,13.0,13.0,11.0,9.0,7.0,7.0,12.0,4.0,14.0,11.0,9.0,6.0,6.0,9.0,12.0,9.0,10.0,0.0,20.0,8.0,14.0,11.0,10.0,3.0,4.0,6.0,5.0,8.0,12.0,14.0,9.0,18.0,1.0,11.0,0.0,16.0,8.0,9.0,13.0,15.0,14.0,18.0,8.0,8.0,5.0,6.0,3.0,8.0,5.0,5.0,14.0,17.0,7.0,11.0,9.0,6.0,19.0,17.0,2.0,10.0,5.0,6.0,14.0,0.0,11.0,8.0,11.0,5.0,1.0,2.0,16.0,5.0,3.0,8.0,2.0,4.0,7.0,9.0,2.0,8.0,2.0,17.0,15.0,6.0,0.0,2.0
5,1167863016.0,16.0,21.0,27.0,14.0,0.0,90.0,12.0,39.0,36.0,22.0,59.0,20.0,15.0,38.0,15.0,25.0,14.0,15.0,17.0,30.0,31.0,22.0,6.0,79.0,62.0,25.0,4.0,31.0,6.0,19.0,32.0,4.0,15.0,27.0,10.0,63.0,87.0,10.0,18.0,31.0,118.0,15.0,13.0,7.0,27.0,5.0,29.0,8.0,29.0,22.0,33.0,0.0,43.0,3.0,26.0,14.0,30.0,9.0,18.0,34.0,26.0,67.0,65.0,32.0,43.0,13.0,15.0,24.0,19.0,60.0,14.0,36.0,14.0,7.0,69.0,14.0,61.0,27.0,15.0,15.0,13.0,45.0,4.0,48.0,21.0,35.0,8.0,7.0,22.0,29.0,14.0,14.0,0.0,44.0,12.0,24.0,15.0,25.0,4.0,9.0,11.0,8.0,11.0,58.0,27.0,16.0,58.0,0.0,32.0,0.0,43.0,6.0,21.0,30.0,54.0,49.0,63.0,25.0,31.0,5.0,9.0,3.0,30.0,17.0,6.0,59.0,35.0,21.0,7.0,48.0,7.0,70.0,56.0,4.0,11.0,5.0,7.0,50.0,0.0,35.0,12.0,15.0,10.0,1.0,7.0,55.0,12.0,7.0,14.0,7.0,5.0,7.0,16.0,2.0,15.0,2.0,63.0,39.0,10.0,0.0,3.0
6,1223174155.0,21.0,61.0,61.0,24.0,90.0,0.0,16.0,107.0,89.0,22.0,158.0,59.0,27.0,162.0,18.0,73.0,66.0,33.0,51.0,48.0,122.0,62.0,13.0,281.0,182.0,64.0,9.0,131.0,13.0,31.0,110.0,5.0,63.0,176.0,49.0,300.0,302.0,25.0,38.0,109.0,535.0,19.0,30.0,18.0,69.0,14.0,87.0,18.0,41.0,66.0,86.0,0.0,125.0,7.0,81.0,21.0,103.0,12.0,43.0,89.0,64.0,171.0,144.0,115.0,164.0,9.0,30.0,42.0,63.0,250.0,41.0,161.0,55.0,11.0,282.0,58.0,216.0,39.0,70.0,24.0,22.0,78.0,9.0,138.0,102.0,100.0,15.0,11.0,68.0,51.0,74.0,47.0,0.0,117.0,43.0,71.0,39.0,99.0,31.0,34.0,30.0,11.0,56.0,183.0,89.0,42.0,148.0,0.0,51.0,0.0,113.0,28.0,41.0,107.0,185.0,86.0,227.0,120.0,101.0,11.0,15.0,3.0,84.0,28.0,6.0,223.0,68.0,31.0,19.0,128.0,13.0,384.0,173.0,8.0,43.0,9.0,8.0,121.0,0.0,29.0,60.0,69.0,24.0,1.0,24.0,140.0,21.0,21.0,10.0,22.0,6.0,16.0,41.0,7.0,58.0,3.0,234.0,100.0,83.0,0.0,5.0
7,1261759800.0,10.0,10.0,5.0,6.0,12.0,16.0,0.0,7.0,13.0,8.0,19.0,10.0,7.0,10.0,6.0,8.0,7.0,4.0,7.0,13.0,14.0,7.0,5.0,24.0,14.0,6.0,4.0,9.0,5.0,7.0,8.0,3.0,7.0,8.0,5.0,20.0,16.0,4.0,5.0,11.0,21.0,9.0,7.0,4.0,9.0,4.0,7.0,4.0,11.0,7.0,7.0,0.0,11.0,4.0,9.0,6.0,7.0,6.0,6.0,11.0,7.0,12.0,23.0,7.0,9.0,4.0,8.0,7.0,13.0,14.0,8.0,8.0,8.0,5.0,11.0,8.0,10.0,14.0,6.0,11.0,7.0,13.0,3.0,12.0,7.0,9.0,8.0,5.0,6.0,15.0,6.0,7.0,0.0,13.0,6.0,9.0,6.0,7.0,3.0,4.0,5.0,5.0,3.0,14.0,9.0,7.0,43.0,0.0,13.0,0.0,10.0,5.0,9.0,9.0,14.0,14.0,18.0,7.0,7.0,4.0,6.0,3.0,8.0,6.0,5.0,13.0,14.0,9.0,5.0,7.0,6.0,12.0,16.0,3.0,7.0,4.0,4.0,11.0,0.0,14.0,8.0,7.0,7.0,1.0,3.0,14.0,5.0,5.0,8.0,5.0,3.0,6.0,9.0,3.0,8.0,2.0,18.0,14.0,4.0,0.0,3.0
8,1272453266.0,21.0,31.0,40.0,16.0,39.0,107.0,7.0,0.0,45.0,34.0,167.0,21.0,24.0,71.0,10.0,35.0,11.0,21.0,13.0,41.0,56.0,34.0,6.0,113.0,52.0,49.0,4.0,33.0,9.0,24.0,48.0,10.0,33.0,43.0,36.0,94.0,157.0,24.0,18.0,32.0,183.0,19.0,17.0,9.0,23.0,7.0,46.0,17.0,22.0,44.0,53.0,3.0,66.0,7.0,35.0,17.0,55.0,9.0,32.0,57.0,31.0,71.0,91.0,40.0,41.0,7.0,14.0,20.0,34.0,92.0,23.0,41.0,27.0,10.0,103.0,20.0,68.0,20.0,20.0,10.0,15.0,40.0,7.0,91.0,27.0,30.0,6.0,9.0,30.0,51.0,33.0,35.0,0.0,99.0,20.0,34.0,32.0,26.0,12.0,7.0,15.0,4.0,30.0,104.0,43.0,20.0,74.0,3.0,40.0,0.0,59.0,16.0,33.0,35.0,82.0,57.0,99.0,25.0,51.0,6.0,7.0,3.0,24.0,7.0,7.0,87.0,30.0,16.0,14.0,68.0,7.0,91.0,62.0,5.0,28.0,6.0,21.0,53.0,0.0,25.0,13.0,23.0,12.0,1.0,5.0,92.0,18.0,6.0,10.0,5.0,4.0,10.0,18.0,3.0,10.0,2.0,101.0,45.0,18.0,0.0,3.0
9,136604986.0,12.0,22.0,27.0,13.0,36.0,89.0,13.0,45.0,0.0,16.0,61.0,20.0,17.0,23.0,15.0,20.0,9.0,17.0,13.0,29.0,39.0,18.0,5.0,54.0,35.0,25.0,5.0,35.0,5.0,11.0,21.0,4.0,44.0,33.0,29.0,39.0,75.0,14.0,15.0,21.0,113.0,11.0,18.0,12.0,15.0,11.0,25.0,13.0,26.0,14.0,33.0,3.0,49.0,5.0,18.0,10.0,55.0,8.0,31.0,22.0,19.0,53.0,43.0,16.0,31.0,7.0,9.0,6.0,23.0,44.0,21.0,37.0,27.0,10.0,68.0,22.0,33.0,21.0,12.0,17.0,11.0,22.0,7.0,35.0,18.0,19.0,12.0,6.0,16.0,17.0,28.0,16.0,0.0,30.0,17.0,43.0,14.0,24.0,11.0,4.0,13.0,5.0,28.0,28.0,33.0,12.0,46.0,2.0,24.0,0.0,33.0,15.0,16.0,26.0,35.0,26.0,46.0,26.0,23.0,4.0,8.0,3.0,18.0,9.0,5.0,26.0,30.0,13.0,12.0,16.0,11.0,39.0,41.0,2.0,28.0,6.0,5.0,39.0,0.0,16.0,16.0,28.0,10.0,1.0,2.0,40.0,6.0,5.0,9.0,6.0,5.0,19.0,13.0,3.0,8.0,2.0,66.0,24.0,15.0,0.0,3.0
10,1507413750.0,11.0,15.0,14.0,15.0,22.0,22.0,8.0,34.0,16.0,0.0,47.0,8.0,15.0,15.0,5.0,16.0,10.0,6.0,9.0,17.0,15.0,17.0,5.0,39.0,23.0,17.0,4.0,10.0,5.0,8.0,10.0,5.0,23.0,8.0,15.0,22.0,42.0,16.0,8.0,11.0,49.0,6.0,8.0,8.0,10.0,5.0,14.0,8.0,21.0,15.0,38.0,0.0,18.0,8.0,15.0,13.0,17.0,8.0,19.0,26.0,9.0,29.0,39.0,11.0,8.0,8.0,8.0,11.0,30.0,23.0,10.0,8.0,14.0,6.0,30.0,15.0,29.0,12.0,8.0,10.0,8.0,15.0,3.0,36.0,9.0,11.0,8.0,6.0,10.0,17.0,6.0,9.0,0.0,31.0,7.0,10.0,9.0,8.0,8.0,6.0,5.0,6.0,17.0,26.0,26.0,10.0,22.0,2.0,19.0,0.0,30.0,5.0,10.0,15.0,24.0,16.0,22.0,9.0,11.0,4.0,6.0,3.0,10.0,6.0,5.0,21.0,11.0,9.0,7.0,18.0,6.0,22.0,16.0,2.0,15.0,4.0,21.0,13.0,0.0,11.0,8.0,11.0,7.0,1.0,2.0,20.0,11.0,3.0,8.0,4.0,5.0,9.0,9.0,3.0,10.0,2.0,18.0,18.0,5.0,0.0,3.0
11,1594760894.0,16.0,36.0,99.0,19.0,59.0,158.0,19.0,167.0,61.0,47.0,0.0,26.0,43.0,99.0,11.0,43.0,14.0,18.0,19.0,37.0,71.0,31.0,15.0,217.0,74.0,46.0,4.0,31.0,7.0,45.0,56.0,5.0,186.0,30.0,96.0,248.0,288.0,33.0,25.0,70.0,319.0,13.0,17.0,20.0,41.0,6.0,50.0,30.0,31.0,75.0,118.0,4.0,112.0,5.0,40.0,14.0,40.0,14.0,64.0,82.0,28.0,85.0,146.0,45.0,32.0,10.0,27.0,41.0,101.0,234.0,21.0,40.0,56.0,9.0,149.0,20.0,87.0,28.0,21.0,20.0,19.0,52.0,8.0,131.0,26.0,31.0,12.0,7.0,33.0,51.0,28.0,34.0,0.0,193.0,24.0,63.0,29.0,24.0,32.0,18.0,15.0,8.0,101.0,209.0,62.0,34.0,126.0,0.0,51.0,0.0,86.0,29.0,27.0,43.0,118.0,68.0,153.0,27.0,56.0,6.0,8.0,3.0,31.0,16.0,6.0,190.0,32.0,31.0,13.0,110.0,7.0,196.0,114.0,4.0,44.0,7.0,7.0,84.0,0.0,45.0,19.0,38.0,12.0,1.0,7.0,99.0,30.0,8.0,15.0,15.0,5.0,37.0,27.0,3.0,13.0,2.0,155.0,205.0,24.0,0.0,3.0
12,1668298164.0,17.0,29.0,17.0,11.0,20.0,59.0,10.0,21.0,20.0,8.0,26.0,0.0,5.0,43.0,1.0,23.0,16.0,21.0,13.0,14.0,35.0,25.0,8.0,51.0,35.0,9.0,7.0,23.0,11.0,11.0,22.0,3.0,11.0,28.0,10.0,58.0,48.0,8.0,10.0,33.0,62.0,12.0,21.0,5.0,20.0,5.0,30.0,8.0,22.0,22.0,21.0,0.0,41.0,6.0,20.0,7.0,26.0,8.0,16.0,27.0,29.0,23.0,33.0,26.0,33.0,5.0,19.0,11.0,25.0,127.0,28.0,30.0,17.0,10.0,63.0,29.0,26.0,14.0,17.0,6.0,15.0,21.0,7.0,24.0,15.0,32.0,11.0,7.0,28.0,19.0,16.0,18.0,0.0,31.0,18.0,27.0,22.0,17.0,4.0,4.0,10.0,13.0,12.0,24.0,29.0,15.0,44.0,1.0,13.0,0.0,38.0,9.0,19.0,29.0,50.0,33.0,72.0,16.0,23.0,11.0,7.0,3.0,16.0,10.0,6.0,98.0,26.0,22.0,8.0,26.0,11.0,106.0,66.0,6.0,25.0,7.0,4.0,36.0,0.0,14.0,21.0,16.0,17.0,1.0,15.0,26.0,5.0,14.0,7.0,4.0,4.0,9.0,21.0,3.0,18.0,3.0,93.0,32.0,30.0,0.0,5.0
13,1676697302.0,7.0,8.0,12.0,7.0,15.0,27.0,7.0,24.0,17.0,15.0,43.0,5.0,0.0,24.0,3.0,8.0,7.0,3.0,7.0,12.0,16.0,12.0,4.0,31.0,17.0,13.0,3.0,6.0,4.0,6.0,15.0,3.0,27.0,7.0,17.0,28.0,56.0,8.0,12.0,13.0,56.0,4.0,6.0,9.0,12.0,3.0,14.0,9.0,12.0,12.0,35.0,0.0,21.0,7.0,10.0,5.0,16.0,4.0,20.0,23.0,6.0,24.0,27.0,12.0,7.0,4.0,9.0,10.0,12.0,34.0,4.0,7.0,15.0,3.0,28.0,7.0,15.0,9.0,7.0,8.0,8.0,17.0,2.0,25.0,11.0,8.0,7.0,5.0,7.0,13.0,9.0,7.0,0.0,24.0,8.0,12.0,9.0,8.0,9.0,8.0,6.0,4.0,19.0,27.0,18.0,9.0,20.0,0.0,12.0,0.0,16.0,7.0,9.0,15.0,17.0,12.0,20.0,7.0,15.0,2.0,5.0,2.0,11.0,5.0,3.0,18.0,13.0,5.0,7.0,16.0,4.0,17.0,23.0,2.0,15.0,2.0,7.0,23.0,0.0,5.0,9.0,10.0,4.0,1.0,3.0,20.0,7.0,4.0,4.0,8.0,3.0,6.0,10.0,3.0,6.0,2.0,21.0,15.0,4.0,0.0,3.0
14,170143736.0,21.0,65.0,38.0,12.0,38.0,162.0,10.0,71.0,23.0,15.0,99.0,43.0,24.0,0.0,5.0,58.0,19.0,22.0,19.0,16.0,68.0,31.0,14.0,143.0,46.0,26.0,6.0,20.0,13.0,16.0,47.0,6.0,15.0,28.0,22.0,235.0,135.0,13.0,11.0,78.0,207.0,13.0,13.0,6.0,51.0,5.0,37.0,11.0,15.0,41.0,39.0,0.0,108.0,5.0,29.0,11.0,36.0,6.0,18.0,51.0,34.0,46.0,129.0,77.0,25.0,9.0,29.0,34.0,61.0,196.0,24.0,46.0,21.0,8.0,81.0,19.0,58.0,18.0,21.0,6.0,20.0,47.0,7.0,80.0,17.0,34.0,7.0,7.0,36.0,48.0,23.0,33.0,0.0,79.0,24.0,25.0,30.0,26.0,13.0,17.0,20.0,11.0,29.0,109.0,44.0,28.0,71.0,0.0,23.0,0.0,58.0,9.0,29.0,39.0,118.0,50.0,193.0,22.0,47.0,4.0,15.0,3.0,27.0,6.0,5.0,203.0,28.0,40.0,9.0,92.0,7.0,206.0,103.0,4.0,24.0,5.0,6.0,67.0,0.0,15.0,22.0,15.0,13.0,2.0,7.0,95.0,14.0,6.0,8.0,7.0,4.0,8.0,34.0,7.0,19.0,2.0,146.0,48.0,21.0,0.0,4.0
15,1731081126.0,3.0,1.0,4.0,4.0,15.0,18.0,6.0,10.0,15.0,5.0,11.0,1.0,3.0,5.0,0.0,1.0,5.0,2.0,2.0,13.0,8.0,4.0,1.0,21.0,12.0,7.0,1.0,4.0,1.0,2.0,9.0,1.0,10.0,6.0,2.0,11.0,9.0,1.0,2.0,5.0,29.0,2.0,1.0,1.0,3.0,4.0,4.0,1.0,11.0,4.0,4.0,0.0,7.0,1.0,4.0,9.0,10.0,5.0,2.0,5.0,3.0,10.0,22.0,6.0,15.0,2.0,2.0,4.0,2.0,8.0,1.0,6.0,3.0,1.0,16.0,1.0,16.0,21.0,2.0,19.0,1.0,10.0,1.0,14.0,2.0,4.0,2.0,3.0,9.0,18.0,2.0,5.0,0.0,11.0,2.0,15.0,3.0,5.0,1.0,2.0,2.0,1.0,5.0,15.0,1.0,4.0,64.0,0.0,29.0,0.0,3.0,1.0,5.0,4.0,16.0,39.0,13.0,4.0,1.0,1.0,2.0,1.0,4.0,2.0,1.0,5.0,14.0,5.0,10.0,9.0,4.0,7.0,9.0,1.0,2.0,1.0,2.0,45.0,0.0,11.0,1.0,2.0,3.0,1.0,4.0,13.0,2.0,3.0,3.0,2.0,1.0,1.0,3.0,1.0,5.0,1.0,35.0,9.0,2.0,0.0,1.0
16,18762637.0,17.0,23.0,23.0,11.0,25.0,73.0,8.0,35.0,20.0,16.0,43.0,23.0,8.0,58.0,1.0,0.0,40.0,18.0,17.0,15.0,32.0,21.0,7.0,74.0,33.0,17.0,4.0,28.0,6.0,18.0,31.0,4.0,15.0,27.0,17.0,79.0,60.0,11.0,13.0,23.0,117.0,7.0,12.0,8.0,25.0,5.0,24.0,9.0,17.0,21.0,27.0,0.0,41.0,5.0,26.0,10.0,22.0,8.0,17.0,38.0,31.0,39.0,39.0,52.0,23.0,7.0,12.0,23.0,26.0,54.0,19.0,36.0,16.0,8.0,72.0,19.0,51.0,13.0,13.0,4.0,13.0,29.0,6.0,49.0,19.0,34.0,10.0,6.0,23.0,20.0,14.0,14.0,0.0,42.0,15.0,18.0,21.0,31.0,9.0,9.0,11.0,8.0,15.0,73.0,28.0,16.0,32.0,0.0,14.0,0.0,47.0,8.0,13.0,27.0,61.0,22.0,57.0,20.0,27.0,6.0,9.0,3.0,26.0,7.0,5.0,55.0,19.0,16.0,8.0,49.0,7.0,55.0,38.0,4.0,14.0,5.0,7.0,23.0,0.0,16.0,15.0,24.0,10.0,1.0,4.0,43.0,4.0,3.0,7.0,5.0,5.0,7.0,12.0,2.0,37.0,3.0,52.0,32.0,12.0,0.0,3.0
17,201995037.0,8.0,10.0,12.0,6.0,14.0,66.0,7.0,11.0,9.0,10.0,14.0,16.0,7.0,19.0,5.0,40.0,0.0,8.0,16.0,6.0,15.0,10.0,6.0,43.0,18.0,10.0,4.0,34.0,6.0,5.0,18.0,3.0,7.0,37.0,4.0,46.0,36.0,4.0,17.0,17.0,85.0,6.0,8.0,6.0,28.0,4.0,16.0,5.0,10.0,16.0,16.0,1.0,20.0,5.0,24.0,6.0,16.0,4.0,8.0,25.0,29.0,27.0,13.0,54.0,32.0,5.0,10.0,11.0,11.0,25.0,11.0,45.0,8.0,5.0,56.0,16.0,48.0,12.0,13.0,5.0,8.0,15.0,3.0,21.0,18.0,40.0,11.0,7.0,21.0,11.0,13.0,7.0,0.0,19.0,10.0,11.0,14.0,34.0,6.0,11.0,8.0,7.0,7.0,39.0,9.0,12.0,16.0,0.0,8.0,0.0,26.0,5.0,10.0,24.0,26.0,16.0,23.0,16.0,17.0,10.0,6.0,3.0,27.0,7.0,5.0,28.0,14.0,8.0,5.0,32.0,7.0,20.0,17.0,5.0,11.0,5.0,4.0,13.0,0.0,8.0,20.0,16.0,12.0,1.0,6.0,21.0,5.0,7.0,6.0,6.0,3.0,7.0,9.0,3.0,80.0,3.0,26.0,17.0,8.0,0.0,4.0
18,218032656.0,13.0,24.0,7.0,10.0,15.0,33.0,4.0,21.0,17.0,6.0,18.0,21.0,3.0,22.0,2.0,18.0,8.0,0.0,8.0,18.0,26.0,18.0,6.0,28.0,27.0,10.0,4.0,15.0,6.0,12.0,10.0,3.0,8.0,16.0,12.0,21.0,27.0,8.0,11.0,18.0,28.0,7.0,14.0,6.0,13.0,4.0,21.0,8.0,12.0,11.0,15.0,0.0,28.0,4.0,16.0,9.0,11.0,7.0,16.0,18.0,23.0,18.0,22.0,18.0,18.0,4.0,8.0,6.0,19.0,30.0,18.0,19.0,9.0,10.0,22.0,16.0,16.0,6.0,11.0,3.0,11.0,22.0,6.0,13.0,10.0,17.0,4.0,5.0,12.0,16.0,10.0,15.0,0.0,20.0,11.0,18.0,14.0,14.0,3.0,3.0,9.0,7.0,9.0,11.0,26.0,8.0,23.0,0.0,12.0,0.0,24.0,7.0,12.0,19.0,28.0,18.0,39.0,12.0,10.0,5.0,5.0,3.0,9.0,4.0,4.0,32.0,18.0,14.0,8.0,17.0,5.0,35.0,28.0,4.0,13.0,6.0,3.0,20.0,0.0,11.0,11.0,12.0,6.0,1.0,5.0,23.0,3.0,5.0,5.0,2.0,5.0,5.0,13.0,2.0,8.0,3.0,30.0,22.0,8.0,0.0,3.0
19,2264868652.0,8.0,12.0,10.0,9.0,17.0,51.0,7.0,13.0,13.0,9.0,19.0,13.0,7.0,19.0,2.0,17.0,16.0,8.0,0.0,11.0,19.0,16.0,5.0,34.0,30.0,8.0,6.0,38.0,5.0,5.0,26.0,3.0,12.0,34.0,6.0,34.0,33.0,6.0,20.0,28.0,51.0,7.0,9.0,6.0,23.0,4.0,21.0,5.0,12.0,14.0,18.0,0.0,22.0,5.0,17.0,6.0,17.0,4.0,11.0,18.0,26.0,27.0,15.0,26.0,28.0,5.0,12.0,11.0,11.0,28.0,11.0,41.0,13.0,6.0,34.0,14.0,33.0,8.0,12.0,7.0,9.0,22.0,4.0,23.0,26.0,24.0,8.0,6.0,17.0,16.0,22.0,8.0,0.0,22.0,15.0,17.0,13.0,32.0,11.0,5.0,17.0,8.0,7.0,31.0,15.0,11.0,25.0,0.0,11.0,0.0,24.0,9.0,9.0,26.0,32.0,14.0,24.0,26.0,21.0,5.0,12.0,3.0,23.0,12.0,5.0,24.0,16.0,7.0,7.0,19.0,8.0,32.0,22.0,3.0,12.0,5.0,4.0,13.0,0.0,9.0,17.0,19.0,11.0,1.0,7.0,31.0,7.0,7.0,6.0,5.0,4.0,6.0,12.0,3.0,15.0,3.0,23.0,21.0,17.0,0.0,4.0
20,2289999739.0,15.0,19.0,11.0,13.0,30.0,48.0,13.0,41.0,29.0,17.0,37.0,14.0,12.0,16.0,13.0,15.0,6.0,18.0,11.0,0.0,35.0,20.0,3.0,56.0,43.0,20.0,4.0,16.0,3.0,16.0,19.0,3.0,26.0,16.0,13.0,29.0,51.0,15.0,10.0,17.0,73.0,14.0,17.0,8.0,11.0,6.0,24.0,9.0,36.0,9.0,28.0,1.0,25.0,4.0,22.0,11.0,29.0,11.0,17.0,21.0,20.0,42.0,46.0,13.0,26.0,6.0,8.0,10.0,28.0,30.0,17.0,20.0,14.0,9.0,59.0,21.0,28.0,58.0,12.0,27.0,11.0,37.0,5.0,45.0,15.0,18.0,6.0,8.0,16.0,44.0,12.0,8.0,0.0,35.0,9.0,31.0,17.0,14.0,5.0,5.0,8.0,4.0,22.0,33.0,29.0,10.0,55.0,1.0,34.0,0.0,28.0,11.0,18.0,16.0,32.0,37.0,40.0,9.0,12.0,4.0,6.0,3.0,8.0,8.0,6.0,28.0,29.0,12.0,10.0,19.0,10.0,37.0,42.0,2.0,16.0,6.0,5.0,32.0,0.0,19.0,13.0,14.0,8.0,1.0,2.0,37.0,7.0,3.0,9.0,2.0,4.0,7.0,9.0,2.0,7.0,2.0,43.0,36.0,10.0,0.0,2.0
21,2391473427.0,23.0,38.0,31.0,17.0,31.0,122.0,14.0,56.0,39.0,15.0,71.0,35.0,16.0,68.0,8.0,32.0,15.0,26.0,19.0,35.0,0.0,40.0,9.0,88.0,44.0,32.0,6.0,30.0,9.0,22.0,38.0,3.0,27.0,37.0,26.0,113.0,110.0,10.0,13.0,54.0,145.0,15.0,22.0,7.0,31.0,8.0,45.0,12.0,30.0,37.0,44.0,1.0,86.0,6.0,34.0,14.0,42.0,12.0,27.0,47.0,33.0,49.0,93.0,26.0,42.0,9.0,19.0,17.0,51.0,133.0,34.0,35.0,29.0,11.0,86.0,23.0,55.0,34.0,19.0,15.0,17.0,54.0,6.0,62.0,19.0,41.0,9.0,8.0,38.0,40.0,24.0,23.0,0.0,61.0,22.0,32.0,32.0,28.0,10.0,7.0,14.0,7.0,25.0,69.0,43.0,22.0,87.0,0.0,43.0,0.0,42.0,14.0,26.0,45.0,88.0,40.0,122.0,22.0,28.0,7.0,11.0,3.0,24.0,7.0,6.0,95.0,37.0,23.0,13.0,45.0,14.0,109.0,91.0,5.0,27.0,6.0,9.0,72.0,0.0,18.0,20.0,21.0,10.0,1.0,9.0,51.0,11.0,10.0,10.0,7.0,5.0,8.0,22.0,3.0,14.0,3.0,127.0,55.0,22.0,0.0,5.0
22,2493213433.0,17.0,27.0,11.0,13.0,22.0,62.0,7.0,34.0,18.0,17.0,31.0,25.0,12.0,31.0,4.0,21.0,10.0,18.0,16.0,20.0,40.0,0.0,6.0,43.0,42.0,15.0,6.0,24.0,4.0,14.0,17.0,4.0,16.0,26.0,13.0,49.0,57.0,14.0,14.0,29.0,61.0,12.0,21.0,6.0,19.0,6.0,28.0,10.0,19.0,18.0,29.0,0.0,42.0,10.0,21.0,10.0,24.0,8.0,24.0,29.0,31.0,32.0,36.0,19.0,23.0,4.0,12.0,13.0,25.0,52.0,22.0,31.0,18.0,9.0,49.0,20.0,26.0,13.0,15.0,6.0,16.0,27.0,6.0,34.0,18.0,25.0,7.0,10.0,17.0,20.0,16.0,14.0,0.0,37.0,16.0,28.0,19.0,20.0,6.0,5.0,14.0,9.0,19.0,26.0,35.0,14.0,46.0,1.0,16.0,0.0,44.0,10.0,16.0,35.0,38.0,25.0,52.0,14.0,27.0,6.0,11.0,3.0,20.0,13.0,6.0,51.0,21.0,14.0,9.0,19.0,7.0,60.0,45.0,3.0,21.0,6.0,9.0,27.0,0.0,15.0,14.0,15.0,9.0,1.0,5.0,27.0,9.0,6.0,7.0,6.0,5.0,8.0,15.0,3.0,11.0,2.0,52.0,32.0,14.0,0.0,3.0
23,2614574379.0,4.0,11.0,10.0,3.0,6.0,13.0,5.0,6.0,5.0,5.0,15.0,8.0,4.0,14.0,1.0,7.0,6.0,6.0,5.0,3.0,9.0,6.0,0.0,12.0,6.0,4.0,4.0,6.0,7.0,7.0,7.0,3.0,5.0,5.0,7.0,20.0,14.0,4.0,3.0,12.0,13.0,4.0,5.0,3.0,11.0,4.0,6.0,5.0,5.0,7.0,8.0,0.0,10.0,4.0,6.0,5.0,6.0,3.0,4.0,9.0,5.0,7.0,17.0,5.0,5.0,3.0,6.0,6.0,11.0,18.0,6.0,7.0,10.0,3.0,10.0,6.0,9.0,6.0,5.0,5.0,7.0,8.0,3.0,11.0,6.0,9.0,5.0,4.0,9.0,5.0,4.0,8.0,0.0,8.0,5.0,5.0,7.0,4.0,4.0,3.0,4.0,5.0,6.0,11.0,9.0,8.0,8.0,0.0,6.0,0.0,10.0,5.0,8.0,9.0,9.0,8.0,15.0,7.0,7.0,4.0,4.0,3.0,6.0,4.0,3.0,16.0,8.0,8.0,3.0,8.0,4.0,15.0,14.0,4.0,8.0,4.0,4.0,9.0,0.0,6.0,5.0,5.0,7.0,1.0,4.0,10.0,3.0,4.0,3.0,3.0,3.0,4.0,6.0,3.0,7.0,2.0,12.0,8.0,3.0,0.0,3.0
24,2629306048.0,23.0,48.0,48.0,19.0,79.0,281.0,24.0,113.0,54.0,39.0,217.0,51.0,31.0,143.0,21.0,74.0,43.0,28.0,34.0,56.0,88.0,43.0,12.0,0.0,103.0,58.0,8.0,69.0,13.0,36.0,79.0,4.0,42.0,117.0,30.0,219.0,213.0,20.0,30.0,89.0,354.0,17.0,25.0,13.0,69.0,10.0,75.0,16.0,49.0,61.0,96.0,0.0,114.0,7.0,67.0,26.0,56.0,12.0,32.0,78.0,49.0,126.0,176.0,98.0,107.0,13.0,29.0,58.0,63.0,197.0,32.0,89.0,29.0,8.0,155.0,37.0,154.0,41.0,37.0,28.0,20.0,82.0,7.0,146.0,79.0,60.0,10.0,8.0,56.0,72.0,36.0,31.0,0.0,152.0,28.0,57.0,44.0,76.0,21.0,20.0,20.0,12.0,42.0,214.0,59.0,44.0,184.0,1.0,63.0,0.0,109.0,15.0,44.0,69.0,190.0,83.0,229.0,79.0,117.0,10.0,8.0,4.0,58.0,13.0,6.0,198.0,71.0,36.0,11.0,131.0,10.0,182.0,151.0,7.0,34.0,6.0,12.0,111.0,0.0,33.0,38.0,37.0,21.0,1.0,18.0,148.0,12.0,20.0,13.0,13.0,6.0,12.0,38.0,6.0,39.0,3.0,209.0,99.0,38.0,0.0,6.0
25,2656704750.0,16.0,33.0,25.0,15.0,62.0,182.0,14.0,52.0,35.0,23.0,74.0,35.0,17.0,46.0,12.0,33.0,18.0,27.0,30.0,43.0,44.0,42.0,6.0,103.0,0.0,31.0,8.0,53.0,7.0,21.0,46.0,6.0,27.0,49.0,18.0,82.0,104.0,20.0,31.0,40.0,148.0,15.0,22.0,11.0,31.0,6.0,50.0,9.0,32.0,24.0,49.0,0.0,53.0,8.0,34.0,15.0,41.0,10.0,26.0,49.0,35.0,86.0,56.0,40.0,68.0,9.0,22.0,23.0,38.0,82.0,27.0,68.0,21.0,9.0,108.0,32.0,93.0,37.0,31.0,16.0,16.0,52.0,6.0,48.0,44.0,42.0,11.0,8.0,23.0,39.0,25.0,18.0,0.0,68.0,21.0,28.0,24.0,44.0,14.0,12.0,20.0,11.0,23.0,70.0,55.0,21.0,92.0,2.0,28.0,0.0,66.0,10.0,23.0,62.0,76.0,49.0,88.0,38.0,49.0,8.0,12.0,3.0,53.0,29.0,6.0,87.0,32.0,23.0,10.0,64.0,11.0,220.0,80.0,5.0,22.0,6.0,12.0,47.0,0.0,88.0,28.0,26.0,14.0,1.0,12.0,70.0,20.0,12.0,9.0,14.0,6.0,10.0,27.0,3.0,18.0,3.0,86.0,56.0,24.0,0.0,4.0
26,2728688695.0,12.0,12.0,24.0,12.0,25.0,64.0,6.0,49.0,25.0,17.0,46.0,9.0,13.0,26.0,7.0,17.0,10.0,10.0,8.0,20.0,32.0,15.0,4.0,58.0,31.0,0.0,4.0,20.0,4.0,14.0,28.0,4.0,19.0,25.0,11.0,32.0,49.0,13.0,10.0,26.0,69.0,11.0,13.0,8.0,17.0,4.0,22.0,7.0,19.0,18.0,42.0,0.0,25.0,5.0,19.0,13.0,25.0,8.0,18.0,24.0,15.0,34.0,42.0,19.0,20.0,7.0,10.0,13.0,25.0,29.0,10.0,20.0,12.0,6.0,47.0,17.0,46.0,13.0,13.0,10.0,8.0,20.0,4.0,44.0,20.0,14.0,7.0,6.0,15.0,18.0,21.0,11.0,0.0,37.0,9.0,15.0,14.0,18.0,6.0,12.0,6.0,4.0,14.0,39.0,25.0,15.0,40.0,1.0,23.0,0.0,26.0,9.0,8.0,23.0,29.0,29.0,31.0,14.0,34.0,5.0,5.0,3.0,21.0,5.0,5.0,31.0,18.0,9.0,8.0,37.0,6.0,32.0,30.0,4.0,12.0,5.0,13.0,37.0,0.0,14.0,12.0,13.0,7.0,1.0,3.0,43.0,7.0,4.0,7.0,3.0,4.0,9.0,11.0,2.0,9.0,2.0,43.0,24.0,4.0,0.0,2.0
27,2770551727.0,4.0,5.0,3.0,3.0,4.0,9.0,4.0,4.0,5.0,4.0,4.0,7.0,3.0,6.0,1.0,4.0,4.0,4.0,6.0,4.0,6.0,6.0,4.0,8.0,8.0,4.0,0.0,8.0,4.0,3.0,6.0,3.0,4.0,7.0,4.0,7.0,8.0,4.0,5.0,8.0,10.0,4.0,5.0,3.0,5.0,4.0,5.0,4.0,4.0,4.0,5.0,0.0,6.0,4.0,6.0,3.0,5.0,3.0,4.0,7.0,4.0,4.0,5.0,7.0,8.0,3.0,4.0,3.0,5.0,8.0,6.0,8.0,4.0,4.0,8.0,4.0,7.0,3.0,8.0,4.0,6.0,7.0,5.0,6.0,5.0,6.0,4.0,3.0,7.0,6.0,5.0,4.0,0.0,5.0,6.0,5.0,5.0,8.0,5.0,3.0,7.0,4.0,4.0,6.0,6.0,5.0,6.0,0.0,5.0,0.0,6.0,3.0,4.0,6.0,10.0,7.0,10.0,5.0,6.0,3.0,4.0,3.0,7.0,4.0,3.0,8.0,5.0,4.0,3.0,4.0,5.0,8.0,7.0,2.0,4.0,3.0,3.0,7.0,0.0,3.0,8.0,4.0,5.0,1.0,2.0,6.0,3.0,3.0,3.0,3.0,3.0,4.0,5.0,4.0,4.0,2.0,7.0,6.0,6.0,0.0,3.0
28,2802126473.0,12.0,20.0,14.0,14.0,31.0,131.0,9.0,33.0,35.0,10.0,31.0,23.0,6.0,20.0,4.0,28.0,34.0,15.0,38.0,16.0,30.0,24.0,6.0,69.0,53.0,20.0,8.0,0.0,6.0,9.0,51.0,4.0,15.0,98.0,11.0,92.0,74.0,9.0,23.0,41.0,140.0,11.0,13.0,7.0,32.0,5.0,32.0,7.0,23.0,22.0,25.0,0.0,29.0,5.0,34.0,10.0,39.0,8.0,17.0,30.0,40.0,60.0,31.0,41.0,79.0,4.0,14.0,12.0,18.0,33.0,20.0,87.0,13.0,12.0,98.0,32.0,89.0,18.0,37.0,6.0,9.0,23.0,6.0,31.0,57.0,51.0,10.0,6.0,26.0,18.0,46.0,13.0,0.0,25.0,23.0,23.0,18.0,64.0,16.0,6.0,24.0,7.0,17.0,54.0,23.0,15.0,36.0,0.0,18.0,0.0,35.0,13.0,11.0,49.0,51.0,20.0,41.0,71.0,27.0,8.0,13.0,3.0,59.0,14.0,5.0,33.0,22.0,8.0,9.0,20.0,12.0,56.0,35.0,5.0,16.0,6.0,5.0,19.0,0.0,11.0,27.0,36.0,14.0,1.0,10.0,55.0,8.0,7.0,7.0,8.0,5.0,9.0,12.0,4.0,34.0,3.0,41.0,27.0,38.0,0.0,4.0
29,2928562202.0,4.0,8.0,8.0,4.0,6.0,13.0,5.0,9.0,5.0,5.0,7.0,11.0,4.0,13.0,1.0,6.0,6.0,6.0,5.0,3.0,9.0,4.0,7.0,13.0,7.0,4.0,4.0,6.0,0.0,4.0,7.0,3.0,4.0,10.0,5.0,16.0,14.0,3.0,5.0,11.0,18.0,5.0,5.0,4.0,9.0,4.0,8.0,4.0,7.0,8.0,7.0,0.0,12.0,5.0,5.0,5.0,6.0,3.0,4.0,7.0,7.0,7.0,12.0,9.0,6.0,4.0,10.0,4.0,5.0,20.0,8.0,9.0,11.0,3.0,10.0,9.0,7.0,6.0,7.0,5.0,5.0,10.0,3.0,10.0,6.0,11.0,4.0,3.0,8.0,5.0,4.0,7.0,0.0,10.0,9.0,9.0,9.0,6.0,4.0,4.0,5.0,5.0,5.0,11.0,5.0,4.0,8.0,0.0,7.0,0.0,11.0,3.0,6.0,9.0,14.0,12.0,19.0,7.0,6.0,5.0,4.0,3.0,7.0,4.0,3.0,17.0,10.0,7.0,3.0,6.0,5.0,16.0,13.0,5.0,9.0,3.0,3.0,13.0,0.0,4.0,6.0,5.0,8.0,2.0,6.0,11.0,4.0,5.0,4.0,3.0,3.0,4.0,8.0,3.0,7.0,3.0,21.0,6.0,5.0,0.0,5.0
30,2988073705.0,14.0,14.0,10.0,8.0,19.0,31.0,7.0,24.0,11.0,8.0,45.0,11.0,6.0,16.0,2.0,18.0,5.0,12.0,5.0,16.0,22.0,14.0,7.0,36.0,21.0,14.0,3.0,9.0,4.0,0.0,11.0,3.0,8.0,12.0,6.0,30.0,34.0,8.0,8.0,18.0,42.0,7.0,11.0,4.0,13.0,4.0,15.0,8.0,11.0,11.0,22.0,0.0,17.0,3.0,14.0,9.0,11.0,8.0,12.0,20.0,13.0,23.0,29.0,12.0,12.0,3.0,8.0,24.0,19.0,25.0,10.0,14.0,9.0,4.0,24.0,10.0,22.0,9.0,8.0,6.0,10.0,16.0,3.0,24.0,10.0,10.0,4.0,4.0,12.0,13.0,7.0,9.0,0.0,23.0,8.0,12.0,7.0,11.0,3.0,5.0,5.0,4.0,11.0,32.0,15.0,9.0,23.0,0.0,20.0,0.0,20.0,6.0,15.0,16.0,19.0,15.0,31.0,9.0,13.0,4.0,4.0,3.0,8.0,8.0,5.0,22.0,12.0,8.0,6.0,23.0,5.0,25.0,26.0,4.0,11.0,5.0,7.0,16.0,0.0,12.0,6.0,10.0,6.0,1.0,2.0,20.0,5.0,2.0,5.0,4.0,4.0,6.0,8.0,2.0,6.0,2.0,31.0,23.0,4.0,0.0,2.0
31,3050608426.0,15.0,15.0,33.0,13.0,32.0,110.0,8.0,48.0,21.0,10.0,56.0,22.0,15.0,47.0,9.0,31.0,18.0,10.0,26.0,19.0,38.0,17.0,7.0,79.0,46.0,28.0,6.0,51.0,7.0,11.0,0.0,3.0,9.0,57.0,10.0,126.0,115.0,7.0,14.0,52.0,202.0,9.0,13.0,7.0,30.0,6.0,31.0,5.0,26.0,28.0,31.0,0.0,31.0,5.0,32.0,7.0,53.0,12.0,17.0,33.0,26.0,85.0,53.0,35.0,67.0,7.0,20.0,24.0,23.0,72.0,15.0,56.0,14.0,9.0,152.0,22.0,100.0,47.0,35.0,8.0,18.0,40.0,7.0,94.0,53.0,45.0,9.0,8.0,46.0,41.0,37.0,14.0,0.0,53.0,20.0,16.0,22.0,40.0,12.0,18.0,16.0,8.0,37.0,106.0,16.0,24.0,74.0,0.0,39.0,0.0,35.0,7.0,13.0,45.0,49.0,43.0,56.0,43.0,39.0,8.0,14.0,3.0,50.0,15.0,5.0,51.0,22.0,9.0,7.0,55.0,7.0,56.0,42.0,4.0,13.0,4.0,4.0,40.0,0.0,11.0,28.0,27.0,12.0,1.0,14.0,54.0,12.0,12.0,10.0,15.0,3.0,6.0,19.0,4.0,20.0,3.0,81.0,45.0,31.0,0.0,5.0
32,3187093457.0,6.0,3.0,7.0,3.0,4.0,5.0,3.0,10.0,4.0,5.0,5.0,3.0,3.0,6.0,1.0,4.0,3.0,3.0,3.0,3.0,3.0,4.0,3.0,4.0,6.0,4.0,3.0,4.0,3.0,3.0,3.0,0.0,3.0,3.0,5.0,4.0,9.0,6.0,3.0,3.0,8.0,4.0,3.0,3.0,3.0,3.0,3.0,3.0,4.0,4.0,4.0,0.0,4.0,3.0,3.0,4.0,7.0,3.0,5.0,4.0,4.0,5.0,8.0,3.0,3.0,3.0,3.0,4.0,6.0,3.0,3.0,3.0,5.0,3.0,5.0,4.0,5.0,3.0,3.0,3.0,5.0,3.0,3.0,7.0,3.0,3.0,3.0,3.0,4.0,3.0,4.0,3.0,0.0,3.0,3.0,3.0,4.0,3.0,2.0,3.0,3.0,3.0,4.0,3.0,6.0,3.0,4.0,0.0,3.0,0.0,5.0,3.0,3.0,4.0,5.0,3.0,4.0,3.0,3.0,3.0,3.0,3.0,3.0,3.0,3.0,5.0,4.0,2.0,3.0,3.0,3.0,5.0,3.0,2.0,3.0,3.0,6.0,3.0,0.0,3.0,3.0,3.0,3.0,1.0,1.0,5.0,3.0,1.0,3.0,3.0,2.0,3.0,3.0,2.0,3.0,2.0,4.0,4.0,1.0,0.0,2.0
33,3228462052.0,12.0,15.0,55.0,14.0,15.0,63.0,7.0,33.0,44.0,23.0,186.0,11.0,27.0,15.0,10.0,15.0,7.0,8.0,12.0,26.0,27.0,16.0,5.0,42.0,27.0,19.0,4.0,15.0,4.0,8.0,9.0,3.0,0.0,15.0,73.0,35.0,105.0,49.0,18.0,15.0,143.0,10.0,16.0,20.0,9.0,3.0,19.0,25.0,17.0,8.0,77.0,7.0,29.0,8.0,13.0,16.0,32.0,8.0,56.0,26.0,11.0,37.0,29.0,12.0,14.0,4.0,10.0,7.0,23.0,60.0,10.0,22.0,44.0,6.0,65.0,19.0,15.0,16.0,9.0,11.0,7.0,15.0,4.0,25.0,11.0,11.0,10.0,9.0,15.0,16.0,14.0,17.0,0.0,44.0,17.0,53.0,14.0,9.0,33.0,5.0,6.0,4.0,85.0,23.0,44.0,15.0,26.0,0.0,13.0,0.0,39.0,31.0,11.0,23.0,36.0,12.0,24.0,12.0,7.0,4.0,5.0,3.0,7.0,7.0,5.0,14.0,18.0,7.0,15.0,15.0,9.0,41.0,32.0,2.0,36.0,4.0,10.0,46.0,0.0,9.0,13.0,36.0,8.0,1.0,1.0,15.0,13.0,3.0,7.0,6.0,4.0,34.0,13.0,2.0,6.0,2.0,44.0,18.0,18.0,0.0,2.0
34,3235593308.0,14.0,22.0,16.0,12.0,27.0,176.0,8.0,43.0,33.0,8.0,30.0,28.0,7.0,28.0,6.0,27.0,37.0,16.0,34.0,16.0,37.0,26.0,5.0,117.0,49.0,25.0,7.0,98.0,10.0,12.0,57.0,3.0,15.0,0.0,10.0,118.0,76.0,9.0,25.0,42.0,174.0,13.0,15.0,7.0,38.0,5.0,35.0,5.0,11.0,20.0,27.0,0.0,29.0,6.0,48.0,10.0,41.0,6.0,16.0,36.0,44.0,64.0,33.0,60.0,101.0,4.0,16.0,14.0,19.0,63.0,21.0,103.0,15.0,9.0,95.0,29.0,113.0,17.0,42.0,7.0,11.0,24.0,8.0,29.0,69.0,55.0,8.0,5.0,26.0,13.0,44.0,13.0,0.0,27.0,20.0,23.0,20.0,84.0,15.0,6.0,23.0,6.0,14.0,48.0,22.0,14.0,45.0,0.0,19.0,0.0,66.0,12.0,14.0,54.0,60.0,27.0,56.0,82.0,45.0,6.0,11.0,3.0,53.0,14.0,6.0,47.0,25.0,13.0,9.0,28.0,8.0,65.0,48.0,5.0,18.0,7.0,4.0,34.0,0.0,10.0,24.0,38.0,15.0,2.0,11.0,58.0,8.0,10.0,7.0,9.0,3.0,7.0,18.0,5.0,34.0,3.0,63.0,26.0,45.0,0.0,4.0
35,3238578372.0,10.0,17.0,30.0,11.0,10.0,49.0,5.0,36.0,29.0,15.0,96.0,10.0,17.0,22.0,2.0,17.0,4.0,12.0,6.0,13.0,26.0,13.0,7.0,30.0,18.0,11.0,4.0,11.0,5.0,6.0,10.0,5.0,73.0,10.0,0.0,23.0,51.0,18.0,7.0,11.0,80.0,6.0,8.0,14.0,6.0,5.0,17.0,20.0,16.0,10.0,47.0,2.0,35.0,5.0,12.0,10.0,18.0,7.0,36.0,21.0,9.0,23.0,28.0,11.0,9.0,4.0,6.0,4.0,17.0,51.0,11.0,15.0,30.0,7.0,31.0,13.0,14.0,6.0,7.0,5.0,8.0,12.0,5.0,21.0,7.0,14.0,5.0,4.0,7.0,11.0,10.0,22.0,0.0,38.0,9.0,35.0,16.0,8.0,14.0,3.0,9.0,4.0,53.0,15.0,31.0,11.0,18.0,1.0,10.0,0.0,23.0,17.0,11.0,15.0,23.0,12.0,36.0,17.0,8.0,3.0,5.0,3.0,5.0,4.0,4.0,18.0,12.0,7.0,7.0,10.0,5.0,35.0,28.0,2.0,31.0,3.0,10.0,27.0,0.0,8.0,7.0,21.0,5.0,1.0,2.0,20.0,4.0,2.0,5.0,5.0,4.0,22.0,11.0,2.0,5.0,2.0,28.0,14.0,10.0,0.0,2.0
36,325109433.0,21.0,72.0,46.0,12.0,63.0,300.0,20.0,94.0,39.0,22.0,248.0,58.0,28.0,235.0,11.0,79.0,46.0,21.0,34.0,29.0,113.0,49.0,20.0,219.0,82.0,32.0,7.0,92.0,16.0,30.0,126.0,4.0,35.0,118.0,23.0,0.0,291.0,10.0,23.0,139.0,525.0,18.0,21.0,6.0,85.0,9.0,55.0,7.0,39.0,64.0,55.0,0.0,111.0,6.0,72.0,10.0,92.0,11.0,27.0,71.0,56.0,154.0,160.0,96.0,125.0,9.0,32.0,48.0,78.0,362.0,35.0,113.0,32.0,10.0,307.0,54.0,176.0,50.0,69.0,19.0,24.0,75.0,7.0,208.0,72.0,90.0,14.0,10.0,81.0,56.0,52.0,36.0,0.0,128.0,38.0,32.0,43.0,71.0,28.0,18.0,32.0,12.0,58.0,244.0,46.0,34.0,116.0,0.0,60.0,0.0,79.0,12.0,33.0,71.0,158.0,97.0,303.0,89.0,66.0,11.0,19.0,3.0,64.0,15.0,5.0,267.0,52.0,43.0,10.0,132.0,10.0,284.0,168.0,6.0,29.0,7.0,11.0,113.0,0.0,23.0,45.0,39.0,18.0,2.0,22.0,105.0,21.0,23.0,10.0,21.0,4.0,8.0,35.0,8.0,39.0,3.0,283.0,74.0,60.0,0.0,7.0
37,3298016058.0,33.0,39.0,70.0,21.0,87.0,302.0,16.0,157.0,75.0,42.0,288.0,48.0,56.0,135.0,9.0,60.0,36.0,27.0,33.0,51.0,110.0,57.0,14.0,213.0,104.0,49.0,8.0,74.0,14.0,34.0,115.0,9.0,105.0,76.0,51.0,291.0,0.0,33.0,30.0,92.0,533.0,20.0,29.0,20.0,59.0,9.0,78.0,20.0,57.0,59.0,100.0,1.0,109.0,10.0,60.0,19.0,152.0,14.0,58.0,95.0,53.0,195.0,156.0,86.0,86.0,13.0,27.0,49.0,70.0,215.0,36.0,89.0,53.0,11.0,312.0,66.0,149.0,43.0,51.0,27.0,31.0,89.0,9.0,221.0,62.0,80.0,15.0,16.0,82.0,77.0,56.0,41.0,0.0,147.0,46.0,63.0,55.0,51.0,33.0,19.0,26.0,10.0,105.0,235.0,79.0,36.0,139.0,1.0,71.0,0.0,100.0,23.0,42.0,90.0,168.0,85.0,182.0,42.0,67.0,12.0,17.0,3.0,60.0,25.0,6.0,153.0,54.0,24.0,15.0,138.0,17.0,244.0,144.0,8.0,46.0,5.0,22.0,89.0,0.0,28.0,43.0,60.0,20.0,1.0,16.0,107.0,30.0,17.0,12.0,28.0,4.0,25.0,29.0,5.0,33.0,3.0,190.0,96.0,66.0,0.0,5.0
38,3304834814.0,11.0,10.0,19.0,8.0,10.0,25.0,4.0,24.0,14.0,16.0,33.0,8.0,8.0,13.0,1.0,11.0,4.0,8.0,6.0,15.0,10.0,14.0,4.0,20.0,20.0,13.0,4.0,9.0,3.0,8.0,7.0,6.0,49.0,9.0,18.0,10.0,33.0,0.0,5.0,9.0,49.0,8.0,12.0,9.0,5.0,4.0,10.0,10.0,12.0,7.0,23.0,1.0,14.0,8.0,6.0,9.0,17.0,6.0,19.0,12.0,7.0,39.0,20.0,5.0,9.0,4.0,4.0,4.0,14.0,18.0,10.0,12.0,10.0,5.0,37.0,9.0,9.0,7.0,6.0,5.0,7.0,10.0,4.0,22.0,9.0,7.0,5.0,6.0,8.0,12.0,8.0,7.0,0.0,23.0,10.0,23.0,9.0,6.0,8.0,3.0,7.0,4.0,19.0,9.0,28.0,7.0,17.0,1.0,9.0,0.0,25.0,11.0,9.0,11.0,16.0,11.0,13.0,6.0,5.0,3.0,4.0,3.0,4.0,5.0,5.0,10.0,8.0,5.0,6.0,8.0,4.0,16.0,17.0,2.0,15.0,3.0,17.0,17.0,0.0,9.0,6.0,12.0,5.0,1.0,1.0,9.0,4.0,1.0,4.0,3.0,4.0,12.0,6.0,2.0,4.0,2.0,34.0,10.0,5.0,0.0,2.0
39,3309288841.0,9.0,10.0,9.0,7.0,18.0,38.0,5.0,18.0,15.0,8.0,25.0,10.0,12.0,11.0,2.0,13.0,17.0,11.0,20.0,10.0,13.0,14.0,3.0,30.0,31.0,10.0,5.0,23.0,5.0,8.0,14.0,3.0,18.0,25.0,7.0,23.0,30.0,5.0,0.0,13.0,44.0,7.0,9.0,11.0,17.0,3.0,20.0,4.0,9.0,9.0,22.0,0.0,14.0,3.0,15.0,4.0,10.0,3.0,18.0,25.0,26.0,29.0,9.0,22.0,24.0,4.0,6.0,7.0,12.0,19.0,8.0,33.0,16.0,5.0,23.0,5.0,35.0,7.0,11.0,3.0,8.0,16.0,4.0,10.0,16.0,21.0,8.0,5.0,7.0,9.0,13.0,5.0,0.0,20.0,9.0,6.0,7.0,30.0,10.0,3.0,14.0,4.0,14.0,23.0,20.0,8.0,19.0,0.0,5.0,0.0,27.0,9.0,6.0,20.0,18.0,11.0,16.0,20.0,12.0,3.0,6.0,3.0,21.0,6.0,4.0,12.0,9.0,6.0,7.0,14.0,5.0,21.0,13.0,2.0,18.0,4.0,4.0,10.0,0.0,6.0,10.0,18.0,4.0,1.0,2.0,20.0,7.0,2.0,5.0,2.0,2.0,7.0,6.0,2.0,15.0,2.0,15.0,11.0,9.0,0.0,2.0
40,3331600311.0,18.0,34.0,21.0,13.0,31.0,109.0,11.0,32.0,21.0,11.0,70.0,33.0,13.0,78.0,5.0,23.0,17.0,18.0,28.0,17.0,54.0,29.0,12.0,89.0,40.0,26.0,8.0,41.0,11.0,18.0,52.0,3.0,15.0,42.0,11.0,139.0,92.0,9.0,13.0,0.0,151.0,11.0,18.0,6.0,48.0,5.0,41.0,9.0,19.0,35.0,33.0,0.0,46.0,5.0,24.0,11.0,35.0,11.0,17.0,36.0,33.0,49.0,69.0,39.0,41.0,4.0,22.0,21.0,39.0,105.0,30.0,49.0,17.0,9.0,91.0,24.0,62.0,28.0,23.0,10.0,14.0,42.0,7.0,75.0,33.0,41.0,8.0,10.0,47.0,30.0,29.0,22.0,0.0,55.0,24.0,23.0,29.0,33.0,8.0,17.0,20.0,9.0,22.0,103.0,25.0,21.0,73.0,0.0,25.0,0.0,41.0,8.0,23.0,42.0,68.0,49.0,99.0,34.0,33.0,8.0,8.0,3.0,30.0,10.0,6.0,87.0,35.0,21.0,9.0,66.0,10.0,78.0,71.0,5.0,18.0,6.0,5.0,55.0,0.0,19.0,32.0,19.0,14.0,1.0,11.0,57.0,9.0,14.0,8.0,6.0,6.0,8.0,26.0,6.0,16.0,3.0,101.0,49.0,24.0,0.0,5.0
41,3402669803.0,40.0,52.0,115.0,22.0,118.0,535.0,21.0,183.0,113.0,49.0,319.0,62.0,56.0,207.0,29.0,117.0,85.0,28.0,51.0,73.0,145.0,61.0,13.0,354.0,148.0,69.0,10.0,140.0,18.0,42.0,202.0,8.0,143.0,174.0,80.0,525.0,533.0,49.0,44.0,151.0,0.0,28.0,35.0,31.0,92.0,13.0,91.0,25.0,82.0,76.0,133.0,2.0,119.0,13.0,93.0,25.0,231.0,18.0,97.0,100.0,84.0,311.0,198.0,152.0,178.0,16.0,34.0,54.0,72.0,290.0,46.0,181.0,77.0,12.0,736.0,91.0,292.0,97.0,93.0,32.0,34.0,107.0,8.0,309.0,100.0,123.0,20.0,18.0,110.0,108.0,87.0,47.0,0.0,193.0,52.0,79.0,66.0,111.0,64.0,48.0,40.0,11.0,145.0,468.0,93.0,53.0,210.0,2.0,84.0,0.0,173.0,32.0,49.0,114.0,257.0,134.0,253.0,127.0,82.0,12.0,18.0,4.0,97.0,24.0,6.0,203.0,66.0,31.0,22.0,221.0,16.0,272.0,181.0,9.0,54.0,7.0,22.0,136.0,0.0,33.0,58.0,76.0,24.0,1.0,28.0,147.0,27.0,33.0,13.0,39.0,6.0,48.0,41.0,7.0,75.0,3.0,306.0,125.0,84.0,0.0,6.0
42,3454610413.0,14.0,10.0,9.0,7.0,15.0,19.0,9.0,19.0,11.0,6.0,13.0,12.0,4.0,13.0,2.0,7.0,6.0,7.0,7.0,14.0,15.0,12.0,4.0,17.0,15.0,11.0,4.0,11.0,5.0,7.0,9.0,4.0,10.0,13.0,6.0,18.0,20.0,8.0,7.0,11.0,28.0,0.0,11.0,4.0,9.0,4.0,14.0,5.0,13.0,9.0,12.0,0.0,14.0,3.0,13.0,6.0,13.0,5.0,12.0,12.0,11.0,18.0,25.0,8.0,13.0,6.0,9.0,8.0,12.0,20.0,10.0,13.0,7.0,5.0,21.0,9.0,11.0,14.0,6.0,6.0,9.0,13.0,4.0,17.0,8.0,11.0,6.0,6.0,10.0,16.0,8.0,4.0,0.0,15.0,11.0,12.0,9.0,8.0,2.0,4.0,5.0,4.0,9.0,13.0,10.0,9.0,20.0,0.0,11.0,0.0,16.0,8.0,11.0,12.0,21.0,14.0,17.0,8.0,9.0,4.0,5.0,3.0,7.0,6.0,6.0,15.0,13.0,9.0,5.0,9.0,6.0,17.0,17.0,3.0,9.0,5.0,4.0,15.0,0.0,10.0,7.0,6.0,7.0,2.0,3.0,14.0,4.0,3.0,7.0,2.0,2.0,7.0,10.0,2.0,7.0,2.0,21.0,13.0,6.0,0.0,2.0
43,3663874516.0,13.0,18.0,8.0,9.0,13.0,30.0,7.0,17.0,18.0,8.0,17.0,21.0,6.0,13.0,1.0,12.0,8.0,14.0,9.0,17.0,22.0,21.0,5.0,25.0,22.0,13.0,5.0,13.0,5.0,11.0,13.0,3.0,16.0,15.0,8.0,21.0,29.0,12.0,9.0,18.0,35.0,11.0,0.0,6.0,13.0,5.0,19.0,6.0,13.0,11.0,25.0,0.0,18.0,5.0,17.0,7.0,14.0,6.0,14.0,16.0,17.0,17.0,32.0,14.0,19.0,5.0,11.0,6.0,16.0,36.0,15.0,24.0,13.0,6.0,32.0,16.0,17.0,9.0,12.0,6.0,12.0,20.0,6.0,16.0,16.0,18.0,8.0,6.0,12.0,14.0,11.0,8.0,0.0,18.0,10.0,21.0,11.0,12.0,6.0,7.0,10.0,5.0,13.0,15.0,21.0,11.0,24.0,0.0,10.0,0.0,28.0,10.0,11.0,21.0,23.0,16.0,26.0,9.0,12.0,5.0,7.0,3.0,12.0,8.0,6.0,25.0,16.0,11.0,6.0,14.0,9.0,32.0,29.0,3.0,15.0,5.0,6.0,18.0,0.0,9.0,13.0,13.0,8.0,1.0,4.0,16.0,8.0,5.0,7.0,5.0,4.0,10.0,12.0,5.0,9.0,2.0,31.0,24.0,12.0,0.0,3.0
44,3702241994.0,5.0,6.0,10.0,6.0,7.0,18.0,4.0,9.0,12.0,8.0,20.0,5.0,9.0,6.0,1.0,8.0,6.0,6.0,6.0,8.0,7.0,6.0,3.0,13.0,11.0,8.0,3.0,7.0,4.0,4.0,7.0,3.0,20.0,7.0,14.0,6.0,20.0,9.0,11.0,6.0,31.0,4.0,6.0,0.0,6.0,3.0,9.0,5.0,6.0,4.0,17.0,1.0,9.0,5.0,6.0,7.0,8.0,4.0,18.0,12.0,7.0,12.0,6.0,11.0,7.0,4.0,6.0,4.0,9.0,11.0,6.0,9.0,16.0,5.0,17.0,9.0,6.0,7.0,6.0,4.0,4.0,5.0,3.0,9.0,8.0,7.0,7.0,4.0,7.0,5.0,6.0,4.0,0.0,14.0,6.0,14.0,6.0,6.0,10.0,4.0,5.0,4.0,18.0,5.0,22.0,8.0,7.0,0.0,6.0,0.0,18.0,7.0,4.0,10.0,11.0,8.0,10.0,10.0,10.0,4.0,4.0,3.0,8.0,4.0,3.0,11.0,8.0,3.0,9.0,7.0,3.0,14.0,10.0,4.0,15.0,3.0,4.0,9.0,0.0,8.0,7.0,15.0,5.0,1.0,2.0,10.0,7.0,2.0,4.0,2.0,3.0,8.0,8.0,2.0,6.0,2.0,9.0,10.0,4.0,0.0,2.0
45,3948024891.0,11.0,23.0,18.0,9.0,27.0,69.0,9.0,23.0,15.0,10.0,41.0,20.0,12.0,51.0,3.0,25.0,28.0,13.0,23.0,11.0,31.0,19.0,11.0,69.0,31.0,17.0,5.0,32.0,9.0,13.0,30.0,3.0,9.0,38.0,6.0,85.0,59.0,5.0,17.0,48.0,92.0,9.0,13.0,6.0,0.0,5.0,32.0,5.0,18.0,31.0,23.0,0.0,38.0,5.0,27.0,10.0,28.0,4.0,9.0,29.0,32.0,47.0,47.0,38.0,30.0,5.0,16.0,15.0,17.0,62.0,16.0,39.0,14.0,5.0,64.0,21.0,51.0,17.0,26.0,7.0,12.0,29.0,4.0,48.0,25.0,35.0,10.0,8.0,34.0,16.0,18.0,15.0,0.0,40.0,19.0,19.0,18.0,32.0,7.0,10.0,13.0,8.0,14.0,64.0,16.0,17.0,33.0,0.0,16.0,0.0,35.0,6.0,17.0,42.0,42.0,24.0,67.0,22.0,28.0,11.0,7.0,3.0,30.0,9.0,5.0,48.0,24.0,20.0,7.0,47.0,8.0,45.0,40.0,7.0,15.0,7.0,5.0,33.0,0.0,11.0,25.0,18.0,11.0,1.0,9.0,37.0,10.0,11.0,8.0,5.0,4.0,6.0,19.0,3.0,27.0,3.0,60.0,34.0,19.0,0.0,6.0
46,40826310.0,5.0,6.0,5.0,4.0,5.0,14.0,4.0,7.0,11.0,5.0,6.0,5.0,3.0,5.0,4.0,5.0,4.0,4.0,4.0,6.0,8.0,6.0,4.0,10.0,6.0,4.0,4.0,5.0,4.0,4.0,6.0,3.0,3.0,5.0,5.0,9.0,9.0,4.0,3.0,5.0,13.0,4.0,5.0,3.0,5.0,0.0,5.0,3.0,6.0,5.0,5.0,0.0,7.0,4.0,6.0,4.0,13.0,5.0,7.0,5.0,4.0,6.0,10.0,7.0,7.0,3.0,5.0,3.0,4.0,10.0,5.0,6.0,6.0,4.0,9.0,5.0,5.0,4.0,5.0,5.0,5.0,6.0,4.0,12.0,5.0,7.0,4.0,4.0,8.0,7.0,4.0,5.0,0.0,8.0,6.0,7.0,4.0,5.0,4.0,3.0,5.0,4.0,6.0,8.0,5.0,6.0,11.0,0.0,8.0,0.0,6.0,5.0,6.0,5.0,10.0,7.0,11.0,5.0,4.0,3.0,5.0,3.0,5.0,4.0,3.0,9.0,5.0,3.0,4.0,4.0,4.0,9.0,10.0,3.0,5.0,3.0,4.0,8.0,0.0,5.0,4.0,4.0,4.0,1.0,3.0,6.0,3.0,3.0,5.0,3.0,3.0,4.0,6.0,3.0,5.0,2.0,12.0,7.0,2.0,0.0,3.0
47,4169333177.0,17.0,25.0,18.0,14.0,29.0,87.0,7.0,46.0,25.0,14.0,50.0,30.0,14.0,37.0,4.0,24.0,16.0,21.0,21.0,24.0,45.0,28.0,6.0,75.0,50.0,22.0,5.0,32.0,8.0,15.0,31.0,3.0,19.0,35.0,17.0,55.0,78.0,10.0,20.0,41.0,91.0,14.0,19.0,9.0,32.0,5.0,0.0,11.0,28.0,34.0,33.0,0.0,43.0,5.0,26.0,12.0,32.0,9.0,16.0,33.0,27.0,48.0,40.0,35.0,34.0,4.0,17.0,19.0,29.0,56.0,21.0,38.0,19.0,8.0,57.0,29.0,49.0,17.0,21.0,10.0,11.0,29.0,5.0,34.0,30.0,25.0,7.0,7.0,21.0,23.0,22.0,21.0,0.0,51.0,19.0,26.0,18.0,28.0,7.0,12.0,14.0,9.0,19.0,70.0,34.0,17.0,53.0,0.0,18.0,0.0,50.0,12.0,19.0,39.0,62.0,27.0,59.0,23.0,36.0,8.0,7.0,4.0,30.0,10.0,6.0,58.0,24.0,14.0,9.0,52.0,12.0,71.0,45.0,5.0,25.0,6.0,5.0,33.0,0.0,17.0,19.0,18.0,13.0,2.0,8.0,48.0,12.0,8.0,7.0,7.0,5.0,8.0,18.0,3.0,15.0,3.0,57.0,43.0,15.0,0.0,4.0
48,429311284.0,7.0,16.0,10.0,5.0,8.0,18.0,4.0,17.0,13.0,8.0,30.0,8.0,9.0,11.0,1.0,9.0,5.0,8.0,5.0,9.0,12.0,10.0,5.0,16.0,9.0,7.0,4.0,7.0,4.0,8.0,5.0,3.0,25.0,5.0,20.0,7.0,20.0,10.0,4.0,9.0,25.0,5.0,6.0,5.0,5.0,3.0,11.0,0.0,9.0,8.0,16.0,0.0,24.0,3.0,8.0,7.0,5.0,5.0,16.0,9.0,7.0,9.0,13.0,6.0,6.0,3.0,3.0,5.0,11.0,17.0,9.0,8.0,12.0,4.0,15.0,7.0,7.0,4.0,5.0,4.0,8.0,9.0,4.0,9.0,4.0,8.0,3.0,4.0,5.0,11.0,4.0,11.0,0.0,18.0,6.0,10.0,8.0,5.0,5.0,4.0,4.0,4.0,10.0,10.0,14.0,4.0,9.0,0.0,4.0,0.0,12.0,5.0,9.0,7.0,14.0,10.0,13.0,8.0,7.0,4.0,3.0,3.0,5.0,3.0,4.0,12.0,9.0,5.0,6.0,7.0,4.0,19.0,17.0,3.0,12.0,4.0,4.0,10.0,0.0,9.0,4.0,9.0,6.0,1.0,1.0,13.0,7.0,1.0,3.0,6.0,4.0,7.0,6.0,2.0,5.0,2.0,14.0,9.0,4.0,0.0,2.0
