,0,1,2,3,4,5,6,7,8,9,10,11,12,13,14,15,16,17,18,19,20,21,22,23,24,25,26,27,28,29,30,31,32,33,34,35,36,37,38,39,40,41,42,43,44,45,46,47,48,49,50,51,52,53,54,55,56,57,58,59,60,61,62,63,64,65,66,67,68,69,70,71,72,73,74,75,76,77,78,79,80,81,82,83,84,85,86,87,88,89,90,91,92,93,94,95,96,97,98,99,100,101,102,103,104,105,106,107,108,109,110,111,112,113,114,115,116,117,118,119,120,121,122,123,124,125,126,127,128,129,130,131,132,133,134,135,136,137,138,139,140,141,142,143,144,145,146,147,148,149,150,151,152,153,154,155,156,157,158
0,-1.0,106457332.0,114684715.0,123907301.0,127550092.0,130307355.0,132095682.0,1327276567.0,1394053561.0,1457734111.0,147693845.0,1489734068.0,1543437842.0,1560370849.0,1675405508.0,17481929.0,188066040.0,1949688684.0,2181547820.0,220217552.0,22129861.0,2268975918.0,2292429307.0,2293842619.0,2297833927.0,2308228646.0,2392645363.0,2460866346.0,2468080904.0,254915293.0,264596079.0,2719113654.0,281949458.0,2824601104.0,2849675915.0,2859708638.0,2864877319.0,286714614.0,2870325746.0,2874712030.0,2904419197.0,2916782406.0,2917634087.0,2920282771.0,2946211393.0,2986452774.0,300674623.0,309701929.0,3102697892.0,3170372048.0,3197711425.0,3227141173.0,3237783768.0,3281559270.0,3286260847.0,3286444140.0,3300687463.0,3361379838.0,3516467011.0,3682820911.0,3719665889.0,3838724001.0,385760041.0,3959935572.0,4090515072.0,4165172593.0,4176546983.0,4184043681.0,4198076899.0,420303507.0,421929408.0,4324640959.0,438142822.0,4465631772.0,4552531032.0,467417021.0,467458532.0,477490158.0,4834391959.0,4838662880.0,492321808.0,526072744.0,55200138.0,552022429.0,57591036.0,61475223.0,624737391.0,7.016366061474734e+17,7.038744649756099e+17,7.183990775708754e+17,7.195934922809303e+17,7.266157473596908e+17,7.27389599522263e+17,7.310286098681078e+17,7.361812386758205e+17,7.425868377938043e+17,7.469813195701289e+17,7.473775033422356e+17,75543282.0,7.584612238306386e+17,7.828851667631063e+17,7.86241101896319e+17,7.8640286889916e+17,7.865213643582464e+17,7.935628253608919e+17,7.937274681590743e+17,7.942534668477153e+17,7.998170381558825e+17,8.028781515000095e+17,8.041589153069302e+17,8.057514165182833e+17,8.068983177162301e+17,8.155455879950254e+17,8.344185802592256e+17,8.38255186539864e+17,8.413898697336791e+17,8.473341240502764e+17,8.491800580570071e+17,87011677.0,8.70662762443137e+17,8.723833679242854e+17,873760370.0,8.738382796106875e+17,8.745178935006413e+17,8.750305768555643e+17,8.775968348054938e+17,8.826500010750853e+17,8.83647335921623e+17,8.85514940416639e+17,888093426.0,8.926294559395799e+17,8.929616292262461e+17,9.013593734102221e+17,9.026015076687626e+17,9.030774560594248e+17,9.090948870264177e+17,9.114757364138557e+17,9.249067980327322e+17,9.314280999750287e+17,9.319295131260641e+17,9.337185311069389e+17,9.338946802190254e+17,9.339859149545636e+17,9.353903091475415e+17,9.40988241036972e+17,9.437489956873871e+17,9.510459481420554e+17,9.513508660107633e+17,9.51372431456813e+17,9.524610072044667e+17,9.554725682778071e+17,9.55673431864787e+17,9.557030261400248e+17,9.561743605485281e+17,9.565224153993871e+17,9.5783607272081e+17,9.590168405874606e+17,9.59113143514366e+17,9.603456977268736e+17
1,106457332.0,0.0,1.0,26.0,26.0,39.0,7.0,31.0,68.0,3.0,22.0,1.0,11.0,10.0,1.0,0.0,48.0,3.0,49.0,2.0,5.0,32.0,20.0,0.0,6.0,8.0,0.0,1.0,18.0,0.0,0.0,98.0,60.0,12.0,1.0,5.0,5.0,0.0,28.0,30.0,0.0,12.0,1.0,2.0,11.0,14.0,13.0,0.0,11.0,80.0,27.0,5.0,4.0,5.0,0.0,0.0,7.0,12.0,12.0,56.0,3.0,1.0,36.0,30.0,9.0,33.0,10.0,7.0,2.0,79.0,0.0,27.0,5.0,46.0,7.0,13.0,2.0,14.0,7.0,29.0,1.0,36.0,16.0,32.0,28.0,56.0,40.0,2.0,86.0,9.0,4.0,8.0,23.0,7.0,1.0,38.0,1.0,20.0,2.0,25.0,29.0,5.0,24.0,8.0,10.0,16.0,5.0,5.0,3.0,0.0,2.0,9.0,11.0,5.0,3.0,0.0,1.0,32.0,160.0,21.0,5.0,192.0,2.0,7.0,24.0,4.0,3.0,0.0,1.0,7.0,7.0,17.0,2.0,2.0,0.0,36.0,20.0,10.0,1.0,0.0,0.0,37.0,1.0,8.0,0.0,1.0,0.0,0.0,0.0,0.0,10.0,1.0,4.0,0.0,0.0,38.0,2.0,15.0,17.0
2,114684715.0,1.0,0.0,1.0,1.0,0.0,0.0,0.0,0.0,0.0,0.0,0.0,0.0,0.0,0.0,0.0,1.0,0.0,0.0,1.0,1.0,0.0,0.0,0.0,0.0,1.0,0.0,0.0,1.0,0.0,0.0,1.0,0.0,0.0,0.0,0.0,0.0,0.0,0.0,0.0,0.0,0.0,0.0,0.0,0.0,0.0,0.0,0.0,0.0,1.0,0.0,0.0,0.0,0.0,0.0,0.0,0.0,0.0,0.0,0.0,0.0,0.0,1.0,0.0,0.0,0.0,0.0,0.0,0.0,0.0,0.0,1.0,1.0,0.0,0.0,0.0,0.0,0.0,0.0,0.0,0.0,0.0,1.0,1.0,1.0,0.0,0.0,0.0,0.0,0.0,0.0,0.0,0.0,0.0,0.0,0.0,0.0,0.0,0.0,0.0,0.0,0.0,0.0,0.0,0.0,0.0,0.0,0.0,0.0,0.0,0.0,0.0,0.0,0.0,0.0,0.0,0.0,0.0,1.0,1.0,0.0,0.0,0.0,0.0,0.0,1.0,0.0,0.0,0.0,0.0,0.0,0.0,0.0,0.0,0.0,0.0,0.0,0.0,0.0,0.0,0.0,0.0,0.0,0.0,0.0,0.0,0.0,0.0,0.0,0.0,0.0,0.0,0.0,0.0,0.0,0.0,0.0,0.0,1.0
3,123907301.0,26.0,1.0,0.0,10.0,12.0,0.0,9.0,32.0,2.0,12.0,0.0,4.0,9.0,0.0,0.0,16.0,0.0,11.0,2.0,2.0,11.0,3.0,0.0,0.0,5.0,0.0,1.0,9.0,0.0,0.0,43.0,29.0,4.0,0.0,6.0,1.0,0.0,10.0,9.0,0.0,9.0,1.0,3.0,5.0,8.0,3.0,1.0,4.0,37.0,18.0,0.0,4.0,3.0,0.0,0.0,1.0,5.0,9.0,5.0,1.0,0.0,15.0,17.0,3.0,13.0,3.0,2.0,1.0,42.0,0.0,25.0,2.0,15.0,2.0,6.0,2.0,7.0,3.0,13.0,4.0,13.0,9.0,7.0,5.0,9.0,15.0,0.0,38.0,4.0,1.0,4.0,7.0,9.0,2.0,18.0,0.0,4.0,1.0,4.0,12.0,4.0,12.0,4.0,5.0,6.0,2.0,2.0,0.0,0.0,2.0,3.0,5.0,5.0,3.0,0.0,0.0,12.0,48.0,13.0,2.0,34.0,1.0,1.0,13.0,0.0,2.0,0.0,0.0,1.0,2.0,8.0,2.0,1.0,0.0,12.0,2.0,6.0,0.0,0.0,0.0,16.0,0.0,2.0,0.0,0.0,0.0,0.0,0.0,0.0,4.0,4.0,0.0,0.0,0.0,17.0,2.0,9.0,6.0
4,127550092.0,26.0,1.0,10.0,0.0,78.0,47.0,163.0,134.0,40.0,87.0,72.0,42.0,18.0,13.0,0.0,139.0,5.0,149.0,4.0,6.0,136.0,48.0,0.0,30.0,52.0,4.0,20.0,140.0,2.0,2.0,353.0,143.0,54.0,21.0,111.0,41.0,0.0,125.0,94.0,53.0,100.0,29.0,31.0,99.0,123.0,12.0,2.0,87.0,96.0,126.0,29.0,42.0,47.0,0.0,0.0,67.0,45.0,20.0,230.0,14.0,12.0,75.0,141.0,11.0,169.0,72.0,86.0,51.0,136.0,2.0,31.0,9.0,114.0,68.0,92.0,3.0,139.0,50.0,147.0,25.0,121.0,70.0,62.0,32.0,256.0,208.0,22.0,228.0,47.0,27.0,46.0,100.0,5.0,35.0,159.0,15.0,76.0,10.0,156.0,134.0,43.0,90.0,71.0,83.0,63.0,35.0,41.0,57.0,1.0,20.0,18.0,35.0,39.0,50.0,6.0,5.0,104.0,266.0,98.0,41.0,301.0,19.0,60.0,90.0,13.0,64.0,0.0,2.0,102.0,51.0,88.0,11.0,3.0,4.0,168.0,42.0,100.0,5.0,0.0,4.0,113.0,16.0,78.0,0.0,13.0,15.0,2.0,6.0,7.0,75.0,53.0,5.0,7.0,3.0,148.0,31.0,91.0,78.0
5,130307355.0,39.0,0.0,12.0,78.0,0.0,10.0,102.0,105.0,15.0,78.0,29.0,42.0,21.0,6.0,0.0,93.0,5.0,83.0,6.0,2.0,89.0,20.0,0.0,25.0,18.0,1.0,11.0,80.0,2.0,0.0,206.0,77.0,38.0,16.0,53.0,34.0,0.0,72.0,55.0,17.0,49.0,10.0,18.0,54.0,58.0,10.0,2.0,30.0,163.0,83.0,11.0,14.0,31.0,0.0,1.0,32.0,25.0,16.0,139.0,7.0,10.0,73.0,77.0,13.0,83.0,54.0,49.0,18.0,99.0,2.0,39.0,7.0,130.0,30.0,41.0,2.0,56.0,23.0,74.0,13.0,64.0,55.0,63.0,18.0,136.0,100.0,18.0,147.0,20.0,13.0,24.0,61.0,5.0,13.0,95.0,8.0,50.0,11.0,70.0,68.0,27.0,72.0,43.0,52.0,47.0,28.0,17.0,23.0,0.0,13.0,24.0,58.0,29.0,22.0,0.0,4.0,73.0,165.0,58.0,27.0,207.0,15.0,32.0,51.0,16.0,27.0,0.0,1.0,51.0,26.0,48.0,6.0,1.0,1.0,77.0,32.0,55.0,3.0,0.0,0.0,75.0,11.0,48.0,0.0,3.0,5.0,0.0,3.0,3.0,37.0,26.0,4.0,2.0,1.0,82.0,18.0,37.0,54.0
6,132095682.0,7.0,0.0,0.0,47.0,10.0,0.0,20.0,27.0,8.0,29.0,12.0,32.0,1.0,3.0,0.0,17.0,1.0,47.0,0.0,1.0,22.0,8.0,0.0,11.0,13.0,0.0,8.0,45.0,0.0,1.0,84.0,18.0,8.0,8.0,23.0,5.0,0.0,13.0,24.0,11.0,23.0,6.0,6.0,26.0,29.0,0.0,1.0,8.0,16.0,37.0,8.0,10.0,3.0,0.0,3.0,15.0,5.0,14.0,36.0,6.0,12.0,14.0,17.0,2.0,19.0,13.0,7.0,12.0,15.0,5.0,2.0,2.0,22.0,6.0,11.0,0.0,49.0,10.0,21.0,2.0,17.0,9.0,12.0,25.0,66.0,25.0,2.0,53.0,16.0,8.0,25.0,8.0,0.0,18.0,20.0,4.0,30.0,3.0,22.0,16.0,4.0,14.0,16.0,10.0,12.0,7.0,4.0,23.0,0.0,1.0,3.0,6.0,6.0,13.0,1.0,2.0,45.0,42.0,11.0,5.0,68.0,4.0,11.0,48.0,2.0,8.0,0.0,0.0,29.0,16.0,12.0,5.0,2.0,8.0,38.0,4.0,11.0,4.0,0.0,2.0,14.0,3.0,12.0,0.0,4.0,4.0,0.0,1.0,1.0,10.0,9.0,2.0,1.0,0.0,40.0,13.0,15.0,15.0
7,1327276567.0,31.0,0.0,9.0,163.0,102.0,20.0,0.0,218.0,47.0,140.0,141.0,48.0,28.0,13.0,0.0,172.0,6.0,233.0,3.0,4.0,241.0,27.0,0.0,132.0,63.0,5.0,31.0,195.0,1.0,2.0,388.0,164.0,77.0,32.0,175.0,102.0,0.0,170.0,140.0,145.0,138.0,91.0,41.0,141.0,168.0,21.0,3.0,136.0,162.0,206.0,35.0,158.0,152.0,0.0,2.0,89.0,95.0,28.0,328.0,18.0,24.0,85.0,199.0,19.0,254.0,103.0,174.0,74.0,199.0,3.0,43.0,8.0,145.0,125.0,101.0,4.0,168.0,85.0,358.0,87.0,171.0,92.0,74.0,10.0,354.0,277.0,38.0,342.0,64.0,39.0,76.0,171.0,3.0,55.0,256.0,24.0,115.0,3.0,226.0,241.0,111.0,154.0,96.0,190.0,92.0,81.0,74.0,102.0,0.0,29.0,25.0,76.0,59.0,237.0,19.0,14.0,154.0,337.0,124.0,56.0,351.0,24.0,89.0,104.0,21.0,133.0,0.0,7.0,142.0,59.0,118.0,13.0,3.0,5.0,242.0,62.0,187.0,16.0,0.0,5.0,172.0,22.0,115.0,0.0,58.0,17.0,2.0,11.0,7.0,92.0,75.0,9.0,18.0,16.0,222.0,49.0,110.0,126.0
8,1394053561.0,68.0,0.0,32.0,134.0,105.0,27.0,218.0,0.0,61.0,179.0,100.0,86.0,32.0,9.0,0.0,167.0,7.0,254.0,6.0,9.0,225.0,22.0,0.0,65.0,55.0,6.0,61.0,237.0,3.0,11.0,440.0,167.0,94.0,31.0,151.0,50.0,0.0,163.0,187.0,60.0,184.0,32.0,35.0,184.0,180.0,22.0,4.0,83.0,199.0,256.0,34.0,61.0,80.0,0.0,21.0,124.0,61.0,63.0,305.0,35.0,52.0,82.0,179.0,20.0,211.0,86.0,125.0,90.0,217.0,5.0,87.0,7.0,146.0,88.0,90.0,4.0,170.0,86.0,202.0,37.0,196.0,81.0,70.0,10.0,333.0,252.0,24.0,414.0,105.0,49.0,135.0,151.0,12.0,105.0,265.0,47.0,157.0,6.0,243.0,191.0,67.0,172.0,119.0,103.0,97.0,40.0,38.0,155.0,1.0,23.0,28.0,38.0,56.0,57.0,19.0,20.0,208.0,351.0,151.0,39.0,426.0,21.0,69.0,128.0,17.0,67.0,0.0,2.0,164.0,82.0,116.0,44.0,6.0,32.0,248.0,58.0,113.0,5.0,0.0,12.0,181.0,27.0,96.0,0.0,14.0,20.0,3.0,9.0,9.0,83.0,65.0,15.0,6.0,4.0,222.0,57.0,109.0,152.0
9,1457734111.0,3.0,0.0,2.0,40.0,15.0,8.0,47.0,61.0,0.0,39.0,33.0,33.0,5.0,5.0,0.0,25.0,2.0,59.0,0.0,1.0,46.0,4.0,0.0,18.0,15.0,3.0,25.0,58.0,0.0,4.0,93.0,25.0,25.0,15.0,43.0,9.0,0.0,32.0,48.0,22.0,47.0,19.0,12.0,44.0,50.0,1.0,1.0,23.0,18.0,58.0,17.0,20.0,16.0,0.0,7.0,29.0,11.0,19.0,61.0,15.0,22.0,13.0,35.0,3.0,47.0,25.0,35.0,37.0,30.0,4.0,10.0,1.0,32.0,29.0,20.0,0.0,46.0,23.0,44.0,7.0,44.0,19.0,16.0,2.0,69.0,51.0,8.0,72.0,29.0,27.0,35.0,27.0,2.0,39.0,52.0,20.0,43.0,1.0,47.0,41.0,15.0,41.0,37.0,28.0,30.0,16.0,9.0,50.0,0.0,12.0,10.0,10.0,15.0,16.0,3.0,8.0,51.0,63.0,38.0,7.0,70.0,7.0,22.0,41.0,4.0,20.0,0.0,1.0,49.0,25.0,23.0,15.0,3.0,10.0,54.0,15.0,28.0,4.0,0.0,8.0,39.0,9.0,23.0,0.0,9.0,11.0,1.0,2.0,6.0,20.0,24.0,2.0,3.0,1.0,55.0,23.0,23.0,33.0
10,147693845.0,22.0,0.0,12.0,87.0,78.0,29.0,140.0,179.0,39.0,0.0,63.0,125.0,24.0,9.0,0.0,112.0,9.0,325.0,3.0,3.0,193.0,15.0,0.0,42.0,39.0,5.0,98.0,187.0,2.0,23.0,414.0,99.0,74.0,29.0,127.0,55.0,0.0,99.0,259.0,36.0,235.0,16.0,31.0,337.0,210.0,8.0,3.0,50.0,138.0,424.0,33.0,21.0,51.0,0.0,54.0,96.0,46.0,154.0,198.0,43.0,126.0,74.0,108.0,32.0,127.0,86.0,90.0,78.0,110.0,7.0,37.0,7.0,225.0,51.0,68.0,5.0,155.0,46.0,150.0,24.0,190.0,53.0,62.0,9.0,196.0,138.0,22.0,375.0,143.0,40.0,260.0,94.0,5.0,224.0,223.0,33.0,306.0,7.0,131.0,100.0,49.0,263.0,145.0,76.0,88.0,49.0,26.0,199.0,1.0,35.0,36.0,46.0,51.0,49.0,1.0,91.0,382.0,159.0,82.0,35.0,223.0,12.0,37.0,213.0,34.0,46.0,0.0,1.0,91.0,77.0,93.0,101.0,94.0,85.0,300.0,47.0,74.0,4.0,0.0,14.0,206.0,26.0,84.0,0.0,10.0,28.0,2.0,8.0,10.0,66.0,61.0,8.0,6.0,2.0,259.0,86.0,74.0,187.0
11,1489734068.0,1.0,0.0,0.0,72.0,29.0,12.0,141.0,100.0,33.0,63.0,0.0,20.0,10.0,8.0,0.0,50.0,5.0,96.0,2.0,1.0,101.0,11.0,0.0,78.0,34.0,4.0,25.0,94.0,1.0,1.0,164.0,57.0,42.0,18.0,99.0,60.0,0.0,63.0,81.0,94.0,70.0,71.0,21.0,75.0,82.0,3.0,1.0,81.0,43.0,95.0,17.0,125.0,96.0,0.0,4.0,53.0,72.0,13.0,128.0,12.0,15.0,31.0,96.0,6.0,132.0,45.0,110.0,49.0,77.0,3.0,15.0,2.0,51.0,88.0,45.0,0.0,83.0,71.0,187.0,69.0,72.0,36.0,28.0,0.0,168.0,116.0,24.0,155.0,37.0,36.0,51.0,94.0,0.0,48.0,100.0,19.0,63.0,1.0,111.0,158.0,63.0,64.0,63.0,119.0,45.0,51.0,46.0,95.0,0.0,15.0,10.0,23.0,26.0,77.0,19.0,10.0,81.0,164.0,80.0,36.0,159.0,8.0,52.0,53.0,5.0,89.0,0.0,9.0,87.0,42.0,53.0,7.0,6.0,7.0,103.0,25.0,103.0,17.0,0.0,2.0,75.0,14.0,46.0,0.0,50.0,10.0,2.0,5.0,6.0,41.0,44.0,4.0,13.0,14.0,91.0,30.0,47.0,58.0
12,1543437842.0,11.0,0.0,4.0,42.0,42.0,32.0,48.0,86.0,33.0,125.0,20.0,0.0,15.0,4.0,0.0,52.0,3.0,193.0,2.0,4.0,87.0,9.0,0.0,8.0,11.0,2.0,39.0,132.0,1.0,13.0,165.0,45.0,42.0,21.0,42.0,11.0,0.0,39.0,122.0,16.0,96.0,7.0,12.0,121.0,125.0,2.0,1.0,25.0,92.0,166.0,19.0,6.0,20.0,0.0,20.0,61.0,23.0,72.0,82.0,18.0,53.0,50.0,40.0,10.0,45.0,53.0,41.0,36.0,45.0,8.0,18.0,2.0,83.0,15.0,24.0,0.0,157.0,24.0,35.0,13.0,79.0,30.0,31.0,6.0,73.0,62.0,11.0,160.0,63.0,23.0,82.0,45.0,3.0,71.0,88.0,25.0,103.0,5.0,42.0,28.0,16.0,81.0,57.0,25.0,52.0,19.0,8.0,83.0,0.0,21.0,15.0,21.0,19.0,16.0,0.0,18.0,131.0,69.0,35.0,8.0,141.0,11.0,9.0,81.0,29.0,13.0,0.0,0.0,62.0,41.0,31.0,31.0,8.0,32.0,100.0,25.0,23.0,1.0,0.0,9.0,57.0,16.0,34.0,0.0,7.0,13.0,2.0,1.0,7.0,24.0,23.0,8.0,4.0,0.0,101.0,41.0,23.0,76.0
13,1560370849.0,10.0,0.0,9.0,18.0,21.0,1.0,28.0,32.0,5.0,24.0,10.0,15.0,0.0,4.0,0.0,33.0,4.0,24.0,2.0,2.0,37.0,8.0,0.0,3.0,6.0,2.0,5.0,27.0,0.0,0.0,47.0,26.0,21.0,2.0,20.0,9.0,0.0,20.0,27.0,5.0,17.0,5.0,10.0,19.0,17.0,3.0,0.0,17.0,58.0,28.0,4.0,6.0,11.0,0.0,0.0,12.0,9.0,12.0,37.0,4.0,5.0,23.0,36.0,2.0,27.0,17.0,15.0,6.0,35.0,0.0,22.0,1.0,21.0,11.0,18.0,2.0,18.0,12.0,26.0,5.0,27.0,16.0,18.0,2.0,33.0,25.0,6.0,49.0,7.0,5.0,11.0,22.0,4.0,5.0,34.0,3.0,14.0,1.0,22.0,29.0,13.0,28.0,14.0,14.0,21.0,5.0,8.0,6.0,1.0,12.0,6.0,13.0,13.0,11.0,0.0,3.0,26.0,40.0,24.0,10.0,74.0,8.0,6.0,22.0,7.0,9.0,0.0,0.0,17.0,11.0,22.0,6.0,3.0,0.0,23.0,14.0,19.0,1.0,0.0,2.0,30.0,6.0,21.0,0.0,3.0,5.0,1.0,3.0,2.0,18.0,11.0,2.0,1.0,0.0,35.0,8.0,17.0,26.0
14,1675405508.0,1.0,0.0,0.0,13.0,6.0,3.0,13.0,9.0,5.0,9.0,8.0,4.0,4.0,0.0,0.0,13.0,0.0,13.0,0.0,1.0,14.0,2.0,0.0,2.0,8.0,2.0,5.0,13.0,0.0,0.0,14.0,15.0,6.0,5.0,14.0,5.0,0.0,12.0,9.0,5.0,11.0,3.0,8.0,10.0,11.0,1.0,0.0,4.0,11.0,11.0,3.0,1.0,6.0,0.0,0.0,9.0,7.0,2.0,15.0,4.0,4.0,8.0,11.0,3.0,13.0,11.0,10.0,5.0,14.0,0.0,5.0,2.0,7.0,8.0,13.0,1.0,13.0,5.0,10.0,3.0,13.0,7.0,6.0,1.0,13.0,14.0,5.0,13.0,7.0,4.0,6.0,11.0,0.0,7.0,14.0,3.0,8.0,0.0,13.0,13.0,6.0,10.0,8.0,9.0,7.0,7.0,7.0,7.0,0.0,7.0,1.0,7.0,7.0,5.0,1.0,2.0,10.0,12.0,11.0,7.0,15.0,5.0,8.0,8.0,0.0,10.0,0.0,1.0,11.0,9.0,12.0,2.0,1.0,0.0,15.0,9.0,7.0,2.0,0.0,1.0,10.0,4.0,12.0,0.0,3.0,5.0,1.0,2.0,3.0,11.0,9.0,0.0,2.0,1.0,11.0,1.0,13.0,7.0
15,17481929.0,0.0,0.0,0.0,0.0,0.0,0.0,0.0,0.0,0.0,0.0,0.0,0.0,0.0,0.0,0.0,0.0,0.0,0.0,0.0,0.0,0.0,0.0,0.0,0.0,0.0,0.0,0.0,0.0,0.0,0.0,0.0,0.0,0.0,0.0,0.0,0.0,0.0,0.0,0.0,0.0,0.0,0.0,0.0,0.0,0.0,0.0,0.0,0.0,0.0,0.0,0.0,0.0,0.0,0.0,0.0,0.0,0.0,0.0,0.0,0.0,0.0,0.0,0.0,0.0,0.0,0.0,0.0,0.0,0.0,0.0,0.0,0.0,0.0,0.0,0.0,0.0,0.0,0.0,0.0,0.0,0.0,0.0,0.0,0.0,0.0,0.0,0.0,0.0,0.0,0.0,0.0,0.0,0.0,0.0,0.0,0.0,0.0,0.0,0.0,0.0,0.0,0.0,0.0,0.0,0.0,0.0,0.0,0.0,0.0,0.0,0.0,0.0,0.0,0.0,0.0,0.0,0.0,0.0,0.0,0.0,0.0,0.0,0.0,0.0,0.0,0.0,0.0,0.0,0.0,0.0,0.0,0.0,0.0,0.0,0.0,0.0,0.0,0.0,0.0,0.0,0.0,0.0,0.0,0.0,0.0,0.0,0.0,0.0,0.0,0.0,0.0,0.0,0.0,0.0,0.0,0.0,0.0,0.0
16,188066040.0,48.0,1.0,16.0,139.0,93.0,17.0,172.0,167.0,25.0,112.0,50.0,52.0,33.0,13.0,0.0,0.0,8.0,182.0,5.0,11.0,175.0,34.0,0.0,25.0,47.0,4.0,17.0,147.0,2.0,0.0,257.0,189.0,56.0,16.0,108.0,45.0,0.0,164.0,102.0,34.0,105.0,16.0,31.0,111.0,134.0,27.0,2.0,77.0,182.0,141.0,20.0,25.0,43.0,0.0,0.0,62.0,49.0,28.0,229.0,13.0,12.0,111.0,168.0,14.0,179.0,98.0,75.0,37.0,191.0,2.0,51.0,11.0,119.0,47.0,97.0,4.0,130.0,46.0,138.0,25.0,139.0,87.0,85.0,8.0,228.0,215.0,23.0,259.0,51.0,23.0,39.0,118.0,6.0,24.0,199.0,11.0,81.0,5.0,156.0,125.0,37.0,104.0,69.0,82.0,63.0,33.0,31.0,43.0,0.0,31.0,19.0,55.0,41.0,33.0,5.0,8.0,117.0,272.0,81.0,38.0,333.0,20.0,54.0,73.0,29.0,55.0,0.0,1.0,103.0,49.0,104.0,11.0,4.0,1.0,199.0,63.0,101.0,3.0,0.0,1.0,120.0,15.0,101.0,0.0,8.0,11.0,2.0,9.0,5.0,74.0,53.0,10.0,8.0,3.0,173.0,30.0,95.0,109.0
17,1949688684.0,3.0,0.0,0.0,5.0,5.0,1.0,6.0,7.0,2.0,9.0,5.0,3.0,4.0,0.0,0.0,8.0,0.0,8.0,0.0,2.0,7.0,0.0,0.0,0.0,1.0,0.0,1.0,4.0,0.0,0.0,27.0,4.0,3.0,0.0,4.0,1.0,0.0,7.0,8.0,0.0,4.0,0.0,1.0,4.0,4.0,3.0,0.0,2.0,31.0,7.0,0.0,0.0,2.0,0.0,0.0,0.0,4.0,7.0,7.0,2.0,2.0,6.0,14.0,1.0,10.0,6.0,5.0,1.0,8.0,0.0,17.0,0.0,6.0,4.0,4.0,0.0,5.0,6.0,5.0,0.0,6.0,3.0,8.0,1.0,9.0,8.0,2.0,15.0,2.0,6.0,1.0,4.0,1.0,1.0,8.0,0.0,4.0,0.0,4.0,13.0,3.0,6.0,3.0,3.0,5.0,0.0,1.0,4.0,0.0,3.0,2.0,4.0,3.0,2.0,0.0,0.0,6.0,27.0,6.0,1.0,19.0,2.0,2.0,10.0,3.0,0.0,0.0,0.0,4.0,0.0,4.0,0.0,1.0,0.0,5.0,5.0,3.0,0.0,0.0,0.0,6.0,1.0,5.0,0.0,0.0,1.0,0.0,1.0,0.0,4.0,1.0,9.0,0.0,0.0,9.0,5.0,4.0,5.0
18,2181547820.0,49.0,0.0,11.0,149.0,83.0,47.0,233.0,254.0,59.0,325.0,96.0,193.0,24.0,13.0,0.0,182.0,8.0,0.0,2.0,5.0,267.0,23.0,0.0,84.0,67.0,9.0,88.0,368.0,1.0,23.0,552.0,191.0,99.0,29.0,203.0,84.0,0.0,168.0,396.0,70.0,264.0,47.0,40.0,382.0,323.0,23.0,7.0,98.0,158.0,504.0,35.0,59.0,76.0,0.0,44.0,132.0,68.0,168.0,375.0,41.0,116.0,95.0,196.0,26.0,249.0,103.0,127.0,97.0,200.0,11.0,38.0,7.0,227.0,82.0,104.0,3.0,382.0,64.0,271.0,40.0,224.0,89.0,61.0,3.0,412.0,271.0,31.0,583.0,140.0,48.0,276.0,148.0,4.0,195.0,308.0,44.0,296.0,7.0,260.0,209.0,64.0,256.0,189.0,123.0,97.0,57.0,50.0,226.0,2.0,39.0,48.0,50.0,69.0,89.0,11.0,56.0,402.0,318.0,116.0,50.0,426.0,19.0,86.0,217.0,32.0,79.0,0.0,2.0,171.0,99.0,130.0,94.0,39.0,77.0,431.0,64.0,125.0,4.0,0.0,14.0,229.0,28.0,115.0,0.0,18.0,27.0,4.0,13.0,10.0,92.0,77.0,8.0,9.0,6.0,317.0,102.0,115.0,199.0
19,220217552.0,2.0,1.0,2.0,4.0,6.0,0.0,3.0,6.0,0.0,3.0,2.0,2.0,2.0,0.0,0.0,5.0,0.0,2.0,0.0,2.0,4.0,1.0,0.0,0.0,2.0,0.0,0.0,5.0,1.0,0.0,7.0,5.0,2.0,1.0,2.0,1.0,0.0,2.0,3.0,0.0,2.0,0.0,1.0,3.0,2.0,0.0,0.0,2.0,6.0,3.0,1.0,0.0,1.0,0.0,0.0,0.0,2.0,1.0,3.0,1.0,1.0,7.0,5.0,0.0,2.0,2.0,1.0,2.0,5.0,0.0,3.0,3.0,4.0,1.0,2.0,0.0,2.0,1.0,3.0,0.0,3.0,7.0,5.0,1.0,4.0,3.0,1.0,5.0,2.0,0.0,0.0,3.0,1.0,1.0,4.0,0.0,3.0,1.0,3.0,2.0,1.0,7.0,2.0,3.0,6.0,1.0,2.0,1.0,0.0,0.0,1.0,3.0,1.0,0.0,0.0,0.0,4.0,9.0,7.0,2.0,6.0,0.0,1.0,2.0,0.0,2.0,0.0,0.0,4.0,1.0,3.0,1.0,0.0,0.0,2.0,2.0,1.0,0.0,0.0,0.0,3.0,2.0,2.0,0.0,0.0,0.0,0.0,0.0,1.0,2.0,3.0,0.0,0.0,0.0,4.0,0.0,2.0,4.0
20,22129861.0,5.0,1.0,2.0,6.0,2.0,1.0,4.0,9.0,1.0,3.0,1.0,4.0,2.0,1.0,0.0,11.0,2.0,5.0,2.0,0.0,6.0,1.0,0.0,1.0,4.0,0.0,0.0,8.0,0.0,0.0,9.0,9.0,3.0,0.0,0.0,1.0,0.0,7.0,5.0,1.0,3.0,1.0,1.0,4.0,4.0,2.0,0.0,3.0,14.0,7.0,0.0,0.0,3.0,0.0,0.0,3.0,1.0,2.0,8.0,1.0,0.0,7.0,7.0,2.0,7.0,4.0,3.0,1.0,9.0,0.0,4.0,2.0,3.0,1.0,3.0,1.0,3.0,1.0,5.0,0.0,4.0,4.0,5.0,4.0,15.0,8.0,0.0,15.0,2.0,0.0,1.0,9.0,1.0,0.0,6.0,0.0,3.0,0.0,6.0,6.0,3.0,6.0,3.0,3.0,5.0,1.0,1.0,2.0,0.0,2.0,1.0,2.0,1.0,1.0,0.0,0.0,5.0,16.0,6.0,1.0,20.0,1.0,1.0,2.0,2.0,2.0,0.0,0.0,2.0,2.0,5.0,1.0,1.0,0.0,4.0,2.0,2.0,0.0,0.0,0.0,3.0,0.0,3.0,0.0,0.0,1.0,0.0,0.0,0.0,2.0,0.0,1.0,0.0,0.0,5.0,1.0,3.0,3.0
21,2268975918.0,32.0,0.0,11.0,136.0,89.0,22.0,241.0,225.0,46.0,193.0,101.0,87.0,37.0,14.0,0.0,175.0,7.0,267.0,4.0,6.0,0.0,25.0,0.0,63.0,59.0,8.0,52.0,201.0,1.0,19.0,367.0,165.0,98.0,29.0,182.0,72.0,0.0,177.0,175.0,59.0,194.0,35.0,41.0,187.0,214.0,13.0,5.0,99.0,282.0,247.0,29.0,46.0,77.0,0.0,20.0,120.0,80.0,69.0,385.0,29.0,55.0,118.0,204.0,21.0,233.0,147.0,157.0,79.0,204.0,4.0,39.0,7.0,146.0,98.0,110.0,3.0,172.0,85.0,217.0,33.0,211.0,85.0,72.0,2.0,372.0,258.0,35.0,426.0,106.0,41.0,112.0,182.0,3.0,89.0,299.0,30.0,161.0,3.0,243.0,196.0,74.0,174.0,140.0,125.0,106.0,44.0,44.0,130.0,2.0,54.0,25.0,60.0,72.0,79.0,16.0,25.0,214.0,311.0,121.0,50.0,441.0,24.0,76.0,109.0,58.0,92.0,0.0,1.0,145.0,82.0,143.0,41.0,6.0,38.0,268.0,72.0,138.0,7.0,0.0,14.0,220.0,28.0,137.0,0.0,16.0,22.0,3.0,13.0,10.0,102.0,78.0,17.0,11.0,4.0,267.0,85.0,119.0,202.0
22,2292429307.0,20.0,0.0,3.0,48.0,20.0,8.0,27.0,22.0,4.0,15.0,11.0,9.0,8.0,2.0,0.0,34.0,0.0,23.0,1.0,1.0,25.0,0.0,0.0,2.0,11.0,0.0,5.0,24.0,0.0,0.0,70.0,32.0,9.0,3.0,21.0,10.0,0.0,22.0,16.0,6.0,21.0,6.0,3.0,16.0,24.0,1.0,0.0,17.0,33.0,24.0,9.0,5.0,14.0,0.0,0.0,10.0,10.0,5.0,41.0,3.0,2.0,15.0,23.0,3.0,29.0,15.0,15.0,8.0,29.0,0.0,6.0,4.0,41.0,11.0,20.0,0.0,22.0,8.0,25.0,5.0,23.0,14.0,37.0,39.0,42.0,46.0,5.0,37.0,11.0,4.0,10.0,22.0,1.0,6.0,29.0,3.0,13.0,0.0,24.0,22.0,10.0,18.0,10.0,10.0,10.0,8.0,6.0,7.0,0.0,4.0,8.0,12.0,7.0,8.0,1.0,2.0,18.0,73.0,17.0,8.0,68.0,6.0,8.0,17.0,0.0,14.0,0.0,0.0,18.0,12.0,13.0,1.0,1.0,0.0,25.0,8.0,19.0,1.0,0.0,0.0,18.0,5.0,16.0,0.0,2.0,3.0,0.0,2.0,2.0,14.0,9.0,1.0,1.0,1.0,22.0,5.0,18.0,15.0
23,2293842619.0,0.0,0.0,0.0,0.0,0.0,0.0,0.0,0.0,0.0,0.0,0.0,0.0,0.0,0.0,0.0,0.0,0.0,0.0,0.0,0.0,0.0,0.0,0.0,0.0,0.0,0.0,0.0,0.0,0.0,0.0,0.0,0.0,0.0,0.0,0.0,0.0,0.0,0.0,0.0,0.0,0.0,0.0,0.0,0.0,0.0,0.0,0.0,0.0,0.0,0.0,0.0,0.0,0.0,0.0,0.0,0.0,0.0,0.0,0.0,0.0,0.0,0.0,0.0,0.0,0.0,0.0,0.0,0.0,0.0,0.0,0.0,0.0,0.0,0.0,0.0,0.0,0.0,0.0,0.0,0.0,0.0,0.0,0.0,0.0,0.0,0.0,0.0,0.0,0.0,0.0,0.0,0.0,0.0,0.0,0.0,0.0,0.0,0.0,0.0,0.0,0.0,0.0,0.0,0.0,0.0,0.0,0.0,0.0,0.0,0.0,0.0,0.0,0.0,0.0,0.0,0.0,0.0,0.0,0.0,0.0,0.0,0.0,0.0,0.0,0.0,0.0,0.0,0.0,0.0,0.0,0.0,0.0,0.0,0.0,0.0,0.0,0.0,0.0,0.0,0.0,0.0,0.0,0.0,0.0,0.0,0.0,0.0,0.0,0.0,0.0,0.0,0.0,0.0,0.0,0.0,0.0,0.0,0.0
24,2297833927.0,6.0,0.0,0.0,30.0,25.0,11.0,132.0,65.0,18.0,42.0,78.0,8.0,3.0,2.0,0.0,25.0,0.0,84.0,0.0,1.0,63.0,2.0,0.0,0.0,25.0,1.0,15.0,54.0,0.0,0.0,108.0,29.0,33.0,7.0,65.0,89.0,0.0,35.0,53.0,117.0,29.0,89.0,7.0,41.0,46.0,2.0,0.0,57.0,25.0,57.0,7.0,158.0,99.0,0.0,1.0,31.0,56.0,4.0,116.0,5.0,10.0,16.0,51.0,5.0,110.0,17.0,120.0,24.0,41.0,3.0,7.0,1.0,20.0,54.0,20.0,1.0,42.0,23.0,220.0,64.0,36.0,16.0,8.0,0.0,130.0,80.0,13.0,105.0,15.0,27.0,29.0,59.0,0.0,22.0,57.0,11.0,39.0,1.0,76.0,135.0,54.0,29.0,41.0,107.0,19.0,50.0,49.0,44.0,0.0,4.0,4.0,9.0,15.0,151.0,2.0,5.0,48.0,102.0,42.0,19.0,111.0,3.0,28.0,27.0,4.0,64.0,0.0,8.0,49.0,21.0,24.0,4.0,2.0,2.0,61.0,11.0,97.0,12.0,0.0,2.0,55.0,6.0,22.0,0.0,62.0,5.0,0.0,0.0,1.0,19.0,19.0,3.0,12.0,15.0,49.0,18.0,21.0,26.0
25,2308228646.0,8.0,1.0,5.0,52.0,18.0,13.0,63.0,55.0,15.0,39.0,34.0,11.0,6.0,8.0,0.0,47.0,1.0,67.0,2.0,4.0,59.0,11.0,0.0,25.0,0.0,7.0,8.0,60.0,1.0,0.0,116.0,50.0,15.0,10.0,132.0,11.0,0.0,48.0,55.0,17.0,37.0,21.0,13.0,46.0,55.0,10.0,0.0,37.0,38.0,50.0,6.0,19.0,14.0,0.0,0.0,28.0,10.0,6.0,142.0,9.0,4.0,26.0,56.0,4.0,77.0,26.0,33.0,25.0,50.0,1.0,13.0,4.0,31.0,25.0,57.0,2.0,77.0,26.0,64.0,4.0,44.0,21.0,20.0,1.0,100.0,82.0,8.0,84.0,25.0,19.0,20.0,38.0,1.0,16.0,69.0,4.0,28.0,0.0,64.0,61.0,15.0,37.0,39.0,35.0,22.0,14.0,13.0,36.0,12.0,19.0,10.0,14.0,12.0,25.0,5.0,4.0,34.0,92.0,64.0,13.0,88.0,4.0,23.0,31.0,2.0,23.0,0.0,1.0,48.0,21.0,39.0,3.0,2.0,1.0,68.0,18.0,40.0,1.0,0.0,1.0,44.0,6.0,35.0,0.0,6.0,6.0,0.0,6.0,2.0,31.0,22.0,2.0,1.0,1.0,60.0,13.0,37.0,36.0
26,2392645363.0,0.0,0.0,0.0,4.0,1.0,0.0,5.0,6.0,3.0,5.0,4.0,2.0,2.0,2.0,0.0,4.0,0.0,9.0,0.0,0.0,8.0,0.0,0.0,1.0,7.0,0.0,3.0,7.0,0.0,0.0,10.0,5.0,3.0,1.0,12.0,2.0,0.0,5.0,5.0,2.0,5.0,0.0,3.0,7.0,7.0,0.0,0.0,2.0,2.0,8.0,1.0,0.0,1.0,0.0,0.0,5.0,2.0,2.0,12.0,0.0,0.0,2.0,5.0,2.0,6.0,4.0,3.0,3.0,4.0,1.0,1.0,0.0,1.0,4.0,7.0,0.0,10.0,1.0,2.0,1.0,5.0,1.0,2.0,0.0,7.0,4.0,0.0,7.0,3.0,2.0,6.0,4.0,0.0,5.0,8.0,0.0,3.0,0.0,4.0,5.0,1.0,5.0,3.0,4.0,2.0,1.0,1.0,5.0,2.0,6.0,2.0,1.0,2.0,2.0,0.0,2.0,6.0,5.0,9.0,1.0,7.0,0.0,3.0,5.0,2.0,3.0,0.0,0.0,5.0,2.0,4.0,1.0,1.0,0.0,6.0,2.0,3.0,0.0,0.0,1.0,5.0,1.0,4.0,0.0,0.0,2.0,0.0,3.0,0.0,4.0,4.0,0.0,0.0,0.0,5.0,3.0,4.0,5.0
27,2460866346.0,1.0,0.0,1.0,20.0,11.0,8.0,31.0,61.0,25.0,98.0,25.0,39.0,5.0,5.0,0.0,17.0,1.0,88.0,0.0,0.0,52.0,5.0,0.0,15.0,8.0,3.0,0.0,58.0,0.0,12.0,109.0,18.0,31.0,15.0,38.0,13.0,0.0,21.0,78.0,17.0,82.0,4.0,8.0,92.0,76.0,1.0,0.0,13.0,25.0,112.0,17.0,7.0,16.0,0.0,26.0,40.0,15.0,43.0,48.0,23.0,46.0,11.0,23.0,9.0,35.0,27.0,33.0,36.0,24.0,2.0,8.0,1.0,67.0,15.0,18.0,0.0,40.0,15.0,35.0,5.0,61.0,12.0,13.0,0.0,46.0,36.0,7.0,99.0,55.0,22.0,76.0,27.0,1.0,90.0,64.0,24.0,93.0,1.0,49.0,31.0,18.0,86.0,48.0,24.0,31.0,13.0,10.0,77.0,1.0,7.0,10.0,10.0,15.0,18.0,1.0,34.0,105.0,41.0,28.0,10.0,43.0,4.0,14.0,60.0,3.0,18.0,0.0,0.0,34.0,38.0,22.0,38.0,29.0,35.0,78.0,12.0,15.0,0.0,0.0,11.0,61.0,13.0,21.0,0.0,4.0,15.0,3.0,2.0,7.0,20.0,28.0,1.0,1.0,0.0,72.0,30.0,19.0,65.0
28,2468080904.0,18.0,1.0,9.0,140.0,80.0,45.0,195.0,237.0,58.0,187.0,94.0,132.0,27.0,13.0,0.0,147.0,4.0,368.0,5.0,8.0,201.0,24.0,0.0,54.0,60.0,7.0,58.0,0.0,1.0,9.0,371.0,145.0,75.0,30.0,160.0,49.0,0.0,134.0,248.0,58.0,197.0,38.0,36.0,231.0,228.0,14.0,2.0,92.0,116.0,297.0,34.0,45.0,66.0,0.0,25.0,109.0,50.0,84.0,259.0,32.0,57.0,81.0,165.0,14.0,203.0,87.0,98.0,83.0,159.0,6.0,32.0,8.0,142.0,74.0,95.0,4.0,266.0,62.0,195.0,25.0,169.0,85.0,61.0,4.0,280.0,237.0,27.0,365.0,98.0,42.0,161.0,121.0,4.0,103.0,238.0,36.0,165.0,4.0,199.0,160.0,48.0,159.0,138.0,113.0,92.0,50.0,40.0,170.0,2.0,30.0,26.0,46.0,54.0,67.0,11.0,21.0,215.0,254.0,104.0,47.0,300.0,18.0,59.0,129.0,15.0,76.0,0.0,1.0,155.0,85.0,107.0,51.0,11.0,40.0,276.0,48.0,117.0,4.0,0.0,12.0,162.0,25.0,96.0,0.0,14.0,23.0,3.0,8.0,9.0,87.0,72.0,2.0,8.0,4.0,209.0,68.0,109.0,145.0
29,254915293.0,0.0,0.0,0.0,2.0,2.0,0.0,1.0,3.0,0.0,2.0,1.0,1.0,0.0,0.0,0.0,2.0,0.0,1.0,1.0,0.0,1.0,0.0,0.0,0.0,1.0,0.0,0.0,1.0,0.0,0.0,2.0,2.0,1.0,0.0,1.0,1.0,0.0,3.0,1.0,0.0,1.0,0.0,0.0,1.0,1.0,0.0,0.0,0.0,2.0,1.0,0.0,0.0,0.0,0.0,0.0,1.0,0.0,0.0,2.0,0.0,0.0,2.0,2.0,0.0,1.0,2.0,1.0,0.0,2.0,0.0,1.0,0.0,1.0,1.0,1.0,0.0,1.0,0.0,1.0,0.0,2.0,2.0,1.0,0.0,1.0,2.0,1.0,3.0,1.0,0.0,0.0,2.0,0.0,0.0,2.0,0.0,1.0,1.0,1.0,1.0,0.0,0.0,1.0,1.0,1.0,0.0,1.0,0.0,0.0,0.0,0.0,1.0,1.0,0.0,0.0,0.0,2.0,4.0,3.0,1.0,2.0,0.0,0.0,0.0,0.0,1.0,0.0,0.0,1.0,0.0,1.0,0.0,0.0,0.0,1.0,1.0,2.0,0.0,0.0,0.0,1.0,0.0,1.0,0.0,0.0,0.0,0.0,0.0,0.0,1.0,0.0,0.0,0.0,0.0,1.0,0.0,1.0,1.0
30,264596079.0,0.0,0.0,0.0,2.0,0.0,1.0,2.0,11.0,4.0,23.0,1.0,13.0,0.0,0.0,0.0,0.0,0.0,23.0,0.0,0.0,19.0,0.0,0.0,0.0,0.0,0.0,12.0,9.0,0.0,0.0,23.0,3.0,8.0,3.0,10.0,0.0,0.0,1.0,20.0,0.0,21.0,0.0,0.0,28.0,24.0,0.0,0.0,0.0,0.0,29.0,3.0,0.0,0.0,0.0,12.0,11.0,0.0,15.0,2.0,7.0,20.0,0.0,0.0,3.0,1.0,2.0,2.0,13.0,2.0,1.0,0.0,0.0,11.0,0.0,0.0,0.0,4.0,0.0,3.0,0.0,10.0,0.0,1.0,0.0,3.0,5.0,0.0,28.0,20.0,5.0,24.0,2.0,0.0,26.0,17.0,6.0,24.0,0.0,8.0,1.0,0.0,23.0,17.0,0.0,8.0,0.0,0.0,21.0,0.0,0.0,2.0,1.0,6.0,0.0,0.0,7.0,26.0,2.0,1.0,0.0,4.0,1.0,1.0,9.0,0.0,0.0,0.0,0.0,6.0,11.0,3.0,13.0,2.0,20.0,17.0,1.0,0.0,0.0,0.0,6.0,22.0,4.0,0.0,0.0,0.0,4.0,1.0,0.0,3.0,2.0,5.0,0.0,0.0,0.0,19.0,18.0,1.0,24.0
31,2719113654.0,98.0,1.0,43.0,353.0,206.0,84.0,388.0,440.0,93.0,414.0,164.0,165.0,47.0,14.0,0.0,257.0,27.0,552.0,7.0,9.0,367.0,70.0,0.0,108.0,116.0,10.0,109.0,371.0,2.0,23.0,0.0,289.0,121.0,40.0,341.0,108.0,0.0,282.0,383.0,115.0,316.0,65.0,64.0,385.0,334.0,27.0,8.0,165.0,366.0,557.0,52.0,130.0,166.0,0.0,53.0,206.0,81.0,178.0,776.0,44.0,132.0,130.0,263.0,41.0,391.0,115.0,203.0,132.0,308.0,9.0,91.0,14.0,401.0,148.0,155.0,5.0,345.0,131.0,386.0,55.0,327.0,104.0,112.0,51.0,916.0,620.0,34.0,877.0,163.0,72.0,278.0,218.0,11.0,233.0,437.0,56.0,361.0,18.0,389.0,332.0,95.0,314.0,190.0,172.0,145.0,71.0,65.0,302.0,9.0,49.0,53.0,84.0,72.0,127.0,21.0,76.0,539.0,963.0,252.0,54.0,1030.0,39.0,110.0,360.0,34.0,119.0,0.0,4.0,295.0,115.0,138.0,97.0,69.0,79.0,536.0,72.0,177.0,9.0,0.0,14.0,301.0,30.0,123.0,0.0,24.0,26.0,4.0,168.0,10.0,102.0,93.0,16.0,13.0,8.0,425.0,113.0,141.0,245.0
32,281949458.0,60.0,0.0,29.0,143.0,77.0,18.0,164.0,167.0,25.0,99.0,57.0,45.0,26.0,15.0,0.0,189.0,4.0,191.0,5.0,9.0,165.0,32.0,0.0,29.0,50.0,5.0,18.0,145.0,2.0,3.0,289.0,0.0,49.0,17.0,114.0,37.0,0.0,156.0,102.0,28.0,102.0,18.0,28.0,97.0,117.0,28.0,2.0,75.0,197.0,131.0,17.0,27.0,44.0,0.0,1.0,67.0,44.0,20.0,231.0,13.0,15.0,94.0,150.0,16.0,182.0,73.0,69.0,43.0,216.0,2.0,55.0,9.0,122.0,56.0,88.0,4.0,137.0,40.0,152.0,21.0,132.0,87.0,67.0,48.0,251.0,236.0,24.0,260.0,55.0,24.0,39.0,102.0,8.0,32.0,186.0,13.0,74.0,3.0,158.0,140.0,39.0,104.0,74.0,79.0,58.0,33.0,38.0,49.0,1.0,23.0,15.0,56.0,38.0,37.0,5.0,6.0,93.0,342.0,90.0,43.0,341.0,16.0,51.0,60.0,14.0,58.0,0.0,1.0,102.0,50.0,100.0,11.0,4.0,2.0,191.0,57.0,93.0,5.0,0.0,5.0,134.0,15.0,78.0,0.0,9.0,14.0,2.0,6.0,8.0,80.0,53.0,4.0,7.0,4.0,160.0,36.0,86.0,86.0
33,2824601104.0,12.0,0.0,4.0,54.0,38.0,8.0,77.0,94.0,25.0,74.0,42.0,42.0,21.0,6.0,0.0,56.0,3.0,99.0,2.0,3.0,98.0,9.0,0.0,33.0,15.0,3.0,31.0,75.0,1.0,8.0,121.0,49.0,0.0,13.0,58.0,35.0,0.0,58.0,72.0,24.0,78.0,21.0,18.0,74.0,81.0,3.0,1.0,44.0,60.0,80.0,15.0,15.0,36.0,0.0,8.0,55.0,33.0,28.0,111.0,16.0,18.0,45.0,64.0,8.0,78.0,47.0,64.0,36.0,67.0,3.0,22.0,3.0,52.0,43.0,50.0,0.0,65.0,27.0,80.0,18.0,81.0,37.0,35.0,1.0,117.0,86.0,19.0,115.0,43.0,23.0,51.0,58.0,2.0,41.0,93.0,20.0,60.0,2.0,88.0,68.0,37.0,63.0,57.0,50.0,55.0,22.0,24.0,39.0,1.0,19.0,9.0,20.0,34.0,27.0,1.0,10.0,86.0,105.0,55.0,29.0,138.0,12.0,33.0,48.0,16.0,37.0,0.0,1.0,59.0,33.0,52.0,18.0,4.0,11.0,86.0,28.0,52.0,2.0,0.0,9.0,78.0,14.0,46.0,0.0,8.0,14.0,3.0,4.0,7.0,44.0,27.0,4.0,6.0,2.0,82.0,29.0,43.0,65.0
34,2849675915.0,1.0,0.0,0.0,21.0,16.0,8.0,32.0,31.0,15.0,29.0,18.0,21.0,2.0,5.0,0.0,16.0,0.0,29.0,1.0,0.0,29.0,3.0,0.0,7.0,10.0,1.0,15.0,30.0,0.0,3.0,40.0,17.0,13.0,0.0,27.0,10.0,0.0,16.0,26.0,14.0,30.0,8.0,7.0,26.0,31.0,0.0,1.0,13.0,14.0,36.0,10.0,4.0,12.0,0.0,1.0,22.0,10.0,14.0,36.0,11.0,12.0,10.0,23.0,5.0,24.0,23.0,18.0,24.0,19.0,1.0,4.0,3.0,27.0,14.0,12.0,0.0,26.0,13.0,19.0,7.0,28.0,11.0,15.0,1.0,31.0,28.0,9.0,39.0,20.0,11.0,21.0,17.0,0.0,23.0,35.0,12.0,28.0,1.0,23.0,20.0,8.0,32.0,23.0,19.0,25.0,12.0,6.0,31.0,1.0,7.0,14.0,17.0,15.0,15.0,0.0,8.0,35.0,33.0,19.0,6.0,30.0,9.0,13.0,27.0,3.0,16.0,0.0,1.0,17.0,19.0,13.0,10.0,1.0,4.0,33.0,11.0,13.0,2.0,0.0,5.0,29.0,8.0,16.0,0.0,4.0,8.0,2.0,2.0,5.0,15.0,19.0,2.0,3.0,1.0,30.0,9.0,14.0,28.0
35,2859708638.0,5.0,0.0,6.0,111.0,53.0,23.0,175.0,151.0,43.0,127.0,99.0,42.0,20.0,14.0,0.0,108.0,4.0,203.0,2.0,0.0,182.0,21.0,0.0,65.0,132.0,12.0,38.0,160.0,1.0,10.0,341.0,114.0,58.0,27.0,0.0,55.0,0.0,135.0,154.0,51.0,126.0,45.0,37.0,147.0,157.0,3.0,1.0,82.0,85.0,176.0,23.0,59.0,55.0,0.0,11.0,85.0,42.0,36.0,347.0,24.0,33.0,47.0,141.0,16.0,187.0,66.0,99.0,68.0,123.0,5.0,22.0,7.0,96.0,76.0,103.0,1.0,168.0,61.0,197.0,22.0,135.0,54.0,50.0,3.0,281.0,227.0,24.0,300.0,72.0,42.0,86.0,103.0,0.0,81.0,208.0,24.0,111.0,0.0,197.0,192.0,46.0,121.0,111.0,91.0,66.0,37.0,34.0,125.0,13.0,28.0,21.0,44.0,47.0,76.0,13.0,20.0,141.0,265.0,124.0,35.0,258.0,19.0,74.0,84.0,10.0,76.0,0.0,1.0,151.0,61.0,76.0,32.0,8.0,26.0,218.0,42.0,105.0,4.0,0.0,12.0,141.0,21.0,85.0,0.0,12.0,20.0,3.0,20.0,8.0,73.0,68.0,7.0,6.0,3.0,205.0,57.0,88.0,110.0
36,2864877319.0,5.0,0.0,1.0,41.0,34.0,5.0,102.0,50.0,9.0,55.0,60.0,11.0,9.0,5.0,0.0,45.0,1.0,84.0,1.0,1.0,72.0,10.0,0.0,89.0,11.0,2.0,13.0,49.0,1.0,0.0,108.0,37.0,35.0,10.0,55.0,0.0,0.0,42.0,51.0,70.0,45.0,56.0,16.0,45.0,47.0,2.0,0.0,51.0,48.0,50.0,8.0,101.0,89.0,0.0,1.0,28.0,58.0,17.0,122.0,9.0,17.0,33.0,65.0,4.0,103.0,25.0,90.0,17.0,55.0,1.0,10.0,2.0,40.0,61.0,35.0,0.0,52.0,27.0,157.0,45.0,57.0,29.0,23.0,1.0,114.0,62.0,20.0,87.0,16.0,6.0,29.0,60.0,2.0,17.0,68.0,7.0,45.0,8.0,68.0,93.0,44.0,33.0,37.0,78.0,36.0,38.0,47.0,25.0,0.0,10.0,11.0,23.0,25.0,108.0,1.0,4.0,67.0,82.0,38.0,36.0,97.0,5.0,35.0,54.0,7.0,58.0,0.0,5.0,48.0,20.0,41.0,5.0,4.0,1.0,72.0,14.0,87.0,9.0,0.0,0.0,57.0,8.0,42.0,0.0,56.0,5.0,0.0,4.0,3.0,31.0,19.0,5.0,10.0,10.0,61.0,14.0,33.0,47.0
37,286714614.0,0.0,0.0,0.0,0.0,0.0,0.0,0.0,0.0,0.0,0.0,0.0,0.0,0.0,0.0,0.0,0.0,0.0,0.0,0.0,0.0,0.0,0.0,0.0,0.0,0.0,0.0,0.0,0.0,0.0,0.0,0.0,0.0,0.0,0.0,0.0,0.0,0.0,0.0,0.0,0.0,0.0,0.0,0.0,0.0,0.0,0.0,0.0,0.0,0.0,0.0,0.0,0.0,0.0,0.0,0.0,0.0,0.0,0.0,0.0,0.0,0.0,0.0,0.0,0.0,0.0,0.0,0.0,0.0,0.0,0.0,0.0,0.0,0.0,0.0,0.0,0.0,0.0,0.0,0.0,0.0,0.0,0.0,0.0,0.0,0.0,0.0,0.0,0.0,0.0,0.0,0.0,0.0,0.0,0.0,0.0,0.0,0.0,0.0,0.0,0.0,0.0,0.0,0.0,0.0,0.0,0.0,0.0,0.0,0.0,0.0,0.0,0.0,0.0,0.0,0.0,0.0,0.0,0.0,0.0,0.0,0.0,0.0,0.0,0.0,0.0,0.0,0.0,0.0,0.0,0.0,0.0,0.0,0.0,0.0,0.0,0.0,0.0,0.0,0.0,0.0,0.0,0.0,0.0,0.0,0.0,0.0,0.0,0.0,0.0,0.0,0.0,0.0,0.0,0.0,0.0,0.0,0.0,0.0
38,2870325746.0,28.0,0.0,10.0,125.0,72.0,13.0,170.0,163.0,32.0,99.0,63.0,39.0,20.0,12.0,0.0,164.0,7.0,168.0,2.0,7.0,177.0,22.0,0.0,35.0,48.0,5.0,21.0,134.0,3.0,1.0,282.0,156.0,58.0,16.0,135.0,42.0,0.0,0.0,98.0,44.0,102.0,22.0,45.0,111.0,127.0,17.0,2.0,77.0,143.0,127.0,20.0,31.0,46.0,0.0,0.0,70.0,50.0,19.0,226.0,12.0,12.0,75.0,158.0,15.0,173.0,92.0,84.0,42.0,171.0,2.0,47.0,9.0,99.0,57.0,85.0,2.0,127.0,52.0,153.0,16.0,134.0,72.0,64.0,7.0,230.0,202.0,21.0,251.0,51.0,29.0,42.0,114.0,5.0,31.0,186.0,16.0,77.0,2.0,171.0,135.0,42.0,94.0,75.0,82.0,62.0,34.0,32.0,60.0,2.0,26.0,17.0,49.0,49.0,39.0,10.0,6.0,110.0,232.0,80.0,39.0,251.0,22.0,66.0,58.0,22.0,63.0,0.0,1.0,105.0,50.0,100.0,10.0,2.0,2.0,196.0,55.0,104.0,4.0,0.0,5.0,118.0,20.0,100.0,0.0,10.0,15.0,2.0,60.0,6.0,80.0,60.0,5.0,6.0,2.0,165.0,35.0,106.0,96.0
39,2874712030.0,30.0,0.0,9.0,94.0,55.0,24.0,140.0,187.0,48.0,259.0,81.0,122.0,27.0,9.0,0.0,102.0,8.0,396.0,3.0,5.0,175.0,16.0,0.0,53.0,55.0,5.0,78.0,248.0,1.0,20.0,383.0,102.0,72.0,26.0,154.0,51.0,0.0,98.0,0.0,37.0,200.0,44.0,25.0,277.0,224.0,11.0,3.0,64.0,124.0,372.0,23.0,46.0,47.0,0.0,39.0,94.0,47.0,139.0,234.0,34.0,111.0,75.0,123.0,27.0,170.0,78.0,81.0,79.0,115.0,7.0,39.0,5.0,161.0,56.0,61.0,3.0,184.0,49.0,176.0,27.0,159.0,57.0,47.0,3.0,202.0,162.0,19.0,374.0,115.0,38.0,218.0,89.0,5.0,172.0,223.0,33.0,229.0,4.0,151.0,131.0,40.0,167.0,161.0,82.0,71.0,41.0,26.0,206.0,1.0,28.0,35.0,39.0,44.0,62.0,3.0,35.0,269.0,204.0,83.0,36.0,238.0,14.0,40.0,145.0,24.0,52.0,0.0,1.0,109.0,78.0,87.0,83.0,21.0,73.0,288.0,42.0,80.0,3.0,0.0,14.0,152.0,25.0,72.0,0.0,12.0,22.0,3.0,5.0,10.0,57.0,55.0,6.0,4.0,2.0,226.0,87.0,68.0,140.0
40,2904419197.0,0.0,0.0,0.0,53.0,17.0,11.0,145.0,60.0,22.0,36.0,94.0,16.0,5.0,5.0,0.0,34.0,0.0,70.0,0.0,1.0,59.0,6.0,0.0,117.0,17.0,2.0,17.0,58.0,0.0,0.0,115.0,28.0,24.0,14.0,51.0,70.0,0.0,44.0,37.0,0.0,38.0,77.0,17.0,45.0,60.0,0.0,1.0,82.0,26.0,56.0,12.0,143.0,110.0,0.0,1.0,34.0,62.0,6.0,98.0,8.0,9.0,21.0,57.0,4.0,102.0,31.0,113.0,28.0,39.0,2.0,6.0,2.0,27.0,74.0,32.0,0.0,57.0,36.0,200.0,78.0,48.0,24.0,17.0,1.0,104.0,76.0,21.0,96.0,20.0,17.0,31.0,78.0,1.0,26.0,73.0,12.0,37.0,0.0,70.0,123.0,61.0,36.0,35.0,114.0,32.0,50.0,58.0,37.0,0.0,10.0,7.0,9.0,16.0,117.0,6.0,3.0,53.0,90.0,48.0,26.0,99.0,8.0,31.0,33.0,4.0,74.0,0.0,9.0,52.0,25.0,35.0,6.0,0.0,2.0,72.0,15.0,94.0,16.0,0.0,2.0,40.0,7.0,31.0,0.0,62.0,7.0,0.0,2.0,2.0,30.0,23.0,1.0,15.0,15.0,53.0,17.0,32.0,36.0
41,2916782406.0,12.0,0.0,9.0,100.0,49.0,23.0,138.0,184.0,47.0,235.0,70.0,96.0,17.0,11.0,0.0,105.0,4.0,264.0,2.0,3.0,194.0,21.0,0.0,29.0,37.0,5.0,82.0,197.0,1.0,21.0,316.0,102.0,78.0,30.0,126.0,45.0,0.0,102.0,200.0,38.0,0.0,21.0,32.0,245.0,204.0,6.0,3.0,72.0,85.0,278.0,34.0,22.0,49.0,0.0,53.0,110.0,44.0,108.0,166.0,36.0,110.0,58.0,111.0,18.0,141.0,86.0,88.0,75.0,121.0,7.0,26.0,7.0,149.0,63.0,80.0,2.0,146.0,53.0,138.0,21.0,189.0,57.0,55.0,2.0,187.0,156.0,22.0,308.0,117.0,33.0,177.0,92.0,3.0,165.0,223.0,36.0,202.0,2.0,165.0,118.0,45.0,181.0,136.0,70.0,82.0,40.0,32.0,171.0,1.0,26.0,24.0,35.0,41.0,46.0,10.0,45.0,272.0,180.0,86.0,41.0,196.0,18.0,45.0,127.0,19.0,59.0,0.0,1.0,120.0,76.0,91.0,77.0,26.0,66.0,256.0,45.0,90.0,3.0,0.0,14.0,159.0,26.0,87.0,0.0,10.0,25.0,4.0,9.0,10.0,75.0,61.0,4.0,7.0,2.0,212.0,73.0,91.0,140.0
42,2917634087.0,1.0,0.0,1.0,29.0,10.0,6.0,91.0,32.0,19.0,16.0,71.0,7.0,5.0,3.0,0.0,16.0,0.0,47.0,0.0,1.0,35.0,6.0,0.0,89.0,21.0,0.0,4.0,38.0,0.0,0.0,65.0,18.0,21.0,8.0,45.0,56.0,0.0,22.0,44.0,77.0,21.0,0.0,8.0,31.0,33.0,0.0,1.0,51.0,11.0,41.0,8.0,110.0,69.0,0.0,1.0,18.0,33.0,4.0,66.0,7.0,8.0,13.0,37.0,3.0,67.0,19.0,75.0,19.0,30.0,3.0,4.0,1.0,14.0,56.0,16.0,0.0,38.0,24.0,133.0,53.0,26.0,16.0,10.0,0.0,67.0,51.0,17.0,60.0,11.0,21.0,22.0,36.0,1.0,20.0,42.0,8.0,29.0,0.0,42.0,97.0,45.0,18.0,27.0,83.0,23.0,44.0,39.0,36.0,0.0,9.0,7.0,9.0,11.0,96.0,2.0,3.0,33.0,64.0,29.0,19.0,53.0,5.0,22.0,24.0,1.0,53.0,0.0,5.0,35.0,18.0,18.0,3.0,2.0,1.0,45.0,9.0,81.0,11.0,0.0,1.0,24.0,6.0,17.0,0.0,55.0,5.0,1.0,1.0,1.0,15.0,16.0,1.0,13.0,14.0,36.0,14.0,14.0,20.0
43,2920282771.0,2.0,0.0,3.0,31.0,18.0,6.0,41.0,35.0,12.0,31.0,21.0,12.0,10.0,8.0,0.0,31.0,1.0,40.0,1.0,1.0,41.0,3.0,0.0,7.0,13.0,3.0,8.0,36.0,0.0,0.0,64.0,28.0,18.0,7.0,37.0,16.0,0.0,45.0,25.0,17.0,32.0,8.0,0.0,32.0,36.0,1.0,0.0,23.0,25.0,32.0,6.0,4.0,14.0,0.0,1.0,18.0,15.0,9.0,47.0,6.0,6.0,23.0,34.0,4.0,41.0,22.0,27.0,15.0,32.0,2.0,8.0,2.0,21.0,24.0,31.0,2.0,33.0,17.0,34.0,7.0,42.0,23.0,17.0,0.0,44.0,38.0,11.0,45.0,12.0,4.0,15.0,29.0,1.0,13.0,41.0,4.0,21.0,1.0,39.0,40.0,16.0,27.0,27.0,28.0,22.0,16.0,15.0,16.0,0.0,8.0,5.0,11.0,16.0,16.0,2.0,4.0,33.0,42.0,29.0,17.0,44.0,19.0,17.0,28.0,4.0,19.0,0.0,0.0,25.0,15.0,30.0,3.0,3.0,0.0,37.0,15.0,27.0,2.0,0.0,1.0,34.0,8.0,28.0,0.0,3.0,6.0,1.0,31.0,4.0,24.0,18.0,0.0,1.0,0.0,38.0,8.0,31.0,29.0
44,2946211393.0,11.0,0.0,5.0,99.0,54.0,26.0,141.0,184.0,44.0,337.0,75.0,121.0,19.0,10.0,0.0,111.0,4.0,382.0,3.0,4.0,187.0,16.0,0.0,41.0,46.0,7.0,92.0,231.0,1.0,28.0,385.0,97.0,74.0,26.0,147.0,45.0,0.0,111.0,277.0,45.0,245.0,31.0,32.0,0.0,267.0,7.0,3.0,61.0,79.0,554.0,35.0,31.0,54.0,0.0,50.0,124.0,43.0,132.0,192.0,37.0,129.0,59.0,108.0,23.0,147.0,72.0,87.0,94.0,111.0,6.0,25.0,4.0,184.0,50.0,77.0,2.0,194.0,43.0,145.0,21.0,185.0,58.0,41.0,3.0,190.0,162.0,23.0,439.0,171.0,40.0,301.0,85.0,1.0,231.0,245.0,44.0,285.0,1.0,160.0,118.0,38.0,334.0,162.0,82.0,85.0,40.0,34.0,208.0,1.0,22.0,55.0,35.0,52.0,47.0,5.0,80.0,341.0,170.0,76.0,41.0,191.0,14.0,44.0,135.0,17.0,58.0,0.0,1.0,121.0,90.0,87.0,100.0,76.0,82.0,348.0,43.0,81.0,5.0,0.0,13.0,204.0,24.0,76.0,0.0,11.0,26.0,4.0,9.0,8.0,68.0,58.0,3.0,7.0,4.0,275.0,84.0,81.0,199.0
45,2986452774.0,14.0,0.0,8.0,123.0,58.0,29.0,168.0,180.0,50.0,210.0,82.0,125.0,17.0,11.0,0.0,134.0,4.0,323.0,2.0,4.0,214.0,24.0,0.0,46.0,55.0,7.0,76.0,228.0,1.0,24.0,334.0,117.0,81.0,31.0,157.0,47.0,0.0,127.0,224.0,60.0,204.0,33.0,36.0,267.0,0.0,6.0,1.0,90.0,106.0,340.0,28.0,40.0,50.0,0.0,34.0,122.0,52.0,105.0,232.0,34.0,93.0,77.0,143.0,22.0,168.0,103.0,99.0,98.0,129.0,5.0,27.0,6.0,131.0,64.0,87.0,2.0,216.0,63.0,156.0,29.0,184.0,77.0,55.0,3.0,238.0,200.0,27.0,339.0,127.0,42.0,175.0,117.0,3.0,141.0,248.0,37.0,193.0,3.0,179.0,131.0,52.0,172.0,148.0,99.0,89.0,45.0,31.0,159.0,3.0,35.0,37.0,41.0,54.0,54.0,9.0,34.0,230.0,200.0,91.0,42.0,239.0,20.0,56.0,120.0,30.0,69.0,0.0,1.0,123.0,89.0,95.0,64.0,17.0,56.0,257.0,47.0,103.0,7.0,0.0,14.0,163.0,27.0,93.0,0.0,13.0,25.0,4.0,8.0,10.0,77.0,66.0,10.0,10.0,4.0,227.0,76.0,93.0,168.0
46,300674623.0,13.0,0.0,3.0,12.0,10.0,0.0,21.0,22.0,1.0,8.0,3.0,2.0,3.0,1.0,0.0,27.0,3.0,23.0,0.0,2.0,13.0,1.0,0.0,2.0,10.0,0.0,1.0,14.0,0.0,0.0,27.0,28.0,3.0,0.0,3.0,2.0,0.0,17.0,11.0,0.0,6.0,0.0,1.0,7.0,6.0,0.0,0.0,5.0,29.0,11.0,0.0,1.0,1.0,0.0,0.0,0.0,2.0,3.0,17.0,1.0,1.0,13.0,14.0,0.0,22.0,5.0,3.0,0.0,28.0,0.0,15.0,0.0,14.0,1.0,10.0,3.0,12.0,2.0,14.0,0.0,14.0,7.0,9.0,2.0,17.0,18.0,1.0,26.0,4.0,1.0,4.0,11.0,2.0,0.0,16.0,0.0,11.0,0.0,14.0,16.0,2.0,13.0,4.0,7.0,2.0,0.0,0.0,1.0,0.0,3.0,2.0,2.0,0.0,3.0,0.0,0.0,9.0,34.0,10.0,2.0,29.0,0.0,5.0,4.0,2.0,1.0,0.0,0.0,0.0,1.0,19.0,0.0,0.0,0.0,22.0,15.0,6.0,0.0,0.0,0.0,13.0,0.0,5.0,0.0,0.0,1.0,0.0,0.0,0.0,9.0,0.0,2.0,0.0,0.0,15.0,3.0,10.0,14.0
47,309701929.0,0.0,0.0,1.0,2.0,2.0,1.0,3.0,4.0,1.0,3.0,1.0,1.0,0.0,0.0,0.0,2.0,0.0,7.0,0.0,0.0,5.0,0.0,0.0,0.0,0.0,0.0,0.0,2.0,0.0,0.0,8.0,2.0,1.0,1.0,1.0,0.0,0.0,2.0,3.0,1.0,3.0,1.0,0.0,3.0,1.0,0.0,0.0,2.0,2.0,3.0,1.0,3.0,1.0,0.0,0.0,0.0,2.0,1.0,6.0,0.0,0.0,1.0,3.0,0.0,1.0,1.0,2.0,0.0,6.0,0.0,0.0,0.0,2.0,3.0,0.0,0.0,1.0,1.0,3.0,2.0,4.0,1.0,1.0,0.0,3.0,3.0,0.0,7.0,0.0,0.0,2.0,1.0,0.0,2.0,3.0,0.0,2.0,0.0,1.0,3.0,0.0,4.0,0.0,1.0,2.0,1.0,0.0,2.0,0.0,1.0,1.0,0.0,1.0,3.0,0.0,0.0,5.0,10.0,3.0,0.0,10.0,2.0,0.0,4.0,0.0,0.0,0.0,0.0,1.0,1.0,2.0,0.0,0.0,0.0,5.0,1.0,2.0,0.0,0.0,0.0,5.0,0.0,2.0,0.0,0.0,0.0,0.0,0.0,0.0,1.0,1.0,1.0,1.0,0.0,3.0,3.0,1.0,3.0
48,3102697892.0,11.0,0.0,4.0,87.0,30.0,8.0,136.0,83.0,23.0,50.0,81.0,25.0,17.0,4.0,0.0,77.0,2.0,98.0,2.0,3.0,99.0,17.0,0.0,57.0,37.0,2.0,13.0,92.0,0.0,0.0,165.0,75.0,44.0,13.0,82.0,51.0,0.0,77.0,64.0,82.0,72.0,51.0,23.0,61.0,90.0,5.0,2.0,0.0,59.0,86.0,16.0,125.0,81.0,0.0,1.0,45.0,63.0,17.0,147.0,12.0,10.0,50.0,89.0,5.0,126.0,52.0,83.0,35.0,75.0,2.0,17.0,3.0,63.0,59.0,47.0,2.0,85.0,37.0,190.0,58.0,88.0,44.0,35.0,3.0,159.0,127.0,24.0,148.0,27.0,20.0,28.0,77.0,2.0,20.0,121.0,9.0,49.0,1.0,102.0,124.0,52.0,54.0,46.0,99.0,57.0,51.0,40.0,40.0,2.0,24.0,9.0,17.0,26.0,94.0,2.0,6.0,66.0,133.0,51.0,30.0,162.0,10.0,27.0,47.0,7.0,73.0,0.0,6.0,75.0,33.0,52.0,7.0,5.0,1.0,109.0,27.0,104.0,14.0,0.0,3.0,65.0,11.0,45.0,0.0,56.0,8.0,2.0,6.0,5.0,43.0,32.0,3.0,15.0,12.0,94.0,25.0,46.0,49.0
49,3170372048.0,80.0,1.0,37.0,96.0,163.0,16.0,162.0,199.0,18.0,138.0,43.0,92.0,58.0,11.0,0.0,182.0,31.0,158.0,6.0,14.0,282.0,33.0,0.0,25.0,38.0,2.0,25.0,116.0,2.0,0.0,366.0,197.0,60.0,14.0,85.0,48.0,0.0,143.0,124.0,26.0,85.0,11.0,25.0,79.0,106.0,29.0,2.0,59.0,0.0,242.0,15.0,25.0,41.0,0.0,0.0,41.0,50.0,66.0,343.0,14.0,13.0,157.0,165.0,29.0,155.0,127.0,78.0,26.0,195.0,1.0,123.0,11.0,194.0,54.0,73.0,5.0,93.0,58.0,122.0,22.0,138.0,76.0,104.0,24.0,244.0,166.0,18.0,345.0,52.0,26.0,36.0,134.0,12.0,26.0,190.0,6.0,78.0,8.0,91.0,163.0,52.0,110.0,68.0,70.0,78.0,28.0,19.0,33.0,1.0,57.0,19.0,86.0,44.0,35.0,4.0,9.0,168.0,464.0,104.0,36.0,643.0,18.0,39.0,87.0,58.0,45.0,0.0,2.0,65.0,37.0,116.0,8.0,3.0,1.0,133.0,73.0,76.0,3.0,0.0,1.0,115.0,13.0,97.0,0.0,8.0,8.0,1.0,5.0,4.0,73.0,37.0,40.0,4.0,1.0,201.0,38.0,67.0,137.0
