,0,1,2,3,4,5,6,7,8,9,10,11,12,13,14,15,16,17,18,19,20,21,22,23,24,25,26,27,28,29,30,31,32,33,34,35,36,37,38,39,40,41,42,43,44,45,46,47,48,49,50,51,52
0,-1.0,123907301.0,132095682.0,1347275874.0,142697734.0,147693845.0,160450729.0,17481929.0,2178044727.0,2179339949.0,2181547820.0,218782726.0,2259280134.0,2307360354.0,231620897.0,238028220.0,2460866346.0,2482630440.0,2737752324.0,2752498194.0,2757618141.0,2874712030.0,298368845.0,301897844.0,3145685875.0,3300687463.0,3556938143.0,421929408.0,4308726619.0,4417475712.0,519390387.0,55200138.0,602985308.0,7.183990775708754e+17,7.310286098681078e+17,8.018353557248573e+17,8.02092736035881e+17,8.028781515000095e+17,8.053801966941676e+17,8.057515761155645e+17,8.112421684592722e+17,8.245319721270968e+17,833877799.0,8.369858745838019e+17,8.56836808319144e+17,8.574592034762629e+17,888093426.0,9.026015076687626e+17,9.02607647890858e+17,9.144319530838426e+17,9.162412060147466e+17,9.289594097194598e+17,9.336243345805558e+17
1,123907301.0,0.0,0.0,1.0,10.0,12.0,2.0,0.0,0.0,28.0,11.0,56.0,0.0,16.0,9.0,22.0,1.0,0.0,4.0,4.0,6.0,9.0,2.0,25.0,5.0,1.0,0.0,0.0,13.0,0.0,13.0,9.0,0.0,4.0,9.0,0.0,0.0,0.0,8.0,12.0,0.0,0.0,0.0,3.0,1.0,13.0,1.0,1.0,4.0,8.0,8.0,0.0,5.0
2,132095682.0,0.0,0.0,2.0,9.0,29.0,0.0,0.0,0.0,18.0,47.0,46.0,0.0,12.0,2.0,30.0,8.0,22.0,3.0,4.0,27.0,24.0,43.0,130.0,10.0,15.0,2.0,5.0,22.0,0.0,14.0,9.0,1.0,16.0,0.0,8.0,5.0,23.0,16.0,12.0,5.0,6.0,0.0,13.0,13.0,12.0,29.0,2.0,43.0,45.0,10.0,1.0,12.0
3,1347275874.0,1.0,2.0,0.0,3.0,6.0,0.0,0.0,0.0,11.0,16.0,29.0,0.0,13.0,0.0,21.0,5.0,11.0,1.0,0.0,1.0,12.0,10.0,17.0,6.0,7.0,0.0,3.0,14.0,0.0,14.0,7.0,1.0,10.0,0.0,4.0,2.0,15.0,6.0,9.0,0.0,0.0,0.0,3.0,5.0,9.0,11.0,0.0,12.0,3.0,6.0,0.0,8.0
4,142697734.0,10.0,9.0,3.0,0.0,62.0,1.0,0.0,0.0,103.0,111.0,139.0,0.0,62.0,22.0,134.0,9.0,27.0,19.0,14.0,25.0,65.0,56.0,126.0,70.0,41.0,5.0,1.0,79.0,2.0,86.0,69.0,8.0,29.0,4.0,6.0,6.0,23.0,38.0,58.0,15.0,7.0,0.0,27.0,17.0,58.0,70.0,2.0,17.0,79.0,22.0,3.0,46.0
5,147693845.0,12.0,29.0,6.0,62.0,0.0,1.0,0.0,0.0,203.0,327.0,386.0,0.0,63.0,22.0,158.0,98.0,159.0,15.0,30.0,177.0,261.0,220.0,260.0,78.0,96.0,24.0,7.0,229.0,2.0,118.0,53.0,10.0,144.0,5.0,87.0,128.0,201.0,217.0,145.0,84.0,144.0,0.0,206.0,210.0,118.0,91.0,94.0,147.0,139.0,42.0,4.0,134.0
6,160450729.0,2.0,0.0,0.0,1.0,1.0,0.0,0.0,0.0,1.0,0.0,3.0,0.0,1.0,0.0,1.0,0.0,0.0,0.0,1.0,0.0,1.0,0.0,2.0,1.0,0.0,0.0,0.0,0.0,0.0,1.0,0.0,0.0,0.0,0.0,0.0,0.0,0.0,1.0,1.0,0.0,0.0,0.0,1.0,0.0,1.0,0.0,0.0,0.0,1.0,0.0,0.0,1.0
7,17481929.0,0.0,0.0,0.0,0.0,0.0,0.0,0.0,0.0,0.0,0.0,0.0,0.0,0.0,0.0,0.0,0.0,0.0,0.0,0.0,0.0,0.0,0.0,0.0,0.0,0.0,0.0,0.0,0.0,0.0,0.0,0.0,0.0,0.0,0.0,0.0,0.0,0.0,0.0,0.0,0.0,0.0,0.0,0.0,0.0,0.0,0.0,0.0,0.0,0.0,0.0,0.0,0.0
8,2178044727.0,0.0,0.0,0.0,0.0,0.0,0.0,0.0,0.0,0.0,0.0,3.0,0.0,0.0,0.0,2.0,0.0,0.0,0.0,0.0,0.0,0.0,0.0,0.0,1.0,0.0,0.0,0.0,0.0,0.0,0.0,0.0,0.0,0.0,0.0,0.0,0.0,0.0,0.0,0.0,0.0,0.0,0.0,0.0,0.0,0.0,0.0,0.0,0.0,0.0,1.0,0.0,0.0
9,2179339949.0,28.0,18.0,11.0,103.0,203.0,1.0,0.0,0.0,0.0,309.0,447.0,0.0,136.0,30.0,261.0,65.0,121.0,20.0,30.0,104.0,199.0,207.0,279.0,121.0,120.0,16.0,3.0,232.0,4.0,171.0,80.0,21.0,112.0,7.0,57.0,43.0,144.0,154.0,163.0,60.0,56.0,0.0,94.0,102.0,147.0,146.0,15.0,84.0,172.0,42.0,4.0,155.0
10,2181547820.0,11.0,47.0,16.0,111.0,327.0,0.0,0.0,0.0,309.0,0.0,566.0,0.0,123.0,28.0,290.0,89.0,210.0,22.0,28.0,213.0,398.0,297.0,512.0,148.0,132.0,24.0,11.0,277.0,3.0,213.0,89.0,23.0,141.0,4.0,70.0,116.0,228.0,217.0,167.0,77.0,79.0,0.0,181.0,167.0,137.0,171.0,39.0,192.0,225.0,49.0,3.0,153.0
11,218782726.0,56.0,46.0,29.0,139.0,386.0,3.0,0.0,3.0,447.0,566.0,0.0,0.0,231.0,55.0,507.0,97.0,219.0,33.0,50.0,163.0,369.0,342.0,640.0,201.0,174.0,23.0,9.0,366.0,2.0,448.0,115.0,36.0,191.0,16.0,76.0,121.0,256.0,257.0,291.0,81.0,99.0,0.0,216.0,183.0,214.0,234.0,47.0,203.0,345.0,83.0,5.0,177.0
12,2259280134.0,0.0,0.0,0.0,0.0,0.0,0.0,0.0,0.0,0.0,0.0,0.0,0.0,0.0,0.0,0.0,0.0,0.0,0.0,0.0,0.0,0.0,0.0,0.0,0.0,0.0,0.0,0.0,0.0,0.0,0.0,0.0,0.0,0.0,0.0,0.0,0.0,0.0,0.0,0.0,0.0,0.0,0.0,0.0,0.0,0.0,0.0,0.0,0.0,0.0,0.0,0.0,0.0
13,2307360354.0,16.0,12.0,13.0,62.0,63.0,1.0,0.0,0.0,136.0,123.0,231.0,0.0,0.0,5.0,154.0,18.0,31.0,16.0,12.0,22.0,60.0,109.0,172.0,98.0,53.0,2.0,2.0,93.0,9.0,105.0,42.0,23.0,42.0,6.0,8.0,10.0,55.0,41.0,66.0,13.0,8.0,0.0,24.0,31.0,72.0,111.0,2.0,53.0,179.0,33.0,1.0,58.0
14,231620897.0,9.0,2.0,0.0,22.0,22.0,0.0,0.0,0.0,30.0,28.0,55.0,0.0,5.0,0.0,37.0,1.0,8.0,3.0,7.0,8.0,20.0,3.0,38.0,6.0,2.0,3.0,0.0,28.0,0.0,18.0,15.0,1.0,4.0,3.0,0.0,3.0,2.0,8.0,22.0,3.0,1.0,0.0,3.0,5.0,22.0,0.0,1.0,9.0,13.0,9.0,1.0,16.0
15,238028220.0,22.0,30.0,21.0,134.0,158.0,1.0,0.0,2.0,261.0,290.0,507.0,0.0,154.0,37.0,0.0,33.0,96.0,26.0,27.0,45.0,165.0,155.0,411.0,150.0,104.0,9.0,4.0,191.0,2.0,236.0,111.0,19.0,75.0,7.0,16.0,19.0,102.0,99.0,181.0,28.0,18.0,0.0,59.0,49.0,147.0,164.0,4.0,67.0,192.0,50.0,5.0,120.0
16,2460866346.0,1.0,8.0,5.0,9.0,98.0,0.0,0.0,0.0,65.0,89.0,97.0,0.0,18.0,1.0,33.0,0.0,52.0,4.0,5.0,69.0,79.0,79.0,56.0,17.0,40.0,16.0,2.0,85.0,1.0,26.0,12.0,5.0,55.0,1.0,42.0,42.0,77.0,80.0,36.0,44.0,51.0,0.0,54.0,71.0,37.0,34.0,28.0,49.0,25.0,22.0,0.0,50.0
17,2482630440.0,0.0,22.0,11.0,27.0,159.0,0.0,0.0,0.0,121.0,210.0,219.0,0.0,31.0,8.0,96.0,52.0,0.0,6.0,12.0,97.0,190.0,138.0,164.0,48.0,55.0,18.0,6.0,138.0,0.0,76.0,34.0,8.0,83.0,1.0,45.0,75.0,141.0,120.0,81.0,44.0,53.0,0.0,127.0,98.0,65.0,67.0,21.0,73.0,67.0,21.0,0.0,74.0
18,2737752324.0,4.0,3.0,1.0,19.0,15.0,0.0,0.0,0.0,20.0,22.0,33.0,0.0,16.0,3.0,26.0,4.0,6.0,0.0,0.0,7.0,14.0,18.0,30.0,18.0,14.0,2.0,0.0,19.0,1.0,14.0,17.0,4.0,9.0,2.0,1.0,2.0,7.0,11.0,11.0,3.0,1.0,0.0,8.0,6.0,15.0,14.0,2.0,7.0,19.0,5.0,1.0,11.0
19,2752498194.0,4.0,4.0,0.0,14.0,30.0,1.0,0.0,0.0,30.0,28.0,50.0,0.0,12.0,7.0,27.0,5.0,12.0,0.0,0.0,6.0,22.0,15.0,30.0,12.0,6.0,1.0,1.0,18.0,0.0,23.0,11.0,0.0,7.0,2.0,1.0,2.0,8.0,14.0,28.0,5.0,3.0,0.0,7.0,8.0,27.0,6.0,0.0,15.0,14.0,4.0,0.0,20.0
20,2757618141.0,6.0,27.0,1.0,25.0,177.0,0.0,0.0,0.0,104.0,213.0,163.0,0.0,22.0,8.0,45.0,69.0,97.0,7.0,6.0,0.0,175.0,144.0,123.0,26.0,58.0,19.0,5.0,111.0,3.0,29.0,20.0,10.0,91.0,2.0,68.0,67.0,123.0,115.0,53.0,56.0,82.0,0.0,96.0,110.0,37.0,58.0,50.0,89.0,37.0,20.0,0.0,78.0
21,2874712030.0,9.0,24.0,12.0,65.0,261.0,1.0,0.0,0.0,199.0,398.0,369.0,0.0,60.0,20.0,165.0,79.0,190.0,14.0,22.0,175.0,0.0,202.0,285.0,88.0,94.0,23.0,7.0,230.0,2.0,126.0,57.0,13.0,116.0,5.0,65.0,92.0,208.0,177.0,138.0,69.0,67.0,0.0,161.0,134.0,92.0,109.0,21.0,115.0,119.0,36.0,2.0,113.0
22,298368845.0,2.0,43.0,10.0,56.0,220.0,0.0,0.0,0.0,207.0,297.0,342.0,0.0,109.0,3.0,155.0,79.0,138.0,18.0,15.0,144.0,202.0,0.0,277.0,106.0,144.0,21.0,8.0,196.0,6.0,112.0,50.0,25.0,102.0,2.0,48.0,58.0,177.0,162.0,109.0,50.0,71.0,0.0,114.0,118.0,93.0,173.0,28.0,140.0,206.0,38.0,2.0,112.0
23,301897844.0,25.0,130.0,17.0,126.0,260.0,2.0,0.0,0.0,279.0,512.0,640.0,0.0,172.0,38.0,411.0,56.0,164.0,30.0,30.0,123.0,285.0,277.0,0.0,213.0,113.0,21.0,10.0,257.0,2.0,216.0,113.0,32.0,96.0,9.0,37.0,54.0,166.0,146.0,181.0,53.0,42.0,0.0,144.0,89.0,142.0,189.0,24.0,267.0,590.0,48.0,5.0,143.0
24,3145685875.0,5.0,10.0,6.0,70.0,78.0,1.0,0.0,1.0,121.0,148.0,201.0,0.0,98.0,6.0,150.0,17.0,48.0,18.0,12.0,26.0,88.0,106.0,213.0,0.0,60.0,6.0,2.0,95.0,10.0,108.0,62.0,78.0,47.0,5.0,11.0,9.0,48.0,51.0,67.0,14.0,13.0,0.0,37.0,33.0,66.0,100.0,2.0,42.0,241.0,28.0,1.0,68.0
25,3300687463.0,1.0,15.0,7.0,41.0,96.0,0.0,0.0,0.0,120.0,132.0,174.0,0.0,53.0,2.0,104.0,40.0,55.0,14.0,6.0,58.0,94.0,144.0,113.0,60.0,0.0,6.0,5.0,99.0,2.0,72.0,45.0,7.0,75.0,1.0,31.0,24.0,108.0,86.0,64.0,24.0,33.0,0.0,57.0,58.0,57.0,103.0,5.0,54.0,66.0,31.0,0.0,71.0
26,3556938143.0,0.0,2.0,0.0,5.0,24.0,0.0,0.0,0.0,16.0,24.0,23.0,0.0,2.0,3.0,9.0,16.0,18.0,2.0,1.0,19.0,23.0,21.0,21.0,6.0,6.0,0.0,2.0,23.0,0.0,8.0,6.0,1.0,14.0,1.0,6.0,13.0,16.0,16.0,9.0,10.0,9.0,0.0,14.0,15.0,8.0,8.0,3.0,13.0,9.0,6.0,0.0,11.0
27,421929408.0,0.0,5.0,3.0,1.0,7.0,0.0,0.0,0.0,3.0,11.0,9.0,0.0,2.0,0.0,4.0,2.0,6.0,0.0,1.0,5.0,7.0,8.0,10.0,2.0,5.0,2.0,0.0,4.0,0.0,3.0,2.0,0.0,5.0,0.0,1.0,1.0,6.0,2.0,1.0,1.0,1.0,0.0,3.0,5.0,2.0,7.0,0.0,7.0,2.0,1.0,0.0,1.0
28,4308726619.0,13.0,22.0,14.0,79.0,229.0,0.0,0.0,0.0,232.0,277.0,366.0,0.0,93.0,28.0,191.0,85.0,138.0,19.0,18.0,111.0,230.0,196.0,257.0,95.0,99.0,23.0,4.0,0.0,3.0,153.0,72.0,19.0,105.0,6.0,59.0,74.0,159.0,166.0,141.0,69.0,67.0,0.0,120.0,124.0,133.0,122.0,21.0,112.0,144.0,46.0,4.0,128.0
29,4417475712.0,0.0,0.0,0.0,2.0,2.0,0.0,0.0,0.0,4.0,3.0,2.0,0.0,9.0,0.0,2.0,1.0,0.0,1.0,0.0,3.0,2.0,6.0,2.0,10.0,2.0,0.0,0.0,3.0,0.0,1.0,0.0,12.0,1.0,0.0,1.0,1.0,1.0,1.0,2.0,1.0,1.0,0.0,1.0,1.0,2.0,2.0,1.0,0.0,12.0,1.0,0.0,2.0
30,519390387.0,13.0,14.0,14.0,86.0,118.0,1.0,0.0,0.0,171.0,213.0,448.0,0.0,105.0,18.0,236.0,26.0,76.0,14.0,23.0,29.0,126.0,112.0,216.0,108.0,72.0,8.0,3.0,153.0,1.0,0.0,80.0,14.0,55.0,4.0,11.0,12.0,64.0,71.0,123.0,25.0,14.0,0.0,43.0,48.0,104.0,105.0,3.0,49.0,164.0,39.0,5.0,90.0
31,55200138.0,9.0,9.0,7.0,69.0,53.0,0.0,0.0,0.0,80.0,89.0,115.0,0.0,42.0,15.0,111.0,12.0,34.0,17.0,11.0,20.0,57.0,50.0,113.0,62.0,45.0,6.0,2.0,72.0,0.0,80.0,0.0,6.0,26.0,5.0,6.0,7.0,25.0,35.0,61.0,12.0,7.0,0.0,27.0,23.0,49.0,61.0,3.0,22.0,54.0,22.0,3.0,47.0
32,602985308.0,0.0,1.0,1.0,8.0,10.0,0.0,0.0,0.0,21.0,23.0,36.0,0.0,23.0,1.0,19.0,5.0,8.0,4.0,0.0,10.0,13.0,25.0,32.0,78.0,7.0,1.0,0.0,19.0,12.0,14.0,6.0,0.0,7.0,0.0,3.0,5.0,11.0,7.0,7.0,3.0,9.0,0.0,7.0,8.0,8.0,8.0,4.0,6.0,201.0,5.0,0.0,9.0
33,7.183990775708754e+17,4.0,16.0,10.0,29.0,144.0,0.0,0.0,0.0,112.0,141.0,191.0,0.0,42.0,4.0,75.0,55.0,83.0,9.0,7.0,91.0,116.0,102.0,96.0,47.0,75.0,14.0,5.0,105.0,1.0,55.0,26.0,7.0,0.0,2.0,53.0,52.0,104.0,117.0,69.0,40.0,57.0,0.0,101.0,104.0,67.0,59.0,29.0,53.0,52.0,35.0,1.0,83.0
34,7.310286098681078e+17,9.0,0.0,0.0,4.0,5.0,0.0,0.0,0.0,7.0,4.0,16.0,0.0,6.0,3.0,7.0,1.0,1.0,2.0,2.0,2.0,5.0,2.0,9.0,5.0,1.0,1.0,0.0,6.0,0.0,4.0,5.0,0.0,2.0,0.0,0.0,0.0,1.0,3.0,4.0,1.0,0.0,0.0,1.0,2.0,4.0,1.0,1.0,1.0,5.0,2.0,0.0,2.0
35,8.018353557248573e+17,0.0,8.0,4.0,6.0,87.0,0.0,0.0,0.0,57.0,70.0,76.0,0.0,8.0,0.0,16.0,42.0,45.0,1.0,1.0,68.0,65.0,48.0,37.0,11.0,31.0,6.0,1.0,59.0,1.0,11.0,6.0,3.0,53.0,0.0,0.0,41.0,60.0,66.0,30.0,33.0,60.0,0.0,59.0,73.0,23.0,22.0,33.0,30.0,12.0,17.0,0.0,52.0
36,8.02092736035881e+17,0.0,5.0,2.0,6.0,128.0,0.0,0.0,0.0,43.0,116.0,121.0,0.0,10.0,3.0,19.0,42.0,75.0,2.0,2.0,67.0,92.0,58.0,54.0,9.0,24.0,13.0,1.0,74.0,1.0,12.0,7.0,5.0,52.0,0.0,41.0,0.0,75.0,93.0,37.0,33.0,82.0,0.0,127.0,99.0,22.0,20.0,24.0,39.0,17.0,12.0,1.0,35.0
37,8.028781515000095e+17,0.0,23.0,15.0,23.0,201.0,0.0,0.0,0.0,144.0,228.0,256.0,0.0,55.0,2.0,102.0,77.0,141.0,7.0,8.0,123.0,208.0,177.0,166.0,48.0,108.0,16.0,6.0,159.0,1.0,64.0,25.0,11.0,104.0,1.0,60.0,75.0,0.0,154.0,83.0,59.0,71.0,0.0,124.0,127.0,71.0,90.0,23.0,113.0,75.0,35.0,0.0,99.0
38,8.053801966941676e+17,8.0,16.0,6.0,38.0,217.0,1.0,0.0,0.0,154.0,217.0,257.0,0.0,41.0,8.0,99.0,80.0,120.0,11.0,14.0,115.0,177.0,162.0,146.0,51.0,86.0,16.0,2.0,166.0,1.0,71.0,35.0,7.0,117.0,3.0,66.0,93.0,154.0,0.0,88.0,62.0,89.0,0.0,149.0,142.0,75.0,79.0,23.0,80.0,61.0,29.0,1.0,106.0
39,8.057515761155645e+17,12.0,12.0,9.0,58.0,145.0,1.0,0.0,0.0,163.0,167.0,291.0,0.0,66.0,22.0,181.0,36.0,81.0,11.0,28.0,53.0,138.0,109.0,181.0,67.0,64.0,9.0,1.0,141.0,2.0,123.0,61.0,7.0,69.0,4.0,30.0,37.0,83.0,88.0,0.0,36.0,35.0,0.0,75.0,58.0,111.0,72.0,9.0,58.0,91.0,41.0,3.0,103.0
40,8.112421684592722e+17,0.0,5.0,0.0,15.0,84.0,0.0,0.0,0.0,60.0,77.0,81.0,0.0,13.0,3.0,28.0,44.0,44.0,3.0,5.0,56.0,69.0,50.0,53.0,14.0,24.0,10.0,1.0,69.0,1.0,25.0,12.0,3.0,40.0,1.0,33.0,33.0,59.0,62.0,36.0,0.0,37.0,0.0,55.0,55.0,31.0,24.0,8.0,28.0,24.0,13.0,1.0,46.0
41,8.245319721270968e+17,0.0,6.0,0.0,7.0,144.0,0.0,0.0,0.0,56.0,79.0,99.0,0.0,8.0,1.0,18.0,51.0,53.0,1.0,3.0,82.0,67.0,71.0,42.0,13.0,33.0,9.0,1.0,67.0,1.0,14.0,7.0,9.0,57.0,0.0,60.0,82.0,71.0,89.0,35.0,37.0,0.0,0.0,81.0,125.0,24.0,22.0,64.0,47.0,21.0,16.0,0.0,60.0
42,833877799.0,0.0,0.0,0.0,0.0,0.0,0.0,0.0,0.0,0.0,0.0,0.0,0.0,0.0,0.0,0.0,0.0,0.0,0.0,0.0,0.0,0.0,0.0,0.0,0.0,0.0,0.0,0.0,0.0,0.0,0.0,0.0,0.0,0.0,0.0,0.0,0.0,0.0,0.0,0.0,0.0,0.0,0.0,0.0,0.0,0.0,0.0,0.0,0.0,0.0,0.0,0.0,0.0
43,8.369858745838019e+17,3.0,13.0,3.0,27.0,206.0,1.0,0.0,0.0,94.0,181.0,216.0,0.0,24.0,3.0,59.0,54.0,127.0,8.0,7.0,96.0,161.0,114.0,144.0,37.0,57.0,14.0,3.0,120.0,1.0,43.0,27.0,7.0,101.0,1.0,59.0,127.0,124.0,149.0,75.0,55.0,81.0,0.0,0.0,135.0,52.0,49.0,26.0,57.0,49.0,27.0,1.0,72.0
44,8.56836808319144e+17,1.0,13.0,5.0,17.0,210.0,0.0,0.0,0.0,102.0,167.0,183.0,0.0,31.0,5.0,49.0,71.0,98.0,6.0,8.0,110.0,134.0,118.0,89.0,33.0,58.0,15.0,5.0,124.0,1.0,48.0,23.0,8.0,104.0,2.0,73.0,99.0,127.0,142.0,58.0,55.0,125.0,0.0,135.0,0.0,51.0,48.0,57.0,64.0,40.0,29.0,1.0,69.0
45,8.574592034762629e+17,13.0,12.0,9.0,58.0,118.0,1.0,0.0,0.0,147.0,137.0,214.0,0.0,72.0,22.0,147.0,37.0,65.0,15.0,27.0,37.0,92.0,93.0,142.0,66.0,57.0,8.0,2.0,133.0,2.0,104.0,49.0,8.0,67.0,4.0,23.0,22.0,71.0,75.0,111.0,31.0,24.0,0.0,52.0,51.0,0.0,72.0,2.0,48.0,99.0,36.0,4.0,97.0
46,888093426.0,1.0,29.0,11.0,70.0,91.0,0.0,0.0,0.0,146.0,171.0,234.0,0.0,111.0,0.0,164.0,34.0,67.0,14.0,6.0,58.0,109.0,173.0,189.0,100.0,103.0,8.0,7.0,122.0,2.0,105.0,61.0,8.0,59.0,1.0,22.0,20.0,90.0,79.0,72.0,24.0,22.0,0.0,49.0,48.0,72.0,0.0,1.0,74.0,108.0,31.0,2.0,76.0
47,9.026015076687626e+17,1.0,2.0,0.0,2.0,94.0,0.0,0.0,0.0,15.0,39.0,47.0,0.0,2.0,1.0,4.0,28.0,21.0,2.0,0.0,50.0,21.0,28.0,24.0,2.0,5.0,3.0,0.0,21.0,1.0,3.0,3.0,4.0,29.0,1.0,33.0,24.0,23.0,23.0,9.0,8.0,64.0,0.0,26.0,57.0,2.0,1.0,0.0,23.0,25.0,5.0,0.0,21.0
48,9.02607647890858e+17,4.0,43.0,12.0,17.0,147.0,0.0,0.0,0.0,84.0,192.0,203.0,0.0,53.0,9.0,67.0,49.0,73.0,7.0,15.0,89.0,115.0,140.0,267.0,42.0,54.0,13.0,7.0,112.0,0.0,49.0,22.0,6.0,53.0,1.0,30.0,39.0,113.0,80.0,58.0,28.0,47.0,0.0,57.0,64.0,48.0,74.0,23.0,0.0,154.0,28.0,1.0,67.0
49,9.144319530838426e+17,8.0,45.0,3.0,79.0,139.0,1.0,0.0,0.0,172.0,225.0,345.0,0.0,179.0,13.0,192.0,25.0,67.0,19.0,14.0,37.0,119.0,206.0,590.0,241.0,66.0,9.0,2.0,144.0,12.0,164.0,54.0,201.0,52.0,5.0,12.0,17.0,75.0,61.0,91.0,24.0,21.0,0.0,49.0,40.0,99.0,108.0,25.0,154.0,0.0,39.0,3.0,81.0
50,9.162412060147466e+17,8.0,10.0,6.0,22.0,42.0,0.0,0.0,1.0,42.0,49.0,83.0,0.0,33.0,9.0,50.0,22.0,21.0,5.0,4.0,20.0,36.0,38.0,48.0,28.0,31.0,6.0,1.0,46.0,1.0,39.0,22.0,5.0,35.0,2.0,17.0,12.0,35.0,29.0,41.0,13.0,16.0,0.0,27.0,29.0,36.0,31.0,5.0,28.0,39.0,0.0,0.0,34.0
51,9.289594097194598e+17,0.0,1.0,0.0,3.0,4.0,0.0,0.0,0.0,4.0,3.0,5.0,0.0,1.0,1.0,5.0,0.0,0.0,1.0,0.0,0.0,2.0,2.0,5.0,1.0,0.0,0.0,0.0,4.0,0.0,5.0,3.0,0.0,1.0,0.0,0.0,1.0,0.0,1.0,3.0,1.0,0.0,0.0,1.0,1.0,4.0,2.0,0.0,1.0,3.0,0.0,0.0,2.0
52,9.336243345805558e+17,5.0,12.0,8.0,46.0,134.0,1.0,0.0,0.0,155.0,153.0,177.0,0.0,58.0,16.0,120.0,50.0,74.0,11.0,20.0,78.0,113.0,112.0,143.0,68.0,71.0,11.0,1.0,128.0,2.0,90.0,47.0,9.0,83.0,2.0,52.0,35.0,99.0,106.0,103.0,46.0,60.0,0.0,72.0,69.0,97.0,76.0,21.0,67.0,81.0,34.0,2.0,0.0
