,0,1,2,3,4,5,6,7,8,9,10,11,12,13,14,15,16,17,18,19,20,21,22,23,24,25,26,27,28,29,30,31,32,33,34,35,36,37,38,39,40,41,42,43,44,45,46,47,48,49,50,51,52,53,54,55,56,57,58,59,60,61,62,63,64,65,66,67,68,69,70,71,72,73,74,75,76,77,78,79,80,81,82,83,84,85,86,87,88,89
0,-1.0,1030565256.0,1079302136.0,1291459598.0,1357431919.0,141129267.0,142180078.0,145225918.0,1541284375.0,1606605774.0,1664041106.0,1944141230.0,208936817.0,2194294489.0,232461143.0,2330040696.0,2357647305.0,2450864688.0,2478615626.0,2478715867.0,2483054330.0,2488443307.0,2576902990.0,2592491108.0,2592534680.0,2705535895.0,2865432406.0,2871110731.0,2894596790.0,2898886249.0,2911645364.0,295587546.0,2961279018.0,2988322231.0,299161925.0,300136520.0,3057113258.0,3112089343.0,312433007.0,3181735458.0,3226460864.0,3239505415.0,3269152838.0,3319992475.0,3419972223.0,3738211273.0,4079033294.0,413729906.0,421719913.0,4451259447.0,4713727810.0,4723363453.0,4755832759.0,531898687.0,538823794.0,552633255.0,552686514.0,553504196.0,69574381.0,7.042462039075963e+17,7.042672255998648e+17,7.127402012237496e+17,7.261144668536136e+17,7.525573371524547e+17,7.672629092610458e+17,7.793474572053463e+17,7.93680660850434e+17,7.965865850138092e+17,8.16603217605718e+17,8.213765657705923e+17,8.23040761134465e+17,8.292044062142587e+17,8.306720521557402e+17,8.38255186539864e+17,8.554346901861376e+17,8.792328864439583e+17,8.879175210383032e+17,8.988012593014129e+17,9.014361944618557e+17,9.112602518395453e+17,9.170172138983424e+17,9.230797889772012e+17,9.23226559934165e+17,9.245182675694305e+17,9.31049356710441e+17,9.339022349531914e+17,9.441418263526482e+17,9.445595203233137e+17,9.474113402634854e+17,9.651174522909655e+17
1,1030565256.0,0.0,5.0,97.0,37.0,69.0,14.0,54.0,36.0,56.0,73.0,77.0,5.0,100.0,62.0,192.0,193.0,122.0,101.0,106.0,128.0,179.0,79.0,184.0,231.0,42.0,150.0,0.0,104.0,142.0,9.0,179.0,41.0,155.0,11.0,109.0,72.0,118.0,48.0,131.0,56.0,46.0,72.0,137.0,156.0,114.0,127.0,120.0,99.0,44.0,13.0,105.0,112.0,95.0,180.0,199.0,160.0,217.0,148.0,145.0,35.0,70.0,169.0,23.0,100.0,2.0,32.0,0.0,49.0,31.0,9.0,128.0,29.0,100.0,37.0,31.0,19.0,15.0,37.0,112.0,67.0,61.0,62.0,57.0,87.0,67.0,14.0,113.0,53.0,7.0
2,1079302136.0,5.0,0.0,5.0,4.0,4.0,5.0,5.0,8.0,4.0,7.0,3.0,4.0,6.0,8.0,7.0,7.0,7.0,3.0,4.0,7.0,5.0,4.0,8.0,5.0,7.0,10.0,0.0,6.0,7.0,1.0,9.0,1.0,8.0,2.0,4.0,10.0,5.0,6.0,7.0,5.0,4.0,6.0,9.0,7.0,6.0,3.0,7.0,8.0,8.0,1.0,6.0,5.0,9.0,9.0,6.0,8.0,10.0,9.0,4.0,4.0,6.0,3.0,1.0,4.0,1.0,2.0,0.0,5.0,7.0,1.0,6.0,2.0,4.0,5.0,3.0,3.0,5.0,7.0,8.0,8.0,4.0,5.0,7.0,3.0,6.0,1.0,4.0,6.0,1.0
3,1291459598.0,97.0,5.0,0.0,10.0,95.0,13.0,106.0,38.0,50.0,76.0,99.0,5.0,124.0,37.0,318.0,271.0,129.0,133.0,128.0,165.0,320.0,71.0,151.0,353.0,41.0,264.0,0.0,92.0,111.0,3.0,133.0,35.0,183.0,11.0,149.0,50.0,247.0,52.0,255.0,39.0,61.0,85.0,214.0,180.0,104.0,151.0,127.0,77.0,20.0,12.0,73.0,152.0,185.0,202.0,244.0,191.0,424.0,117.0,306.0,23.0,106.0,270.0,103.0,83.0,2.0,67.0,0.0,35.0,24.0,6.0,265.0,8.0,88.0,18.0,110.0,15.0,9.0,29.0,149.0,51.0,28.0,71.0,74.0,79.0,15.0,8.0,141.0,17.0,8.0
4,1357431919.0,37.0,4.0,10.0,0.0,14.0,7.0,7.0,32.0,39.0,91.0,4.0,6.0,85.0,105.0,166.0,118.0,37.0,8.0,27.0,19.0,16.0,32.0,259.0,225.0,22.0,140.0,0.0,51.0,224.0,11.0,269.0,4.0,96.0,1.0,100.0,179.0,24.0,49.0,44.0,55.0,19.0,24.0,50.0,61.0,69.0,23.0,82.0,141.0,149.0,7.0,122.0,47.0,23.0,99.0,121.0,40.0,144.0,125.0,10.0,47.0,21.0,35.0,8.0,10.0,1.0,5.0,0.0,76.0,34.0,4.0,40.0,234.0,47.0,35.0,9.0,6.0,16.0,26.0,40.0,89.0,105.0,16.0,16.0,26.0,116.0,13.0,17.0,159.0,2.0
5,141129267.0,69.0,4.0,95.0,14.0,0.0,10.0,90.0,24.0,24.0,70.0,75.0,4.0,80.0,42.0,194.0,147.0,92.0,99.0,83.0,118.0,162.0,55.0,106.0,176.0,29.0,188.0,0.0,58.0,73.0,5.0,92.0,22.0,136.0,10.0,85.0,50.0,168.0,31.0,160.0,45.0,45.0,62.0,161.0,123.0,90.0,51.0,76.0,72.0,23.0,8.0,50.0,115.0,154.0,152.0,107.0,134.0,239.0,89.0,165.0,14.0,69.0,103.0,67.0,74.0,2.0,61.0,0.0,24.0,17.0,3.0,166.0,11.0,50.0,17.0,73.0,11.0,11.0,20.0,76.0,64.0,26.0,43.0,35.0,44.0,30.0,5.0,67.0,22.0,7.0
6,142180078.0,14.0,5.0,13.0,7.0,10.0,0.0,6.0,15.0,6.0,14.0,5.0,4.0,14.0,15.0,14.0,19.0,14.0,10.0,15.0,12.0,13.0,13.0,16.0,15.0,14.0,15.0,0.0,13.0,16.0,4.0,18.0,5.0,15.0,6.0,14.0,17.0,13.0,12.0,16.0,11.0,10.0,12.0,15.0,15.0,13.0,12.0,15.0,16.0,13.0,4.0,14.0,13.0,13.0,15.0,14.0,14.0,18.0,18.0,12.0,8.0,12.0,14.0,1.0,8.0,1.0,4.0,0.0,10.0,12.0,1.0,10.0,5.0,13.0,10.0,5.0,6.0,7.0,7.0,16.0,13.0,8.0,14.0,9.0,10.0,12.0,2.0,12.0,11.0,4.0
7,145225918.0,54.0,5.0,106.0,7.0,90.0,6.0,0.0,8.0,22.0,41.0,87.0,5.0,106.0,25.0,316.0,161.0,82.0,83.0,100.0,149.0,257.0,27.0,112.0,238.0,13.0,257.0,0.0,41.0,71.0,3.0,91.0,40.0,112.0,6.0,87.0,23.0,246.0,15.0,202.0,25.0,27.0,39.0,181.0,104.0,67.0,54.0,64.0,35.0,20.0,1.0,33.0,122.0,185.0,152.0,132.0,124.0,338.0,74.0,248.0,7.0,110.0,138.0,147.0,48.0,1.0,86.0,0.0,15.0,7.0,3.0,293.0,6.0,36.0,6.0,149.0,17.0,11.0,7.0,90.0,54.0,17.0,32.0,33.0,45.0,31.0,7.0,65.0,15.0,5.0
8,1541284375.0,36.0,8.0,38.0,32.0,24.0,15.0,8.0,0.0,21.0,53.0,12.0,9.0,43.0,49.0,64.0,83.0,39.0,37.0,34.0,45.0,36.0,38.0,125.0,131.0,34.0,59.0,0.0,45.0,73.0,6.0,101.0,4.0,60.0,8.0,48.0,62.0,50.0,36.0,42.0,36.0,27.0,39.0,47.0,57.0,46.0,30.0,77.0,77.0,40.0,11.0,44.0,37.0,41.0,54.0,56.0,47.0,114.0,80.0,30.0,20.0,20.0,35.0,4.0,23.0,2.0,8.0,0.0,32.0,24.0,2.0,38.0,25.0,33.0,21.0,20.0,5.0,12.0,24.0,45.0,46.0,24.0,31.0,32.0,25.0,29.0,8.0,32.0,45.0,4.0
9,1606605774.0,56.0,4.0,50.0,39.0,24.0,6.0,22.0,21.0,0.0,61.0,27.0,2.0,60.0,40.0,112.0,185.0,91.0,71.0,65.0,43.0,100.0,51.0,176.0,156.0,22.0,89.0,0.0,83.0,98.0,3.0,157.0,27.0,94.0,5.0,63.0,64.0,53.0,30.0,57.0,32.0,35.0,40.0,84.0,93.0,70.0,50.0,100.0,72.0,82.0,6.0,79.0,73.0,35.0,108.0,119.0,97.0,144.0,119.0,97.0,21.0,27.0,126.0,8.0,45.0,0.0,12.0,0.0,30.0,21.0,9.0,49.0,17.0,63.0,13.0,19.0,111.0,11.0,15.0,51.0,29.0,32.0,23.0,50.0,44.0,28.0,5.0,57.0,32.0,3.0
10,1664041106.0,73.0,7.0,76.0,91.0,70.0,14.0,41.0,53.0,61.0,0.0,40.0,9.0,137.0,119.0,229.0,202.0,94.0,68.0,83.0,95.0,100.0,85.0,257.0,273.0,47.0,220.0,0.0,106.0,218.0,13.0,270.0,21.0,179.0,11.0,140.0,184.0,114.0,64.0,113.0,95.0,48.0,82.0,129.0,122.0,131.0,65.0,146.0,158.0,119.0,12.0,160.0,113.0,90.0,205.0,191.0,128.0,282.0,191.0,109.0,65.0,63.0,121.0,31.0,43.0,2.0,39.0,0.0,98.0,41.0,5.0,138.0,85.0,150.0,42.0,62.0,11.0,22.0,30.0,104.0,114.0,105.0,48.0,55.0,53.0,112.0,13.0,69.0,113.0,7.0
11,1944141230.0,77.0,3.0,99.0,4.0,75.0,5.0,87.0,12.0,27.0,40.0,0.0,4.0,67.0,22.0,195.0,190.0,82.0,98.0,79.0,138.0,195.0,34.0,110.0,176.0,15.0,170.0,0.0,66.0,62.0,3.0,67.0,46.0,136.0,7.0,79.0,20.0,140.0,19.0,136.0,19.0,32.0,47.0,152.0,140.0,71.0,86.0,65.0,46.0,7.0,6.0,31.0,99.0,107.0,139.0,177.0,157.0,228.0,66.0,188.0,4.0,47.0,200.0,48.0,95.0,0.0,50.0,0.0,17.0,7.0,7.0,184.0,5.0,51.0,10.0,54.0,4.0,5.0,16.0,81.0,31.0,14.0,31.0,40.0,62.0,7.0,5.0,83.0,8.0,3.0
12,208936817.0,5.0,4.0,5.0,6.0,4.0,4.0,5.0,9.0,2.0,9.0,4.0,0.0,8.0,10.0,9.0,9.0,7.0,4.0,4.0,8.0,5.0,6.0,9.0,8.0,8.0,10.0,0.0,9.0,9.0,4.0,10.0,3.0,10.0,2.0,7.0,10.0,7.0,8.0,5.0,7.0,8.0,8.0,8.0,7.0,7.0,6.0,9.0,8.0,9.0,1.0,8.0,6.0,8.0,10.0,7.0,7.0,10.0,10.0,6.0,7.0,6.0,6.0,1.0,4.0,0.0,3.0,0.0,7.0,6.0,1.0,5.0,4.0,7.0,7.0,4.0,3.0,5.0,6.0,9.0,10.0,5.0,8.0,7.0,2.0,8.0,3.0,6.0,7.0,3.0
13,2194294489.0,100.0,6.0,124.0,85.0,80.0,14.0,106.0,43.0,60.0,137.0,67.0,8.0,0.0,108.0,352.0,233.0,118.0,96.0,137.0,157.0,226.0,85.0,260.0,366.0,52.0,300.0,0.0,113.0,216.0,8.0,225.0,33.0,199.0,11.0,187.0,156.0,243.0,76.0,201.0,67.0,57.0,85.0,205.0,158.0,130.0,92.0,155.0,145.0,105.0,16.0,156.0,149.0,171.0,228.0,221.0,148.0,425.0,194.0,236.0,51.0,117.0,163.0,102.0,70.0,2.0,78.0,0.0,74.0,45.0,7.0,270.0,71.0,98.0,48.0,122.0,13.0,25.0,34.0,143.0,127.0,93.0,70.0,54.0,73.0,96.0,16.0,107.0,113.0,4.0
14,232461143.0,62.0,8.0,37.0,105.0,42.0,15.0,25.0,49.0,40.0,119.0,22.0,10.0,108.0,0.0,196.0,145.0,76.0,31.0,51.0,70.0,68.0,58.0,291.0,255.0,44.0,164.0,0.0,82.0,260.0,12.0,330.0,10.0,150.0,8.0,136.0,196.0,59.0,65.0,94.0,85.0,44.0,54.0,90.0,112.0,119.0,46.0,132.0,144.0,138.0,11.0,153.0,88.0,58.0,170.0,164.0,86.0,191.0,173.0,42.0,57.0,39.0,65.0,6.0,33.0,1.0,9.0,0.0,101.0,42.0,3.0,64.0,115.0,69.0,44.0,13.0,13.0,24.0,23.0,64.0,113.0,115.0,39.0,42.0,48.0,152.0,8.0,44.0,144.0,6.0
15,2330040696.0,192.0,7.0,318.0,166.0,194.0,14.0,316.0,64.0,112.0,229.0,195.0,9.0,352.0,196.0,0.0,603.0,251.0,243.0,309.0,417.0,803.0,148.0,562.0,990.0,67.0,853.0,0.0,197.0,491.0,15.0,536.0,77.0,405.0,13.0,399.0,264.0,785.0,111.0,610.0,150.0,98.0,156.0,507.0,363.0,251.0,222.0,321.0,257.0,175.0,20.0,247.0,346.0,533.0,506.0,534.0,370.0,1386.0,416.0,772.0,76.0,287.0,472.0,375.0,146.0,1.0,203.0,0.0,129.0,53.0,15.0,925.0,134.0,188.0,50.0,411.0,34.0,39.0,51.0,353.0,218.0,162.0,119.0,118.0,144.0,194.0,25.0,224.0,198.0,12.0
16,2357647305.0,193.0,7.0,271.0,118.0,147.0,19.0,161.0,83.0,185.0,202.0,190.0,9.0,233.0,145.0,603.0,0.0,327.0,267.0,238.0,314.0,570.0,147.0,588.0,1259.0,66.0,545.0,0.0,381.0,373.0,10.0,511.0,121.0,415.0,12.0,268.0,195.0,338.0,94.0,366.0,106.0,97.0,158.0,400.0,389.0,248.0,277.0,440.0,279.0,111.0,19.0,205.0,265.0,285.0,447.0,565.0,531.0,1036.0,333.0,669.0,62.0,140.0,978.0,118.0,150.0,3.0,88.0,0.0,127.0,44.0,24.0,416.0,112.0,209.0,47.0,163.0,26.0,30.0,53.0,247.0,145.0,102.0,106.0,139.0,156.0,113.0,16.0,223.0,168.0,12.0
17,2450864688.0,122.0,7.0,129.0,37.0,92.0,14.0,82.0,39.0,91.0,94.0,82.0,7.0,118.0,76.0,251.0,327.0,0.0,122.0,133.0,147.0,220.0,96.0,203.0,370.0,44.0,215.0,0.0,149.0,151.0,7.0,213.0,43.0,184.0,12.0,130.0,88.0,173.0,56.0,178.0,73.0,66.0,87.0,182.0,197.0,150.0,115.0,181.0,140.0,49.0,15.0,107.0,143.0,144.0,251.0,211.0,194.0,303.0,169.0,210.0,36.0,75.0,204.0,46.0,102.0,2.0,47.0,0.0,52.0,39.0,9.0,165.0,26.0,107.0,31.0,63.0,32.0,22.0,31.0,116.0,68.0,53.0,69.0,61.0,77.0,53.0,6.0,128.0,50.0,8.0
18,2478615626.0,101.0,3.0,133.0,8.0,99.0,10.0,83.0,37.0,71.0,68.0,98.0,4.0,96.0,31.0,243.0,267.0,122.0,0.0,129.0,147.0,220.0,71.0,159.0,273.0,34.0,234.0,0.0,112.0,102.0,2.0,115.0,50.0,181.0,11.0,108.0,44.0,186.0,38.0,183.0,40.0,51.0,76.0,186.0,179.0,109.0,108.0,126.0,90.0,17.0,13.0,71.0,122.0,143.0,183.0,191.0,201.0,310.0,129.0,258.0,17.0,74.0,246.0,73.0,107.0,2.0,65.0,0.0,27.0,21.0,15.0,198.0,6.0,86.0,17.0,89.0,11.0,7.0,27.0,118.0,59.0,28.0,54.0,62.0,81.0,16.0,5.0,117.0,16.0,6.0
19,2478715867.0,106.0,4.0,128.0,27.0,83.0,15.0,100.0,34.0,65.0,83.0,79.0,4.0,137.0,51.0,309.0,238.0,133.0,129.0,0.0,142.0,289.0,83.0,170.0,330.0,35.0,244.0,0.0,113.0,133.0,4.0,147.0,38.0,177.0,11.0,167.0,68.0,247.0,60.0,232.0,51.0,58.0,94.0,225.0,165.0,121.0,118.0,164.0,101.0,40.0,14.0,88.0,140.0,186.0,190.0,184.0,174.0,379.0,170.0,307.0,31.0,104.0,173.0,116.0,93.0,2.0,81.0,0.0,42.0,29.0,9.0,249.0,24.0,103.0,29.0,136.0,13.0,23.0,28.0,131.0,66.0,44.0,84.0,68.0,68.0,32.0,8.0,107.0,44.0,22.0
20,2483054330.0,128.0,7.0,165.0,19.0,118.0,12.0,149.0,45.0,43.0,95.0,138.0,8.0,157.0,70.0,417.0,314.0,147.0,147.0,142.0,0.0,375.0,88.0,203.0,373.0,46.0,332.0,0.0,117.0,154.0,7.0,164.0,48.0,227.0,10.0,155.0,74.0,301.0,54.0,247.0,67.0,55.0,96.0,241.0,198.0,140.0,127.0,143.0,103.0,30.0,16.0,89.0,203.0,245.0,252.0,276.0,222.0,508.0,164.0,317.0,27.0,123.0,294.0,118.0,108.0,2.0,97.0,0.0,48.0,29.0,10.0,379.0,15.0,97.0,28.0,143.0,16.0,16.0,26.0,153.0,80.0,44.0,69.0,66.0,85.0,47.0,14.0,138.0,38.0,8.0
21,2488443307.0,179.0,5.0,320.0,16.0,162.0,13.0,257.0,36.0,100.0,100.0,195.0,5.0,226.0,68.0,803.0,570.0,220.0,220.0,289.0,375.0,0.0,113.0,337.0,852.0,49.0,617.0,0.0,183.0,274.0,5.0,245.0,92.0,345.0,14.0,274.0,74.0,607.0,70.0,528.0,64.0,78.0,132.0,457.0,328.0,182.0,333.0,274.0,123.0,33.0,13.0,115.0,269.0,402.0,386.0,561.0,406.0,1145.0,249.0,756.0,27.0,224.0,649.0,276.0,143.0,2.0,161.0,0.0,43.0,32.0,15.0,725.0,10.0,169.0,22.0,293.0,28.0,26.0,30.0,298.0,95.0,44.0,125.0,132.0,150.0,43.0,15.0,244.0,30.0,27.0
22,2576902990.0,79.0,4.0,71.0,32.0,55.0,13.0,27.0,38.0,51.0,85.0,34.0,6.0,85.0,58.0,148.0,147.0,96.0,71.0,83.0,88.0,113.0,0.0,140.0,174.0,51.0,122.0,0.0,105.0,119.0,7.0,145.0,17.0,117.0,11.0,97.0,83.0,80.0,57.0,93.0,62.0,46.0,70.0,105.0,109.0,98.0,82.0,134.0,97.0,58.0,12.0,103.0,89.0,75.0,125.0,129.0,116.0,161.0,124.0,103.0,36.0,48.0,107.0,11.0,53.0,2.0,17.0,0.0,54.0,35.0,4.0,75.0,32.0,69.0,32.0,24.0,13.0,16.0,23.0,79.0,58.0,53.0,63.0,46.0,52.0,53.0,9.0,80.0,46.0,9.0
23,2592491108.0,184.0,8.0,151.0,259.0,106.0,16.0,112.0,125.0,176.0,257.0,110.0,9.0,260.0,291.0,562.0,588.0,203.0,159.0,170.0,203.0,337.0,140.0,0.0,894.0,69.0,456.0,0.0,215.0,737.0,15.0,926.0,69.0,399.0,13.0,343.0,469.0,196.0,119.0,272.0,174.0,73.0,119.0,293.0,310.0,278.0,189.0,351.0,344.0,337.0,19.0,348.0,219.0,163.0,426.0,523.0,269.0,712.0,380.0,265.0,101.0,97.0,343.0,55.0,114.0,3.0,52.0,0.0,216.0,67.0,17.0,306.0,234.0,222.0,63.0,85.0,31.0,43.0,62.0,182.0,192.0,217.0,98.0,112.0,142.0,287.0,20.0,168.0,352.0,19.0
24,2592534680.0,231.0,5.0,353.0,225.0,176.0,15.0,238.0,131.0,156.0,273.0,176.0,8.0,366.0,255.0,990.0,1259.0,370.0,273.0,330.0,373.0,852.0,174.0,894.0,0.0,77.0,735.0,0.0,406.0,671.0,16.0,1033.0,124.0,486.0,14.0,472.0,367.0,561.0,124.0,589.0,154.0,105.0,167.0,505.0,493.0,309.0,399.0,601.0,368.0,221.0,24.0,303.0,325.0,431.0,595.0,810.0,546.0,1447.0,477.0,847.0,93.0,234.0,933.0,242.0,150.0,3.0,136.0,0.0,186.0,58.0,21.0,666.0,209.0,257.0,58.0,278.0,32.0,28.0,63.0,333.0,232.0,205.0,147.0,164.0,180.0,297.0,25.0,266.0,320.0,27.0
25,2705535895.0,42.0,7.0,41.0,22.0,29.0,14.0,13.0,34.0,22.0,47.0,15.0,8.0,52.0,44.0,67.0,66.0,44.0,34.0,35.0,46.0,49.0,51.0,69.0,77.0,0.0,62.0,0.0,55.0,69.0,6.0,80.0,9.0,70.0,9.0,54.0,62.0,44.0,38.0,49.0,34.0,32.0,43.0,58.0,58.0,50.0,36.0,65.0,55.0,34.0,6.0,55.0,49.0,45.0,70.0,57.0,58.0,78.0,68.0,42.0,27.0,30.0,48.0,3.0,22.0,2.0,10.0,0.0,32.0,26.0,2.0,41.0,23.0,42.0,27.0,12.0,13.0,12.0,19.0,46.0,43.0,36.0,42.0,31.0,29.0,39.0,5.0,39.0,30.0,6.0
26,2865432406.0,150.0,10.0,264.0,140.0,188.0,15.0,257.0,59.0,89.0,220.0,170.0,10.0,300.0,164.0,853.0,545.0,215.0,234.0,244.0,332.0,617.0,122.0,456.0,735.0,62.0,0.0,0.0,176.0,400.0,12.0,366.0,71.0,394.0,13.0,329.0,216.0,582.0,98.0,536.0,113.0,91.0,135.0,456.0,345.0,231.0,200.0,274.0,229.0,155.0,17.0,205.0,301.0,433.0,452.0,470.0,340.0,1138.0,310.0,621.0,66.0,227.0,448.0,289.0,133.0,2.0,155.0,0.0,108.0,50.0,11.0,734.0,111.0,142.0,51.0,363.0,24.0,25.0,46.0,270.0,186.0,146.0,115.0,105.0,126.0,139.0,19.0,191.0,164.0,13.0
27,2871110731.0,0.0,0.0,0.0,0.0,0.0,0.0,0.0,0.0,0.0,0.0,0.0,0.0,0.0,0.0,0.0,0.0,0.0,0.0,0.0,0.0,0.0,0.0,0.0,0.0,0.0,0.0,0.0,0.0,0.0,0.0,0.0,0.0,0.0,0.0,0.0,0.0,0.0,0.0,0.0,0.0,0.0,0.0,0.0,0.0,0.0,0.0,0.0,0.0,0.0,0.0,0.0,0.0,0.0,0.0,0.0,0.0,0.0,0.0,0.0,0.0,0.0,0.0,0.0,0.0,0.0,0.0,0.0,0.0,0.0,0.0,0.0,0.0,0.0,0.0,0.0,0.0,0.0,0.0,0.0,0.0,0.0,0.0,0.0,0.0,0.0,0.0,0.0,0.0,0.0
28,2894596790.0,104.0,6.0,92.0,51.0,58.0,13.0,41.0,45.0,83.0,106.0,66.0,9.0,113.0,82.0,197.0,381.0,149.0,112.0,113.0,117.0,183.0,105.0,215.0,406.0,55.0,176.0,0.0,0.0,166.0,7.0,198.0,48.0,179.0,11.0,113.0,107.0,115.0,62.0,127.0,52.0,62.0,80.0,154.0,184.0,123.0,111.0,248.0,159.0,58.0,14.0,130.0,102.0,88.0,183.0,216.0,200.0,301.0,185.0,216.0,47.0,58.0,286.0,13.0,83.0,2.0,24.0,0.0,72.0,34.0,15.0,115.0,56.0,113.0,40.0,37.0,10.0,18.0,34.0,97.0,70.0,66.0,58.0,75.0,73.0,63.0,9.0,101.0,83.0,7.0
29,2898886249.0,142.0,7.0,111.0,224.0,73.0,16.0,71.0,73.0,98.0,218.0,62.0,9.0,216.0,260.0,491.0,373.0,151.0,102.0,133.0,154.0,274.0,119.0,737.0,671.0,69.0,400.0,0.0,166.0,0.0,16.0,704.0,35.0,291.0,12.0,323.0,387.0,152.0,113.0,221.0,139.0,60.0,105.0,214.0,235.0,220.0,183.0,278.0,266.0,279.0,14.0,306.0,179.0,130.0,317.0,426.0,212.0,539.0,346.0,205.0,95.0,79.0,242.0,32.0,78.0,2.0,38.0,0.0,186.0,62.0,10.0,211.0,206.0,166.0,59.0,60.0,21.0,42.0,48.0,158.0,180.0,203.0,101.0,88.0,103.0,252.0,18.0,139.0,284.0,25.0
30,2911645364.0,9.0,1.0,3.0,11.0,5.0,4.0,3.0,6.0,3.0,13.0,3.0,4.0,8.0,12.0,15.0,10.0,7.0,2.0,4.0,7.0,5.0,7.0,15.0,16.0,6.0,12.0,0.0,7.0,16.0,0.0,17.0,3.0,10.0,1.0,12.0,14.0,7.0,8.0,5.0,9.0,4.0,5.0,7.0,9.0,8.0,7.0,9.0,12.0,11.0,1.0,10.0,5.0,7.0,12.0,12.0,8.0,12.0,13.0,4.0,10.0,7.0,9.0,1.0,2.0,0.0,3.0,0.0,14.0,5.0,1.0,2.0,9.0,12.0,7.0,4.0,1.0,5.0,3.0,8.0,12.0,9.0,6.0,3.0,6.0,14.0,3.0,6.0,14.0,2.0
31,295587546.0,179.0,9.0,133.0,269.0,92.0,18.0,91.0,101.0,157.0,270.0,67.0,10.0,225.0,330.0,536.0,511.0,213.0,115.0,147.0,164.0,245.0,145.0,926.0,1033.0,80.0,366.0,0.0,198.0,704.0,17.0,0.0,40.0,363.0,12.0,391.0,525.0,137.0,122.0,230.0,172.0,70.0,126.0,236.0,273.0,301.0,151.0,320.0,315.0,343.0,17.0,327.0,216.0,152.0,444.0,407.0,258.0,616.0,399.0,170.0,106.0,73.0,229.0,24.0,96.0,2.0,30.0,0.0,254.0,65.0,10.0,186.0,236.0,225.0,63.0,43.0,37.0,46.0,57.0,151.0,196.0,230.0,83.0,122.0,108.0,378.0,18.0,138.0,367.0,9.0
32,2961279018.0,41.0,1.0,35.0,4.0,22.0,5.0,40.0,4.0,27.0,21.0,46.0,3.0,33.0,10.0,77.0,121.0,43.0,50.0,38.0,48.0,92.0,17.0,69.0,124.0,9.0,71.0,0.0,48.0,35.0,3.0,40.0,0.0,58.0,5.0,36.0,13.0,56.0,8.0,54.0,12.0,15.0,25.0,71.0,67.0,35.0,51.0,37.0,26.0,7.0,2.0,22.0,30.0,36.0,70.0,95.0,85.0,105.0,44.0,97.0,4.0,18.0,129.0,22.0,33.0,0.0,21.0,0.0,9.0,5.0,6.0,72.0,3.0,40.0,7.0,26.0,7.0,3.0,5.0,46.0,13.0,11.0,12.0,42.0,48.0,11.0,4.0,40.0,7.0,4.0
33,2988322231.0,155.0,8.0,183.0,96.0,136.0,15.0,112.0,60.0,94.0,179.0,136.0,10.0,199.0,150.0,405.0,415.0,184.0,181.0,177.0,227.0,345.0,117.0,399.0,486.0,70.0,394.0,0.0,179.0,291.0,10.0,363.0,58.0,0.0,12.0,199.0,215.0,245.0,93.0,280.0,102.0,78.0,135.0,296.0,289.0,227.0,170.0,238.0,214.0,121.0,17.0,212.0,211.0,208.0,352.0,388.0,281.0,541.0,241.0,296.0,77.0,105.0,329.0,81.0,133.0,2.0,75.0,0.0,115.0,48.0,13.0,298.0,99.0,156.0,51.0,105.0,19.0,25.0,47.0,186.0,149.0,105.0,83.0,99.0,129.0,129.0,12.0,153.0,143.0,10.0
34,299161925.0,11.0,2.0,11.0,1.0,10.0,6.0,6.0,8.0,5.0,11.0,7.0,2.0,11.0,8.0,13.0,12.0,12.0,11.0,11.0,10.0,14.0,11.0,13.0,14.0,9.0,13.0,0.0,11.0,12.0,1.0,12.0,5.0,12.0,0.0,12.0,10.0,14.0,8.0,14.0,7.0,9.0,11.0,14.0,13.0,11.0,12.0,12.0,9.0,4.0,3.0,10.0,12.0,10.0,12.0,13.0,12.0,14.0,12.0,14.0,6.0,10.0,13.0,2.0,9.0,1.0,5.0,0.0,5.0,7.0,1.0,10.0,1.0,12.0,5.0,4.0,3.0,2.0,4.0,10.0,8.0,5.0,11.0,8.0,10.0,4.0,1.0,12.0,4.0,3.0
35,300136520.0,109.0,4.0,149.0,100.0,85.0,14.0,87.0,48.0,63.0,140.0,79.0,7.0,187.0,136.0,399.0,268.0,130.0,108.0,167.0,155.0,274.0,97.0,343.0,472.0,54.0,329.0,0.0,113.0,323.0,12.0,391.0,36.0,199.0,12.0,0.0,205.0,252.0,84.0,275.0,76.0,55.0,112.0,226.0,173.0,181.0,131.0,189.0,147.0,126.0,13.0,162.0,169.0,191.0,257.0,267.0,186.0,454.0,211.0,261.0,58.0,123.0,184.0,116.0,76.0,2.0,70.0,0.0,112.0,40.0,5.0,270.0,93.0,125.0,40.0,119.0,9.0,19.0,33.0,149.0,111.0,117.0,91.0,79.0,83.0,124.0,12.0,123.0,126.0,20.0
36,3057113258.0,72.0,10.0,50.0,179.0,50.0,17.0,23.0,62.0,64.0,184.0,20.0,10.0,156.0,196.0,264.0,195.0,88.0,44.0,68.0,74.0,74.0,83.0,469.0,367.0,62.0,216.0,0.0,107.0,387.0,14.0,525.0,13.0,215.0,10.0,205.0,0.0,63.0,94.0,112.0,98.0,46.0,82.0,110.0,127.0,172.0,63.0,175.0,196.0,230.0,14.0,218.0,122.0,72.0,229.0,233.0,107.0,295.0,221.0,54.0,84.0,45.0,87.0,5.0,35.0,1.0,13.0,0.0,153.0,50.0,6.0,103.0,155.0,92.0,56.0,26.0,12.0,30.0,43.0,90.0,153.0,152.0,50.0,65.0,55.0,208.0,13.0,59.0,248.0,5.0
37,3112089343.0,118.0,5.0,247.0,24.0,168.0,13.0,246.0,50.0,53.0,114.0,140.0,7.0,243.0,59.0,785.0,338.0,173.0,186.0,247.0,301.0,607.0,80.0,196.0,561.0,44.0,582.0,0.0,115.0,152.0,7.0,137.0,56.0,245.0,14.0,252.0,63.0,0.0,53.0,487.0,54.0,75.0,108.0,393.0,222.0,153.0,130.0,174.0,112.0,31.0,18.0,89.0,237.0,434.0,315.0,259.0,232.0,927.0,211.0,623.0,28.0,236.0,289.0,366.0,113.0,2.0,178.0,0.0,45.0,29.0,10.0,771.0,19.0,106.0,26.0,378.0,15.0,11.0,37.0,236.0,119.0,45.0,87.0,80.0,91.0,35.0,18.0,159.0,36.0,6.0
38,312433007.0,48.0,6.0,52.0,49.0,31.0,12.0,15.0,36.0,30.0,64.0,19.0,8.0,76.0,65.0,111.0,94.0,56.0,38.0,60.0,54.0,70.0,57.0,119.0,124.0,38.0,98.0,0.0,62.0,113.0,8.0,122.0,8.0,93.0,8.0,84.0,94.0,53.0,0.0,64.0,39.0,36.0,59.0,83.0,67.0,67.0,57.0,89.0,82.0,59.0,8.0,82.0,67.0,56.0,94.0,105.0,70.0,122.0,94.0,57.0,48.0,35.0,71.0,9.0,28.0,2.0,14.0,0.0,54.0,41.0,3.0,65.0,44.0,56.0,38.0,22.0,6.0,17.0,21.0,61.0,59.0,57.0,50.0,32.0,40.0,55.0,6.0,53.0,62.0,9.0
39,3181735458.0,131.0,7.0,255.0,44.0,160.0,16.0,202.0,42.0,57.0,113.0,136.0,5.0,201.0,94.0,610.0,366.0,178.0,183.0,232.0,247.0,528.0,93.0,272.0,589.0,49.0,536.0,0.0,127.0,221.0,5.0,230.0,54.0,280.0,14.0,275.0,112.0,487.0,64.0,0.0,55.0,72.0,118.0,389.0,252.0,182.0,170.0,224.0,130.0,65.0,12.0,116.0,224.0,353.0,313.0,326.0,268.0,786.0,209.0,558.0,39.0,191.0,288.0,246.0,113.0,2.0,122.0,0.0,62.0,32.0,8.0,518.0,42.0,135.0,24.0,273.0,14.0,14.0,29.0,221.0,107.0,60.0,102.0,90.0,91.0,57.0,12.0,164.0,59.0,23.0
40,3226460864.0,56.0,5.0,39.0,55.0,45.0,11.0,25.0,36.0,32.0,95.0,19.0,7.0,67.0,85.0,150.0,106.0,73.0,40.0,51.0,67.0,64.0,62.0,174.0,154.0,34.0,113.0,0.0,52.0,139.0,9.0,172.0,12.0,102.0,7.0,76.0,98.0,54.0,39.0,55.0,0.0,30.0,57.0,73.0,96.0,73.0,42.0,80.0,96.0,70.0,11.0,96.0,73.0,65.0,121.0,96.0,79.0,138.0,102.0,45.0,31.0,35.0,53.0,8.0,34.0,1.0,16.0,0.0,49.0,35.0,4.0,67.0,44.0,60.0,31.0,24.0,16.0,19.0,27.0,51.0,68.0,54.0,35.0,28.0,30.0,69.0,9.0,42.0,73.0,4.0
41,3239505415.0,46.0,4.0,61.0,19.0,45.0,10.0,27.0,27.0,35.0,48.0,32.0,8.0,57.0,44.0,98.0,97.0,66.0,51.0,58.0,55.0,78.0,46.0,73.0,105.0,32.0,91.0,0.0,62.0,60.0,4.0,70.0,15.0,78.0,9.0,55.0,46.0,75.0,36.0,72.0,30.0,0.0,49.0,74.0,78.0,64.0,49.0,72.0,61.0,26.0,10.0,48.0,61.0,63.0,92.0,82.0,80.0,113.0,73.0,77.0,19.0,29.0,73.0,17.0,44.0,1.0,21.0,0.0,29.0,23.0,5.0,67.0,13.0,46.0,24.0,28.0,12.0,11.0,23.0,53.0,41.0,27.0,36.0,36.0,35.0,22.0,7.0,51.0,29.0,5.0
42,3269152838.0,72.0,6.0,85.0,24.0,62.0,12.0,39.0,39.0,40.0,82.0,47.0,8.0,85.0,54.0,156.0,158.0,87.0,76.0,94.0,96.0,132.0,70.0,119.0,167.0,43.0,135.0,0.0,80.0,105.0,5.0,126.0,25.0,135.0,11.0,112.0,82.0,108.0,59.0,118.0,57.0,49.0,0.0,121.0,108.0,102.0,76.0,97.0,78.0,45.0,11.0,70.0,112.0,100.0,146.0,132.0,128.0,194.0,98.0,117.0,37.0,46.0,124.0,27.0,60.0,2.0,34.0,0.0,54.0,38.0,7.0,114.0,24.0,75.0,28.0,44.0,12.0,12.0,25.0,85.0,63.0,38.0,54.0,57.0,50.0,36.0,6.0,80.0,40.0,7.0
43,3319992475.0,137.0,9.0,214.0,50.0,161.0,15.0,181.0,47.0,84.0,129.0,152.0,8.0,205.0,90.0,507.0,400.0,182.0,186.0,225.0,241.0,457.0,105.0,293.0,505.0,58.0,456.0,0.0,154.0,214.0,7.0,236.0,71.0,296.0,14.0,226.0,110.0,393.0,83.0,389.0,73.0,74.0,121.0,0.0,242.0,177.0,196.0,212.0,155.0,70.0,17.0,128.0,223.0,303.0,330.0,335.0,322.0,678.0,201.0,464.0,50.0,140.0,331.0,179.0,126.0,2.0,114.0,0.0,70.0,42.0,12.0,427.0,34.0,142.0,42.0,202.0,16.0,18.0,37.0,206.0,102.0,64.0,101.0,96.0,117.0,62.0,10.0,162.0,62.0,23.0
44,3419972223.0,156.0,7.0,180.0,61.0,123.0,15.0,104.0,57.0,93.0,122.0,140.0,7.0,158.0,112.0,363.0,389.0,197.0,179.0,165.0,198.0,328.0,109.0,310.0,493.0,58.0,345.0,0.0,184.0,235.0,9.0,273.0,67.0,289.0,13.0,173.0,127.0,222.0,67.0,252.0,96.0,78.0,108.0,242.0,0.0,187.0,184.0,245.0,175.0,75.0,16.0,167.0,197.0,201.0,324.0,363.0,283.0,478.0,237.0,312.0,49.0,101.0,341.0,59.0,143.0,2.0,62.0,0.0,74.0,39.0,12.0,261.0,73.0,124.0,37.0,79.0,32.0,19.0,43.0,175.0,117.0,89.0,79.0,92.0,118.0,95.0,15.0,164.0,100.0,10.0
45,3738211273.0,114.0,6.0,104.0,69.0,90.0,13.0,67.0,46.0,70.0,131.0,71.0,7.0,130.0,119.0,251.0,248.0,150.0,109.0,121.0,140.0,182.0,98.0,278.0,309.0,50.0,231.0,0.0,123.0,220.0,8.0,301.0,35.0,227.0,11.0,181.0,172.0,153.0,67.0,182.0,73.0,64.0,102.0,177.0,187.0,0.0,91.0,172.0,154.0,102.0,11.0,147.0,162.0,132.0,252.0,217.0,176.0,307.0,182.0,165.0,54.0,72.0,162.0,43.0,87.0,1.0,47.0,0.0,98.0,39.0,8.0,155.0,77.0,121.0,34.0,66.0,17.0,19.0,34.0,110.0,104.0,84.0,57.0,70.0,75.0,91.0,11.0,95.0,112.0,6.0
46,4079033294.0,127.0,3.0,151.0,23.0,51.0,12.0,54.0,30.0,50.0,65.0,86.0,6.0,92.0,46.0,222.0,277.0,115.0,108.0,118.0,127.0,333.0,82.0,189.0,399.0,36.0,200.0,0.0,111.0,183.0,7.0,151.0,51.0,170.0,12.0,131.0,63.0,130.0,57.0,170.0,42.0,49.0,76.0,196.0,184.0,91.0,0.0,162.0,80.0,33.0,11.0,87.0,100.0,93.0,148.0,359.0,221.0,385.0,115.0,265.0,30.0,62.0,352.0,25.0,84.0,2.0,34.0,0.0,43.0,31.0,9.0,162.0,20.0,110.0,29.0,37.0,13.0,12.0,29.0,155.0,45.0,43.0,100.0,75.0,101.0,34.0,9.0,148.0,38.0,26.0
47,413729906.0,120.0,7.0,127.0,82.0,76.0,15.0,64.0,77.0,100.0,146.0,65.0,9.0,155.0,132.0,321.0,440.0,181.0,126.0,164.0,143.0,274.0,134.0,351.0,601.0,65.0,274.0,0.0,248.0,278.0,9.0,320.0,37.0,238.0,12.0,189.0,175.0,174.0,89.0,224.0,80.0,72.0,97.0,212.0,245.0,172.0,162.0,0.0,225.0,95.0,16.0,175.0,142.0,130.0,256.0,329.0,249.0,508.0,253.0,302.0,63.0,84.0,290.0,53.0,81.0,3.0,38.0,0.0,89.0,46.0,12.0,165.0,88.0,137.0,51.0,84.0,16.0,24.0,43.0,120.0,116.0,92.0,101.0,86.0,83.0,111.0,13.0,128.0,122.0,28.0
48,421719913.0,99.0,8.0,77.0,141.0,72.0,16.0,35.0,77.0,72.0,158.0,46.0,8.0,145.0,144.0,257.0,279.0,140.0,90.0,101.0,103.0,123.0,97.0,344.0,368.0,55.0,229.0,0.0,159.0,266.0,12.0,315.0,26.0,214.0,9.0,147.0,196.0,112.0,82.0,130.0,96.0,61.0,78.0,155.0,175.0,154.0,80.0,225.0,0.0,139.0,14.0,175.0,113.0,96.0,214.0,237.0,155.0,298.0,234.0,112.0,69.0,54.0,153.0,10.0,73.0,2.0,36.0,0.0,108.0,47.0,8.0,122.0,116.0,102.0,54.0,42.0,15.0,28.0,47.0,99.0,126.0,117.0,51.0,53.0,73.0,130.0,13.0,81.0,168.0,7.0
49,4451259447.0,44.0,8.0,20.0,149.0,23.0,13.0,20.0,40.0,82.0,119.0,7.0,9.0,105.0,138.0,175.0,111.0,49.0,17.0,40.0,30.0,33.0,58.0,337.0,221.0,34.0,155.0,0.0,58.0,279.0,11.0,343.0,7.0,121.0,4.0,126.0,230.0,31.0,59.0,65.0,70.0,26.0,45.0,70.0,75.0,102.0,33.0,95.0,139.0,0.0,6.0,170.0,78.0,32.0,133.0,151.0,62.0,152.0,158.0,18.0,54.0,27.0,41.0,2.0,12.0,1.0,6.0,0.0,86.0,48.0,3.0,66.0,113.0,58.0,41.0,14.0,14.0,24.0,27.0,57.0,98.0,129.0,29.0,35.0,27.0,127.0,10.0,35.0,171.0,4.0
50,4713727810.0,13.0,1.0,12.0,7.0,8.0,4.0,1.0,11.0,6.0,12.0,6.0,1.0,16.0,11.0,20.0,19.0,15.0,13.0,14.0,16.0,13.0,12.0,19.0,24.0,6.0,17.0,0.0,14.0,14.0,1.0,17.0,2.0,17.0,3.0,13.0,14.0,18.0,8.0,12.0,11.0,10.0,11.0,17.0,16.0,11.0,11.0,16.0,14.0,6.0,0.0,14.0,11.0,9.0,15.0,16.0,13.0,22.0,17.0,13.0,6.0,6.0,14.0,1.0,10.0,0.0,3.0,0.0,10.0,7.0,4.0,13.0,6.0,11.0,7.0,5.0,1.0,5.0,6.0,13.0,11.0,9.0,11.0,7.0,11.0,9.0,2.0,14.0,10.0,1.0
51,4723363453.0,105.0,6.0,73.0,122.0,50.0,14.0,33.0,44.0,79.0,160.0,31.0,8.0,156.0,153.0,247.0,205.0,107.0,71.0,88.0,89.0,115.0,103.0,348.0,303.0,55.0,205.0,0.0,130.0,306.0,10.0,327.0,22.0,212.0,10.0,162.0,218.0,89.0,82.0,116.0,96.0,48.0,70.0,128.0,167.0,147.0,87.0,175.0,175.0,170.0,14.0,0.0,115.0,83.0,205.0,230.0,125.0,253.0,231.0,90.0,81.0,64.0,120.0,9.0,55.0,2.0,21.0,0.0,114.0,59.0,12.0,104.0,128.0,122.0,53.0,27.0,14.0,26.0,39.0,101.0,130.0,137.0,58.0,62.0,77.0,163.0,12.0,87.0,176.0,6.0
52,4755832759.0,112.0,5.0,152.0,47.0,115.0,13.0,122.0,37.0,73.0,113.0,99.0,6.0,149.0,88.0,346.0,265.0,143.0,122.0,140.0,203.0,269.0,89.0,219.0,325.0,49.0,301.0,0.0,102.0,179.0,5.0,216.0,30.0,211.0,12.0,169.0,122.0,237.0,67.0,224.0,73.0,61.0,112.0,223.0,197.0,162.0,100.0,142.0,113.0,78.0,11.0,115.0,0.0,221.0,284.0,226.0,191.0,402.0,168.0,253.0,41.0,106.0,200.0,112.0,101.0,2.0,84.0,0.0,63.0,39.0,7.0,287.0,34.0,94.0,34.0,124.0,25.0,16.0,29.0,154.0,88.0,65.0,62.0,70.0,86.0,72.0,11.0,134.0,67.0,7.0
53,531898687.0,95.0,9.0,185.0,23.0,154.0,13.0,185.0,41.0,35.0,90.0,107.0,8.0,171.0,58.0,533.0,285.0,144.0,143.0,186.0,245.0,402.0,75.0,163.0,431.0,45.0,433.0,0.0,88.0,130.0,7.0,152.0,36.0,208.0,10.0,191.0,72.0,434.0,56.0,353.0,65.0,63.0,100.0,303.0,201.0,132.0,93.0,130.0,96.0,32.0,9.0,83.0,221.0,0.0,288.0,186.0,211.0,670.0,157.0,440.0,29.0,184.0,197.0,249.0,80.0,1.0,132.0,0.0,40.0,32.0,7.0,467.0,19.0,88.0,26.0,271.0,15.0,15.0,27.0,190.0,94.0,36.0,79.0,60.0,69.0,46.0,10.0,124.0,42.0,7.0
54,538823794.0,180.0,9.0,202.0,99.0,152.0,15.0,152.0,54.0,108.0,205.0,139.0,10.0,228.0,170.0,506.0,447.0,251.0,183.0,190.0,252.0,386.0,125.0,426.0,595.0,70.0,452.0,0.0,183.0,317.0,12.0,444.0,70.0,352.0,12.0,257.0,229.0,315.0,94.0,313.0,121.0,92.0,146.0,330.0,324.0,252.0,148.0,256.0,214.0,133.0,15.0,205.0,284.0,288.0,0.0,393.0,346.0,631.0,292.0,361.0,72.0,147.0,329.0,130.0,142.0,2.0,95.0,0.0,117.0,54.0,13.0,384.0,111.0,174.0,47.0,142.0,52.0,24.0,44.0,208.0,165.0,128.0,91.0,107.0,133.0,169.0,14.0,169.0,151.0,9.0
55,552633255.0,199.0,6.0,244.0,121.0,107.0,14.0,132.0,56.0,119.0,191.0,177.0,7.0,221.0,164.0,534.0,565.0,211.0,191.0,184.0,276.0,561.0,129.0,523.0,810.0,57.0,470.0,0.0,216.0,426.0,12.0,407.0,95.0,388.0,13.0,267.0,233.0,259.0,105.0,326.0,96.0,82.0,132.0,335.0,363.0,217.0,359.0,329.0,237.0,151.0,16.0,230.0,226.0,186.0,393.0,0.0,398.0,807.0,298.0,433.0,79.0,117.0,698.0,76.0,145.0,2.0,64.0,0.0,137.0,51.0,15.0,358.0,129.0,198.0,53.0,91.0,26.0,25.0,53.0,242.0,158.0,147.0,117.0,130.0,182.0,163.0,18.0,227.0,186.0,30.0
56,552686514.0,160.0,8.0,191.0,40.0,134.0,14.0,124.0,47.0,97.0,128.0,157.0,7.0,148.0,86.0,370.0,531.0,194.0,201.0,174.0,222.0,406.0,116.0,269.0,546.0,58.0,340.0,0.0,200.0,212.0,8.0,258.0,85.0,281.0,12.0,186.0,107.0,232.0,70.0,268.0,79.0,80.0,128.0,322.0,283.0,176.0,221.0,249.0,155.0,62.0,13.0,125.0,191.0,211.0,346.0,398.0,0.0,567.0,205.0,427.0,39.0,99.0,501.0,74.0,145.0,1.0,71.0,0.0,71.0,34.0,17.0,277.0,34.0,147.0,34.0,92.0,22.0,14.0,32.0,171.0,97.0,69.0,110.0,126.0,119.0,65.0,12.0,165.0,62.0,27.0
57,553504196.0,217.0,10.0,424.0,144.0,239.0,18.0,338.0,114.0,144.0,282.0,228.0,10.0,425.0,191.0,1386.0,1036.0,303.0,310.0,379.0,508.0,1145.0,161.0,712.0,1447.0,78.0,1138.0,0.0,301.0,539.0,12.0,616.0,105.0,541.0,14.0,454.0,295.0,927.0,122.0,786.0,138.0,113.0,194.0,678.0,478.0,307.0,385.0,508.0,298.0,152.0,22.0,253.0,402.0,670.0,631.0,807.0,567.0,0.0,456.0,1150.0,76.0,325.0,932.0,466.0,172.0,2.0,209.0,0.0,158.0,57.0,18.0,1171.0,130.0,243.0,53.0,604.0,29.0,25.0,57.0,410.0,217.0,145.0,164.0,171.0,171.0,174.0,25.0,280.0,184.0,34.0
58,69574381.0,148.0,9.0,117.0,125.0,89.0,18.0,74.0,80.0,119.0,191.0,66.0,10.0,194.0,173.0,416.0,333.0,169.0,129.0,170.0,164.0,249.0,124.0,380.0,477.0,68.0,310.0,0.0,185.0,346.0,13.0,399.0,44.0,241.0,12.0,211.0,221.0,211.0,94.0,209.0,102.0,73.0,98.0,201.0,237.0,182.0,115.0,253.0,234.0,158.0,17.0,231.0,168.0,157.0,292.0,298.0,205.0,456.0,0.0,231.0,68.0,95.0,212.0,64.0,95.0,2.0,56.0,0.0,103.0,51.0,13.0,214.0,109.0,147.0,50.0,84.0,31.0,27.0,43.0,161.0,152.0,140.0,76.0,88.0,95.0,155.0,14.0,117.0,159.0,8.0
59,7.042462039075963e+17,145.0,4.0,306.0,10.0,165.0,12.0,248.0,30.0,97.0,109.0,188.0,6.0,236.0,42.0,772.0,669.0,210.0,258.0,307.0,317.0,756.0,103.0,265.0,847.0,42.0,621.0,0.0,216.0,205.0,4.0,170.0,97.0,296.0,14.0,261.0,54.0,623.0,57.0,558.0,45.0,77.0,117.0,464.0,312.0,165.0,265.0,302.0,112.0,18.0,13.0,90.0,253.0,440.0,361.0,433.0,427.0,1150.0,231.0,0.0,21.0,221.0,668.0,321.0,138.0,2.0,146.0,0.0,35.0,21.0,18.0,688.0,6.0,148.0,20.0,339.0,14.0,8.0,28.0,256.0,85.0,33.0,115.0,116.0,112.0,12.0,14.0,214.0,16.0,26.0
60,7.042672255998648e+17,35.0,4.0,23.0,47.0,14.0,8.0,7.0,20.0,21.0,65.0,4.0,7.0,51.0,57.0,76.0,62.0,36.0,17.0,31.0,27.0,27.0,36.0,101.0,93.0,27.0,66.0,0.0,47.0,95.0,10.0,106.0,4.0,77.0,6.0,58.0,84.0,28.0,48.0,39.0,31.0,19.0,37.0,50.0,49.0,54.0,30.0,63.0,69.0,54.0,6.0,81.0,41.0,29.0,72.0,79.0,39.0,76.0,68.0,21.0,0.0,25.0,36.0,2.0,14.0,2.0,7.0,0.0,56.0,32.0,3.0,31.0,54.0,53.0,34.0,12.0,3.0,14.0,14.0,36.0,49.0,57.0,29.0,15.0,33.0,69.0,5.0,28.0,70.0,3.0
61,7.127402012237496e+17,70.0,6.0,106.0,21.0,69.0,12.0,110.0,20.0,27.0,63.0,47.0,6.0,117.0,39.0,287.0,140.0,75.0,74.0,104.0,123.0,224.0,48.0,97.0,234.0,30.0,227.0,0.0,58.0,79.0,7.0,73.0,18.0,105.0,10.0,123.0,45.0,236.0,35.0,191.0,35.0,29.0,46.0,140.0,101.0,72.0,62.0,84.0,54.0,27.0,6.0,64.0,106.0,184.0,147.0,117.0,99.0,325.0,95.0,221.0,25.0,0.0,114.0,114.0,41.0,1.0,84.0,0.0,32.0,25.0,4.0,258.0,20.0,57.0,19.0,120.0,9.0,9.0,22.0,120.0,65.0,37.0,51.0,46.0,49.0,35.0,9.0,66.0,30.0,7.0
62,7.261144668536136e+17,169.0,3.0,270.0,35.0,103.0,14.0,138.0,35.0,126.0,121.0,200.0,6.0,163.0,65.0,472.0,978.0,204.0,246.0,173.0,294.0,649.0,107.0,343.0,933.0,48.0,448.0,0.0,286.0,242.0,9.0,229.0,129.0,329.0,13.0,184.0,87.0,289.0,71.0,288.0,53.0,73.0,124.0,331.0,341.0,162.0,352.0,290.0,153.0,41.0,14.0,120.0,200.0,197.0,329.0,698.0,501.0,932.0,212.0,668.0,36.0,114.0,0.0,93.0,142.0,2.0,65.0,0.0,63.0,30.0,19.0,397.0,33.0,155.0,30.0,130.0,16.0,11.0,34.0,238.0,64.0,60.0,82.0,142.0,159.0,41.0,11.0,223.0,48.0,10.0
63,7.525573371524547e+17,23.0,1.0,103.0,8.0,67.0,1.0,147.0,4.0,8.0,31.0,48.0,1.0,102.0,6.0,375.0,118.0,46.0,73.0,116.0,118.0,276.0,11.0,55.0,242.0,3.0,289.0,0.0,13.0,32.0,1.0,24.0,22.0,81.0,2.0,116.0,5.0,366.0,9.0,246.0,8.0,17.0,27.0,179.0,59.0,43.0,25.0,53.0,10.0,2.0,1.0,9.0,112.0,249.0,130.0,76.0,74.0,466.0,64.0,321.0,2.0,114.0,93.0,0.0,22.0,0.0,107.0,0.0,4.0,1.0,4.0,370.0,1.0,23.0,1.0,292.0,4.0,1.0,4.0,116.0,38.0,5.0,20.0,21.0,23.0,6.0,8.0,42.0,3.0,1.0
64,7.672629092610458e+17,100.0,4.0,83.0,10.0,74.0,8.0,48.0,23.0,45.0,43.0,95.0,4.0,70.0,33.0,146.0,150.0,102.0,107.0,93.0,108.0,143.0,53.0,114.0,150.0,22.0,133.0,0.0,83.0,78.0,2.0,96.0,33.0,133.0,9.0,76.0,35.0,113.0,28.0,113.0,34.0,44.0,60.0,126.0,143.0,87.0,84.0,81.0,73.0,12.0,10.0,55.0,101.0,80.0,142.0,145.0,145.0,172.0,95.0,138.0,14.0,41.0,142.0,22.0,0.0,2.0,40.0,0.0,26.0,18.0,9.0,128.0,9.0,64.0,19.0,35.0,8.0,7.0,27.0,79.0,41.0,23.0,36.0,46.0,68.0,19.0,10.0,83.0,20.0,4.0
65,7.793474572053463e+17,2.0,1.0,2.0,1.0,2.0,1.0,1.0,2.0,0.0,2.0,0.0,0.0,2.0,1.0,1.0,3.0,2.0,2.0,2.0,2.0,2.0,2.0,3.0,3.0,2.0,2.0,0.0,2.0,2.0,0.0,2.0,0.0,2.0,1.0,2.0,1.0,2.0,2.0,2.0,1.0,1.0,2.0,2.0,2.0,1.0,2.0,3.0,2.0,1.0,0.0,2.0,2.0,1.0,2.0,2.0,1.0,2.0,2.0,2.0,2.0,1.0,2.0,0.0,2.0,0.0,0.0,0.0,1.0,2.0,0.0,2.0,0.0,2.0,2.0,1.0,0.0,0.0,1.0,2.0,1.0,1.0,2.0,1.0,2.0,0.0,0.0,2.0,1.0,0.0
66,7.93680660850434e+17,32.0,2.0,67.0,5.0,61.0,4.0,86.0,8.0,12.0,39.0,50.0,3.0,78.0,9.0,203.0,88.0,47.0,65.0,81.0,97.0,161.0,17.0,52.0,136.0,10.0,155.0,0.0,24.0,38.0,3.0,30.0,21.0,75.0,5.0,70.0,13.0,178.0,14.0,122.0,16.0,21.0,34.0,114.0,62.0,47.0,34.0,38.0,36.0,6.0,3.0,21.0,84.0,132.0,95.0,64.0,71.0,209.0,56.0,146.0,7.0,84.0,65.0,107.0,40.0,0.0,0.0,0.0,12.0,6.0,4.0,206.0,4.0,28.0,6.0,101.0,4.0,4.0,9.0,86.0,37.0,16.0,24.0,24.0,30.0,7.0,10.0,40.0,8.0,3.0
67,7.965865850138092e+17,0.0,0.0,0.0,0.0,0.0,0.0,0.0,0.0,0.0,0.0,0.0,0.0,0.0,0.0,0.0,0.0,0.0,0.0,0.0,0.0,0.0,0.0,0.0,0.0,0.0,0.0,0.0,0.0,0.0,0.0,0.0,0.0,0.0,0.0,0.0,0.0,0.0,0.0,0.0,0.0,0.0,0.0,0.0,0.0,0.0,0.0,0.0,0.0,0.0,0.0,0.0,0.0,0.0,0.0,0.0,0.0,0.0,0.0,0.0,0.0,0.0,0.0,0.0,0.0,0.0,0.0,0.0,0.0,0.0,0.0,0.0,0.0,0.0,0.0,0.0,0.0,0.0,0.0,0.0,0.0,0.0,0.0,0.0,0.0,0.0,0.0,0.0,0.0,0.0
68,8.16603217605718e+17,49.0,5.0,35.0,76.0,24.0,10.0,15.0,32.0,30.0,98.0,17.0,7.0,74.0,101.0,129.0,127.0,52.0,27.0,42.0,48.0,43.0,54.0,216.0,186.0,32.0,108.0,0.0,72.0,186.0,14.0,254.0,9.0,115.0,5.0,112.0,153.0,45.0,54.0,62.0,49.0,29.0,54.0,70.0,74.0,98.0,43.0,89.0,108.0,86.0,10.0,114.0,63.0,40.0,117.0,137.0,71.0,158.0,103.0,35.0,56.0,32.0,63.0,4.0,26.0,1.0,12.0,0.0,0.0,27.0,7.0,51.0,97.0,96.0,40.0,16.0,5.0,17.0,24.0,50.0,79.0,78.0,30.0,31.0,43.0,105.0,9.0,42.0,130.0,4.0
69,8.213765657705923e+17,31.0,7.0,24.0,34.0,17.0,12.0,7.0,24.0,21.0,41.0,7.0,6.0,45.0,42.0,53.0,44.0,39.0,21.0,29.0,29.0,32.0,35.0,67.0,58.0,26.0,50.0,0.0,34.0,62.0,5.0,65.0,5.0,48.0,7.0,40.0,50.0,29.0,41.0,32.0,35.0,23.0,38.0,42.0,39.0,39.0,31.0,46.0,47.0,48.0,7.0,59.0,39.0,32.0,54.0,51.0,34.0,57.0,51.0,21.0,32.0,25.0,30.0,1.0,18.0,2.0,6.0,0.0,27.0,0.0,2.0,26.0,18.0,37.0,27.0,10.0,8.0,16.0,15.0,36.0,35.0,36.0,26.0,23.0,22.0,33.0,6.0,25.0,35.0,2.0
70,8.23040761134465e+17,9.0,1.0,6.0,4.0,3.0,1.0,3.0,2.0,9.0,5.0,7.0,1.0,7.0,3.0,15.0,24.0,9.0,15.0,9.0,10.0,15.0,4.0,17.0,21.0,2.0,11.0,0.0,15.0,10.0,1.0,10.0,6.0,13.0,1.0,5.0,6.0,10.0,3.0,8.0,4.0,5.0,7.0,12.0,12.0,8.0,9.0,12.0,8.0,3.0,4.0,12.0,7.0,7.0,13.0,15.0,17.0,18.0,13.0,18.0,3.0,4.0,19.0,4.0,9.0,0.0,4.0,0.0,7.0,2.0,0.0,10.0,5.0,14.0,2.0,4.0,2.0,1.0,3.0,4.0,8.0,6.0,4.0,10.0,6.0,6.0,1.0,7.0,6.0,1.0
71,8.292044062142587e+17,128.0,6.0,265.0,40.0,166.0,10.0,293.0,38.0,49.0,138.0,184.0,5.0,270.0,64.0,925.0,416.0,165.0,198.0,249.0,379.0,725.0,75.0,306.0,666.0,41.0,734.0,0.0,115.0,211.0,2.0,186.0,72.0,298.0,10.0,270.0,103.0,771.0,65.0,518.0,67.0,67.0,114.0,427.0,261.0,155.0,162.0,165.0,122.0,66.0,13.0,104.0,287.0,467.0,384.0,358.0,277.0,1171.0,214.0,688.0,31.0,258.0,397.0,370.0,128.0,2.0,206.0,0.0,51.0,26.0,10.0,0.0,38.0,115.0,30.0,375.0,19.0,14.0,35.0,286.0,130.0,71.0,83.0,74.0,124.0,56.0,22.0,165.0,66.0,3.0
72,8.306720521557402e+17,29.0,2.0,8.0,234.0,11.0,5.0,6.0,25.0,17.0,85.0,5.0,4.0,71.0,115.0,134.0,112.0,26.0,6.0,24.0,15.0,10.0,32.0,234.0,209.0,23.0,111.0,0.0,56.0,206.0,9.0,236.0,3.0,99.0,1.0,93.0,155.0,19.0,44.0,42.0,44.0,13.0,24.0,34.0,73.0,77.0,20.0,88.0,116.0,113.0,6.0,128.0,34.0,19.0,111.0,129.0,34.0,130.0,109.0,6.0,54.0,20.0,33.0,1.0,9.0,0.0,4.0,0.0,97.0,18.0,5.0,38.0,0.0,50.0,28.0,8.0,3.0,13.0,27.0,29.0,93.0,107.0,13.0,11.0,32.0,128.0,11.0,14.0,178.0,2.0
73,8.38255186539864e+17,100.0,4.0,88.0,47.0,50.0,13.0,36.0,33.0,63.0,150.0,51.0,7.0,98.0,69.0,188.0,209.0,107.0,86.0,103.0,97.0,169.0,69.0,222.0,257.0,42.0,142.0,0.0,113.0,166.0,12.0,225.0,40.0,156.0,12.0,125.0,92.0,106.0,56.0,135.0,60.0,46.0,75.0,142.0,124.0,121.0,110.0,137.0,102.0,58.0,11.0,122.0,94.0,88.0,174.0,198.0,147.0,243.0,147.0,148.0,53.0,57.0,155.0,23.0,64.0,2.0,28.0,0.0,96.0,37.0,14.0,115.0,50.0,0.0,32.0,33.0,11.0,17.0,28.0,97.0,70.0,57.0,56.0,68.0,80.0,67.0,7.0,92.0,80.0,12.0
74,8.554346901861376e+17,37.0,5.0,18.0,35.0,17.0,10.0,6.0,21.0,13.0,42.0,10.0,7.0,48.0,44.0,50.0,47.0,31.0,17.0,29.0,28.0,22.0,32.0,63.0,58.0,27.0,51.0,0.0,40.0,59.0,7.0,63.0,7.0,51.0,5.0,40.0,56.0,26.0,38.0,24.0,31.0,24.0,28.0,42.0,37.0,34.0,29.0,51.0,54.0,41.0,7.0,53.0,34.0,26.0,47.0,53.0,34.0,53.0,50.0,20.0,34.0,19.0,30.0,1.0,19.0,2.0,6.0,0.0,40.0,27.0,2.0,30.0,28.0,32.0,0.0,8.0,5.0,14.0,21.0,36.0,42.0,36.0,26.0,17.0,23.0,42.0,8.0,26.0,49.0,4.0
75,8.792328864439583e+17,31.0,3.0,110.0,9.0,73.0,5.0,149.0,20.0,19.0,62.0,54.0,4.0,122.0,13.0,411.0,163.0,63.0,89.0,136.0,143.0,293.0,24.0,85.0,278.0,12.0,363.0,0.0,37.0,60.0,4.0,43.0,26.0,105.0,4.0,119.0,26.0,378.0,22.0,273.0,24.0,28.0,44.0,202.0,79.0,66.0,37.0,84.0,42.0,14.0,5.0,27.0,124.0,271.0,142.0,91.0,92.0,604.0,84.0,339.0,12.0,120.0,130.0,292.0,35.0,1.0,101.0,0.0,16.0,10.0,4.0,375.0,8.0,33.0,8.0,0.0,3.0,6.0,12.0,142.0,50.0,17.0,30.0,28.0,32.0,12.0,10.0,50.0,15.0,1.0
76,8.879175210383032e+17,19.0,3.0,15.0,6.0,11.0,6.0,17.0,5.0,111.0,11.0,4.0,3.0,13.0,13.0,34.0,26.0,32.0,11.0,13.0,16.0,28.0,13.0,31.0,32.0,13.0,24.0,0.0,10.0,21.0,1.0,37.0,7.0,19.0,3.0,9.0,12.0,15.0,6.0,14.0,16.0,12.0,12.0,16.0,32.0,17.0,13.0,16.0,15.0,14.0,1.0,14.0,25.0,15.0,52.0,26.0,22.0,29.0,31.0,14.0,3.0,9.0,16.0,4.0,8.0,0.0,4.0,0.0,5.0,8.0,2.0,19.0,3.0,11.0,5.0,3.0,0.0,4.0,8.0,15.0,11.0,12.0,12.0,11.0,12.0,26.0,4.0,10.0,8.0,3.0
77,8.988012593014129e+17,15.0,5.0,9.0,16.0,11.0,7.0,11.0,12.0,11.0,22.0,5.0,5.0,25.0,24.0,39.0,30.0,22.0,7.0,23.0,16.0,26.0,16.0,43.0,28.0,12.0,25.0,0.0,18.0,42.0,5.0,46.0,3.0,25.0,2.0,19.0,30.0,11.0,17.0,14.0,19.0,11.0,12.0,18.0,19.0,19.0,12.0,24.0,28.0,24.0,5.0,26.0,16.0,15.0,24.0,25.0,14.0,25.0,27.0,8.0,14.0,9.0,11.0,1.0,7.0,0.0,4.0,0.0,17.0,16.0,1.0,14.0,13.0,17.0,14.0,6.0,4.0,0.0,10.0,17.0,19.0,17.0,13.0,9.0,7.0,23.0,3.0,13.0,22.0,3.0
78,9.014361944618557e+17,37.0,7.0,29.0,26.0,20.0,7.0,7.0,24.0,15.0,30.0,16.0,6.0,34.0,23.0,51.0,53.0,31.0,27.0,28.0,26.0,30.0,23.0,62.0,63.0,19.0,46.0,0.0,34.0,48.0,3.0,57.0,5.0,47.0,4.0,33.0,43.0,37.0,21.0,29.0,27.0,23.0,25.0,37.0,43.0,34.0,29.0,43.0,47.0,27.0,6.0,39.0,29.0,27.0,44.0,53.0,32.0,57.0,43.0,28.0,14.0,22.0,34.0,4.0,27.0,1.0,9.0,0.0,24.0,15.0,3.0,35.0,27.0,28.0,21.0,12.0,8.0,10.0,0.0,33.0,34.0,21.0,19.0,20.0,24.0,28.0,8.0,26.0,36.0,3.0
79,9.112602518395453e+17,112.0,8.0,149.0,40.0,76.0,16.0,90.0,45.0,51.0,104.0,81.0,9.0,143.0,64.0,353.0,247.0,116.0,118.0,131.0,153.0,298.0,79.0,182.0,333.0,46.0,270.0,0.0,97.0,158.0,8.0,151.0,46.0,186.0,10.0,149.0,90.0,236.0,61.0,221.0,51.0,53.0,85.0,206.0,175.0,110.0,155.0,120.0,99.0,57.0,13.0,101.0,154.0,190.0,208.0,242.0,171.0,410.0,161.0,256.0,36.0,120.0,238.0,116.0,79.0,2.0,86.0,0.0,50.0,36.0,4.0,286.0,29.0,97.0,36.0,142.0,15.0,17.0,33.0,0.0,78.0,58.0,69.0,84.0,100.0,48.0,11.0,139.0,55.0,6.0
80,9.170172138983424e+17,67.0,8.0,51.0,89.0,64.0,13.0,54.0,46.0,29.0,114.0,31.0,10.0,127.0,113.0,218.0,145.0,68.0,59.0,66.0,80.0,95.0,58.0,192.0,232.0,43.0,186.0,0.0,70.0,180.0,12.0,196.0,13.0,149.0,8.0,111.0,153.0,119.0,59.0,107.0,68.0,41.0,63.0,102.0,117.0,104.0,45.0,116.0,126.0,98.0,11.0,130.0,88.0,94.0,165.0,158.0,97.0,217.0,152.0,85.0,49.0,65.0,64.0,38.0,41.0,1.0,37.0,0.0,79.0,35.0,8.0,130.0,93.0,70.0,42.0,50.0,11.0,19.0,34.0,78.0,0.0,106.0,48.0,33.0,50.0,123.0,13.0,49.0,138.0,3.0
