,0,1,2,3,4,5,6,7,8,9,10,11,12,13,14,15,16,17,18,19,20,21,22,23,24,25,26,27,28,29,30,31,32,33,34,35,36,37,38,39,40,41,42,43,44,45,46,47,48,49,50,51,52,53,54,55,56,57,58,59,60,61,62,63,64,65,66,67,68,69,70,71,72,73,74,75,76,77,78,79,80,81,82,83,84,85,86,87,88,89,90,91,92,93,94,95,96,97,98,99,100,101,102,103,104,105,106,107,108,109,110,111,112,113,114,115,116,117,118,119,120,121,122,123,124,125,126,127,128,129,130,131,132,133,134,135,136,137,138,139,140,141,142,143,144,145,146,147,148,149,150,151,152,153,154,155,156,157,158,159,160,161,162,163,164,165,166,167,168,169,170,171,172,173,174,175,176
0,-1.0,1085739638.0,1217991722.0,129414017.0,131126857.0,132095476.0,132761884.0,1351704487.0,136186416.0,1369573230.0,141859649.0,155547174.0,1607293993.0,1682647009.0,17481929.0,1896476016.0,1907613595.0,195416122.0,1958029015.0,19825392.0,212464615.0,2148667369.0,2195195335.0,219542832.0,2230164852.0,2241651402.0,2264566573.0,2271579944.0,2410440464.0,2418487808.0,2490950240.0,2496169171.0,2497868096.0,2517330365.0,2522792030.0,253139290.0,2541741648.0,259615390.0,2752498194.0,2753777246.0,2834697000.0,2836621284.0,2844677229.0,2891341698.0,2894020441.0,2898982677.0,2912807113.0,2934858272.0,2943804650.0,294530306.0,2950301492.0,2950762536.0,2954907308.0,2955832574.0,2957220588.0,2958715404.0,2960654162.0,2964865058.0,2980804404.0,2993445877.0,3061643802.0,3062572074.0,30860019.0,309701929.0,3126889155.0,3153251286.0,3181227098.0,3183631919.0,320811254.0,3232272410.0,3237701442.0,3244035912.0,3253468556.0,325610106.0,3272377230.0,3280380828.0,3282094879.0,3302392762.0,3302465442.0,3316729296.0,3322597734.0,334437663.0,3345281481.0,3416133972.0,343343892.0,370049895.0,3736896914.0,386562055.0,389408871.0,417831140.0,4275710122.0,442722848.0,450378435.0,4512875004.0,4574311770.0,4713510799.0,4737042973.0,4777301054.0,4782227364.0,4830668070.0,4834758713.0,4919840307.0,516579196.0,580057012.0,587955602.0,589777028.0,614941426.0,628960161.0,6.954329964305572e+17,7.050964902055813e+17,7.093197100267602e+17,7.176435034344735e+17,7.184282798336369e+17,7.259075148988088e+17,7.469498918851953e+17,7.514659499167621e+17,7.523393608555192e+17,752604709.0,7.647663670440837e+17,7.69003932358103e+17,7.717132291143844e+17,7.791547124236984e+17,7.908994282447462e+17,7.915673724945695e+17,7.985453633890755e+17,807941154.0,8.085976163258941e+17,8.102831187498476e+17,8.161739448605409e+17,8.163689884814336e+17,8.231188750804623e+17,8.232023329387397e+17,8.361968148859044e+17,8.399174225093509e+17,8.401275466414162e+17,8.415369751276421e+17,8.434374483907625e+17,8.444864516770898e+17,8.45002795107283e+17,8.451674176092447e+17,8.487696459895603e+17,862849832.0,8.699045752806646e+17,8.737004725022106e+17,8.748844552650752e+17,877074529.0,8.793193383600292e+17,8.871741658364232e+17,8.894259479502848e+17,8.898514935739965e+17,8.913046926087782e+17,8.946037795422044e+17,8.952186531715031e+17,8.967335904861061e+17,8.970564669761659e+17,8.992172388586742e+17,9.004556163212124e+17,903389473.0,9.036489033623388e+17,9.037118656786842e+17,9.093749936952566e+17,9.103889854444093e+17,9.119035119731057e+17,9.170480328221491e+17,9.31027056665641e+17,9.361623336462582e+17,9.373052030778204e+17,9.386103655579648e+17,9.413216675648799e+17,9.418486514328453e+17,9.431091521586381e+17,9.434071428112138e+17,9.471870963593953e+17,9.494633795962962e+17,9.520236909961953e+17,9.524346314453934e+17,9.525743479814349e+17
1,1085739638.0,0.0,295.0,7.0,66.0,9.0,101.0,43.0,6.0,3.0,340.0,83.0,335.0,191.0,0.0,122.0,57.0,245.0,123.0,80.0,13.0,82.0,32.0,45.0,215.0,109.0,31.0,62.0,126.0,9.0,135.0,469.0,11.0,307.0,64.0,71.0,87.0,14.0,91.0,0.0,56.0,131.0,31.0,20.0,56.0,1.0,35.0,79.0,23.0,84.0,121.0,143.0,47.0,39.0,52.0,17.0,47.0,142.0,147.0,2.0,76.0,295.0,64.0,20.0,184.0,243.0,0.0,56.0,18.0,162.0,34.0,12.0,150.0,297.0,28.0,5.0,75.0,125.0,4.0,82.0,127.0,36.0,4.0,51.0,302.0,16.0,7.0,26.0,7.0,225.0,35.0,120.0,88.0,74.0,81.0,115.0,0.0,8.0,0.0,354.0,24.0,80.0,57.0,52.0,184.0,412.0,549.0,13.0,62.0,18.0,0.0,145.0,762.0,78.0,3.0,80.0,286.0,11.0,84.0,16.0,75.0,29.0,52.0,176.0,21.0,56.0,31.0,18.0,11.0,0.0,38.0,11.0,20.0,13.0,0.0,173.0,145.0,67.0,78.0,8.0,190.0,7.0,19.0,91.0,36.0,423.0,31.0,12.0,134.0,148.0,68.0,14.0,68.0,56.0,81.0,158.0,333.0,347.0,176.0,29.0,61.0,7.0,72.0,53.0,18.0,111.0,343.0,141.0,29.0,33.0,51.0,142.0,12.0,2.0,18.0,68.0,143.0
2,1217991722.0,295.0,0.0,33.0,62.0,12.0,184.0,58.0,10.0,1.0,255.0,86.0,212.0,196.0,0.0,81.0,50.0,219.0,99.0,62.0,10.0,84.0,15.0,73.0,144.0,91.0,18.0,106.0,88.0,6.0,98.0,282.0,2.0,183.0,55.0,59.0,99.0,11.0,56.0,0.0,50.0,78.0,27.0,14.0,40.0,1.0,34.0,56.0,14.0,135.0,93.0,122.0,36.0,23.0,91.0,10.0,98.0,107.0,138.0,2.0,64.0,177.0,32.0,17.0,122.0,146.0,0.0,38.0,6.0,142.0,30.0,10.0,119.0,192.0,30.0,7.0,60.0,123.0,6.0,64.0,41.0,34.0,2.0,37.0,372.0,55.0,4.0,19.0,8.0,242.0,28.0,100.0,126.0,86.0,37.0,80.0,0.0,1.0,0.0,282.0,24.0,60.0,128.0,39.0,144.0,277.0,297.0,20.0,72.0,31.0,0.0,102.0,349.0,66.0,4.0,61.0,194.0,15.0,46.0,13.0,53.0,67.0,41.0,118.0,24.0,22.0,22.0,16.0,6.0,0.0,32.0,7.0,34.0,18.0,0.0,118.0,124.0,63.0,97.0,7.0,183.0,28.0,18.0,149.0,62.0,253.0,43.0,8.0,68.0,102.0,61.0,12.0,71.0,49.0,73.0,78.0,211.0,222.0,136.0,16.0,50.0,3.0,94.0,76.0,19.0,100.0,180.0,145.0,30.0,19.0,41.0,100.0,13.0,3.0,18.0,73.0,103.0
3,129414017.0,7.0,33.0,0.0,2.0,0.0,31.0,3.0,2.0,0.0,13.0,0.0,9.0,3.0,0.0,4.0,1.0,25.0,5.0,2.0,0.0,1.0,5.0,13.0,2.0,4.0,8.0,24.0,2.0,3.0,0.0,6.0,0.0,2.0,0.0,2.0,13.0,0.0,4.0,0.0,0.0,9.0,2.0,1.0,0.0,0.0,4.0,1.0,2.0,28.0,18.0,1.0,7.0,3.0,17.0,1.0,18.0,4.0,10.0,0.0,3.0,10.0,0.0,3.0,2.0,1.0,0.0,5.0,1.0,4.0,4.0,1.0,7.0,10.0,0.0,0.0,0.0,20.0,2.0,1.0,0.0,0.0,0.0,2.0,47.0,22.0,0.0,1.0,0.0,18.0,0.0,10.0,12.0,11.0,0.0,1.0,0.0,0.0,0.0,15.0,0.0,1.0,9.0,2.0,1.0,27.0,21.0,0.0,10.0,9.0,0.0,3.0,8.0,3.0,0.0,2.0,2.0,0.0,5.0,0.0,4.0,19.0,1.0,2.0,0.0,1.0,1.0,0.0,1.0,0.0,6.0,0.0,2.0,0.0,0.0,3.0,17.0,1.0,14.0,0.0,7.0,14.0,0.0,32.0,3.0,5.0,0.0,0.0,0.0,5.0,0.0,0.0,0.0,3.0,8.0,1.0,4.0,5.0,3.0,6.0,1.0,1.0,26.0,13.0,6.0,3.0,4.0,20.0,0.0,0.0,4.0,7.0,0.0,0.0,1.0,15.0,5.0
4,131126857.0,66.0,62.0,2.0,0.0,10.0,49.0,116.0,0.0,2.0,68.0,163.0,46.0,146.0,0.0,25.0,75.0,34.0,17.0,12.0,32.0,142.0,4.0,14.0,132.0,59.0,1.0,15.0,43.0,1.0,67.0,122.0,1.0,73.0,52.0,67.0,20.0,15.0,18.0,0.0,77.0,22.0,3.0,45.0,33.0,0.0,8.0,49.0,3.0,23.0,16.0,77.0,8.0,7.0,23.0,3.0,21.0,72.0,31.0,0.0,102.0,43.0,5.0,3.0,69.0,40.0,0.0,5.0,5.0,167.0,53.0,5.0,21.0,57.0,26.0,7.0,35.0,22.0,0.0,54.0,15.0,79.0,14.0,39.0,89.0,2.0,6.0,21.0,16.0,67.0,5.0,20.0,36.0,14.0,8.0,44.0,0.0,0.0,0.0,51.0,51.0,68.0,163.0,10.0,87.0,48.0,81.0,118.0,13.0,2.0,0.0,39.0,88.0,40.0,6.0,11.0,99.0,66.0,9.0,20.0,14.0,8.0,31.0,64.0,47.0,10.0,37.0,28.0,17.0,0.0,4.0,3.0,8.0,37.0,0.0,75.0,20.0,86.0,8.0,20.0,130.0,2.0,29.0,30.0,42.0,96.0,37.0,5.0,9.0,27.0,33.0,23.0,129.0,8.0,13.0,19.0,52.0,105.0,48.0,4.0,61.0,0.0,10.0,9.0,1.0,67.0,56.0,26.0,30.0,10.0,73.0,21.0,26.0,12.0,31.0,20.0,23.0
5,132095476.0,9.0,12.0,0.0,10.0,0.0,9.0,6.0,0.0,0.0,10.0,6.0,11.0,12.0,0.0,3.0,5.0,7.0,2.0,0.0,2.0,5.0,0.0,5.0,11.0,9.0,1.0,5.0,1.0,0.0,5.0,13.0,0.0,5.0,3.0,2.0,1.0,1.0,4.0,0.0,5.0,6.0,1.0,0.0,2.0,0.0,0.0,5.0,1.0,6.0,6.0,4.0,3.0,2.0,4.0,2.0,3.0,4.0,4.0,0.0,8.0,13.0,0.0,0.0,8.0,9.0,0.0,1.0,0.0,11.0,2.0,0.0,8.0,10.0,1.0,1.0,1.0,3.0,0.0,4.0,2.0,2.0,0.0,2.0,14.0,1.0,0.0,2.0,0.0,9.0,1.0,8.0,8.0,5.0,0.0,4.0,0.0,1.0,0.0,9.0,2.0,4.0,12.0,5.0,9.0,26.0,18.0,5.0,5.0,1.0,0.0,1.0,15.0,4.0,1.0,0.0,7.0,2.0,1.0,2.0,2.0,1.0,2.0,6.0,3.0,2.0,3.0,1.0,2.0,0.0,0.0,0.0,1.0,2.0,0.0,7.0,5.0,3.0,3.0,2.0,7.0,1.0,4.0,3.0,4.0,8.0,6.0,0.0,1.0,5.0,4.0,3.0,7.0,1.0,1.0,4.0,10.0,8.0,5.0,1.0,4.0,0.0,6.0,2.0,1.0,5.0,4.0,6.0,3.0,0.0,1.0,3.0,0.0,2.0,2.0,2.0,4.0
6,132761884.0,101.0,184.0,31.0,49.0,9.0,0.0,48.0,10.0,1.0,96.0,45.0,92.0,72.0,0.0,32.0,33.0,124.0,33.0,18.0,3.0,41.0,6.0,63.0,43.0,53.0,17.0,95.0,30.0,9.0,39.0,103.0,0.0,67.0,30.0,23.0,87.0,8.0,19.0,0.0,36.0,49.0,17.0,11.0,25.0,0.0,16.0,26.0,2.0,124.0,59.0,56.0,26.0,10.0,80.0,7.0,75.0,57.0,84.0,1.0,42.0,81.0,5.0,11.0,58.0,58.0,0.0,18.0,3.0,78.0,19.0,6.0,55.0,89.0,16.0,7.0,28.0,76.0,1.0,41.0,11.0,17.0,0.0,19.0,245.0,66.0,2.0,14.0,6.0,147.0,10.0,49.0,78.0,61.0,9.0,32.0,0.0,1.0,0.0,144.0,12.0,28.0,55.0,17.0,61.0,127.0,134.0,11.0,84.0,36.0,0.0,39.0,112.0,27.0,1.0,17.0,73.0,12.0,17.0,10.0,26.0,78.0,14.0,56.0,11.0,9.0,10.0,8.0,1.0,0.0,15.0,0.0,20.0,12.0,0.0,47.0,70.0,41.0,85.0,4.0,81.0,28.0,13.0,158.0,39.0,83.0,24.0,4.0,10.0,45.0,34.0,9.0,50.0,32.0,44.0,31.0,72.0,87.0,53.0,7.0,32.0,0.0,67.0,75.0,16.0,41.0,53.0,113.0,14.0,10.0,25.0,51.0,6.0,1.0,15.0,57.0,35.0
7,1351704487.0,43.0,58.0,3.0,116.0,6.0,48.0,0.0,1.0,3.0,47.0,193.0,45.0,152.0,0.0,30.0,90.0,25.0,31.0,13.0,44.0,123.0,9.0,19.0,159.0,64.0,4.0,19.0,52.0,2.0,60.0,120.0,0.0,48.0,51.0,91.0,20.0,19.0,20.0,0.0,107.0,26.0,11.0,78.0,43.0,1.0,12.0,65.0,6.0,19.0,18.0,101.0,10.0,9.0,26.0,7.0,21.0,97.0,38.0,0.0,125.0,39.0,5.0,9.0,108.0,26.0,0.0,7.0,6.0,218.0,101.0,4.0,29.0,50.0,23.0,11.0,40.0,29.0,2.0,44.0,3.0,124.0,19.0,49.0,86.0,6.0,16.0,26.0,24.0,66.0,3.0,28.0,41.0,19.0,4.0,44.0,0.0,0.0,0.0,49.0,74.0,119.0,138.0,20.0,73.0,30.0,51.0,189.0,24.0,1.0,0.0,31.0,52.0,53.0,7.0,8.0,103.0,119.0,10.0,23.0,20.0,11.0,34.0,88.0,74.0,7.0,70.0,25.0,31.0,0.0,14.0,2.0,13.0,48.0,0.0,102.0,19.0,111.0,19.0,27.0,171.0,3.0,44.0,48.0,65.0,97.0,45.0,9.0,6.0,27.0,36.0,43.0,193.0,19.0,20.0,11.0,37.0,112.0,62.0,7.0,79.0,2.0,12.0,21.0,1.0,99.0,35.0,30.0,46.0,18.0,130.0,27.0,39.0,14.0,33.0,16.0,16.0
8,136186416.0,6.0,10.0,2.0,0.0,0.0,10.0,1.0,0.0,0.0,4.0,0.0,5.0,1.0,0.0,0.0,0.0,6.0,0.0,1.0,0.0,0.0,1.0,6.0,0.0,0.0,2.0,8.0,1.0,3.0,0.0,2.0,0.0,1.0,0.0,0.0,10.0,0.0,3.0,0.0,0.0,3.0,3.0,0.0,0.0,0.0,0.0,0.0,0.0,8.0,5.0,1.0,4.0,0.0,10.0,0.0,10.0,2.0,8.0,0.0,1.0,5.0,0.0,0.0,1.0,0.0,0.0,4.0,0.0,2.0,2.0,3.0,5.0,3.0,0.0,0.0,0.0,8.0,0.0,1.0,0.0,0.0,0.0,1.0,9.0,8.0,0.0,0.0,0.0,8.0,0.0,2.0,8.0,9.0,0.0,0.0,0.0,0.0,0.0,9.0,0.0,0.0,0.0,0.0,0.0,5.0,5.0,0.0,10.0,6.0,0.0,0.0,4.0,1.0,0.0,0.0,1.0,0.0,5.0,0.0,2.0,9.0,1.0,1.0,0.0,0.0,0.0,0.0,0.0,0.0,3.0,0.0,0.0,0.0,0.0,0.0,8.0,0.0,9.0,0.0,2.0,5.0,0.0,10.0,0.0,2.0,1.0,0.0,0.0,3.0,0.0,0.0,0.0,6.0,7.0,0.0,3.0,2.0,2.0,2.0,0.0,0.0,6.0,10.0,7.0,2.0,1.0,9.0,0.0,0.0,0.0,6.0,0.0,0.0,1.0,6.0,2.0
9,1369573230.0,3.0,1.0,0.0,2.0,0.0,1.0,3.0,0.0,0.0,2.0,3.0,1.0,2.0,0.0,1.0,3.0,1.0,0.0,1.0,1.0,2.0,1.0,1.0,2.0,2.0,0.0,0.0,2.0,0.0,2.0,2.0,0.0,3.0,3.0,2.0,1.0,2.0,1.0,0.0,4.0,1.0,0.0,3.0,2.0,0.0,0.0,2.0,0.0,1.0,1.0,3.0,1.0,0.0,2.0,0.0,1.0,3.0,1.0,0.0,3.0,1.0,1.0,0.0,2.0,0.0,0.0,0.0,0.0,2.0,3.0,0.0,1.0,0.0,2.0,2.0,2.0,0.0,0.0,2.0,0.0,3.0,1.0,2.0,0.0,1.0,2.0,2.0,2.0,3.0,0.0,0.0,3.0,1.0,0.0,2.0,0.0,0.0,0.0,0.0,2.0,3.0,2.0,1.0,3.0,1.0,3.0,3.0,2.0,0.0,0.0,2.0,3.0,2.0,2.0,0.0,3.0,3.0,1.0,2.0,0.0,1.0,2.0,2.0,3.0,2.0,2.0,2.0,2.0,0.0,0.0,1.0,0.0,2.0,0.0,2.0,0.0,3.0,0.0,1.0,2.0,0.0,2.0,1.0,2.0,2.0,2.0,1.0,1.0,0.0,2.0,2.0,3.0,1.0,1.0,1.0,1.0,3.0,2.0,0.0,2.0,0.0,0.0,0.0,0.0,1.0,2.0,1.0,2.0,2.0,3.0,1.0,2.0,2.0,3.0,1.0,1.0
10,141859649.0,340.0,255.0,13.0,68.0,10.0,96.0,47.0,4.0,2.0,0.0,67.0,256.0,151.0,0.0,80.0,50.0,159.0,106.0,43.0,11.0,70.0,29.0,46.0,148.0,95.0,15.0,60.0,86.0,10.0,96.0,277.0,3.0,176.0,48.0,64.0,81.0,11.0,78.0,0.0,48.0,104.0,27.0,14.0,43.0,2.0,42.0,66.0,23.0,77.0,114.0,99.0,43.0,35.0,58.0,14.0,52.0,107.0,134.0,1.0,66.0,247.0,30.0,23.0,118.0,145.0,0.0,43.0,13.0,132.0,27.0,9.0,120.0,250.0,25.0,4.0,61.0,107.0,8.0,77.0,40.0,33.0,3.0,43.0,266.0,20.0,2.0,21.0,6.0,203.0,25.0,137.0,86.0,63.0,32.0,89.0,0.0,3.0,0.0,259.0,22.0,53.0,80.0,52.0,136.0,317.0,379.0,11.0,56.0,14.0,0.0,99.0,352.0,71.0,3.0,61.0,179.0,15.0,61.0,12.0,60.0,28.0,40.0,119.0,19.0,37.0,30.0,15.0,9.0,0.0,30.0,5.0,24.0,13.0,0.0,132.0,98.0,52.0,67.0,10.0,156.0,11.0,15.0,75.0,42.0,245.0,34.0,11.0,65.0,120.0,60.0,12.0,60.0,49.0,56.0,69.0,215.0,198.0,130.0,28.0,55.0,6.0,78.0,56.0,16.0,89.0,179.0,106.0,25.0,24.0,51.0,111.0,11.0,3.0,13.0,53.0,109.0
11,155547174.0,83.0,86.0,0.0,163.0,6.0,45.0,193.0,0.0,3.0,67.0,0.0,72.0,199.0,0.0,43.0,98.0,49.0,34.0,26.0,69.0,158.0,4.0,13.0,210.0,74.0,7.0,16.0,77.0,1.0,90.0,159.0,3.0,99.0,78.0,143.0,27.0,24.0,30.0,0.0,138.0,25.0,9.0,94.0,58.0,1.0,12.0,81.0,5.0,21.0,23.0,137.0,6.0,7.0,19.0,7.0,19.0,105.0,54.0,1.0,131.0,52.0,14.0,5.0,135.0,50.0,0.0,12.0,5.0,271.0,107.0,5.0,32.0,59.0,32.0,10.0,56.0,49.0,1.0,54.0,20.0,176.0,29.0,48.0,107.0,3.0,16.0,31.0,29.0,81.0,9.0,28.0,46.0,17.0,19.0,76.0,0.0,0.0,0.0,74.0,90.0,134.0,169.0,14.0,122.0,49.0,81.0,242.0,17.0,5.0,0.0,58.0,96.0,75.0,8.0,22.0,142.0,132.0,15.0,24.0,23.0,9.0,43.0,113.0,75.0,4.0,74.0,29.0,29.0,0.0,11.0,3.0,15.0,54.0,0.0,119.0,39.0,152.0,14.0,26.0,222.0,1.0,48.0,40.0,74.0,139.0,59.0,10.0,34.0,38.0,44.0,41.0,219.0,24.0,39.0,35.0,61.0,166.0,81.0,4.0,89.0,0.0,6.0,15.0,1.0,135.0,84.0,36.0,49.0,22.0,168.0,38.0,45.0,13.0,38.0,17.0,34.0
12,1607293993.0,335.0,212.0,9.0,46.0,11.0,92.0,45.0,5.0,1.0,256.0,72.0,0.0,133.0,0.0,82.0,44.0,172.0,119.0,45.0,12.0,66.0,30.0,42.0,139.0,91.0,20.0,66.0,74.0,6.0,104.0,278.0,3.0,177.0,52.0,55.0,79.0,10.0,78.0,0.0,51.0,118.0,29.0,14.0,44.0,0.0,38.0,64.0,20.0,74.0,119.0,104.0,40.0,34.0,55.0,9.0,53.0,114.0,142.0,0.0,65.0,226.0,24.0,34.0,152.0,150.0,0.0,46.0,8.0,139.0,26.0,10.0,125.0,231.0,27.0,3.0,63.0,110.0,7.0,71.0,24.0,35.0,3.0,42.0,217.0,16.0,2.0,22.0,6.0,183.0,27.0,116.0,78.0,73.0,25.0,88.0,0.0,1.0,0.0,258.0,18.0,54.0,57.0,49.0,140.0,280.0,342.0,9.0,65.0,15.0,0.0,108.0,346.0,68.0,1.0,65.0,192.0,19.0,74.0,13.0,64.0,28.0,32.0,109.0,17.0,38.0,30.0,15.0,9.0,0.0,39.0,3.0,22.0,12.0,0.0,119.0,100.0,59.0,61.0,9.0,165.0,9.0,15.0,76.0,37.0,249.0,29.0,11.0,60.0,123.0,61.0,12.0,56.0,45.0,64.0,69.0,217.0,212.0,141.0,35.0,50.0,6.0,73.0,72.0,15.0,92.0,184.0,122.0,27.0,23.0,49.0,120.0,11.0,1.0,18.0,56.0,115.0
13,1682647009.0,191.0,196.0,3.0,146.0,12.0,72.0,152.0,1.0,2.0,151.0,199.0,133.0,0.0,0.0,60.0,81.0,96.0,52.0,43.0,32.0,151.0,5.0,37.0,211.0,101.0,8.0,36.0,87.0,8.0,114.0,267.0,2.0,164.0,70.0,86.0,35.0,18.0,31.0,0.0,121.0,43.0,15.0,52.0,51.0,0.0,17.0,85.0,4.0,48.0,31.0,128.0,14.0,9.0,35.0,8.0,39.0,114.0,74.0,2.0,139.0,98.0,17.0,5.0,127.0,109.0,0.0,11.0,1.0,231.0,67.0,7.0,63.0,132.0,29.0,10.0,52.0,67.0,0.0,69.0,35.0,107.0,18.0,40.0,207.0,8.0,7.0,29.0,17.0,136.0,18.0,54.0,65.0,32.0,23.0,74.0,0.0,3.0,0.0,167.0,56.0,112.0,185.0,28.0,147.0,148.0,217.0,133.0,28.0,6.0,0.0,87.0,247.0,57.0,7.0,46.0,191.0,88.0,22.0,20.0,26.0,19.0,51.0,135.0,53.0,7.0,48.0,21.0,15.0,0.0,7.0,5.0,20.0,46.0,0.0,135.0,66.0,110.0,27.0,24.0,218.0,6.0,31.0,59.0,74.0,233.0,60.0,11.0,49.0,67.0,48.0,31.0,177.0,24.0,38.0,59.0,133.0,210.0,102.0,3.0,72.0,0.0,18.0,24.0,4.0,113.0,129.0,67.0,32.0,34.0,110.0,60.0,28.0,11.0,32.0,33.0,70.0
14,17481929.0,0.0,0.0,0.0,0.0,0.0,0.0,0.0,0.0,0.0,0.0,0.0,0.0,0.0,0.0,0.0,0.0,0.0,0.0,0.0,0.0,0.0,0.0,0.0,0.0,0.0,0.0,0.0,0.0,0.0,0.0,0.0,0.0,0.0,0.0,0.0,0.0,0.0,0.0,0.0,0.0,0.0,0.0,0.0,0.0,0.0,0.0,0.0,0.0,0.0,0.0,0.0,0.0,0.0,0.0,0.0,0.0,0.0,0.0,0.0,0.0,0.0,0.0,0.0,0.0,0.0,0.0,0.0,0.0,0.0,0.0,0.0,0.0,0.0,0.0,0.0,0.0,0.0,0.0,0.0,0.0,0.0,0.0,0.0,0.0,0.0,0.0,0.0,0.0,0.0,0.0,0.0,0.0,0.0,0.0,0.0,0.0,0.0,0.0,0.0,0.0,0.0,0.0,0.0,0.0,0.0,0.0,0.0,0.0,0.0,0.0,0.0,0.0,0.0,0.0,0.0,0.0,0.0,0.0,0.0,0.0,0.0,0.0,0.0,0.0,0.0,0.0,0.0,0.0,0.0,0.0,0.0,0.0,0.0,0.0,0.0,0.0,0.0,0.0,0.0,0.0,0.0,0.0,0.0,0.0,0.0,0.0,0.0,0.0,0.0,0.0,0.0,0.0,0.0,0.0,0.0,0.0,0.0,0.0,0.0,0.0,0.0,0.0,0.0,0.0,0.0,0.0,0.0,0.0,0.0,0.0,0.0,0.0,0.0,0.0,0.0,0.0
15,1896476016.0,122.0,81.0,4.0,25.0,3.0,32.0,30.0,0.0,1.0,80.0,43.0,82.0,60.0,0.0,0.0,23.0,71.0,33.0,35.0,4.0,25.0,7.0,18.0,70.0,44.0,6.0,20.0,48.0,0.0,55.0,110.0,2.0,85.0,31.0,38.0,28.0,5.0,30.0,0.0,27.0,16.0,12.0,15.0,30.0,1.0,15.0,20.0,5.0,24.0,16.0,52.0,12.0,13.0,13.0,5.0,16.0,46.0,55.0,1.0,29.0,63.0,16.0,6.0,84.0,45.0,0.0,14.0,1.0,58.0,23.0,1.0,53.0,51.0,15.0,5.0,30.0,46.0,2.0,31.0,26.0,22.0,3.0,19.0,70.0,3.0,3.0,16.0,8.0,68.0,8.0,27.0,22.0,32.0,24.0,48.0,0.0,1.0,0.0,86.0,24.0,32.0,24.0,13.0,57.0,64.0,95.0,28.0,16.0,5.0,0.0,60.0,132.0,46.0,3.0,21.0,94.0,11.0,22.0,8.0,30.0,8.0,21.0,53.0,22.0,11.0,13.0,14.0,7.0,0.0,7.0,2.0,13.0,8.0,0.0,64.0,50.0,72.0,12.0,5.0,69.0,0.0,9.0,21.0,16.0,96.0,12.0,4.0,43.0,46.0,31.0,6.0,25.0,21.0,29.0,38.0,78.0,121.0,65.0,6.0,29.0,1.0,7.0,10.0,2.0,57.0,113.0,43.0,15.0,5.0,27.0,50.0,11.0,5.0,10.0,10.0,51.0
16,1907613595.0,57.0,50.0,1.0,75.0,5.0,33.0,90.0,0.0,3.0,50.0,98.0,44.0,81.0,0.0,23.0,0.0,27.0,16.0,9.0,13.0,73.0,6.0,14.0,78.0,42.0,0.0,7.0,31.0,3.0,41.0,93.0,0.0,55.0,38.0,53.0,18.0,10.0,12.0,0.0,63.0,23.0,9.0,40.0,28.0,1.0,7.0,41.0,2.0,15.0,20.0,70.0,8.0,7.0,14.0,1.0,15.0,66.0,22.0,0.0,64.0,40.0,5.0,5.0,63.0,37.0,0.0,8.0,4.0,108.0,50.0,2.0,26.0,46.0,13.0,6.0,27.0,14.0,1.0,32.0,3.0,58.0,13.0,29.0,60.0,5.0,7.0,19.0,8.0,45.0,8.0,23.0,26.0,17.0,2.0,33.0,0.0,0.0,0.0,47.0,38.0,55.0,67.0,11.0,67.0,39.0,54.0,87.0,11.0,0.0,0.0,36.0,61.0,32.0,7.0,13.0,77.0,67.0,4.0,14.0,15.0,11.0,26.0,65.0,38.0,11.0,38.0,16.0,16.0,0.0,5.0,3.0,7.0,39.0,0.0,71.0,13.0,64.0,14.0,22.0,101.0,1.0,33.0,23.0,40.0,76.0,31.0,1.0,3.0,27.0,31.0,29.0,99.0,10.0,10.0,13.0,42.0,86.0,47.0,2.0,54.0,1.0,10.0,9.0,1.0,51.0,43.0,23.0,30.0,15.0,73.0,21.0,28.0,10.0,25.0,8.0,22.0
17,195416122.0,245.0,219.0,25.0,34.0,7.0,124.0,25.0,6.0,1.0,159.0,49.0,172.0,96.0,0.0,71.0,27.0,0.0,51.0,43.0,5.0,40.0,12.0,45.0,107.0,57.0,12.0,73.0,66.0,6.0,79.0,213.0,2.0,150.0,34.0,34.0,92.0,9.0,39.0,0.0,32.0,49.0,17.0,8.0,28.0,0.0,24.0,38.0,10.0,118.0,65.0,74.0,25.0,21.0,55.0,3.0,65.0,76.0,105.0,1.0,37.0,132.0,17.0,9.0,106.0,104.0,0.0,25.0,4.0,84.0,17.0,8.0,93.0,121.0,20.0,1.0,47.0,98.0,2.0,48.0,32.0,18.0,2.0,24.0,216.0,34.0,3.0,15.0,4.0,145.0,21.0,53.0,64.0,64.0,34.0,72.0,0.0,1.0,0.0,202.0,11.0,36.0,41.0,23.0,99.0,202.0,226.0,6.0,44.0,26.0,0.0,86.0,277.0,44.0,2.0,43.0,150.0,5.0,35.0,9.0,44.0,47.0,29.0,87.0,11.0,18.0,17.0,9.0,4.0,0.0,20.0,5.0,15.0,11.0,0.0,95.0,96.0,34.0,57.0,6.0,110.0,16.0,12.0,92.0,25.0,181.0,21.0,8.0,56.0,73.0,40.0,6.0,34.0,37.0,52.0,62.0,153.0,159.0,103.0,15.0,39.0,3.0,59.0,52.0,13.0,68.0,157.0,118.0,20.0,11.0,30.0,82.0,10.0,1.0,8.0,53.0,83.0
18,1958029015.0,123.0,99.0,5.0,17.0,2.0,33.0,31.0,0.0,0.0,106.0,34.0,119.0,52.0,0.0,33.0,16.0,51.0,0.0,18.0,9.0,25.0,25.0,14.0,55.0,31.0,8.0,18.0,35.0,7.0,36.0,89.0,3.0,45.0,47.0,37.0,37.0,8.0,67.0,0.0,28.0,99.0,12.0,5.0,21.0,0.0,40.0,29.0,34.0,16.0,106.0,73.0,30.0,28.0,21.0,4.0,21.0,34.0,62.0,1.0,31.0,149.0,10.0,43.0,58.0,44.0,0.0,23.0,9.0,47.0,13.0,4.0,57.0,125.0,9.0,1.0,20.0,71.0,11.0,23.0,16.0,15.0,1.0,16.0,83.0,6.0,2.0,8.0,2.0,70.0,7.0,78.0,32.0,22.0,11.0,39.0,0.0,0.0,0.0,101.0,14.0,24.0,27.0,34.0,44.0,145.0,224.0,5.0,38.0,3.0,0.0,28.0,147.0,26.0,0.0,15.0,66.0,10.0,48.0,1.0,42.0,15.0,10.0,37.0,10.0,33.0,10.0,4.0,2.0,0.0,43.0,4.0,8.0,4.0,0.0,37.0,42.0,19.0,33.0,3.0,68.0,3.0,7.0,49.0,38.0,74.0,10.0,0.0,25.0,87.0,15.0,5.0,27.0,18.0,37.0,38.0,69.0,79.0,38.0,30.0,19.0,7.0,66.0,24.0,8.0,49.0,75.0,33.0,5.0,16.0,23.0,47.0,4.0,0.0,4.0,15.0,28.0
19,19825392.0,80.0,62.0,2.0,12.0,0.0,18.0,13.0,1.0,1.0,43.0,26.0,45.0,43.0,0.0,35.0,9.0,43.0,18.0,0.0,5.0,18.0,4.0,14.0,40.0,25.0,7.0,10.0,38.0,1.0,33.0,67.0,1.0,66.0,20.0,20.0,15.0,6.0,18.0,0.0,16.0,8.0,7.0,5.0,17.0,1.0,8.0,15.0,5.0,15.0,13.0,38.0,6.0,5.0,10.0,2.0,10.0,23.0,34.0,2.0,15.0,52.0,18.0,1.0,29.0,34.0,0.0,5.0,2.0,29.0,8.0,3.0,39.0,28.0,7.0,2.0,24.0,28.0,2.0,20.0,32.0,10.0,1.0,13.0,47.0,4.0,2.0,7.0,2.0,40.0,5.0,20.0,16.0,13.0,29.0,27.0,0.0,1.0,0.0,45.0,5.0,19.0,15.0,7.0,38.0,51.0,79.0,3.0,9.0,3.0,0.0,43.0,100.0,18.0,1.0,15.0,58.0,2.0,14.0,3.0,17.0,3.0,16.0,36.0,6.0,4.0,7.0,2.0,3.0,0.0,5.0,5.0,9.0,4.0,0.0,35.0,29.0,18.0,10.0,2.0,42.0,1.0,4.0,16.0,15.0,69.0,6.0,2.0,32.0,29.0,21.0,6.0,9.0,16.0,18.0,41.0,59.0,52.0,38.0,3.0,17.0,1.0,1.0,4.0,2.0,33.0,58.0,25.0,9.0,5.0,14.0,28.0,7.0,1.0,5.0,6.0,30.0
20,212464615.0,13.0,10.0,0.0,32.0,2.0,3.0,44.0,0.0,1.0,11.0,69.0,12.0,32.0,0.0,4.0,13.0,5.0,9.0,5.0,0.0,24.0,1.0,4.0,75.0,7.0,5.0,3.0,13.0,0.0,10.0,34.0,2.0,15.0,23.0,64.0,1.0,8.0,5.0,0.0,32.0,4.0,3.0,27.0,12.0,0.0,2.0,12.0,1.0,1.0,2.0,26.0,2.0,0.0,4.0,2.0,4.0,19.0,8.0,0.0,24.0,11.0,0.0,3.0,16.0,10.0,0.0,3.0,4.0,71.0,22.0,1.0,7.0,6.0,5.0,3.0,7.0,12.0,2.0,6.0,5.0,62.0,13.0,8.0,11.0,1.0,8.0,4.0,5.0,12.0,2.0,4.0,6.0,1.0,3.0,9.0,0.0,0.0,0.0,14.0,14.0,20.0,45.0,4.0,24.0,7.0,16.0,64.0,2.0,1.0,0.0,6.0,18.0,12.0,1.0,2.0,14.0,33.0,3.0,1.0,0.0,2.0,6.0,18.0,13.0,1.0,14.0,3.0,4.0,0.0,4.0,2.0,6.0,19.0,0.0,19.0,10.0,31.0,4.0,5.0,43.0,0.0,7.0,5.0,22.0,23.0,19.0,1.0,7.0,3.0,4.0,7.0,67.0,5.0,10.0,5.0,8.0,28.0,7.0,1.0,9.0,0.0,1.0,1.0,1.0,30.0,8.0,6.0,4.0,3.0,62.0,6.0,11.0,2.0,5.0,2.0,5.0
21,2148667369.0,82.0,84.0,1.0,142.0,5.0,41.0,123.0,0.0,2.0,70.0,158.0,66.0,151.0,0.0,25.0,73.0,40.0,25.0,18.0,24.0,0.0,6.0,15.0,144.0,62.0,4.0,24.0,54.0,6.0,81.0,153.0,0.0,92.0,52.0,66.0,23.0,19.0,19.0,0.0,77.0,18.0,8.0,39.0,40.0,1.0,5.0,74.0,3.0,29.0,21.0,92.0,7.0,7.0,22.0,4.0,22.0,80.0,42.0,2.0,111.0,52.0,9.0,4.0,89.0,58.0,0.0,10.0,2.0,209.0,56.0,7.0,29.0,64.0,26.0,9.0,46.0,42.0,1.0,53.0,14.0,75.0,8.0,42.0,109.0,3.0,6.0,29.0,13.0,68.0,11.0,29.0,35.0,20.0,9.0,60.0,0.0,1.0,0.0,72.0,45.0,78.0,155.0,15.0,108.0,53.0,92.0,101.0,17.0,6.0,0.0,51.0,101.0,47.0,8.0,36.0,110.0,61.0,12.0,24.0,18.0,8.0,39.0,100.0,39.0,3.0,47.0,23.0,16.0,0.0,7.0,4.0,16.0,41.0,0.0,86.0,31.0,79.0,20.0,19.0,153.0,1.0,27.0,31.0,54.0,137.0,47.0,10.0,14.0,32.0,47.0,28.0,139.0,14.0,20.0,29.0,61.0,135.0,70.0,3.0,59.0,0.0,6.0,16.0,1.0,74.0,68.0,33.0,32.0,29.0,78.0,28.0,31.0,11.0,26.0,16.0,28.0
22,2195195335.0,32.0,15.0,5.0,4.0,0.0,6.0,9.0,1.0,1.0,29.0,4.0,30.0,5.0,0.0,7.0,6.0,12.0,25.0,4.0,1.0,6.0,0.0,7.0,9.0,10.0,2.0,11.0,5.0,2.0,2.0,19.0,0.0,10.0,3.0,3.0,16.0,2.0,23.0,0.0,2.0,32.0,4.0,4.0,3.0,1.0,11.0,5.0,16.0,8.0,41.0,7.0,14.0,17.0,8.0,1.0,12.0,10.0,17.0,0.0,7.0,57.0,3.0,22.0,10.0,4.0,0.0,11.0,5.0,10.0,5.0,0.0,21.0,31.0,1.0,1.0,2.0,12.0,4.0,7.0,1.0,2.0,1.0,7.0,14.0,5.0,1.0,3.0,1.0,17.0,1.0,25.0,14.0,14.0,0.0,6.0,0.0,0.0,0.0,26.0,3.0,2.0,3.0,19.0,7.0,74.0,61.0,2.0,20.0,3.0,0.0,11.0,26.0,7.0,1.0,9.0,10.0,2.0,25.0,1.0,11.0,5.0,4.0,7.0,1.0,14.0,2.0,1.0,3.0,0.0,17.0,1.0,3.0,2.0,0.0,10.0,8.0,5.0,14.0,1.0,25.0,1.0,2.0,14.0,4.0,13.0,2.0,2.0,1.0,31.0,6.0,1.0,2.0,13.0,4.0,5.0,21.0,12.0,11.0,29.0,5.0,7.0,35.0,29.0,6.0,6.0,10.0,14.0,2.0,4.0,8.0,19.0,1.0,1.0,2.0,9.0,7.0
23,219542832.0,45.0,73.0,13.0,14.0,5.0,63.0,19.0,6.0,1.0,46.0,13.0,42.0,37.0,0.0,18.0,14.0,45.0,14.0,14.0,4.0,15.0,7.0,0.0,19.0,30.0,8.0,40.0,19.0,5.0,15.0,44.0,0.0,26.0,11.0,12.0,30.0,4.0,10.0,0.0,12.0,25.0,11.0,3.0,11.0,0.0,9.0,8.0,3.0,47.0,25.0,21.0,15.0,6.0,41.0,5.0,44.0,22.0,42.0,0.0,20.0,38.0,4.0,6.0,23.0,17.0,0.0,9.0,2.0,33.0,9.0,3.0,26.0,44.0,6.0,2.0,15.0,37.0,1.0,14.0,5.0,6.0,3.0,11.0,88.0,31.0,2.0,7.0,1.0,59.0,7.0,36.0,53.0,28.0,5.0,17.0,0.0,1.0,0.0,54.0,5.0,12.0,45.0,15.0,31.0,61.0,59.0,3.0,33.0,17.0,0.0,20.0,53.0,14.0,1.0,11.0,22.0,5.0,11.0,4.0,13.0,25.0,6.0,21.0,4.0,6.0,7.0,5.0,4.0,0.0,9.0,3.0,10.0,7.0,0.0,24.0,30.0,12.0,32.0,3.0,39.0,15.0,9.0,59.0,14.0,41.0,11.0,1.0,9.0,23.0,14.0,5.0,13.0,23.0,18.0,13.0,33.0,34.0,25.0,7.0,11.0,1.0,27.0,31.0,10.0,21.0,24.0,40.0,8.0,4.0,16.0,24.0,5.0,1.0,6.0,23.0,19.0
24,2230164852.0,215.0,144.0,2.0,132.0,11.0,43.0,159.0,0.0,2.0,148.0,210.0,139.0,211.0,0.0,70.0,78.0,107.0,55.0,40.0,75.0,144.0,9.0,19.0,0.0,90.0,5.0,32.0,87.0,1.0,123.0,267.0,2.0,160.0,81.0,138.0,41.0,20.0,36.0,0.0,118.0,38.0,17.0,81.0,54.0,1.0,19.0,95.0,6.0,44.0,35.0,140.0,16.0,16.0,25.0,6.0,25.0,135.0,78.0,2.0,126.0,116.0,22.0,7.0,142.0,118.0,0.0,13.0,7.0,280.0,84.0,4.0,74.0,114.0,29.0,6.0,64.0,71.0,2.0,76.0,39.0,147.0,27.0,53.0,156.0,4.0,26.0,28.0,23.0,109.0,16.0,48.0,35.0,36.0,31.0,87.0,0.0,4.0,0.0,139.0,65.0,108.0,162.0,18.0,146.0,149.0,210.0,206.0,21.0,8.0,0.0,90.0,245.0,82.0,6.0,46.0,184.0,131.0,25.0,21.0,39.0,10.0,50.0,131.0,62.0,16.0,77.0,26.0,27.0,0.0,15.0,7.0,16.0,61.0,0.0,153.0,68.0,138.0,31.0,23.0,228.0,1.0,41.0,42.0,69.0,251.0,65.0,11.0,62.0,68.0,61.0,35.0,220.0,27.0,39.0,59.0,140.0,202.0,118.0,7.0,80.0,0.0,13.0,19.0,4.0,139.0,157.0,66.0,41.0,23.0,189.0,57.0,48.0,12.0,31.0,24.0,70.0
25,2241651402.0,109.0,91.0,4.0,59.0,9.0,53.0,64.0,0.0,2.0,95.0,74.0,91.0,101.0,0.0,44.0,42.0,57.0,31.0,25.0,7.0,62.0,10.0,30.0,90.0,0.0,3.0,37.0,49.0,3.0,61.0,142.0,0.0,87.0,27.0,36.0,30.0,13.0,19.0,0.0,48.0,42.0,10.0,29.0,38.0,1.0,14.0,53.0,3.0,49.0,27.0,71.0,18.0,16.0,33.0,15.0,34.0,80.0,59.0,0.0,65.0,68.0,12.0,10.0,86.0,61.0,0.0,11.0,5.0,106.0,43.0,2.0,50.0,94.0,23.0,4.0,51.0,42.0,2.0,51.0,12.0,36.0,2.0,38.0,116.0,8.0,6.0,24.0,17.0,91.0,12.0,50.0,43.0,34.0,11.0,48.0,0.0,1.0,0.0,101.0,33.0,44.0,65.0,26.0,81.0,78.0,110.0,40.0,27.0,3.0,0.0,53.0,134.0,51.0,8.0,25.0,102.0,27.0,14.0,25.0,27.0,11.0,26.0,86.0,36.0,12.0,40.0,26.0,16.0,0.0,10.0,3.0,22.0,22.0,0.0,89.0,29.0,54.0,25.0,12.0,104.0,4.0,25.0,28.0,33.0,131.0,31.0,10.0,12.0,40.0,47.0,25.0,62.0,21.0,13.0,20.0,80.0,121.0,80.0,6.0,54.0,1.0,16.0,22.0,7.0,59.0,69.0,59.0,36.0,15.0,42.0,43.0,20.0,10.0,24.0,29.0,42.0
26,2264566573.0,31.0,18.0,8.0,1.0,1.0,17.0,4.0,2.0,0.0,15.0,7.0,20.0,8.0,0.0,6.0,0.0,12.0,8.0,7.0,5.0,4.0,2.0,8.0,5.0,3.0,0.0,11.0,5.0,1.0,2.0,19.0,1.0,18.0,5.0,5.0,8.0,3.0,5.0,0.0,8.0,7.0,5.0,1.0,7.0,0.0,4.0,17.0,2.0,9.0,10.0,10.0,5.0,2.0,14.0,2.0,10.0,7.0,13.0,0.0,4.0,17.0,4.0,3.0,12.0,13.0,0.0,8.0,4.0,8.0,2.0,2.0,7.0,10.0,4.0,1.0,5.0,14.0,1.0,1.0,32.0,8.0,0.0,8.0,20.0,10.0,0.0,0.0,0.0,21.0,0.0,12.0,18.0,8.0,10.0,4.0,0.0,0.0,0.0,19.0,1.0,8.0,8.0,2.0,13.0,18.0,46.0,1.0,8.0,10.0,0.0,5.0,86.0,7.0,0.0,6.0,11.0,1.0,15.0,0.0,5.0,13.0,4.0,9.0,1.0,1.0,1.0,0.0,1.0,0.0,5.0,2.0,6.0,0.0,0.0,6.0,24.0,7.0,14.0,0.0,6.0,7.0,0.0,18.0,4.0,19.0,1.0,0.0,24.0,6.0,4.0,1.0,8.0,5.0,29.0,11.0,17.0,17.0,9.0,4.0,6.0,0.0,10.0,6.0,4.0,11.0,16.0,14.0,2.0,1.0,4.0,14.0,2.0,0.0,3.0,5.0,12.0
27,2271579944.0,62.0,106.0,24.0,15.0,5.0,95.0,19.0,8.0,0.0,60.0,16.0,66.0,36.0,0.0,20.0,7.0,73.0,18.0,10.0,3.0,24.0,11.0,40.0,32.0,37.0,11.0,0.0,19.0,6.0,20.0,66.0,0.0,43.0,12.0,13.0,55.0,5.0,15.0,0.0,18.0,33.0,17.0,7.0,14.0,0.0,10.0,16.0,7.0,88.0,39.0,29.0,17.0,9.0,55.0,4.0,54.0,42.0,65.0,0.0,25.0,58.0,3.0,7.0,40.0,33.0,0.0,18.0,0.0,37.0,14.0,5.0,42.0,59.0,13.0,3.0,20.0,63.0,3.0,25.0,2.0,10.0,1.0,16.0,145.0,61.0,0.0,7.0,4.0,84.0,6.0,38.0,50.0,49.0,2.0,23.0,0.0,0.0,0.0,100.0,6.0,15.0,25.0,11.0,35.0,90.0,93.0,3.0,58.0,37.0,0.0,31.0,70.0,25.0,1.0,20.0,45.0,3.0,18.0,7.0,17.0,60.0,12.0,33.0,7.0,6.0,11.0,7.0,3.0,0.0,13.0,0.0,9.0,9.0,0.0,34.0,63.0,24.0,82.0,2.0,47.0,25.0,10.0,87.0,17.0,50.0,13.0,5.0,5.0,31.0,23.0,3.0,17.0,35.0,27.0,13.0,49.0,43.0,43.0,9.0,23.0,0.0,69.0,61.0,16.0,27.0,36.0,85.0,18.0,6.0,18.0,46.0,6.0,1.0,10.0,52.0,32.0
28,2410440464.0,126.0,88.0,2.0,43.0,1.0,30.0,52.0,1.0,2.0,86.0,77.0,74.0,87.0,0.0,48.0,31.0,66.0,35.0,38.0,13.0,54.0,5.0,19.0,87.0,49.0,5.0,19.0,0.0,6.0,69.0,133.0,1.0,104.0,45.0,45.0,35.0,11.0,27.0,0.0,46.0,16.0,11.0,29.0,39.0,1.0,11.0,45.0,8.0,24.0,27.0,77.0,12.0,10.0,17.0,5.0,16.0,72.0,53.0,1.0,65.0,87.0,16.0,4.0,90.0,73.0,0.0,11.0,1.0,87.0,36.0,9.0,51.0,59.0,23.0,7.0,48.0,48.0,1.0,34.0,37.0,39.0,6.0,37.0,98.0,5.0,7.0,29.0,13.0,66.0,15.0,27.0,24.0,20.0,41.0,58.0,0.0,0.0,0.0,91.0,31.0,56.0,42.0,12.0,75.0,88.0,122.0,40.0,16.0,9.0,0.0,73.0,135.0,55.0,7.0,40.0,115.0,22.0,20.0,17.0,33.0,10.0,41.0,91.0,32.0,6.0,30.0,22.0,13.0,0.0,9.0,8.0,8.0,19.0,0.0,87.0,45.0,55.0,25.0,10.0,103.0,2.0,19.0,28.0,25.0,137.0,18.0,10.0,54.0,53.0,46.0,20.0,53.0,24.0,28.0,43.0,93.0,123.0,82.0,4.0,50.0,0.0,4.0,10.0,3.0,70.0,100.0,42.0,25.0,22.0,44.0,45.0,15.0,8.0,16.0,17.0,57.0
29,2418487808.0,9.0,6.0,3.0,1.0,0.0,9.0,2.0,3.0,0.0,10.0,1.0,6.0,8.0,0.0,0.0,3.0,6.0,7.0,1.0,0.0,6.0,2.0,5.0,1.0,3.0,1.0,6.0,6.0,0.0,2.0,11.0,0.0,3.0,0.0,1.0,7.0,0.0,2.0,0.0,2.0,9.0,2.0,0.0,1.0,0.0,0.0,0.0,0.0,6.0,7.0,3.0,7.0,1.0,6.0,0.0,5.0,3.0,10.0,0.0,6.0,7.0,0.0,0.0,5.0,4.0,0.0,2.0,0.0,5.0,5.0,4.0,6.0,9.0,1.0,0.0,2.0,9.0,0.0,2.0,0.0,0.0,0.0,4.0,17.0,6.0,0.0,1.0,0.0,10.0,1.0,5.0,6.0,5.0,0.0,4.0,0.0,0.0,0.0,11.0,0.0,7.0,1.0,0.0,1.0,5.0,20.0,0.0,8.0,1.0,0.0,2.0,7.0,2.0,0.0,2.0,8.0,0.0,4.0,0.0,2.0,5.0,2.0,5.0,0.0,0.0,1.0,0.0,0.0,0.0,2.0,0.0,0.0,2.0,0.0,4.0,3.0,2.0,8.0,1.0,3.0,6.0,1.0,8.0,2.0,7.0,1.0,0.0,0.0,1.0,2.0,1.0,3.0,5.0,6.0,1.0,3.0,6.0,3.0,2.0,1.0,0.0,4.0,7.0,3.0,5.0,3.0,6.0,1.0,5.0,3.0,5.0,1.0,0.0,2.0,4.0,2.0
30,2490950240.0,135.0,98.0,0.0,67.0,5.0,39.0,60.0,0.0,2.0,96.0,90.0,104.0,114.0,0.0,55.0,41.0,79.0,36.0,33.0,10.0,81.0,2.0,15.0,123.0,61.0,2.0,20.0,69.0,2.0,0.0,179.0,2.0,127.0,52.0,47.0,28.0,11.0,27.0,0.0,61.0,16.0,10.0,25.0,46.0,0.0,9.0,60.0,6.0,24.0,27.0,89.0,8.0,13.0,15.0,5.0,14.0,85.0,58.0,1.0,89.0,81.0,14.0,3.0,115.0,76.0,0.0,12.0,2.0,121.0,46.0,7.0,57.0,78.0,30.0,7.0,51.0,48.0,1.0,46.0,29.0,48.0,4.0,44.0,107.0,2.0,7.0,23.0,14.0,80.0,18.0,23.0,26.0,23.0,23.0,83.0,0.0,2.0,0.0,108.0,40.0,70.0,55.0,7.0,94.0,97.0,131.0,56.0,16.0,5.0,0.0,72.0,152.0,61.0,9.0,46.0,152.0,33.0,15.0,24.0,33.0,9.0,49.0,112.0,38.0,9.0,42.0,23.0,9.0,0.0,11.0,3.0,15.0,27.0,0.0,110.0,51.0,59.0,22.0,16.0,123.0,0.0,24.0,26.0,25.0,153.0,22.0,8.0,37.0,50.0,57.0,26.0,67.0,21.0,32.0,52.0,102.0,161.0,95.0,2.0,64.0,0.0,7.0,10.0,1.0,77.0,126.0,43.0,38.0,19.0,37.0,44.0,25.0,14.0,29.0,16.0,59.0
31,2496169171.0,469.0,282.0,6.0,122.0,13.0,103.0,120.0,2.0,2.0,277.0,159.0,278.0,267.0,0.0,110.0,93.0,213.0,89.0,67.0,34.0,153.0,19.0,44.0,267.0,142.0,19.0,66.0,133.0,11.0,179.0,0.0,3.0,315.0,83.0,102.0,77.0,22.0,58.0,0.0,110.0,76.0,28.0,45.0,78.0,1.0,24.0,112.0,10.0,84.0,67.0,188.0,39.0,29.0,51.0,14.0,52.0,194.0,146.0,1.0,147.0,199.0,37.0,15.0,234.0,226.0,0.0,37.0,12.0,256.0,80.0,12.0,129.0,225.0,45.0,11.0,88.0,126.0,3.0,93.0,73.0,81.0,11.0,73.0,318.0,14.0,10.0,38.0,17.0,220.0,36.0,89.0,79.0,63.0,58.0,140.0,0.0,6.0,0.0,337.0,56.0,122.0,117.0,32.0,209.0,296.0,409.0,100.0,54.0,14.0,0.0,157.0,540.0,99.0,9.0,79.0,349.0,63.0,48.0,29.0,63.0,27.0,75.0,228.0,52.0,27.0,61.0,29.0,22.0,0.0,27.0,8.0,28.0,53.0,0.0,227.0,144.0,126.0,69.0,23.0,281.0,6.0,39.0,75.0,68.0,441.0,57.0,14.0,102.0,108.0,92.0,39.0,165.0,56.0,69.0,131.0,280.0,375.0,201.0,15.0,95.0,3.0,31.0,43.0,12.0,147.0,330.0,134.0,56.0,53.0,112.0,130.0,39.0,15.0,40.0,63.0,147.0
32,2497868096.0,11.0,2.0,0.0,1.0,0.0,0.0,0.0,0.0,0.0,3.0,3.0,3.0,2.0,0.0,2.0,0.0,2.0,3.0,1.0,2.0,0.0,0.0,0.0,2.0,0.0,1.0,0.0,1.0,0.0,2.0,3.0,0.0,3.0,3.0,7.0,1.0,0.0,3.0,0.0,1.0,0.0,0.0,0.0,3.0,0.0,1.0,2.0,1.0,0.0,0.0,4.0,0.0,0.0,1.0,0.0,1.0,0.0,1.0,0.0,2.0,3.0,2.0,0.0,2.0,3.0,0.0,0.0,2.0,2.0,0.0,0.0,1.0,5.0,0.0,0.0,0.0,2.0,0.0,0.0,9.0,3.0,0.0,0.0,1.0,0.0,0.0,0.0,0.0,4.0,0.0,1.0,0.0,0.0,2.0,1.0,0.0,1.0,0.0,4.0,2.0,1.0,0.0,0.0,1.0,1.0,8.0,0.0,0.0,0.0,0.0,2.0,14.0,1.0,0.0,0.0,2.0,0.0,1.0,0.0,2.0,0.0,0.0,1.0,1.0,1.0,0.0,1.0,0.0,0.0,1.0,0.0,0.0,0.0,0.0,2.0,5.0,0.0,0.0,0.0,0.0,0.0,0.0,1.0,0.0,5.0,0.0,0.0,2.0,2.0,0.0,0.0,0.0,1.0,3.0,5.0,3.0,2.0,1.0,1.0,1.0,0.0,0.0,0.0,0.0,3.0,5.0,1.0,1.0,0.0,0.0,1.0,0.0,0.0,0.0,0.0,1.0
33,2517330365.0,307.0,183.0,2.0,73.0,5.0,67.0,48.0,1.0,3.0,176.0,99.0,177.0,164.0,0.0,85.0,55.0,150.0,45.0,66.0,15.0,92.0,10.0,26.0,160.0,87.0,18.0,43.0,104.0,3.0,127.0,315.0,3.0,0.0,63.0,58.0,52.0,14.0,37.0,0.0,69.0,38.0,18.0,24.0,60.0,1.0,18.0,67.0,7.0,50.0,38.0,124.0,19.0,20.0,26.0,10.0,28.0,123.0,91.0,2.0,78.0,153.0,37.0,7.0,144.0,162.0,0.0,20.0,4.0,138.0,35.0,7.0,99.0,140.0,36.0,6.0,67.0,73.0,2.0,72.0,72.0,43.0,4.0,53.0,185.0,7.0,7.0,22.0,12.0,136.0,24.0,51.0,47.0,43.0,61.0,102.0,0.0,3.0,0.0,201.0,36.0,75.0,64.0,18.0,151.0,201.0,261.0,38.0,26.0,10.0,0.0,134.0,342.0,81.0,8.0,62.0,235.0,21.0,33.0,24.0,47.0,15.0,61.0,156.0,28.0,15.0,39.0,26.0,12.0,0.0,13.0,9.0,22.0,28.0,0.0,162.0,87.0,74.0,37.0,12.0,177.0,2.0,26.0,40.0,31.0,280.0,26.0,13.0,81.0,82.0,75.0,20.0,70.0,37.0,56.0,104.0,212.0,236.0,154.0,7.0,62.0,0.0,11.0,19.0,4.0,90.0,214.0,101.0,37.0,28.0,44.0,86.0,20.0,10.0,33.0,46.0,112.0
34,2522792030.0,64.0,55.0,0.0,52.0,3.0,30.0,51.0,0.0,3.0,48.0,78.0,52.0,70.0,0.0,31.0,38.0,34.0,47.0,20.0,23.0,52.0,3.0,11.0,81.0,27.0,5.0,12.0,45.0,0.0,52.0,83.0,3.0,63.0,0.0,66.0,22.0,14.0,20.0,0.0,58.0,8.0,7.0,51.0,34.0,1.0,5.0,33.0,4.0,13.0,10.0,71.0,5.0,4.0,10.0,2.0,10.0,48.0,37.0,1.0,73.0,49.0,15.0,3.0,73.0,32.0,0.0,6.0,2.0,87.0,29.0,9.0,28.0,37.0,27.0,7.0,30.0,38.0,1.0,30.0,21.0,54.0,21.0,33.0,55.0,2.0,11.0,25.0,12.0,44.0,8.0,13.0,17.0,14.0,14.0,45.0,0.0,0.0,0.0,47.0,36.0,55.0,53.0,4.0,64.0,39.0,78.0,52.0,10.0,5.0,0.0,36.0,82.0,46.0,7.0,22.0,85.0,44.0,9.0,15.0,22.0,8.0,29.0,54.0,30.0,4.0,30.0,15.0,10.0,0.0,7.0,10.0,8.0,23.0,0.0,50.0,38.0,48.0,16.0,14.0,82.0,0.0,21.0,27.0,32.0,79.0,22.0,5.0,28.0,30.0,32.0,17.0,71.0,17.0,27.0,52.0,51.0,85.0,44.0,3.0,42.0,0.0,3.0,7.0,0.0,68.0,72.0,27.0,24.0,13.0,60.0,26.0,14.0,9.0,26.0,14.0,30.0
35,253139290.0,71.0,59.0,2.0,67.0,2.0,23.0,91.0,0.0,2.0,64.0,143.0,55.0,86.0,0.0,38.0,53.0,34.0,37.0,20.0,64.0,66.0,3.0,12.0,138.0,36.0,5.0,13.0,45.0,1.0,47.0,102.0,7.0,58.0,66.0,0.0,22.0,15.0,26.0,0.0,84.0,17.0,7.0,65.0,44.0,0.0,10.0,48.0,5.0,12.0,13.0,82.0,4.0,5.0,13.0,2.0,9.0,68.0,41.0,1.0,65.0,50.0,12.0,2.0,64.0,36.0,0.0,9.0,3.0,164.0,51.0,3.0,28.0,41.0,20.0,5.0,37.0,41.0,1.0,33.0,22.0,128.0,20.0,28.0,46.0,3.0,15.0,25.0,13.0,54.0,8.0,19.0,17.0,17.0,11.0,50.0,0.0,0.0,0.0,60.0,39.0,56.0,83.0,8.0,67.0,38.0,65.0,108.0,8.0,4.0,0.0,36.0,92.0,51.0,7.0,13.0,74.0,60.0,11.0,18.0,17.0,7.0,23.0,55.0,37.0,6.0,42.0,16.0,15.0,0.0,9.0,1.0,9.0,33.0,0.0,66.0,36.0,76.0,10.0,20.0,108.0,0.0,30.0,26.0,41.0,78.0,22.0,7.0,26.0,25.0,31.0,16.0,119.0,13.0,26.0,32.0,53.0,85.0,46.0,5.0,38.0,1.0,2.0,8.0,1.0,83.0,59.0,27.0,27.0,7.0,125.0,30.0,27.0,6.0,16.0,9.0,27.0
36,2541741648.0,87.0,99.0,13.0,20.0,1.0,87.0,20.0,10.0,1.0,81.0,27.0,79.0,35.0,0.0,28.0,18.0,92.0,37.0,15.0,1.0,23.0,16.0,30.0,41.0,30.0,8.0,55.0,35.0,7.0,28.0,77.0,1.0,52.0,22.0,22.0,0.0,2.0,29.0,0.0,15.0,38.0,14.0,7.0,18.0,0.0,24.0,19.0,10.0,68.0,71.0,37.0,27.0,21.0,49.0,5.0,43.0,58.0,80.0,0.0,26.0,88.0,7.0,13.0,44.0,39.0,0.0,21.0,5.0,43.0,14.0,5.0,63.0,83.0,14.0,1.0,26.0,60.0,4.0,30.0,8.0,11.0,1.0,19.0,109.0,26.0,0.0,12.0,3.0,103.0,13.0,42.0,51.0,55.0,7.0,35.0,0.0,0.0,0.0,105.0,8.0,23.0,23.0,19.0,42.0,96.0,111.0,6.0,57.0,17.0,0.0,43.0,92.0,33.0,1.0,23.0,58.0,5.0,38.0,7.0,33.0,41.0,16.0,41.0,11.0,16.0,12.0,7.0,3.0,0.0,21.0,3.0,15.0,4.0,0.0,54.0,49.0,23.0,60.0,2.0,56.0,12.0,5.0,81.0,13.0,71.0,10.0,6.0,15.0,50.0,27.0,3.0,19.0,28.0,44.0,15.0,70.0,63.0,54.0,20.0,26.0,4.0,45.0,56.0,16.0,37.0,58.0,70.0,15.0,5.0,20.0,60.0,6.0,1.0,9.0,42.0,39.0
37,259615390.0,14.0,11.0,0.0,15.0,1.0,8.0,19.0,0.0,2.0,11.0,24.0,10.0,18.0,0.0,5.0,10.0,9.0,8.0,6.0,8.0,19.0,2.0,4.0,20.0,13.0,3.0,5.0,11.0,0.0,11.0,22.0,0.0,14.0,14.0,15.0,2.0,0.0,6.0,0.0,16.0,4.0,2.0,13.0,14.0,0.0,2.0,14.0,1.0,2.0,2.0,20.0,3.0,0.0,4.0,1.0,3.0,17.0,5.0,0.0,18.0,10.0,4.0,0.0,19.0,9.0,0.0,2.0,0.0,26.0,13.0,0.0,7.0,5.0,10.0,5.0,9.0,7.0,0.0,8.0,2.0,19.0,3.0,12.0,9.0,1.0,6.0,7.0,6.0,10.0,1.0,5.0,3.0,4.0,2.0,14.0,0.0,0.0,0.0,7.0,9.0,13.0,15.0,3.0,17.0,6.0,17.0,15.0,4.0,0.0,0.0,7.0,16.0,11.0,3.0,4.0,19.0,11.0,4.0,9.0,2.0,2.0,10.0,18.0,12.0,0.0,13.0,8.0,7.0,0.0,3.0,3.0,1.0,9.0,0.0,14.0,5.0,15.0,7.0,3.0,21.0,0.0,8.0,5.0,11.0,16.0,10.0,3.0,7.0,5.0,9.0,6.0,26.0,7.0,3.0,8.0,10.0,19.0,11.0,2.0,13.0,0.0,0.0,1.0,1.0,18.0,16.0,6.0,6.0,5.0,12.0,6.0,5.0,3.0,7.0,3.0,5.0
38,2752498194.0,91.0,56.0,4.0,18.0,4.0,19.0,20.0,3.0,1.0,78.0,30.0,78.0,31.0,0.0,30.0,12.0,39.0,67.0,18.0,5.0,19.0,23.0,10.0,36.0,19.0,5.0,15.0,27.0,2.0,27.0,58.0,3.0,37.0,20.0,26.0,29.0,6.0,0.0,0.0,10.0,66.0,13.0,6.0,18.0,0.0,24.0,19.0,20.0,16.0,84.0,32.0,22.0,28.0,18.0,2.0,16.0,30.0,56.0,1.0,17.0,111.0,7.0,25.0,45.0,24.0,0.0,26.0,7.0,37.0,20.0,4.0,47.0,79.0,8.0,3.0,19.0,43.0,5.0,23.0,10.0,22.0,1.0,14.0,52.0,5.0,1.0,7.0,3.0,57.0,4.0,47.0,31.0,31.0,9.0,26.0,0.0,0.0,0.0,66.0,15.0,20.0,16.0,30.0,28.0,89.0,124.0,5.0,47.0,3.0,0.0,27.0,84.0,32.0,2.0,16.0,45.0,4.0,61.0,2.0,34.0,12.0,13.0,31.0,9.0,26.0,11.0,6.0,3.0,0.0,29.0,3.0,7.0,3.0,0.0,35.0,33.0,18.0,25.0,5.0,48.0,2.0,6.0,33.0,14.0,45.0,7.0,1.0,21.0,59.0,16.0,6.0,21.0,22.0,21.0,23.0,63.0,49.0,34.0,35.0,17.0,7.0,35.0,19.0,9.0,36.0,52.0,33.0,7.0,9.0,13.0,46.0,4.0,2.0,6.0,14.0,28.0
39,2753777246.0,0.0,0.0,0.0,0.0,0.0,0.0,0.0,0.0,0.0,0.0,0.0,0.0,0.0,0.0,0.0,0.0,0.0,0.0,0.0,0.0,0.0,0.0,0.0,0.0,0.0,0.0,0.0,0.0,0.0,0.0,0.0,0.0,0.0,0.0,0.0,0.0,0.0,0.0,0.0,0.0,0.0,0.0,0.0,0.0,0.0,0.0,0.0,0.0,0.0,0.0,0.0,0.0,0.0,0.0,0.0,0.0,0.0,0.0,0.0,0.0,0.0,0.0,0.0,0.0,0.0,0.0,0.0,0.0,0.0,0.0,0.0,0.0,0.0,0.0,0.0,0.0,0.0,0.0,0.0,0.0,0.0,0.0,0.0,0.0,0.0,0.0,0.0,0.0,0.0,0.0,0.0,0.0,0.0,0.0,0.0,0.0,0.0,0.0,0.0,0.0,0.0,0.0,0.0,0.0,0.0,0.0,0.0,0.0,0.0,0.0,0.0,0.0,0.0,0.0,0.0,0.0,0.0,0.0,0.0,0.0,0.0,0.0,0.0,0.0,0.0,0.0,0.0,0.0,0.0,0.0,0.0,0.0,0.0,0.0,0.0,0.0,0.0,0.0,0.0,0.0,0.0,0.0,0.0,0.0,0.0,0.0,0.0,0.0,0.0,0.0,0.0,0.0,0.0,0.0,0.0,0.0,0.0,0.0,0.0,0.0,0.0,0.0,0.0,0.0,0.0,0.0,0.0,0.0,0.0,0.0,0.0,0.0,0.0,0.0,0.0,0.0
40,2834697000.0,56.0,50.0,0.0,77.0,5.0,36.0,107.0,0.0,4.0,48.0,138.0,51.0,121.0,0.0,27.0,63.0,32.0,28.0,16.0,32.0,77.0,2.0,12.0,118.0,48.0,8.0,18.0,46.0,2.0,61.0,110.0,1.0,69.0,58.0,84.0,15.0,16.0,10.0,0.0,0.0,27.0,7.0,58.0,46.0,1.0,8.0,60.0,3.0,13.0,18.0,109.0,11.0,6.0,15.0,5.0,18.0,76.0,29.0,1.0,108.0,48.0,13.0,1.0,77.0,31.0,0.0,5.0,1.0,152.0,57.0,4.0,24.0,48.0,23.0,8.0,41.0,21.0,2.0,43.0,15.0,97.0,21.0,38.0,69.0,1.0,13.0,22.0,20.0,57.0,8.0,23.0,25.0,13.0,9.0,50.0,0.0,0.0,0.0,53.0,55.0,82.0,97.0,7.0,88.0,40.0,81.0,106.0,9.0,3.0,0.0,34.0,82.0,48.0,7.0,15.0,91.0,87.0,9.0,21.0,16.0,6.0,29.0,75.0,47.0,5.0,52.0,26.0,18.0,0.0,7.0,4.0,12.0,44.0,0.0,79.0,22.0,88.0,14.0,25.0,127.0,0.0,39.0,28.0,52.0,90.0,45.0,9.0,20.0,33.0,37.0,29.0,132.0,11.0,19.0,31.0,45.0,105.0,54.0,3.0,58.0,0.0,3.0,7.0,1.0,74.0,54.0,26.0,33.0,22.0,106.0,21.0,29.0,10.0,36.0,10.0,23.0
41,2836621284.0,131.0,78.0,9.0,22.0,6.0,49.0,26.0,3.0,1.0,104.0,25.0,118.0,43.0,0.0,16.0,23.0,49.0,99.0,8.0,4.0,18.0,32.0,25.0,38.0,42.0,7.0,33.0,16.0,9.0,16.0,76.0,0.0,38.0,8.0,17.0,38.0,4.0,66.0,0.0,27.0,0.0,18.0,5.0,8.0,0.0,35.0,21.0,24.0,39.0,145.0,38.0,44.0,32.0,36.0,3.0,38.0,37.0,69.0,0.0,32.0,161.0,0.0,26.0,40.0,45.0,0.0,24.0,9.0,43.0,24.0,5.0,67.0,175.0,6.0,0.0,24.0,40.0,7.0,28.0,3.0,12.0,0.0,15.0,104.0,11.0,0.0,5.0,1.0,88.0,2.0,85.0,52.0,28.0,1.0,23.0,0.0,1.0,0.0,108.0,3.0,21.0,33.0,53.0,40.0,175.0,233.0,4.0,54.0,6.0,0.0,22.0,97.0,19.0,0.0,14.0,41.0,13.0,64.0,3.0,29.0,23.0,4.0,29.0,3.0,39.0,8.0,3.0,1.0,0.0,37.0,1.0,8.0,5.0,0.0,36.0,24.0,22.0,45.0,4.0,47.0,7.0,8.0,59.0,15.0,61.0,13.0,1.0,2.0,103.0,16.0,8.0,36.0,16.0,26.0,26.0,58.0,46.0,31.0,30.0,17.0,7.0,66.0,46.0,15.0,25.0,26.0,42.0,8.0,15.0,25.0,33.0,4.0,0.0,3.0,22.0,21.0
42,2844677229.0,31.0,27.0,2.0,3.0,1.0,17.0,11.0,3.0,0.0,27.0,9.0,29.0,15.0,0.0,12.0,9.0,17.0,12.0,7.0,3.0,8.0,4.0,11.0,17.0,10.0,5.0,17.0,11.0,2.0,10.0,28.0,0.0,18.0,7.0,7.0,14.0,2.0,13.0,0.0,7.0,18.0,0.0,1.0,5.0,0.0,3.0,10.0,2.0,15.0,18.0,16.0,9.0,6.0,12.0,0.0,13.0,16.0,28.0,0.0,10.0,33.0,1.0,4.0,23.0,14.0,0.0,5.0,0.0,18.0,6.0,3.0,20.0,27.0,2.0,2.0,11.0,24.0,1.0,11.0,2.0,6.0,1.0,8.0,35.0,6.0,0.0,3.0,1.0,25.0,4.0,20.0,13.0,13.0,3.0,9.0,0.0,0.0,0.0,33.0,3.0,8.0,5.0,2.0,15.0,24.0,31.0,2.0,18.0,8.0,0.0,16.0,30.0,15.0,0.0,8.0,22.0,2.0,9.0,0.0,11.0,14.0,8.0,14.0,4.0,3.0,4.0,0.0,0.0,0.0,7.0,0.0,2.0,2.0,0.0,20.0,18.0,9.0,16.0,3.0,21.0,4.0,4.0,18.0,9.0,24.0,4.0,1.0,8.0,21.0,11.0,1.0,11.0,11.0,13.0,5.0,25.0,21.0,21.0,2.0,8.0,0.0,9.0,13.0,6.0,11.0,20.0,21.0,6.0,4.0,10.0,17.0,3.0,0.0,3.0,9.0,18.0
43,2891341698.0,20.0,14.0,1.0,45.0,0.0,11.0,78.0,0.0,3.0,14.0,94.0,14.0,52.0,0.0,15.0,40.0,8.0,5.0,5.0,27.0,39.0,4.0,3.0,81.0,29.0,1.0,7.0,29.0,0.0,25.0,45.0,0.0,24.0,51.0,65.0,7.0,13.0,6.0,0.0,58.0,5.0,1.0,0.0,27.0,1.0,3.0,31.0,2.0,6.0,4.0,47.0,4.0,1.0,9.0,2.0,7.0,46.0,14.0,0.0,58.0,14.0,3.0,3.0,41.0,8.0,0.0,4.0,2.0,113.0,44.0,3.0,8.0,14.0,14.0,5.0,19.0,13.0,2.0,22.0,2.0,99.0,27.0,26.0,16.0,2.0,17.0,20.0,17.0,19.0,2.0,8.0,11.0,8.0,1.0,26.0,0.0,0.0,0.0,12.0,38.0,52.0,56.0,3.0,38.0,11.0,20.0,90.0,7.0,0.0,0.0,17.0,18.0,29.0,4.0,8.0,46.0,64.0,3.0,15.0,5.0,6.0,15.0,40.0,31.0,1.0,41.0,21.0,17.0,0.0,3.0,2.0,3.0,23.0,0.0,44.0,7.0,57.0,5.0,14.0,81.0,0.0,33.0,6.0,35.0,43.0,15.0,5.0,3.0,9.0,20.0,20.0,92.0,9.0,9.0,7.0,15.0,46.0,28.0,2.0,38.0,1.0,4.0,4.0,1.0,63.0,19.0,13.0,20.0,8.0,100.0,8.0,18.0,6.0,15.0,8.0,10.0
