,0,1,2,3,4,5,6,7,8,9,10,11,12,13,14,15,16,17,18,19,20,21,22,23,24,25,26,27,28,29,30,31,32,33,34,35,36,37,38,39,40,41,42,43,44,45,46,47,48,49,50,51,52,53,54,55,56,57,58,59,60,61,62,63,64,65,66,67,68,69,70,71,72,73,74,75,76,77,78,79,80,81,82,83,84,85,86,87,88,89,90,91,92,93,94,95,96,97,98,99,100,101,102,103,104,105,106,107,108,109,110,111,112,113,114,115,116,117,118,119,120,121,122,123,124,125,126,127,128,129,130,131,132,133,134,135,136,137,138,139,140,141,142
0,-1.0,100207042.0,101215403.0,106444549.0,120022808.0,129414017.0,1341158436.0,1370886721.0,1405527966.0,1440496986.0,1454020356.0,1474415198.0,149084128.0,152369694.0,1533828294.0,1548436478.0,1559952074.0,1595267768.0,1617405097.0,1694093814.0,1914862758.0,196115894.0,2166119218.0,2214098064.0,2226350167.0,2232636931.0,2264566573.0,2283302251.0,2286105416.0,2320973737.0,2343323463.0,2392929474.0,2427139145.0,2541741648.0,2570575979.0,2690326160.0,2701419872.0,2754255487.0,2808610435.0,2821107367.0,2836621284.0,2853199524.0,2854449871.0,2859721346.0,2867361501.0,2885548309.0,2933310726.0,2940472412.0,294530306.0,2980804404.0,3002467251.0,3071041573.0,3073317074.0,3094817988.0,3126889155.0,3153251286.0,3161739402.0,3182566338.0,3228266521.0,3244035912.0,3302392762.0,3320642572.0,3367065609.0,373170962.0,3793616186.0,407052670.0,4365468440.0,4411459632.0,4512875004.0,46343846.0,4709715133.0,4737042973.0,4762711754.0,4830668070.0,4862939579.0,4872412393.0,576360862.0,584540431.0,614884368.0,7.184282798336369e+17,7.191101118184161e+17,7.205104316689121e+17,7.227855858159452e+17,7.310882999856742e+17,73635356.0,7.407800085710643e+17,7.460274795597128e+17,7.514659499167621e+17,7.540194460295946e+17,7.545709961123553e+17,7.622684267987845e+17,7.651540429977108e+17,7.687423369982239e+17,768941322.0,7.770714839106642e+17,7.791547124236984e+17,7.800215341527245e+17,7.851671390618583e+17,7.864763558736282e+17,7.90527118295851e+17,7.949274538567926e+17,7.959815584066478e+17,8.009716283394048e+17,8.166888718241178e+17,8.178080745136087e+17,8.232023329387397e+17,8.257042271879946e+17,8.354136741436703e+17,8.36461060962005e+17,8.369547053518275e+17,8.419927677902807e+17,8.437184918826435e+17,8.508882922540524e+17,850897572.0,8.56836808319144e+17,8.630480611987538e+17,8.634271422179983e+17,8.698017585533297e+17,8.716327682827469e+17,8.761370786222735e+17,8.763978442315899e+17,8.835201088946299e+17,8.949651948075377e+17,8.950038660932895e+17,8.952186531715031e+17,8.955192743530865e+17,8.972895727567667e+17,9.010974946495939e+17,9.02815144517845e+17,9.032578165042135e+17,9.037118656786842e+17,9.104560102838026e+17,9.165298516742472e+17,916937948.0,9.183563445408236e+17,9.332964311834337e+17,938521604.0,9.386103655579648e+17,9.419002258363515e+17,9.430128142637466e+17,9.458592492084019e+17,9.459450767393546e+17,9.512027674057114e+17
1,100207042.0,0.0,1.0,0.0,16.0,0.0,0.0,0.0,3.0,4.0,1.0,0.0,3.0,7.0,3.0,0.0,6.0,2.0,3.0,2.0,4.0,2.0,8.0,1.0,3.0,3.0,3.0,1.0,5.0,3.0,18.0,0.0,3.0,2.0,28.0,0.0,1.0,4.0,5.0,0.0,2.0,0.0,0.0,5.0,4.0,0.0,6.0,3.0,1.0,4.0,4.0,0.0,4.0,5.0,2.0,5.0,15.0,8.0,0.0,0.0,1.0,4.0,2.0,5.0,0.0,1.0,4.0,2.0,0.0,1.0,0.0,0.0,4.0,2.0,14.0,0.0,3.0,3.0,7.0,11.0,3.0,0.0,6.0,10.0,2.0,0.0,12.0,2.0,1.0,24.0,0.0,2.0,0.0,4.0,0.0,0.0,1.0,0.0,0.0,1.0,1.0,1.0,1.0,0.0,0.0,1.0,1.0,1.0,5.0,0.0,0.0,2.0,0.0,14.0,0.0,0.0,2.0,0.0,0.0,2.0,22.0,0.0,1.0,1.0,1.0,4.0,1.0,0.0,0.0,3.0,0.0,0.0,0.0,8.0,0.0,0.0,7.0,1.0,0.0,0.0,1.0,4.0,10.0
2,101215403.0,1.0,0.0,12.0,2.0,2.0,0.0,3.0,5.0,7.0,10.0,0.0,0.0,12.0,53.0,12.0,0.0,0.0,25.0,15.0,83.0,10.0,37.0,5.0,13.0,17.0,2.0,20.0,13.0,4.0,2.0,1.0,1.0,26.0,3.0,22.0,9.0,15.0,133.0,1.0,28.0,0.0,0.0,11.0,6.0,0.0,6.0,41.0,22.0,45.0,42.0,1.0,81.0,40.0,54.0,91.0,6.0,17.0,10.0,3.0,35.0,51.0,25.0,11.0,1.0,9.0,38.0,54.0,16.0,11.0,3.0,0.0,0.0,95.0,58.0,4.0,24.0,9.0,96.0,147.0,22.0,3.0,11.0,7.0,3.0,1.0,0.0,30.0,6.0,15.0,0.0,50.0,1.0,84.0,0.0,4.0,39.0,0.0,0.0,98.0,52.0,5.0,2.0,6.0,0.0,2.0,2.0,21.0,35.0,7.0,11.0,193.0,1.0,3.0,46.0,2.0,4.0,10.0,7.0,1.0,2.0,0.0,3.0,1.0,30.0,48.0,7.0,1.0,0.0,61.0,4.0,10.0,3.0,0.0,0.0,4.0,24.0,46.0,0.0,4.0,2.0,84.0,0.0
3,106444549.0,0.0,12.0,0.0,4.0,1.0,0.0,0.0,3.0,4.0,2.0,0.0,0.0,6.0,15.0,1.0,1.0,0.0,8.0,3.0,34.0,6.0,10.0,1.0,173.0,6.0,1.0,5.0,26.0,1.0,1.0,0.0,2.0,4.0,6.0,5.0,1.0,12.0,33.0,1.0,2.0,1.0,0.0,9.0,14.0,0.0,3.0,5.0,5.0,13.0,13.0,0.0,16.0,48.0,24.0,12.0,9.0,8.0,6.0,1.0,16.0,9.0,4.0,44.0,124.0,2.0,10.0,18.0,3.0,19.0,2.0,0.0,1.0,32.0,62.0,0.0,8.0,5.0,26.0,91.0,9.0,40.0,21.0,2.0,5.0,55.0,3.0,11.0,2.0,17.0,0.0,13.0,1.0,17.0,0.0,1.0,7.0,0.0,0.0,7.0,14.0,1.0,2.0,2.0,0.0,3.0,0.0,1.0,16.0,3.0,8.0,21.0,0.0,6.0,0.0,44.0,1.0,2.0,3.0,2.0,11.0,0.0,6.0,0.0,8.0,12.0,3.0,1.0,0.0,9.0,1.0,4.0,1.0,0.0,0.0,1.0,210.0,7.0,0.0,0.0,0.0,8.0,1.0
4,120022808.0,16.0,2.0,4.0,0.0,1.0,0.0,1.0,2.0,4.0,2.0,0.0,0.0,0.0,9.0,2.0,7.0,0.0,3.0,0.0,7.0,4.0,4.0,1.0,9.0,2.0,1.0,1.0,12.0,1.0,28.0,0.0,3.0,1.0,66.0,1.0,1.0,10.0,5.0,0.0,1.0,1.0,0.0,1.0,7.0,0.0,3.0,1.0,1.0,2.0,6.0,1.0,4.0,12.0,4.0,5.0,19.0,5.0,2.0,0.0,2.0,9.0,1.0,7.0,1.0,1.0,2.0,7.0,1.0,6.0,1.0,0.0,0.0,5.0,18.0,1.0,3.0,2.0,10.0,21.0,2.0,1.0,8.0,13.0,0.0,0.0,18.0,3.0,2.0,40.0,0.0,3.0,0.0,4.0,0.0,0.0,4.0,0.0,0.0,4.0,3.0,1.0,1.0,0.0,0.0,1.0,3.0,3.0,4.0,0.0,1.0,7.0,1.0,21.0,0.0,0.0,4.0,1.0,2.0,0.0,36.0,0.0,0.0,0.0,1.0,3.0,2.0,0.0,0.0,3.0,1.0,3.0,1.0,12.0,0.0,1.0,13.0,0.0,0.0,1.0,1.0,2.0,13.0
5,129414017.0,0.0,2.0,1.0,1.0,0.0,0.0,1.0,0.0,0.0,2.0,0.0,0.0,0.0,25.0,7.0,0.0,0.0,1.0,0.0,9.0,0.0,17.0,4.0,0.0,1.0,8.0,36.0,0.0,0.0,0.0,0.0,0.0,13.0,0.0,1.0,0.0,0.0,37.0,8.0,9.0,0.0,0.0,0.0,0.0,0.0,0.0,4.0,28.0,10.0,12.0,1.0,4.0,1.0,2.0,1.0,0.0,0.0,1.0,1.0,20.0,3.0,29.0,0.0,0.0,0.0,2.0,8.0,11.0,0.0,2.0,0.0,0.0,15.0,1.0,1.0,2.0,0.0,10.0,8.0,11.0,0.0,0.0,0.0,0.0,0.0,0.0,2.0,2.0,0.0,0.0,29.0,5.0,17.0,2.0,19.0,3.0,2.0,0.0,2.0,1.0,2.0,0.0,3.0,0.0,0.0,1.0,6.0,2.0,7.0,2.0,2.0,1.0,0.0,0.0,0.0,0.0,14.0,2.0,1.0,0.0,0.0,0.0,0.0,0.0,13.0,32.0,1.0,0.0,5.0,6.0,2.0,2.0,0.0,0.0,10.0,1.0,20.0,0.0,1.0,1.0,24.0,0.0
6,1341158436.0,0.0,0.0,0.0,0.0,0.0,0.0,0.0,0.0,0.0,0.0,0.0,0.0,0.0,0.0,0.0,0.0,0.0,0.0,0.0,0.0,0.0,0.0,0.0,0.0,0.0,0.0,0.0,0.0,0.0,0.0,0.0,0.0,0.0,0.0,0.0,0.0,0.0,0.0,0.0,0.0,0.0,0.0,0.0,0.0,0.0,0.0,0.0,0.0,0.0,0.0,0.0,0.0,0.0,0.0,0.0,0.0,0.0,0.0,0.0,0.0,0.0,0.0,0.0,0.0,0.0,0.0,0.0,0.0,0.0,0.0,0.0,0.0,0.0,0.0,0.0,0.0,0.0,0.0,0.0,0.0,0.0,0.0,0.0,0.0,0.0,0.0,0.0,0.0,0.0,0.0,0.0,0.0,0.0,0.0,0.0,0.0,0.0,0.0,0.0,0.0,0.0,0.0,0.0,0.0,0.0,0.0,0.0,0.0,0.0,0.0,0.0,0.0,0.0,0.0,0.0,0.0,0.0,0.0,0.0,0.0,0.0,0.0,0.0,0.0,0.0,0.0,0.0,0.0,0.0,0.0,0.0,0.0,0.0,0.0,0.0,0.0,0.0,0.0,0.0,0.0,0.0,0.0
7,1370886721.0,0.0,3.0,0.0,1.0,1.0,0.0,0.0,0.0,0.0,11.0,0.0,0.0,0.0,8.0,103.0,0.0,0.0,84.0,2.0,2.0,0.0,8.0,121.0,0.0,60.0,0.0,2.0,0.0,0.0,0.0,0.0,0.0,2.0,0.0,18.0,0.0,0.0,7.0,0.0,3.0,0.0,0.0,0.0,1.0,0.0,0.0,138.0,4.0,3.0,5.0,19.0,36.0,7.0,1.0,39.0,0.0,0.0,12.0,0.0,4.0,6.0,4.0,0.0,0.0,0.0,36.0,2.0,1.0,0.0,4.0,0.0,0.0,5.0,1.0,14.0,8.0,0.0,115.0,8.0,2.0,0.0,0.0,0.0,0.0,0.0,0.0,43.0,55.0,0.0,0.0,6.0,0.0,4.0,0.0,0.0,18.0,0.0,0.0,4.0,3.0,32.0,0.0,0.0,0.0,0.0,55.0,3.0,4.0,0.0,7.0,2.0,13.0,0.0,1.0,0.0,0.0,26.0,12.0,0.0,0.0,0.0,0.0,0.0,1.0,2.0,4.0,0.0,0.0,92.0,2.0,13.0,7.0,0.0,0.0,2.0,1.0,4.0,0.0,19.0,12.0,4.0,0.0
8,1405527966.0,3.0,5.0,3.0,2.0,0.0,0.0,0.0,0.0,1.0,1.0,0.0,1.0,43.0,9.0,0.0,0.0,1.0,4.0,2.0,9.0,2.0,10.0,1.0,6.0,5.0,2.0,1.0,11.0,4.0,4.0,0.0,1.0,4.0,1.0,6.0,0.0,6.0,9.0,0.0,3.0,0.0,0.0,3.0,2.0,0.0,3.0,2.0,1.0,5.0,7.0,0.0,11.0,16.0,6.0,4.0,5.0,31.0,2.0,0.0,6.0,8.0,3.0,10.0,1.0,3.0,2.0,7.0,2.0,6.0,0.0,0.0,1.0,8.0,19.0,0.0,4.0,29.0,12.0,19.0,8.0,0.0,5.0,2.0,2.0,0.0,1.0,6.0,0.0,12.0,0.0,4.0,0.0,10.0,0.0,0.0,6.0,0.0,0.0,5.0,6.0,1.0,1.0,1.0,0.0,4.0,1.0,2.0,12.0,0.0,2.0,10.0,0.0,1.0,1.0,1.0,27.0,1.0,0.0,3.0,1.0,0.0,0.0,0.0,3.0,7.0,2.0,0.0,0.0,8.0,1.0,2.0,0.0,0.0,0.0,0.0,8.0,4.0,0.0,0.0,1.0,5.0,1.0
9,1440496986.0,4.0,7.0,4.0,4.0,0.0,0.0,0.0,1.0,0.0,4.0,0.0,7.0,23.0,6.0,0.0,0.0,4.0,9.0,5.0,20.0,8.0,15.0,0.0,6.0,4.0,15.0,2.0,18.0,4.0,0.0,0.0,23.0,4.0,5.0,1.0,2.0,30.0,18.0,0.0,3.0,1.0,0.0,65.0,11.0,0.0,3.0,5.0,4.0,10.0,14.0,3.0,9.0,46.0,9.0,13.0,8.0,27.0,3.0,1.0,8.0,15.0,3.0,36.0,1.0,3.0,7.0,8.0,3.0,11.0,1.0,0.0,29.0,14.0,150.0,0.0,11.0,7.0,31.0,151.0,10.0,2.0,4.0,6.0,2.0,0.0,6.0,8.0,1.0,14.0,0.0,7.0,0.0,15.0,0.0,1.0,4.0,0.0,0.0,7.0,7.0,2.0,2.0,1.0,0.0,1.0,0.0,4.0,25.0,0.0,2.0,20.0,0.0,16.0,3.0,0.0,2.0,1.0,0.0,2.0,1.0,0.0,0.0,0.0,3.0,18.0,0.0,0.0,0.0,34.0,0.0,3.0,0.0,0.0,0.0,1.0,29.0,10.0,0.0,0.0,5.0,14.0,0.0
10,1454020356.0,1.0,10.0,2.0,2.0,2.0,0.0,11.0,1.0,4.0,0.0,0.0,0.0,3.0,27.0,25.0,0.0,0.0,21.0,9.0,33.0,3.0,28.0,15.0,7.0,13.0,1.0,16.0,11.0,1.0,2.0,0.0,2.0,12.0,1.0,8.0,7.0,4.0,44.0,0.0,12.0,0.0,0.0,2.0,3.0,0.0,1.0,26.0,15.0,17.0,11.0,5.0,25.0,12.0,20.0,21.0,7.0,7.0,10.0,3.0,12.0,21.0,14.0,8.0,1.0,1.0,47.0,17.0,10.0,6.0,5.0,0.0,1.0,27.0,17.0,10.0,14.0,3.0,41.0,41.0,10.0,0.0,1.0,2.0,1.0,0.0,1.0,17.0,15.0,4.0,0.0,19.0,1.0,19.0,1.0,5.0,17.0,1.0,0.0,6.0,14.0,17.0,2.0,6.0,0.0,1.0,8.0,8.0,5.0,3.0,8.0,7.0,8.0,2.0,2.0,0.0,3.0,18.0,11.0,4.0,1.0,0.0,1.0,1.0,12.0,12.0,12.0,0.0,0.0,27.0,4.0,10.0,6.0,0.0,0.0,6.0,19.0,17.0,0.0,9.0,7.0,29.0,0.0
11,1474415198.0,0.0,0.0,0.0,0.0,0.0,0.0,0.0,0.0,0.0,0.0,0.0,0.0,0.0,0.0,0.0,0.0,0.0,5.0,0.0,1.0,15.0,1.0,0.0,2.0,0.0,0.0,1.0,5.0,1.0,0.0,0.0,0.0,0.0,0.0,0.0,0.0,8.0,2.0,1.0,0.0,0.0,0.0,1.0,13.0,0.0,0.0,2.0,0.0,1.0,1.0,0.0,2.0,7.0,2.0,3.0,1.0,0.0,0.0,0.0,1.0,2.0,0.0,4.0,2.0,0.0,1.0,1.0,0.0,10.0,0.0,0.0,1.0,2.0,6.0,0.0,1.0,0.0,2.0,4.0,2.0,0.0,1.0,1.0,0.0,0.0,0.0,2.0,0.0,1.0,0.0,0.0,0.0,1.0,0.0,0.0,1.0,0.0,0.0,1.0,0.0,0.0,5.0,0.0,0.0,0.0,0.0,0.0,0.0,0.0,0.0,2.0,0.0,0.0,0.0,0.0,0.0,0.0,0.0,1.0,1.0,0.0,0.0,1.0,1.0,1.0,0.0,0.0,0.0,1.0,0.0,0.0,0.0,0.0,0.0,0.0,1.0,1.0,0.0,0.0,0.0,1.0,0.0
12,149084128.0,3.0,0.0,0.0,0.0,0.0,0.0,0.0,1.0,7.0,0.0,0.0,0.0,1.0,0.0,0.0,0.0,1.0,0.0,1.0,1.0,0.0,2.0,0.0,0.0,1.0,2.0,1.0,1.0,2.0,0.0,0.0,2.0,1.0,0.0,0.0,0.0,2.0,1.0,0.0,2.0,0.0,0.0,4.0,0.0,0.0,1.0,0.0,0.0,3.0,1.0,1.0,1.0,1.0,1.0,1.0,2.0,9.0,0.0,0.0,0.0,1.0,1.0,2.0,0.0,1.0,1.0,1.0,0.0,0.0,0.0,0.0,35.0,0.0,18.0,0.0,1.0,0.0,2.0,7.0,2.0,0.0,0.0,0.0,24.0,0.0,5.0,3.0,0.0,2.0,0.0,0.0,0.0,1.0,0.0,1.0,0.0,0.0,0.0,0.0,0.0,1.0,1.0,0.0,0.0,0.0,0.0,0.0,3.0,0.0,0.0,1.0,0.0,2.0,1.0,0.0,0.0,0.0,1.0,1.0,0.0,0.0,0.0,0.0,0.0,3.0,0.0,0.0,0.0,5.0,0.0,0.0,0.0,0.0,0.0,0.0,1.0,1.0,0.0,0.0,1.0,2.0,0.0
13,152369694.0,7.0,12.0,6.0,0.0,0.0,0.0,0.0,43.0,23.0,3.0,0.0,1.0,0.0,11.0,0.0,0.0,3.0,17.0,12.0,54.0,14.0,33.0,1.0,25.0,16.0,13.0,3.0,46.0,6.0,6.0,0.0,11.0,12.0,3.0,5.0,3.0,31.0,46.0,0.0,6.0,0.0,1.0,31.0,19.0,0.0,7.0,8.0,3.0,29.0,17.0,2.0,20.0,55.0,32.0,40.0,21.0,63.0,3.0,3.0,32.0,13.0,10.0,34.0,6.0,4.0,24.0,22.0,7.0,27.0,1.0,0.0,9.0,42.0,86.0,1.0,17.0,29.0,54.0,95.0,27.0,0.0,11.0,7.0,5.0,1.0,7.0,10.0,4.0,31.0,0.0,15.0,0.0,22.0,0.0,2.0,9.0,0.0,0.0,9.0,15.0,2.0,3.0,5.0,0.0,4.0,2.0,1.0,22.0,1.0,9.0,25.0,3.0,10.0,8.0,0.0,39.0,1.0,0.0,5.0,7.0,0.0,1.0,1.0,13.0,33.0,3.0,0.0,0.0,24.0,3.0,5.0,1.0,0.0,0.0,0.0,41.0,11.0,0.0,0.0,3.0,20.0,0.0
14,1533828294.0,3.0,53.0,15.0,9.0,25.0,0.0,8.0,9.0,6.0,27.0,0.0,0.0,11.0,0.0,40.0,0.0,1.0,32.0,20.0,126.0,7.0,119.0,11.0,10.0,24.0,12.0,139.0,23.0,0.0,5.0,1.0,1.0,69.0,4.0,39.0,20.0,15.0,246.0,9.0,82.0,0.0,0.0,6.0,11.0,0.0,13.0,73.0,122.0,85.0,85.0,8.0,116.0,47.0,67.0,90.0,7.0,12.0,19.0,10.0,80.0,72.0,93.0,23.0,1.0,11.0,78.0,88.0,54.0,8.0,2.0,0.0,0.0,181.0,59.0,10.0,25.0,8.0,126.0,201.0,40.0,2.0,8.0,12.0,2.0,1.0,0.0,45.0,20.0,21.0,0.0,162.0,8.0,160.0,6.0,55.0,58.0,7.0,0.0,42.0,62.0,13.0,5.0,17.0,0.0,4.0,6.0,56.0,36.0,21.0,16.0,64.0,5.0,8.0,8.0,3.0,1.0,56.0,14.0,13.0,8.0,0.0,2.0,1.0,56.0,78.0,85.0,1.0,0.0,99.0,11.0,12.0,7.0,0.0,0.0,35.0,22.0,109.0,0.0,5.0,6.0,165.0,2.0
15,1548436478.0,0.0,12.0,1.0,2.0,7.0,0.0,103.0,0.0,0.0,25.0,0.0,0.0,0.0,40.0,0.0,0.0,0.0,89.0,7.0,32.0,1.0,36.0,165.0,1.0,68.0,3.0,24.0,1.0,0.0,0.0,1.0,0.0,13.0,1.0,63.0,5.0,0.0,45.0,3.0,25.0,0.0,1.0,0.0,1.0,0.0,1.0,203.0,26.0,27.0,19.0,19.0,64.0,11.0,13.0,42.0,0.0,0.0,20.0,3.0,18.0,15.0,23.0,0.0,0.0,4.0,83.0,21.0,13.0,0.0,6.0,0.0,0.0,38.0,5.0,19.0,13.0,0.0,143.0,39.0,10.0,0.0,1.0,3.0,0.0,0.0,0.0,55.0,57.0,3.0,0.0,24.0,2.0,33.0,0.0,11.0,34.0,0.0,0.0,12.0,15.0,64.0,0.0,4.0,0.0,1.0,88.0,15.0,6.0,4.0,13.0,6.0,29.0,1.0,0.0,0.0,0.0,49.0,19.0,5.0,0.0,0.0,0.0,0.0,8.0,18.0,29.0,1.0,0.0,153.0,5.0,16.0,10.0,0.0,0.0,14.0,3.0,23.0,0.0,24.0,18.0,40.0,0.0
16,1559952074.0,6.0,0.0,1.0,7.0,0.0,0.0,0.0,0.0,0.0,0.0,0.0,0.0,0.0,0.0,0.0,0.0,0.0,1.0,0.0,1.0,1.0,1.0,0.0,1.0,1.0,0.0,0.0,2.0,1.0,5.0,0.0,0.0,0.0,9.0,0.0,0.0,1.0,1.0,0.0,0.0,0.0,0.0,1.0,0.0,0.0,3.0,0.0,0.0,0.0,1.0,0.0,1.0,2.0,1.0,2.0,6.0,0.0,1.0,0.0,0.0,1.0,0.0,1.0,1.0,0.0,0.0,1.0,0.0,0.0,0.0,0.0,0.0,1.0,2.0,0.0,1.0,0.0,1.0,2.0,1.0,0.0,4.0,6.0,0.0,0.0,5.0,2.0,1.0,8.0,0.0,0.0,0.0,1.0,0.0,0.0,0.0,0.0,0.0,0.0,1.0,0.0,0.0,0.0,0.0,0.0,1.0,1.0,0.0,0.0,0.0,1.0,0.0,6.0,0.0,0.0,1.0,0.0,0.0,0.0,9.0,0.0,0.0,0.0,0.0,1.0,0.0,0.0,0.0,0.0,0.0,0.0,0.0,7.0,0.0,0.0,2.0,0.0,0.0,0.0,0.0,2.0,3.0
17,1595267768.0,2.0,0.0,0.0,0.0,0.0,0.0,0.0,1.0,4.0,0.0,0.0,1.0,3.0,1.0,0.0,0.0,0.0,0.0,0.0,1.0,1.0,3.0,1.0,1.0,0.0,13.0,0.0,5.0,2.0,2.0,0.0,2.0,2.0,0.0,1.0,0.0,3.0,3.0,0.0,3.0,82.0,23.0,94.0,5.0,0.0,3.0,2.0,0.0,1.0,2.0,2.0,0.0,11.0,3.0,4.0,4.0,4.0,0.0,0.0,1.0,0.0,0.0,5.0,0.0,0.0,0.0,0.0,0.0,3.0,0.0,0.0,2.0,1.0,20.0,0.0,1.0,0.0,5.0,26.0,1.0,0.0,0.0,0.0,0.0,0.0,0.0,1.0,0.0,4.0,10.0,1.0,0.0,2.0,0.0,0.0,1.0,0.0,23.0,1.0,0.0,0.0,2.0,0.0,0.0,2.0,0.0,0.0,3.0,0.0,0.0,2.0,0.0,1.0,0.0,0.0,0.0,0.0,0.0,1.0,0.0,0.0,0.0,0.0,0.0,3.0,1.0,0.0,0.0,3.0,0.0,0.0,0.0,0.0,0.0,0.0,6.0,0.0,0.0,0.0,0.0,1.0,0.0
18,1617405097.0,3.0,25.0,8.0,3.0,1.0,0.0,84.0,4.0,9.0,21.0,5.0,0.0,17.0,32.0,89.0,1.0,0.0,0.0,15.0,49.0,24.0,37.0,105.0,20.0,71.0,5.0,18.0,26.0,9.0,5.0,0.0,4.0,21.0,4.0,33.0,8.0,16.0,52.0,0.0,11.0,0.0,0.0,12.0,13.0,0.0,4.0,145.0,19.0,36.0,35.0,20.0,74.0,43.0,36.0,71.0,14.0,13.0,25.0,1.0,32.0,39.0,18.0,24.0,2.0,4.0,60.0,34.0,16.0,23.0,6.0,0.0,0.0,46.0,40.0,14.0,25.0,7.0,143.0,62.0,26.0,3.0,17.0,7.0,1.0,0.0,1.0,53.0,54.0,20.0,0.0,26.0,1.0,43.0,0.0,4.0,28.0,0.0,0.0,16.0,23.0,36.0,9.0,7.0,0.0,4.0,56.0,12.0,21.0,6.0,14.0,35.0,18.0,5.0,2.0,0.0,8.0,33.0,18.0,3.0,4.0,0.0,1.0,3.0,20.0,33.0,8.0,0.0,0.0,121.0,4.0,25.0,9.0,1.0,0.0,4.0,28.0,28.0,0.0,20.0,17.0,34.0,2.0
19,1694093814.0,2.0,15.0,3.0,0.0,0.0,0.0,2.0,2.0,5.0,9.0,0.0,1.0,12.0,20.0,7.0,0.0,0.0,15.0,0.0,31.0,4.0,22.0,0.0,8.0,8.0,6.0,14.0,8.0,3.0,2.0,22.0,2.0,20.0,1.0,10.0,24.0,9.0,40.0,0.0,6.0,0.0,0.0,2.0,4.0,0.0,4.0,15.0,14.0,29.0,23.0,1.0,26.0,17.0,51.0,25.0,10.0,7.0,7.0,4.0,26.0,47.0,18.0,6.0,1.0,26.0,25.0,26.0,16.0,8.0,0.0,0.0,1.0,38.0,23.0,3.0,14.0,5.0,35.0,45.0,15.0,1.0,3.0,3.0,1.0,0.0,1.0,14.0,7.0,10.0,0.0,24.0,0.0,28.0,0.0,7.0,13.0,0.0,0.0,12.0,47.0,3.0,1.0,7.0,0.0,2.0,2.0,14.0,16.0,6.0,9.0,18.0,3.0,4.0,5.0,4.0,2.0,6.0,3.0,2.0,2.0,0.0,2.0,1.0,56.0,22.0,1.0,0.0,0.0,26.0,2.0,9.0,2.0,0.0,0.0,1.0,12.0,25.0,0.0,0.0,2.0,33.0,0.0
20,1914862758.0,4.0,83.0,34.0,7.0,9.0,0.0,2.0,9.0,20.0,33.0,1.0,1.0,54.0,126.0,32.0,1.0,1.0,49.0,31.0,0.0,26.0,119.0,7.0,55.0,43.0,13.0,71.0,69.0,14.0,10.0,1.0,6.0,72.0,12.0,42.0,18.0,30.0,246.0,6.0,80.0,1.0,0.0,42.0,30.0,0.0,17.0,58.0,75.0,114.0,92.0,3.0,124.0,122.0,101.0,127.0,26.0,31.0,24.0,11.0,96.0,83.0,68.0,76.0,7.0,16.0,95.0,113.0,61.0,56.0,3.0,0.0,3.0,199.0,149.0,6.0,50.0,18.0,175.0,284.0,82.0,2.0,40.0,16.0,3.0,2.0,5.0,54.0,18.0,56.0,0.0,106.0,9.0,190.0,6.0,32.0,56.0,7.0,0.0,54.0,79.0,10.0,13.0,17.0,0.0,7.0,9.0,54.0,63.0,18.0,23.0,117.0,7.0,12.0,21.0,4.0,6.0,33.0,14.0,18.0,21.0,0.0,3.0,2.0,54.0,112.0,57.0,2.0,0.0,112.0,20.0,21.0,7.0,1.0,0.0,29.0,82.0,97.0,0.0,4.0,9.0,157.0,1.0
21,196115894.0,2.0,10.0,6.0,4.0,0.0,0.0,0.0,2.0,8.0,3.0,15.0,0.0,14.0,7.0,1.0,1.0,1.0,24.0,4.0,26.0,0.0,13.0,1.0,25.0,13.0,3.0,4.0,43.0,6.0,3.0,0.0,1.0,3.0,3.0,2.0,2.0,25.0,24.0,0.0,3.0,0.0,1.0,16.0,89.0,0.0,5.0,6.0,0.0,16.0,14.0,1.0,20.0,76.0,22.0,15.0,10.0,8.0,5.0,5.0,17.0,14.0,6.0,48.0,4.0,2.0,7.0,19.0,2.0,99.0,0.0,0.0,0.0,24.0,72.0,0.0,12.0,7.0,28.0,47.0,15.0,3.0,19.0,10.0,2.0,1.0,2.0,8.0,5.0,24.0,0.0,5.0,0.0,15.0,0.0,2.0,5.0,0.0,0.0,7.0,12.0,0.0,23.0,2.0,0.0,0.0,1.0,1.0,12.0,3.0,6.0,24.0,1.0,3.0,2.0,1.0,8.0,1.0,0.0,2.0,7.0,0.0,2.0,2.0,8.0,17.0,0.0,0.0,0.0,8.0,1.0,2.0,0.0,1.0,0.0,0.0,25.0,5.0,0.0,0.0,0.0,11.0,1.0
22,2166119218.0,8.0,37.0,10.0,4.0,17.0,0.0,8.0,10.0,15.0,28.0,1.0,2.0,33.0,119.0,36.0,1.0,3.0,37.0,22.0,119.0,13.0,0.0,25.0,26.0,23.0,22.0,64.0,51.0,10.0,7.0,0.0,5.0,53.0,5.0,21.0,20.0,19.0,174.0,37.0,74.0,0.0,0.0,18.0,14.0,0.0,8.0,54.0,62.0,103.0,61.0,5.0,66.0,45.0,68.0,56.0,28.0,21.0,10.0,12.0,92.0,64.0,83.0,30.0,5.0,10.0,75.0,65.0,54.0,23.0,3.0,0.0,8.0,138.0,73.0,8.0,26.0,8.0,115.0,154.0,67.0,1.0,10.0,8.0,7.0,1.0,4.0,31.0,21.0,29.0,0.0,117.0,8.0,119.0,7.0,44.0,31.0,7.0,0.0,29.0,41.0,17.0,5.0,18.0,0.0,4.0,18.0,40.0,37.0,16.0,20.0,51.0,11.0,8.0,13.0,2.0,5.0,31.0,8.0,21.0,5.0,0.0,2.0,2.0,48.0,95.0,63.0,2.0,0.0,134.0,34.0,15.0,5.0,1.0,0.0,28.0,46.0,74.0,0.0,4.0,7.0,121.0,1.0
23,2214098064.0,1.0,5.0,1.0,1.0,4.0,0.0,121.0,1.0,0.0,15.0,0.0,0.0,1.0,11.0,165.0,0.0,1.0,105.0,0.0,7.0,1.0,25.0,0.0,4.0,78.0,0.0,5.0,2.0,0.0,1.0,0.0,0.0,5.0,0.0,51.0,1.0,0.0,14.0,1.0,5.0,0.0,1.0,0.0,1.0,0.0,1.0,255.0,7.0,6.0,7.0,24.0,64.0,10.0,3.0,45.0,1.0,1.0,18.0,1.0,7.0,6.0,8.0,3.0,0.0,0.0,57.0,6.0,3.0,1.0,5.0,0.0,0.0,6.0,4.0,15.0,11.0,0.0,139.0,10.0,4.0,0.0,0.0,1.0,0.0,1.0,0.0,59.0,61.0,1.0,0.0,6.0,0.0,9.0,0.0,0.0,23.0,0.0,0.0,2.0,3.0,71.0,0.0,0.0,0.0,1.0,111.0,2.0,6.0,0.0,6.0,3.0,32.0,0.0,0.0,0.0,0.0,42.0,15.0,2.0,0.0,0.0,0.0,0.0,1.0,8.0,10.0,0.0,0.0,153.0,3.0,17.0,9.0,0.0,0.0,4.0,4.0,6.0,0.0,26.0,19.0,8.0,0.0
24,2226350167.0,3.0,13.0,173.0,9.0,0.0,0.0,0.0,6.0,6.0,7.0,2.0,0.0,25.0,10.0,1.0,1.0,1.0,20.0,8.0,55.0,25.0,26.0,4.0,0.0,21.0,6.0,2.0,76.0,8.0,13.0,0.0,8.0,7.0,7.0,6.0,2.0,20.0,70.0,0.0,3.0,1.0,1.0,20.0,20.0,0.0,7.0,8.0,1.0,30.0,12.0,1.0,22.0,61.0,49.0,30.0,33.0,14.0,7.0,2.0,38.0,39.0,12.0,73.0,91.0,3.0,21.0,26.0,4.0,44.0,0.0,0.0,0.0,60.0,76.0,2.0,9.0,11.0,52.0,123.0,23.0,27.0,22.0,17.0,4.0,49.0,4.0,13.0,4.0,30.0,0.0,16.0,0.0,31.0,0.0,2.0,6.0,0.0,0.0,8.0,17.0,0.0,11.0,4.0,0.0,2.0,4.0,2.0,17.0,3.0,7.0,31.0,3.0,6.0,4.0,38.0,10.0,1.0,1.0,1.0,11.0,0.0,8.0,1.0,13.0,43.0,0.0,0.0,0.0,10.0,3.0,6.0,1.0,1.0,0.0,0.0,179.0,12.0,0.0,0.0,0.0,17.0,2.0
25,2232636931.0,3.0,17.0,6.0,2.0,1.0,0.0,60.0,5.0,4.0,13.0,0.0,1.0,16.0,24.0,68.0,1.0,0.0,71.0,8.0,43.0,13.0,23.0,78.0,21.0,0.0,6.0,6.0,27.0,9.0,3.0,1.0,2.0,15.0,4.0,29.0,3.0,15.0,45.0,0.0,7.0,0.0,0.0,17.0,9.0,0.0,3.0,105.0,10.0,28.0,22.0,15.0,72.0,51.0,30.0,59.0,10.0,6.0,24.0,1.0,23.0,17.0,19.0,24.0,4.0,4.0,50.0,32.0,9.0,26.0,5.0,0.0,2.0,41.0,37.0,13.0,28.0,6.0,104.0,60.0,22.0,1.0,16.0,6.0,2.0,1.0,3.0,54.0,41.0,25.0,0.0,18.0,0.0,44.0,0.0,3.0,26.0,0.0,0.0,7.0,22.0,23.0,3.0,3.0,0.0,2.0,22.0,10.0,21.0,4.0,17.0,32.0,15.0,4.0,2.0,1.0,4.0,30.0,15.0,4.0,4.0,0.0,1.0,0.0,6.0,33.0,7.0,0.0,0.0,109.0,5.0,18.0,11.0,1.0,0.0,5.0,22.0,21.0,0.0,24.0,20.0,26.0,1.0
26,2264566573.0,3.0,2.0,1.0,1.0,8.0,0.0,0.0,2.0,15.0,1.0,0.0,2.0,13.0,12.0,3.0,0.0,13.0,5.0,6.0,13.0,3.0,22.0,0.0,6.0,6.0,0.0,13.0,10.0,4.0,1.0,1.0,5.0,9.0,1.0,4.0,2.0,8.0,27.0,5.0,7.0,1.0,0.0,13.0,4.0,0.0,4.0,4.0,9.0,14.0,13.0,3.0,6.0,19.0,12.0,13.0,10.0,5.0,0.0,2.0,14.0,5.0,19.0,9.0,1.0,2.0,5.0,12.0,8.0,6.0,1.0,0.0,9.0,19.0,55.0,1.0,8.0,5.0,24.0,86.0,13.0,0.0,0.0,0.0,1.0,0.0,2.0,6.0,4.0,10.0,0.0,19.0,2.0,12.0,2.0,13.0,2.0,2.0,0.0,3.0,6.0,2.0,2.0,4.0,0.0,2.0,1.0,3.0,7.0,4.0,5.0,7.0,1.0,5.0,4.0,0.0,3.0,6.0,0.0,2.0,0.0,0.0,0.0,0.0,8.0,16.0,10.0,0.0,0.0,5.0,4.0,4.0,1.0,0.0,0.0,7.0,13.0,14.0,0.0,0.0,2.0,18.0,0.0
27,2283302251.0,1.0,20.0,5.0,1.0,36.0,0.0,2.0,1.0,2.0,16.0,1.0,1.0,3.0,139.0,24.0,0.0,0.0,18.0,14.0,71.0,4.0,64.0,5.0,2.0,6.0,13.0,0.0,5.0,2.0,1.0,2.0,0.0,63.0,2.0,12.0,11.0,7.0,164.0,14.0,34.0,0.0,0.0,1.0,4.0,0.0,4.0,37.0,118.0,76.0,59.0,0.0,46.0,11.0,38.0,35.0,4.0,3.0,12.0,6.0,61.0,41.0,104.0,4.0,1.0,5.0,42.0,61.0,53.0,2.0,0.0,0.0,0.0,113.0,16.0,3.0,8.0,2.0,60.0,84.0,31.0,3.0,3.0,2.0,2.0,0.0,0.0,18.0,12.0,4.0,0.0,104.0,7.0,100.0,10.0,61.0,25.0,8.0,0.0,11.0,27.0,4.0,1.0,14.0,0.0,1.0,1.0,36.0,17.0,16.0,7.0,20.0,1.0,2.0,3.0,2.0,2.0,34.0,6.0,4.0,1.0,0.0,2.0,2.0,22.0,83.0,77.0,0.0,0.0,49.0,5.0,5.0,1.0,0.0,0.0,29.0,7.0,91.0,0.0,1.0,2.0,122.0,0.0
28,2286105416.0,5.0,13.0,26.0,12.0,0.0,0.0,0.0,11.0,18.0,11.0,5.0,1.0,46.0,23.0,1.0,2.0,5.0,26.0,8.0,69.0,43.0,51.0,2.0,76.0,27.0,10.0,5.0,0.0,12.0,8.0,0.0,16.0,9.0,9.0,9.0,1.0,39.0,73.0,0.0,9.0,0.0,1.0,34.0,32.0,0.0,20.0,9.0,5.0,51.0,19.0,3.0,43.0,100.0,76.0,44.0,51.0,22.0,11.0,6.0,51.0,35.0,15.0,101.0,7.0,4.0,27.0,38.0,7.0,65.0,2.0,0.0,3.0,67.0,141.0,2.0,23.0,26.0,92.0,159.0,37.0,1.0,29.0,14.0,8.0,2.0,5.0,22.0,8.0,47.0,0.0,26.0,0.0,41.0,0.0,3.0,14.0,0.0,0.0,13.0,31.0,0.0,14.0,6.0,0.0,9.0,2.0,3.0,25.0,3.0,14.0,51.0,2.0,5.0,8.0,3.0,6.0,2.0,0.0,6.0,15.0,0.0,1.0,2.0,23.0,61.0,4.0,0.0,0.0,20.0,3.0,7.0,0.0,1.0,0.0,0.0,72.0,13.0,0.0,0.0,0.0,26.0,3.0
29,2320973737.0,3.0,4.0,1.0,1.0,0.0,0.0,0.0,4.0,4.0,1.0,1.0,2.0,6.0,0.0,0.0,1.0,2.0,9.0,3.0,14.0,6.0,10.0,0.0,8.0,9.0,4.0,2.0,12.0,0.0,1.0,0.0,2.0,6.0,1.0,2.0,0.0,13.0,13.0,0.0,1.0,0.0,0.0,13.0,8.0,0.0,2.0,2.0,0.0,8.0,8.0,0.0,9.0,24.0,7.0,9.0,5.0,9.0,1.0,0.0,3.0,8.0,7.0,9.0,2.0,1.0,5.0,7.0,2.0,9.0,0.0,0.0,2.0,9.0,25.0,0.0,8.0,5.0,16.0,28.0,9.0,0.0,10.0,2.0,1.0,0.0,2.0,5.0,1.0,12.0,0.0,3.0,0.0,11.0,0.0,1.0,1.0,0.0,0.0,3.0,3.0,1.0,4.0,1.0,0.0,1.0,2.0,1.0,10.0,2.0,2.0,13.0,1.0,3.0,2.0,0.0,4.0,0.0,0.0,4.0,4.0,0.0,0.0,1.0,2.0,13.0,0.0,0.0,0.0,7.0,1.0,3.0,1.0,1.0,0.0,0.0,11.0,7.0,0.0,0.0,1.0,11.0,1.0
30,2343323463.0,18.0,2.0,1.0,28.0,0.0,0.0,0.0,4.0,0.0,2.0,0.0,0.0,6.0,5.0,0.0,5.0,2.0,5.0,2.0,10.0,3.0,7.0,1.0,13.0,3.0,1.0,1.0,8.0,1.0,0.0,0.0,1.0,1.0,56.0,0.0,1.0,4.0,7.0,0.0,0.0,0.0,1.0,5.0,17.0,0.0,6.0,3.0,1.0,2.0,5.0,1.0,6.0,15.0,7.0,12.0,22.0,15.0,0.0,1.0,2.0,6.0,2.0,4.0,0.0,0.0,4.0,5.0,0.0,7.0,0.0,0.0,0.0,4.0,19.0,1.0,2.0,3.0,6.0,22.0,2.0,1.0,10.0,17.0,1.0,0.0,21.0,1.0,2.0,34.0,0.0,5.0,0.0,5.0,0.0,0.0,4.0,0.0,0.0,2.0,2.0,0.0,2.0,1.0,0.0,1.0,1.0,1.0,5.0,0.0,1.0,4.0,0.0,20.0,0.0,0.0,7.0,0.0,0.0,1.0,38.0,0.0,1.0,1.0,3.0,4.0,2.0,0.0,0.0,3.0,1.0,0.0,0.0,9.0,0.0,0.0,10.0,1.0,0.0,0.0,0.0,3.0,16.0
31,2392929474.0,0.0,1.0,0.0,0.0,0.0,0.0,0.0,0.0,0.0,0.0,0.0,0.0,0.0,1.0,1.0,0.0,0.0,0.0,22.0,1.0,0.0,0.0,0.0,0.0,1.0,1.0,2.0,0.0,0.0,0.0,0.0,0.0,2.0,0.0,1.0,17.0,0.0,6.0,0.0,1.0,0.0,0.0,0.0,0.0,0.0,2.0,1.0,1.0,4.0,2.0,0.0,1.0,1.0,28.0,3.0,0.0,0.0,0.0,0.0,2.0,24.0,2.0,0.0,0.0,13.0,2.0,5.0,1.0,0.0,0.0,0.0,0.0,3.0,2.0,0.0,1.0,1.0,5.0,6.0,2.0,0.0,0.0,0.0,0.0,0.0,0.0,2.0,0.0,0.0,0.0,3.0,0.0,3.0,0.0,0.0,3.0,0.0,0.0,1.0,26.0,0.0,0.0,0.0,0.0,1.0,0.0,1.0,5.0,0.0,1.0,1.0,0.0,0.0,0.0,3.0,0.0,2.0,0.0,0.0,0.0,0.0,1.0,0.0,33.0,2.0,0.0,0.0,0.0,6.0,0.0,1.0,0.0,0.0,0.0,0.0,1.0,2.0,0.0,0.0,0.0,3.0,0.0
32,2427139145.0,3.0,1.0,2.0,3.0,0.0,0.0,0.0,1.0,23.0,2.0,0.0,2.0,11.0,1.0,0.0,0.0,2.0,4.0,2.0,6.0,1.0,5.0,0.0,8.0,2.0,5.0,0.0,16.0,2.0,1.0,0.0,0.0,1.0,8.0,0.0,0.0,95.0,6.0,0.0,2.0,0.0,1.0,13.0,10.0,0.0,2.0,1.0,2.0,5.0,1.0,0.0,3.0,10.0,8.0,7.0,5.0,9.0,0.0,0.0,3.0,11.0,3.0,15.0,0.0,1.0,7.0,2.0,0.0,7.0,1.0,0.0,3.0,7.0,29.0,2.0,1.0,4.0,8.0,32.0,4.0,0.0,0.0,3.0,0.0,0.0,1.0,2.0,1.0,6.0,0.0,4.0,0.0,5.0,0.0,0.0,1.0,0.0,0.0,1.0,1.0,1.0,2.0,2.0,0.0,1.0,0.0,0.0,3.0,0.0,0.0,5.0,0.0,1.0,1.0,0.0,1.0,0.0,0.0,1.0,4.0,0.0,0.0,0.0,2.0,4.0,0.0,0.0,0.0,6.0,1.0,0.0,0.0,0.0,0.0,0.0,11.0,4.0,0.0,0.0,1.0,3.0,0.0
33,2541741648.0,2.0,26.0,4.0,1.0,13.0,0.0,2.0,4.0,4.0,12.0,0.0,1.0,12.0,69.0,13.0,0.0,2.0,21.0,20.0,72.0,3.0,53.0,5.0,7.0,15.0,9.0,63.0,9.0,6.0,1.0,2.0,1.0,0.0,0.0,24.0,6.0,6.0,115.0,13.0,39.0,0.0,0.0,5.0,2.0,0.0,2.0,24.0,69.0,84.0,61.0,1.0,51.0,19.0,44.0,39.0,9.0,14.0,13.0,5.0,61.0,38.0,68.0,7.0,2.0,9.0,23.0,74.0,55.0,7.0,3.0,0.0,1.0,105.0,31.0,3.0,18.0,5.0,68.0,93.0,42.0,0.0,3.0,3.0,1.0,0.0,2.0,23.0,9.0,10.0,0.0,86.0,9.0,87.0,9.0,41.0,22.0,9.0,0.0,15.0,36.0,7.0,1.0,10.0,0.0,3.0,3.0,43.0,24.0,16.0,14.0,33.0,6.0,3.0,4.0,0.0,3.0,36.0,9.0,10.0,1.0,0.0,0.0,0.0,19.0,79.0,49.0,2.0,0.0,50.0,20.0,15.0,7.0,0.0,0.0,22.0,14.0,71.0,0.0,2.0,6.0,99.0,0.0
34,2570575979.0,28.0,3.0,6.0,66.0,0.0,0.0,0.0,1.0,5.0,1.0,0.0,0.0,3.0,4.0,1.0,9.0,0.0,4.0,1.0,12.0,3.0,5.0,0.0,7.0,4.0,1.0,2.0,9.0,1.0,56.0,0.0,8.0,0.0,0.0,0.0,2.0,19.0,5.0,0.0,0.0,0.0,0.0,7.0,15.0,0.0,5.0,3.0,1.0,1.0,4.0,0.0,5.0,15.0,6.0,10.0,67.0,7.0,2.0,0.0,2.0,10.0,1.0,4.0,6.0,0.0,2.0,8.0,0.0,11.0,0.0,0.0,1.0,5.0,21.0,0.0,4.0,2.0,6.0,29.0,4.0,0.0,19.0,37.0,0.0,0.0,99.0,2.0,1.0,202.0,0.0,0.0,0.0,6.0,0.0,0.0,1.0,0.0,0.0,4.0,3.0,1.0,0.0,0.0,0.0,0.0,1.0,2.0,11.0,0.0,0.0,12.0,0.0,68.0,0.0,0.0,3.0,0.0,0.0,0.0,117.0,0.0,1.0,1.0,2.0,4.0,0.0,0.0,0.0,7.0,0.0,4.0,0.0,16.0,0.0,0.0,14.0,1.0,0.0,0.0,1.0,5.0,68.0
35,2690326160.0,0.0,22.0,5.0,1.0,1.0,0.0,18.0,6.0,1.0,8.0,0.0,0.0,5.0,39.0,63.0,0.0,1.0,33.0,10.0,42.0,2.0,21.0,51.0,6.0,29.0,4.0,12.0,9.0,2.0,0.0,1.0,0.0,24.0,0.0,0.0,6.0,3.0,46.0,1.0,3.0,0.0,0.0,0.0,2.0,0.0,7.0,86.0,20.0,26.0,25.0,12.0,74.0,29.0,33.0,43.0,3.0,6.0,18.0,2.0,24.0,24.0,15.0,9.0,2.0,5.0,28.0,32.0,22.0,5.0,2.0,0.0,1.0,46.0,26.0,4.0,18.0,5.0,73.0,54.0,12.0,0.0,3.0,4.0,1.0,0.0,0.0,43.0,13.0,12.0,0.0,28.0,0.0,42.0,0.0,3.0,21.0,0.0,0.0,11.0,37.0,48.0,0.0,3.0,0.0,4.0,62.0,20.0,23.0,5.0,12.0,36.0,32.0,2.0,5.0,2.0,1.0,15.0,12.0,2.0,0.0,0.0,1.0,0.0,7.0,31.0,5.0,0.0,0.0,112.0,7.0,13.0,7.0,0.0,0.0,4.0,14.0,32.0,0.0,9.0,10.0,31.0,0.0
36,2701419872.0,1.0,9.0,1.0,1.0,0.0,0.0,0.0,0.0,2.0,7.0,0.0,0.0,3.0,20.0,5.0,0.0,0.0,8.0,24.0,18.0,2.0,20.0,1.0,2.0,3.0,2.0,11.0,1.0,0.0,1.0,17.0,0.0,6.0,2.0,6.0,0.0,2.0,28.0,0.0,9.0,0.0,0.0,0.0,0.0,0.0,5.0,16.0,8.0,15.0,8.0,1.0,17.0,4.0,43.0,14.0,2.0,2.0,4.0,3.0,16.0,36.0,11.0,1.0,0.0,15.0,16.0,22.0,8.0,2.0,0.0,0.0,0.0,24.0,8.0,2.0,7.0,0.0,21.0,20.0,9.0,1.0,1.0,1.0,0.0,0.0,0.0,12.0,5.0,2.0,0.0,17.0,0.0,20.0,0.0,6.0,12.0,0.0,0.0,6.0,32.0,1.0,0.0,6.0,0.0,1.0,1.0,4.0,9.0,1.0,5.0,11.0,0.0,2.0,1.0,3.0,2.0,9.0,2.0,1.0,0.0,0.0,2.0,1.0,65.0,7.0,1.0,0.0,0.0,16.0,0.0,6.0,0.0,0.0,0.0,0.0,4.0,11.0,0.0,1.0,0.0,24.0,0.0
37,2754255487.0,4.0,15.0,12.0,10.0,0.0,0.0,0.0,6.0,30.0,4.0,8.0,2.0,31.0,15.0,0.0,1.0,3.0,16.0,9.0,30.0,25.0,19.0,0.0,20.0,15.0,8.0,7.0,39.0,13.0,4.0,0.0,95.0,6.0,19.0,3.0,2.0,0.0,43.0,1.0,7.0,0.0,0.0,24.0,38.0,0.0,4.0,10.0,2.0,14.0,16.0,2.0,21.0,54.0,22.0,33.0,13.0,21.0,3.0,1.0,18.0,33.0,7.0,36.0,11.0,3.0,20.0,22.0,4.0,29.0,0.0,0.0,8.0,37.0,90.0,0.0,9.0,19.0,30.0,113.0,18.0,2.0,19.0,7.0,2.0,2.0,3.0,11.0,2.0,30.0,0.0,12.0,0.0,24.0,0.0,3.0,6.0,0.0,0.0,13.0,10.0,1.0,6.0,3.0,0.0,3.0,2.0,4.0,28.0,2.0,7.0,37.0,2.0,5.0,7.0,2.0,8.0,1.0,1.0,4.0,19.0,0.0,2.0,1.0,8.0,20.0,3.0,0.0,0.0,18.0,3.0,7.0,1.0,1.0,0.0,0.0,32.0,9.0,0.0,0.0,1.0,19.0,2.0
38,2808610435.0,5.0,133.0,33.0,5.0,37.0,0.0,7.0,9.0,18.0,44.0,2.0,1.0,46.0,246.0,45.0,1.0,3.0,52.0,40.0,246.0,24.0,174.0,14.0,70.0,45.0,27.0,164.0,73.0,13.0,7.0,6.0,6.0,115.0,5.0,46.0,28.0,43.0,0.0,18.0,104.0,0.0,0.0,28.0,27.0,0.0,15.0,94.0,152.0,162.0,140.0,8.0,171.0,97.0,161.0,187.0,26.0,37.0,29.0,14.0,148.0,123.0,156.0,73.0,5.0,24.0,131.0,165.0,93.0,54.0,5.0,0.0,5.0,366.0,138.0,11.0,48.0,18.0,239.0,415.0,115.0,3.0,23.0,16.0,4.0,2.0,6.0,71.0,32.0,42.0,0.0,214.0,8.0,307.0,8.0,94.0,81.0,9.0,0.0,101.0,111.0,16.0,13.0,22.0,0.0,8.0,10.0,70.0,61.0,22.0,32.0,175.0,8.0,10.0,39.0,3.0,10.0,60.0,19.0,14.0,9.0,0.0,4.0,2.0,83.0,173.0,141.0,2.0,0.0,162.0,19.0,29.0,8.0,1.0,0.0,52.0,62.0,169.0,0.0,7.0,11.0,281.0,1.0
39,2821107367.0,0.0,1.0,1.0,0.0,8.0,0.0,0.0,0.0,0.0,0.0,1.0,0.0,0.0,9.0,3.0,0.0,0.0,0.0,0.0,6.0,0.0,37.0,1.0,0.0,0.0,5.0,14.0,0.0,0.0,0.0,0.0,0.0,13.0,0.0,1.0,0.0,1.0,18.0,0.0,5.0,0.0,0.0,0.0,0.0,0.0,0.0,2.0,8.0,12.0,7.0,1.0,2.0,0.0,1.0,0.0,0.0,0.0,0.0,0.0,20.0,2.0,22.0,0.0,0.0,0.0,0.0,3.0,16.0,0.0,1.0,0.0,0.0,10.0,0.0,0.0,1.0,0.0,5.0,7.0,7.0,0.0,0.0,0.0,0.0,0.0,0.0,0.0,0.0,0.0,0.0,36.0,2.0,9.0,1.0,14.0,1.0,1.0,0.0,3.0,0.0,4.0,0.0,2.0,0.0,0.0,1.0,2.0,0.0,5.0,1.0,2.0,1.0,0.0,0.0,0.0,0.0,5.0,1.0,4.0,0.0,0.0,0.0,0.0,0.0,24.0,15.0,2.0,0.0,10.0,20.0,0.0,2.0,0.0,0.0,7.0,0.0,10.0,0.0,0.0,0.0,6.0,0.0
40,2836621284.0,2.0,28.0,2.0,1.0,9.0,0.0,3.0,3.0,3.0,12.0,0.0,2.0,6.0,82.0,25.0,0.0,3.0,11.0,6.0,80.0,3.0,74.0,5.0,3.0,7.0,7.0,34.0,9.0,1.0,0.0,1.0,2.0,39.0,0.0,3.0,9.0,7.0,104.0,5.0,0.0,0.0,0.0,5.0,6.0,0.0,5.0,43.0,39.0,73.0,31.0,2.0,43.0,8.0,40.0,45.0,5.0,13.0,8.0,5.0,41.0,27.0,33.0,6.0,1.0,5.0,49.0,45.0,28.0,5.0,1.0,0.0,4.0,111.0,16.0,6.0,9.0,3.0,78.0,102.0,79.0,1.0,1.0,4.0,1.0,0.0,0.0,14.0,9.0,12.0,0.0,73.0,7.0,134.0,3.0,23.0,25.0,3.0,0.0,38.0,19.0,8.0,2.0,6.0,0.0,1.0,2.0,30.0,10.0,7.0,7.0,36.0,0.0,4.0,20.0,0.0,0.0,19.0,5.0,26.0,2.0,0.0,1.0,0.0,36.0,50.0,83.0,2.0,0.0,44.0,30.0,6.0,2.0,0.0,0.0,22.0,11.0,43.0,0.0,3.0,0.0,88.0,0.0
41,2853199524.0,0.0,0.0,1.0,1.0,0.0,0.0,0.0,0.0,1.0,0.0,0.0,0.0,0.0,0.0,0.0,0.0,82.0,0.0,0.0,1.0,0.0,0.0,0.0,1.0,0.0,1.0,0.0,0.0,0.0,0.0,0.0,0.0,0.0,0.0,0.0,0.0,0.0,0.0,0.0,0.0,0.0,36.0,436.0,1.0,0.0,0.0,0.0,0.0,0.0,0.0,0.0,0.0,0.0,0.0,2.0,0.0,2.0,0.0,0.0,0.0,0.0,0.0,0.0,1.0,0.0,0.0,0.0,0.0,0.0,0.0,0.0,0.0,0.0,1.0,0.0,0.0,0.0,0.0,1.0,0.0,0.0,0.0,0.0,0.0,0.0,0.0,0.0,0.0,0.0,11.0,0.0,0.0,0.0,0.0,0.0,0.0,0.0,51.0,0.0,0.0,0.0,0.0,0.0,0.0,0.0,0.0,0.0,0.0,0.0,0.0,0.0,0.0,1.0,0.0,0.0,0.0,0.0,0.0,0.0,0.0,0.0,0.0,0.0,0.0,0.0,0.0,0.0,0.0,0.0,0.0,0.0,0.0,0.0,0.0,0.0,1.0,0.0,0.0,0.0,0.0,0.0,0.0
42,2854449871.0,0.0,0.0,0.0,0.0,0.0,0.0,0.0,0.0,0.0,0.0,0.0,0.0,1.0,0.0,1.0,0.0,23.0,0.0,0.0,0.0,1.0,0.0,1.0,1.0,0.0,0.0,0.0,1.0,0.0,1.0,0.0,1.0,0.0,0.0,0.0,0.0,0.0,0.0,0.0,0.0,36.0,0.0,39.0,2.0,0.0,0.0,0.0,0.0,0.0,0.0,0.0,0.0,0.0,0.0,1.0,0.0,1.0,0.0,0.0,0.0,0.0,1.0,2.0,0.0,0.0,0.0,0.0,0.0,0.0,0.0,0.0,0.0,0.0,3.0,0.0,0.0,0.0,1.0,1.0,0.0,0.0,0.0,0.0,0.0,0.0,0.0,0.0,0.0,1.0,9.0,1.0,0.0,0.0,0.0,0.0,0.0,0.0,23.0,2.0,0.0,0.0,0.0,0.0,0.0,0.0,0.0,0.0,1.0,0.0,0.0,0.0,0.0,0.0,0.0,0.0,0.0,0.0,0.0,0.0,0.0,0.0,0.0,0.0,0.0,0.0,0.0,0.0,0.0,0.0,0.0,0.0,0.0,0.0,0.0,0.0,2.0,0.0,0.0,0.0,0.0,0.0,0.0
43,2859721346.0,5.0,11.0,9.0,1.0,0.0,0.0,0.0,3.0,65.0,2.0,1.0,4.0,31.0,6.0,0.0,1.0,94.0,12.0,2.0,42.0,16.0,18.0,0.0,20.0,17.0,13.0,1.0,34.0,13.0,5.0,0.0,13.0,5.0,7.0,0.0,0.0,24.0,28.0,0.0,5.0,436.0,39.0,0.0,32.0,0.0,8.0,7.0,2.0,16.0,26.0,2.0,18.0,58.0,20.0,41.0,13.0,24.0,5.0,0.0,11.0,16.0,5.0,46.0,2.0,0.0,11.0,13.0,1.0,26.0,1.0,0.0,20.0,27.0,140.0,0.0,32.0,12.0,39.0,130.0,14.0,2.0,26.0,5.0,6.0,1.0,4.0,8.0,2.0,26.0,13.0,7.0,0.0,25.0,0.0,1.0,7.0,0.0,49.0,13.0,8.0,1.0,9.0,0.0,0.0,2.0,1.0,2.0,31.0,2.0,4.0,29.0,0.0,15.0,3.0,1.0,5.0,0.0,2.0,2.0,12.0,0.0,1.0,1.0,2.0,24.0,1.0,0.0,0.0,28.0,0.0,4.0,0.0,1.0,0.0,0.0,45.0,7.0,0.0,0.0,3.0,18.0,1.0
44,2867361501.0,4.0,6.0,14.0,7.0,0.0,0.0,1.0,2.0,11.0,3.0,13.0,0.0,19.0,11.0,1.0,0.0,5.0,13.0,4.0,30.0,89.0,14.0,1.0,20.0,9.0,4.0,4.0,32.0,8.0,17.0,0.0,10.0,2.0,15.0,2.0,0.0,38.0,27.0,0.0,6.0,1.0,2.0,32.0,0.0,0.0,4.0,8.0,3.0,6.0,11.0,0.0,11.0,128.0,22.0,58.0,4.0,26.0,2.0,2.0,7.0,15.0,4.0,51.0,7.0,1.0,20.0,5.0,1.0,129.0,1.0,0.0,2.0,19.0,144.0,1.0,4.0,19.0,29.0,123.0,6.0,2.0,14.0,5.0,5.0,0.0,2.0,4.0,1.0,36.0,0.0,5.0,0.0,21.0,0.0,0.0,3.0,0.0,0.0,14.0,6.0,0.0,24.0,2.0,0.0,2.0,0.0,2.0,29.0,1.0,3.0,26.0,0.0,6.0,6.0,0.0,6.0,0.0,0.0,3.0,40.0,0.0,0.0,2.0,7.0,9.0,1.0,0.0,0.0,11.0,1.0,1.0,0.0,0.0,0.0,0.0,41.0,6.0,0.0,0.0,0.0,8.0,1.0
45,2885548309.0,0.0,0.0,0.0,0.0,0.0,0.0,0.0,0.0,0.0,0.0,0.0,0.0,0.0,0.0,0.0,0.0,0.0,0.0,0.0,0.0,0.0,0.0,0.0,0.0,0.0,0.0,0.0,0.0,0.0,0.0,0.0,0.0,0.0,0.0,0.0,0.0,0.0,0.0,0.0,0.0,0.0,0.0,0.0,0.0,0.0,0.0,0.0,0.0,0.0,0.0,0.0,0.0,0.0,0.0,0.0,0.0,0.0,0.0,0.0,0.0,0.0,0.0,0.0,0.0,0.0,0.0,0.0,0.0,0.0,0.0,0.0,0.0,0.0,0.0,0.0,0.0,0.0,0.0,0.0,0.0,0.0,0.0,0.0,0.0,0.0,0.0,0.0,0.0,0.0,0.0,0.0,0.0,0.0,0.0,0.0,0.0,0.0,0.0,0.0,0.0,0.0,0.0,0.0,0.0,0.0,0.0,0.0,0.0,0.0,0.0,0.0,0.0,0.0,0.0,0.0,0.0,0.0,0.0,0.0,0.0,0.0,0.0,0.0,0.0,0.0,0.0,0.0,0.0,0.0,0.0,0.0,0.0,0.0,0.0,0.0,0.0,0.0,0.0,0.0,0.0,0.0,0.0
46,2933310726.0,6.0,6.0,3.0,3.0,0.0,0.0,0.0,3.0,3.0,1.0,0.0,1.0,7.0,13.0,1.0,3.0,3.0,4.0,4.0,17.0,5.0,8.0,1.0,7.0,3.0,4.0,4.0,20.0,2.0,6.0,2.0,2.0,2.0,5.0,7.0,5.0,4.0,15.0,0.0,5.0,0.0,0.0,8.0,4.0,0.0,0.0,5.0,3.0,12.0,9.0,1.0,16.0,17.0,12.0,12.0,10.0,8.0,4.0,5.0,8.0,5.0,5.0,16.0,4.0,4.0,7.0,12.0,3.0,4.0,0.0,0.0,0.0,13.0,25.0,0.0,7.0,1.0,20.0,31.0,8.0,0.0,6.0,7.0,1.0,0.0,3.0,12.0,5.0,16.0,0.0,12.0,0.0,9.0,0.0,1.0,11.0,0.0,0.0,3.0,13.0,0.0,2.0,1.0,0.0,2.0,1.0,5.0,11.0,2.0,5.0,18.0,0.0,4.0,2.0,2.0,1.0,6.0,2.0,3.0,4.0,0.0,1.0,0.0,7.0,14.0,2.0,0.0,0.0,10.0,0.0,2.0,0.0,3.0,0.0,0.0,12.0,6.0,0.0,0.0,2.0,11.0,4.0
47,2940472412.0,3.0,41.0,5.0,1.0,4.0,0.0,138.0,2.0,5.0,26.0,2.0,0.0,8.0,73.0,203.0,0.0,2.0,145.0,15.0,58.0,6.0,54.0,255.0,8.0,105.0,4.0,37.0,9.0,2.0,3.0,1.0,1.0,24.0,3.0,86.0,16.0,10.0,94.0,2.0,43.0,0.0,0.0,7.0,8.0,0.0,5.0,0.0,35.0,45.0,33.0,32.0,150.0,28.0,46.0,153.0,5.0,7.0,30.0,6.0,40.0,57.0,26.0,8.0,0.0,8.0,130.0,35.0,18.0,5.0,6.0,0.0,0.0,89.0,27.0,15.0,28.0,7.0,243.0,105.0,16.0,1.0,5.0,7.0,0.0,1.0,0.0,87.0,78.0,12.0,0.0,56.0,0.0,60.0,0.0,9.0,52.0,0.0,0.0,40.0,36.0,85.0,1.0,7.0,0.0,1.0,124.0,21.0,26.0,5.0,15.0,51.0,42.0,2.0,12.0,0.0,3.0,50.0,20.0,3.0,3.0,0.0,1.0,2.0,29.0,36.0,14.0,0.0,0.0,259.0,1.0,22.0,9.0,0.0,0.0,5.0,13.0,42.0,0.0,25.0,22.0,60.0,0.0
48,294530306.0,1.0,22.0,5.0,1.0,28.0,0.0,4.0,1.0,4.0,15.0,0.0,0.0,3.0,122.0,26.0,0.0,0.0,19.0,14.0,75.0,0.0,62.0,7.0,1.0,10.0,9.0,118.0,5.0,0.0,1.0,1.0,2.0,69.0,1.0,20.0,8.0,2.0,152.0,8.0,39.0,0.0,0.0,2.0,3.0,0.0,3.0,35.0,0.0,75.0,71.0,1.0,52.0,15.0,39.0,48.0,1.0,7.0,11.0,5.0,48.0,39.0,82.0,4.0,0.0,8.0,40.0,60.0,62.0,1.0,3.0,0.0,1.0,113.0,23.0,7.0,14.0,2.0,61.0,98.0,36.0,0.0,2.0,2.0,0.0,0.0,0.0,22.0,12.0,6.0,0.0,92.0,8.0,100.0,8.0,47.0,24.0,8.0,0.0,19.0,28.0,9.0,0.0,8.0,0.0,1.0,3.0,47.0,23.0,17.0,11.0,27.0,4.0,1.0,1.0,2.0,1.0,41.0,7.0,3.0,1.0,0.0,1.0,0.0,20.0,68.0,71.0,1.0,0.0,56.0,8.0,10.0,5.0,0.0,0.0,36.0,9.0,89.0,0.0,4.0,4.0,124.0,0.0
49,2980804404.0,4.0,45.0,13.0,2.0,10.0,0.0,3.0,5.0,10.0,17.0,1.0,3.0,29.0,85.0,27.0,0.0,1.0,36.0,29.0,114.0,16.0,103.0,6.0,30.0,28.0,14.0,76.0,51.0,8.0,2.0,4.0,5.0,84.0,1.0,26.0,15.0,14.0,162.0,12.0,73.0,0.0,0.0,16.0,6.0,0.0,12.0,45.0,75.0,0.0,82.0,3.0,87.0,48.0,92.0,62.0,20.0,16.0,19.0,10.0,110.0,70.0,83.0,26.0,3.0,17.0,52.0,106.0,61.0,24.0,3.0,0.0,2.0,159.0,75.0,10.0,26.0,11.0,136.0,160.0,71.0,5.0,10.0,10.0,4.0,1.0,3.0,41.0,20.0,29.0,0.0,100.0,9.0,123.0,7.0,43.0,42.0,10.0,0.0,26.0,69.0,13.0,7.0,19.0,0.0,3.0,7.0,50.0,39.0,20.0,23.0,60.0,6.0,4.0,11.0,3.0,3.0,38.0,12.0,14.0,3.0,0.0,2.0,1.0,37.0,130.0,49.0,2.0,0.0,83.0,20.0,19.0,6.0,0.0,0.0,26.0,33.0,95.0,0.0,4.0,7.0,122.0,0.0
50,3002467251.0,4.0,42.0,13.0,6.0,12.0,0.0,5.0,7.0,14.0,11.0,1.0,1.0,17.0,85.0,19.0,1.0,2.0,35.0,23.0,92.0,14.0,61.0,7.0,12.0,22.0,13.0,59.0,19.0,8.0,5.0,2.0,1.0,61.0,4.0,25.0,8.0,16.0,140.0,7.0,31.0,0.0,0.0,26.0,11.0,0.0,9.0,33.0,71.0,82.0,0.0,1.0,75.0,54.0,60.0,51.0,9.0,13.0,17.0,5.0,57.0,58.0,70.0,24.0,1.0,12.0,34.0,81.0,54.0,15.0,2.0,0.0,5.0,130.0,69.0,4.0,26.0,5.0,90.0,154.0,46.0,2.0,18.0,9.0,1.0,1.0,3.0,38.0,13.0,27.0,0.0,103.0,7.0,106.0,5.0,30.0,35.0,6.0,0.0,29.0,50.0,10.0,6.0,9.0,0.0,5.0,7.0,45.0,42.0,15.0,14.0,59.0,5.0,12.0,7.0,3.0,4.0,36.0,13.0,9.0,7.0,0.0,3.0,2.0,15.0,87.0,49.0,2.0,0.0,82.0,9.0,17.0,7.0,1.0,0.0,30.0,30.0,93.0,0.0,4.0,5.0,109.0,2.0
51,3071041573.0,0.0,1.0,0.0,1.0,1.0,0.0,19.0,0.0,3.0,5.0,0.0,1.0,2.0,8.0,19.0,0.0,2.0,20.0,1.0,3.0,1.0,5.0,24.0,1.0,15.0,3.0,0.0,3.0,0.0,1.0,0.0,0.0,1.0,0.0,12.0,1.0,2.0,8.0,1.0,2.0,0.0,0.0,2.0,0.0,0.0,1.0,32.0,1.0,3.0,1.0,0.0,21.0,9.0,4.0,13.0,2.0,1.0,6.0,2.0,3.0,6.0,2.0,2.0,0.0,1.0,15.0,3.0,1.0,2.0,3.0,0.0,3.0,2.0,6.0,6.0,11.0,2.0,25.0,11.0,4.0,0.0,0.0,0.0,0.0,1.0,0.0,13.0,13.0,1.0,0.0,2.0,0.0,4.0,0.0,2.0,8.0,0.0,0.0,2.0,2.0,13.0,0.0,0.0,0.0,0.0,14.0,1.0,3.0,0.0,6.0,3.0,9.0,1.0,1.0,0.0,0.0,12.0,7.0,1.0,0.0,0.0,0.0,0.0,1.0,2.0,3.0,0.0,0.0,28.0,1.0,7.0,5.0,0.0,0.0,1.0,5.0,0.0,0.0,7.0,5.0,2.0,0.0
52,3073317074.0,4.0,81.0,16.0,4.0,4.0,0.0,36.0,11.0,9.0,25.0,2.0,1.0,20.0,116.0,64.0,1.0,0.0,74.0,26.0,124.0,20.0,66.0,64.0,22.0,72.0,6.0,46.0,43.0,9.0,6.0,1.0,3.0,51.0,5.0,74.0,17.0,21.0,171.0,2.0,43.0,0.0,0.0,18.0,11.0,0.0,16.0,150.0,52.0,87.0,75.0,21.0,0.0,82.0,96.0,163.0,15.0,20.0,42.0,8.0,76.0,76.0,39.0,38.0,4.0,16.0,102.0,96.0,42.0,24.0,5.0,0.0,1.0,178.0,94.0,15.0,48.0,12.0,182.0,225.0,38.0,3.0,20.0,22.0,1.0,1.0,3.0,102.0,39.0,43.0,0.0,88.0,3.0,130.0,1.0,15.0,81.0,1.0,0.0,40.0,92.0,36.0,7.0,12.0,0.0,4.0,38.0,40.0,54.0,11.0,26.0,117.0,23.0,8.0,16.0,3.0,4.0,44.0,20.0,7.0,7.0,0.0,2.0,2.0,39.0,80.0,18.0,0.0,0.0,164.0,6.0,29.0,11.0,1.0,0.0,11.0,31.0,77.0,0.0,23.0,18.0,109.0,1.0
53,3094817988.0,5.0,40.0,48.0,12.0,1.0,0.0,7.0,16.0,46.0,12.0,7.0,1.0,55.0,47.0,11.0,2.0,11.0,43.0,17.0,122.0,76.0,45.0,10.0,61.0,51.0,19.0,11.0,100.0,24.0,15.0,1.0,10.0,19.0,15.0,29.0,4.0,54.0,97.0,0.0,8.0,0.0,0.0,58.0,128.0,0.0,17.0,28.0,15.0,48.0,54.0,9.0,82.0,0.0,60.0,82.0,33.0,38.0,20.0,4.0,46.0,40.0,23.0,123.0,7.0,9.0,36.0,54.0,16.0,135.0,5.0,0.0,9.0,80.0,274.0,6.0,48.0,31.0,110.0,283.0,39.0,3.0,50.0,19.0,8.0,1.0,4.0,43.0,14.0,72.0,0.0,35.0,0.0,77.0,0.0,3.0,25.0,0.0,0.0,27.0,49.0,10.0,23.0,7.0,0.0,10.0,9.0,14.0,82.0,7.0,23.0,95.0,7.0,16.0,10.0,3.0,13.0,13.0,7.0,7.0,37.0,0.0,2.0,2.0,23.0,67.0,5.0,0.0,0.0,60.0,3.0,14.0,5.0,1.0,0.0,2.0,106.0,27.0,0.0,8.0,7.0,42.0,3.0
54,3126889155.0,2.0,54.0,24.0,4.0,2.0,0.0,1.0,6.0,9.0,20.0,2.0,1.0,32.0,67.0,13.0,1.0,3.0,36.0,51.0,101.0,22.0,68.0,3.0,49.0,30.0,12.0,38.0,76.0,7.0,7.0,28.0,8.0,44.0,6.0,33.0,43.0,22.0,161.0,1.0,40.0,0.0,0.0,20.0,22.0,0.0,12.0,46.0,39.0,92.0,60.0,4.0,96.0,60.0,0.0,98.0,24.0,23.0,18.0,5.0,84.0,117.0,36.0,62.0,5.0,32.0,63.0,88.0,36.0,38.0,2.0,0.0,3.0,148.0,105.0,6.0,28.0,14.0,133.0,207.0,51.0,4.0,11.0,9.0,2.0,1.0,2.0,44.0,18.0,33.0,0.0,76.0,3.0,102.0,1.0,16.0,39.0,1.0,0.0,39.0,128.0,8.0,6.0,15.0,0.0,7.0,5.0,31.0,41.0,8.0,17.0,74.0,6.0,7.0,15.0,5.0,5.0,17.0,12.0,6.0,8.0,0.0,3.0,2.0,117.0,94.0,11.0,0.0,0.0,83.0,6.0,22.0,3.0,1.0,0.0,9.0,43.0,74.0,0.0,4.0,4.0,94.0,1.0
55,3153251286.0,5.0,91.0,12.0,5.0,1.0,0.0,39.0,4.0,13.0,21.0,3.0,1.0,40.0,90.0,42.0,2.0,4.0,71.0,25.0,127.0,15.0,56.0,45.0,30.0,59.0,13.0,35.0,44.0,9.0,12.0,3.0,7.0,39.0,10.0,43.0,14.0,33.0,187.0,0.0,45.0,2.0,1.0,41.0,58.0,0.0,12.0,153.0,48.0,62.0,51.0,13.0,163.0,82.0,98.0,0.0,14.0,35.0,30.0,5.0,58.0,85.0,24.0,39.0,3.0,13.0,130.0,81.0,31.0,34.0,5.0,0.0,2.0,172.0,116.0,13.0,41.0,14.0,204.0,288.0,27.0,4.0,22.0,14.0,4.0,1.0,3.0,67.0,35.0,41.0,0.0,77.0,0.0,128.0,0.0,8.0,58.0,0.0,0.0,88.0,66.0,19.0,9.0,7.0,0.0,5.0,15.0,27.0,49.0,8.0,16.0,114.0,8.0,6.0,17.0,2.0,7.0,23.0,18.0,4.0,14.0,0.0,3.0,2.0,53.0,66.0,9.0,0.0,0.0,159.0,3.0,18.0,6.0,2.0,0.0,4.0,53.0,71.0,0.0,14.0,14.0,105.0,2.0
56,3161739402.0,15.0,6.0,9.0,19.0,0.0,0.0,0.0,5.0,8.0,7.0,1.0,2.0,21.0,7.0,0.0,6.0,4.0,14.0,10.0,26.0,10.0,28.0,1.0,33.0,10.0,10.0,4.0,51.0,5.0,22.0,0.0,5.0,9.0,67.0,3.0,2.0,13.0,26.0,0.0,5.0,0.0,0.0,13.0,4.0,0.0,10.0,5.0,1.0,20.0,9.0,2.0,15.0,33.0,24.0,14.0,0.0,7.0,2.0,3.0,22.0,17.0,9.0,29.0,3.0,2.0,14.0,17.0,5.0,17.0,0.0,0.0,3.0,17.0,46.0,2.0,15.0,6.0,43.0,58.0,14.0,1.0,11.0,26.0,3.0,0.0,33.0,9.0,3.0,58.0,0.0,14.0,0.0,19.0,0.0,2.0,3.0,0.0,0.0,6.0,13.0,2.0,6.0,7.0,0.0,4.0,2.0,1.0,10.0,1.0,7.0,17.0,3.0,35.0,4.0,0.0,5.0,1.0,1.0,3.0,27.0,0.0,1.0,1.0,17.0,23.0,2.0,0.0,0.0,10.0,3.0,6.0,1.0,11.0,0.0,0.0,26.0,9.0,0.0,0.0,3.0,17.0,20.0
57,3182566338.0,8.0,17.0,8.0,5.0,0.0,0.0,0.0,31.0,27.0,7.0,0.0,9.0,63.0,12.0,0.0,0.0,4.0,13.0,7.0,31.0,8.0,21.0,1.0,14.0,6.0,5.0,3.0,22.0,9.0,15.0,0.0,9.0,14.0,7.0,6.0,2.0,21.0,37.0,0.0,13.0,2.0,1.0,24.0,26.0,0.0,8.0,7.0,7.0,16.0,13.0,1.0,20.0,38.0,23.0,35.0,7.0,0.0,1.0,2.0,13.0,16.0,9.0,18.0,6.0,2.0,19.0,17.0,8.0,15.0,2.0,0.0,24.0,26.0,101.0,0.0,11.0,32.0,37.0,78.0,12.0,5.0,12.0,9.0,3.0,1.0,5.0,7.0,1.0,28.0,0.0,13.0,0.0,19.0,0.0,1.0,8.0,0.0,0.0,19.0,16.0,2.0,4.0,2.0,0.0,6.0,0.0,3.0,26.0,1.0,4.0,29.0,0.0,17.0,6.0,0.0,30.0,2.0,4.0,4.0,9.0,0.0,2.0,1.0,10.0,20.0,2.0,0.0,0.0,28.0,2.0,4.0,0.0,0.0,0.0,0.0,26.0,12.0,0.0,1.0,2.0,19.0,0.0
58,3228266521.0,0.0,10.0,6.0,2.0,1.0,0.0,12.0,2.0,3.0,10.0,0.0,0.0,3.0,19.0,20.0,1.0,0.0,25.0,7.0,24.0,5.0,10.0,18.0,7.0,24.0,0.0,12.0,11.0,1.0,0.0,0.0,0.0,13.0,2.0,18.0,4.0,3.0,29.0,0.0,8.0,0.0,0.0,5.0,2.0,0.0,4.0,30.0,11.0,19.0,17.0,6.0,42.0,20.0,18.0,30.0,2.0,1.0,0.0,4.0,18.0,14.0,6.0,9.0,2.0,8.0,24.0,23.0,10.0,4.0,5.0,0.0,0.0,31.0,17.0,8.0,12.0,2.0,41.0,37.0,7.0,2.0,10.0,7.0,0.0,1.0,0.0,33.0,15.0,11.0,0.0,10.0,0.0,24.0,0.0,3.0,22.0,0.0,0.0,8.0,20.0,12.0,1.0,2.0,0.0,0.0,13.0,9.0,17.0,5.0,10.0,16.0,10.0,1.0,2.0,2.0,0.0,14.0,9.0,0.0,2.0,0.0,1.0,0.0,9.0,17.0,4.0,0.0,0.0,37.0,1.0,6.0,6.0,0.0,0.0,4.0,10.0,13.0,0.0,10.0,8.0,20.0,1.0
