,0,1,2,3,4,5,6,7,8,9,10,11,12,13,14,15,16,17,18,19,20,21,22,23,24,25,26,27,28,29,30,31,32,33,34,35,36,37,38,39,40,41,42,43,44,45,46,47,48,49,50,51,52,53,54,55,56,57,58,59,60,61,62,63,64,65,66,67,68,69,70,71,72,73,74,75,76,77,78,79,80,81,82,83,84,85,86,87,88,89,90,91,92,93,94,95,96,97,98,99
0,-1.0,115606955.0,1163791608.0,1188534109.0,123907301.0,1263991770.0,130307355.0,132095682.0,140493128.0,1542059156.0,1543161900.0,157185091.0,1586431392.0,1610054502.0,16704201.0,17481929.0,187196080.0,214351319.0,2171819712.0,2181547820.0,2259280134.0,2298981186.0,2543412949.0,255486286.0,2567411066.0,2587721076.0,2600838450.0,2629973298.0,264596079.0,2752498194.0,276405865.0,2816569681.0,281949458.0,2834604770.0,2847540974.0,2874712030.0,2888091850.0,2913790430.0,2916782406.0,3106953674.0,3195119005.0,3220374884.0,3224841817.0,3247646198.0,3258463434.0,3258579024.0,3260824657.0,3273271488.0,3289015916.0,3300687463.0,3317830448.0,336942724.0,3454733414.0,3740548814.0,3970441639.0,413183905.0,4164266719.0,417479326.0,4207660557.0,421929408.0,438142822.0,4798093214.0,4835481672.0,521078882.0,55200138.0,5894192.0,626419045.0,70664813.0,7.070887039407309e+17,7.085208463026504e+17,7.154919439505859e+17,7.396228867685622e+17,7.493381327392645e+17,7.530743871595725e+17,7.54341597354029e+17,7.750224627108782e+17,7.882217107429786e+17,7.917110648450867e+17,7.945182830136156e+17,7.985419742108918e+17,8.101679856379044e+17,81861754.0,83038653.0,8.402196283202314e+17,8.56836808319144e+17,8.616369785461023e+17,8.686954177851351e+17,8.745178935006413e+17,8.803131015428588e+17,8.808390248515625e+17,8.873168851375718e+17,88752232.0,8.920189074809405e+17,8.972677363964314e+17,9.028665172466196e+17,9.22718906946433e+17,9.339859149545636e+17,9.40988241036972e+17,9.438973223536968e+17,947416164.0
1,115606955.0,0.0,7.0,0.0,3.0,0.0,31.0,4.0,0.0,5.0,46.0,0.0,1.0,2.0,22.0,0.0,5.0,0.0,21.0,21.0,0.0,12.0,10.0,19.0,46.0,2.0,20.0,3.0,0.0,2.0,2.0,2.0,21.0,11.0,22.0,14.0,24.0,12.0,16.0,6.0,8.0,2.0,6.0,1.0,8.0,0.0,6.0,15.0,11.0,7.0,9.0,2.0,14.0,0.0,0.0,16.0,16.0,0.0,20.0,0.0,5.0,2.0,12.0,15.0,6.0,1.0,6.0,19.0,6.0,2.0,4.0,14.0,14.0,0.0,10.0,5.0,7.0,15.0,14.0,2.0,0.0,7.0,0.0,0.0,4.0,12.0,0.0,10.0,27.0,13.0,0.0,1.0,0.0,6.0,34.0,6.0,3.0,0.0,21.0,5.0
2,1163791608.0,7.0,0.0,0.0,10.0,0.0,29.0,9.0,2.0,2.0,69.0,0.0,2.0,2.0,21.0,0.0,11.0,2.0,64.0,78.0,0.0,41.0,53.0,49.0,82.0,17.0,56.0,9.0,4.0,10.0,4.0,9.0,51.0,1.0,71.0,61.0,36.0,38.0,60.0,18.0,30.0,4.0,6.0,8.0,35.0,2.0,16.0,45.0,54.0,35.0,10.0,4.0,40.0,0.0,1.0,58.0,32.0,2.0,46.0,3.0,3.0,11.0,28.0,13.0,35.0,4.0,12.0,51.0,15.0,10.0,8.0,52.0,52.0,3.0,3.0,17.0,34.0,55.0,60.0,6.0,10.0,23.0,0.0,2.0,26.0,8.0,0.0,17.0,68.0,41.0,0.0,8.0,3.0,22.0,52.0,10.0,13.0,0.0,49.0,18.0
3,1188534109.0,0.0,0.0,0.0,0.0,0.0,0.0,0.0,0.0,0.0,0.0,0.0,0.0,0.0,0.0,0.0,0.0,0.0,1.0,1.0,0.0,0.0,0.0,9.0,1.0,0.0,2.0,0.0,0.0,0.0,0.0,0.0,1.0,0.0,8.0,0.0,0.0,9.0,0.0,0.0,8.0,0.0,0.0,0.0,6.0,0.0,0.0,8.0,3.0,0.0,3.0,1.0,0.0,0.0,0.0,8.0,8.0,0.0,0.0,0.0,0.0,1.0,0.0,8.0,0.0,0.0,0.0,0.0,0.0,0.0,0.0,0.0,0.0,0.0,0.0,0.0,0.0,0.0,6.0,0.0,0.0,0.0,0.0,8.0,0.0,0.0,0.0,0.0,8.0,0.0,0.0,0.0,0.0,0.0,0.0,0.0,1.0,0.0,0.0,0.0
4,123907301.0,3.0,10.0,0.0,0.0,0.0,12.0,0.0,4.0,38.0,18.0,1.0,1.0,15.0,16.0,0.0,5.0,5.0,7.0,11.0,0.0,2.0,18.0,4.0,34.0,6.0,9.0,11.0,0.0,4.0,2.0,1.0,29.0,0.0,22.0,9.0,2.0,4.0,9.0,3.0,3.0,0.0,4.0,2.0,4.0,1.0,1.0,4.0,4.0,1.0,2.0,1.0,13.0,0.0,0.0,7.0,4.0,1.0,7.0,0.0,2.0,0.0,1.0,0.0,9.0,3.0,21.0,23.0,1.0,0.0,2.0,20.0,16.0,0.0,0.0,2.0,8.0,6.0,32.0,7.0,2.0,22.0,2.0,0.0,1.0,3.0,0.0,1.0,12.0,1.0,0.0,13.0,0.0,2.0,8.0,0.0,0.0,0.0,5.0,16.0
5,1263991770.0,0.0,0.0,0.0,0.0,0.0,0.0,0.0,0.0,0.0,0.0,0.0,0.0,0.0,0.0,0.0,0.0,0.0,0.0,6.0,0.0,0.0,0.0,1.0,0.0,0.0,5.0,0.0,4.0,0.0,0.0,0.0,0.0,0.0,0.0,4.0,7.0,0.0,5.0,0.0,0.0,0.0,0.0,0.0,0.0,0.0,2.0,0.0,0.0,1.0,0.0,0.0,4.0,5.0,0.0,0.0,0.0,0.0,0.0,0.0,0.0,0.0,0.0,0.0,0.0,0.0,0.0,0.0,0.0,0.0,0.0,0.0,0.0,0.0,0.0,0.0,0.0,0.0,0.0,0.0,0.0,0.0,0.0,0.0,4.0,0.0,0.0,0.0,0.0,0.0,0.0,0.0,0.0,0.0,0.0,2.0,0.0,0.0,0.0,0.0
6,130307355.0,31.0,29.0,0.0,12.0,0.0,0.0,10.0,4.0,32.0,140.0,2.0,2.0,22.0,72.0,0.0,18.0,13.0,62.0,83.0,0.0,55.0,55.0,57.0,134.0,20.0,52.0,19.0,0.0,13.0,9.0,5.0,77.0,3.0,89.0,55.0,43.0,47.0,49.0,33.0,37.0,6.0,6.0,24.0,25.0,13.0,9.0,49.0,66.0,32.0,10.0,7.0,38.0,0.0,2.0,69.0,32.0,2.0,53.0,2.0,7.0,12.0,32.0,30.0,55.0,15.0,18.0,56.0,11.0,7.0,11.0,67.0,70.0,2.0,7.0,22.0,29.0,64.0,73.0,25.0,8.0,33.0,3.0,0.0,24.0,10.0,0.0,32.0,91.0,49.0,0.0,34.0,3.0,21.0,109.0,7.0,11.0,0.0,59.0,48.0
7,132095682.0,4.0,9.0,0.0,0.0,0.0,10.0,0.0,0.0,0.0,29.0,0.0,1.0,0.0,29.0,0.0,4.0,1.0,32.0,47.0,0.0,10.0,9.0,22.0,38.0,3.0,28.0,1.0,1.0,4.0,0.0,2.0,18.0,2.0,17.0,24.0,12.0,17.0,23.0,7.0,10.0,2.0,2.0,2.0,11.0,1.0,7.0,25.0,14.0,15.0,3.0,2.0,17.0,0.0,1.0,21.0,14.0,1.0,18.0,5.0,2.0,6.0,11.0,8.0,9.0,0.0,3.0,14.0,6.0,5.0,1.0,18.0,16.0,1.0,6.0,10.0,8.0,15.0,15.0,0.0,2.0,4.0,0.0,2.0,13.0,3.0,0.0,11.0,23.0,18.0,0.0,2.0,0.0,5.0,17.0,5.0,3.0,0.0,20.0,2.0
8,140493128.0,0.0,2.0,0.0,4.0,0.0,4.0,0.0,0.0,3.0,3.0,0.0,0.0,2.0,5.0,0.0,0.0,1.0,1.0,2.0,0.0,0.0,6.0,3.0,6.0,2.0,1.0,1.0,0.0,4.0,1.0,0.0,5.0,0.0,3.0,2.0,0.0,1.0,2.0,2.0,0.0,1.0,0.0,2.0,1.0,1.0,1.0,1.0,1.0,0.0,1.0,1.0,3.0,0.0,1.0,2.0,2.0,0.0,2.0,0.0,0.0,0.0,0.0,1.0,2.0,0.0,2.0,6.0,0.0,0.0,1.0,5.0,4.0,0.0,0.0,1.0,2.0,1.0,5.0,5.0,2.0,2.0,0.0,0.0,0.0,0.0,0.0,0.0,2.0,1.0,0.0,2.0,0.0,0.0,3.0,0.0,1.0,0.0,2.0,6.0
9,1542059156.0,5.0,2.0,0.0,38.0,0.0,32.0,0.0,3.0,0.0,16.0,0.0,0.0,28.0,30.0,0.0,4.0,6.0,3.0,3.0,0.0,0.0,5.0,2.0,39.0,2.0,4.0,16.0,0.0,1.0,8.0,0.0,43.0,0.0,17.0,4.0,1.0,0.0,0.0,2.0,0.0,0.0,3.0,1.0,0.0,0.0,2.0,0.0,4.0,0.0,0.0,1.0,6.0,0.0,0.0,2.0,2.0,3.0,0.0,0.0,2.0,2.0,0.0,0.0,7.0,3.0,36.0,18.0,0.0,0.0,0.0,19.0,8.0,0.0,0.0,0.0,1.0,0.0,17.0,2.0,2.0,29.0,7.0,0.0,0.0,1.0,0.0,0.0,7.0,0.0,0.0,9.0,0.0,0.0,10.0,0.0,0.0,0.0,0.0,20.0
10,1543161900.0,46.0,69.0,0.0,18.0,0.0,140.0,29.0,3.0,16.0,0.0,1.0,10.0,8.0,76.0,0.0,24.0,10.0,216.0,304.0,0.0,187.0,157.0,188.0,427.0,46.0,164.0,36.0,0.0,37.0,16.0,29.0,206.0,6.0,304.0,186.0,115.0,156.0,157.0,69.0,109.0,16.0,18.0,52.0,83.0,16.0,28.0,191.0,186.0,94.0,36.0,8.0,74.0,0.0,8.0,231.0,112.0,12.0,222.0,4.0,8.0,34.0,174.0,74.0,96.0,10.0,37.0,172.0,40.0,38.0,33.0,329.0,244.0,68.0,13.0,100.0,110.0,259.0,188.0,27.0,28.0,67.0,3.0,4.0,52.0,40.0,0.0,163.0,358.0,162.0,0.0,42.0,6.0,49.0,330.0,19.0,21.0,0.0,253.0,80.0
11,157185091.0,0.0,0.0,0.0,1.0,0.0,2.0,0.0,0.0,0.0,1.0,0.0,0.0,0.0,1.0,0.0,0.0,1.0,1.0,1.0,0.0,0.0,1.0,1.0,1.0,1.0,0.0,1.0,0.0,0.0,0.0,0.0,1.0,0.0,1.0,1.0,0.0,1.0,1.0,0.0,1.0,0.0,0.0,1.0,1.0,0.0,0.0,0.0,1.0,0.0,0.0,0.0,1.0,0.0,0.0,0.0,1.0,0.0,1.0,0.0,0.0,0.0,0.0,0.0,0.0,1.0,1.0,1.0,0.0,0.0,0.0,1.0,1.0,0.0,0.0,0.0,1.0,1.0,1.0,0.0,0.0,1.0,0.0,0.0,0.0,0.0,0.0,0.0,1.0,0.0,0.0,1.0,0.0,0.0,1.0,0.0,0.0,0.0,1.0,1.0
12,1586431392.0,1.0,2.0,0.0,1.0,0.0,2.0,1.0,0.0,0.0,10.0,0.0,0.0,0.0,1.0,0.0,3.0,0.0,4.0,3.0,0.0,7.0,4.0,8.0,6.0,3.0,2.0,1.0,0.0,2.0,0.0,2.0,4.0,0.0,4.0,3.0,1.0,6.0,3.0,2.0,2.0,0.0,1.0,0.0,5.0,0.0,0.0,3.0,3.0,3.0,2.0,0.0,2.0,0.0,0.0,6.0,3.0,1.0,8.0,0.0,0.0,0.0,8.0,1.0,3.0,0.0,1.0,4.0,8.0,4.0,1.0,8.0,9.0,3.0,1.0,7.0,5.0,7.0,5.0,0.0,0.0,2.0,0.0,0.0,1.0,3.0,0.0,8.0,5.0,5.0,0.0,1.0,0.0,4.0,9.0,0.0,0.0,0.0,8.0,0.0
13,1610054502.0,2.0,2.0,0.0,15.0,0.0,22.0,0.0,2.0,28.0,8.0,0.0,0.0,0.0,15.0,0.0,8.0,6.0,4.0,2.0,0.0,0.0,0.0,3.0,16.0,0.0,2.0,12.0,0.0,3.0,5.0,0.0,16.0,0.0,7.0,3.0,0.0,0.0,0.0,0.0,0.0,0.0,0.0,1.0,0.0,0.0,1.0,1.0,1.0,0.0,0.0,0.0,0.0,0.0,0.0,2.0,5.0,0.0,0.0,0.0,3.0,1.0,0.0,0.0,4.0,7.0,8.0,5.0,0.0,0.0,0.0,10.0,12.0,0.0,0.0,0.0,0.0,1.0,6.0,2.0,1.0,7.0,3.0,0.0,2.0,1.0,0.0,0.0,5.0,0.0,0.0,12.0,0.0,0.0,6.0,0.0,0.0,0.0,0.0,6.0
14,16704201.0,22.0,21.0,0.0,16.0,0.0,72.0,29.0,5.0,30.0,76.0,1.0,1.0,15.0,0.0,0.0,8.0,7.0,50.0,59.0,0.0,20.0,44.0,47.0,98.0,11.0,42.0,34.0,1.0,6.0,9.0,6.0,113.0,1.0,58.0,47.0,21.0,26.0,38.0,22.0,15.0,2.0,8.0,22.0,26.0,6.0,10.0,30.0,34.0,17.0,9.0,5.0,28.0,0.0,0.0,43.0,29.0,3.0,42.0,3.0,7.0,5.0,17.0,16.0,33.0,10.0,36.0,58.0,13.0,6.0,7.0,45.0,47.0,2.0,3.0,20.0,33.0,41.0,39.0,5.0,7.0,58.0,1.0,2.0,14.0,3.0,0.0,14.0,63.0,25.0,0.0,42.0,4.0,17.0,51.0,4.0,6.0,0.0,33.0,31.0
15,17481929.0,0.0,0.0,0.0,0.0,0.0,0.0,0.0,0.0,0.0,0.0,0.0,0.0,0.0,0.0,0.0,0.0,0.0,0.0,0.0,0.0,0.0,0.0,0.0,0.0,0.0,0.0,0.0,0.0,0.0,0.0,0.0,0.0,0.0,0.0,0.0,0.0,0.0,0.0,0.0,0.0,0.0,0.0,0.0,0.0,0.0,0.0,0.0,0.0,0.0,0.0,0.0,0.0,0.0,0.0,0.0,0.0,0.0,0.0,0.0,0.0,0.0,0.0,0.0,0.0,0.0,0.0,0.0,0.0,0.0,0.0,0.0,0.0,0.0,0.0,0.0,0.0,0.0,0.0,0.0,0.0,0.0,0.0,0.0,0.0,0.0,0.0,0.0,0.0,0.0,0.0,0.0,0.0,0.0,0.0,0.0,0.0,0.0,0.0,0.0
16,187196080.0,5.0,11.0,0.0,5.0,0.0,18.0,4.0,0.0,4.0,24.0,0.0,3.0,8.0,8.0,0.0,0.0,0.0,17.0,23.0,0.0,12.0,17.0,13.0,22.0,8.0,17.0,7.0,0.0,4.0,5.0,2.0,23.0,1.0,21.0,18.0,8.0,13.0,17.0,7.0,8.0,0.0,2.0,4.0,7.0,0.0,0.0,12.0,19.0,10.0,4.0,1.0,6.0,0.0,0.0,15.0,5.0,3.0,12.0,1.0,3.0,2.0,11.0,3.0,15.0,1.0,6.0,16.0,3.0,2.0,6.0,21.0,23.0,1.0,3.0,7.0,11.0,21.0,16.0,1.0,1.0,14.0,1.0,1.0,5.0,3.0,0.0,9.0,24.0,11.0,0.0,7.0,0.0,7.0,26.0,1.0,2.0,0.0,12.0,7.0
17,214351319.0,0.0,2.0,0.0,5.0,0.0,13.0,1.0,1.0,6.0,10.0,1.0,0.0,6.0,7.0,0.0,0.0,0.0,2.0,3.0,0.0,1.0,2.0,3.0,4.0,2.0,2.0,5.0,0.0,0.0,5.0,0.0,10.0,0.0,7.0,4.0,2.0,2.0,2.0,2.0,2.0,0.0,0.0,3.0,1.0,2.0,0.0,1.0,3.0,0.0,0.0,1.0,5.0,0.0,0.0,3.0,1.0,1.0,3.0,0.0,0.0,1.0,0.0,1.0,1.0,3.0,10.0,3.0,0.0,0.0,0.0,5.0,4.0,0.0,0.0,2.0,2.0,2.0,3.0,2.0,1.0,6.0,0.0,0.0,0.0,0.0,0.0,0.0,3.0,1.0,0.0,7.0,0.0,1.0,4.0,0.0,1.0,0.0,2.0,7.0
18,2171819712.0,21.0,64.0,1.0,7.0,0.0,62.0,32.0,1.0,3.0,216.0,1.0,4.0,4.0,50.0,0.0,17.0,2.0,0.0,359.0,0.0,101.0,90.0,122.0,250.0,35.0,234.0,19.0,16.0,14.0,7.0,19.0,156.0,4.0,186.0,235.0,99.0,104.0,215.0,47.0,56.0,5.0,11.0,16.0,74.0,2.0,71.0,143.0,108.0,115.0,21.0,6.0,114.0,1.0,3.0,159.0,77.0,5.0,138.0,7.0,7.0,20.0,64.0,34.0,76.0,0.0,14.0,121.0,28.0,12.0,18.0,120.0,150.0,5.0,11.0,41.0,57.0,162.0,114.0,8.0,16.0,34.0,2.0,4.0,103.0,17.0,0.0,55.0,216.0,124.0,0.0,14.0,5.0,45.0,163.0,37.0,24.0,0.0,131.0,26.0
19,2181547820.0,21.0,78.0,1.0,11.0,6.0,83.0,47.0,2.0,3.0,304.0,1.0,3.0,2.0,59.0,0.0,23.0,3.0,359.0,0.0,0.0,140.0,154.0,139.0,318.0,61.0,320.0,28.0,23.0,28.0,11.0,24.0,191.0,4.0,261.0,396.0,159.0,140.0,264.0,78.0,94.0,8.0,22.0,35.0,81.0,9.0,105.0,223.0,172.0,132.0,28.0,8.0,160.0,5.0,6.0,207.0,111.0,6.0,176.0,11.0,7.0,37.0,77.0,54.0,89.0,2.0,15.0,129.0,28.0,13.0,27.0,172.0,179.0,18.0,12.0,56.0,80.0,190.0,215.0,21.0,29.0,38.0,1.0,6.0,165.0,19.0,0.0,86.0,305.0,141.0,0.0,17.0,9.0,50.0,195.0,41.0,28.0,0.0,169.0,41.0
20,2259280134.0,0.0,0.0,0.0,0.0,0.0,0.0,0.0,0.0,0.0,0.0,0.0,0.0,0.0,0.0,0.0,0.0,0.0,0.0,0.0,0.0,0.0,0.0,0.0,0.0,0.0,0.0,0.0,0.0,0.0,0.0,0.0,0.0,0.0,0.0,0.0,0.0,0.0,0.0,0.0,0.0,0.0,0.0,0.0,0.0,0.0,0.0,0.0,0.0,0.0,0.0,0.0,0.0,0.0,0.0,0.0,0.0,0.0,0.0,0.0,0.0,0.0,0.0,0.0,0.0,0.0,0.0,0.0,0.0,0.0,0.0,0.0,0.0,0.0,0.0,0.0,0.0,0.0,0.0,0.0,0.0,0.0,0.0,0.0,0.0,0.0,0.0,0.0,0.0,0.0,0.0,0.0,0.0,0.0,0.0,0.0,0.0,0.0,0.0,0.0
21,2298981186.0,12.0,41.0,0.0,2.0,0.0,55.0,10.0,0.0,0.0,187.0,0.0,7.0,0.0,20.0,0.0,12.0,1.0,101.0,140.0,0.0,0.0,101.0,96.0,163.0,28.0,73.0,1.0,0.0,7.0,0.0,19.0,95.0,2.0,138.0,75.0,34.0,92.0,90.0,49.0,64.0,7.0,7.0,2.0,56.0,2.0,11.0,108.0,116.0,68.0,12.0,1.0,41.0,0.0,5.0,127.0,47.0,1.0,140.0,2.0,6.0,30.0,95.0,33.0,56.0,1.0,1.0,87.0,24.0,23.0,18.0,130.0,127.0,16.0,7.0,57.0,65.0,128.0,119.0,16.0,4.0,14.0,0.0,4.0,35.0,23.0,0.0,77.0,171.0,105.0,0.0,8.0,7.0,34.0,142.0,7.0,14.0,0.0,90.0,5.0
22,2543412949.0,10.0,53.0,0.0,18.0,0.0,55.0,9.0,6.0,5.0,157.0,1.0,4.0,0.0,44.0,0.0,17.0,2.0,90.0,154.0,0.0,101.0,0.0,82.0,174.0,96.0,69.0,19.0,1.0,54.0,5.0,11.0,126.0,3.0,129.0,85.0,30.0,75.0,94.0,72.0,47.0,21.0,9.0,21.0,50.0,19.0,18.0,83.0,110.0,53.0,12.0,3.0,56.0,0.0,23.0,104.0,34.0,4.0,115.0,1.0,5.0,32.0,51.0,21.0,58.0,0.0,11.0,78.0,15.0,11.0,43.0,108.0,93.0,4.0,7.0,45.0,71.0,117.0,134.0,64.0,73.0,33.0,0.0,2.0,28.0,14.0,0.0,55.0,156.0,78.0,4.0,28.0,5.0,31.0,98.0,8.0,14.0,0.0,81.0,37.0
23,255486286.0,19.0,49.0,9.0,4.0,1.0,57.0,22.0,3.0,2.0,188.0,1.0,8.0,3.0,47.0,0.0,13.0,3.0,122.0,139.0,0.0,96.0,82.0,0.0,184.0,20.0,105.0,9.0,5.0,17.0,6.0,17.0,100.0,2.0,177.0,108.0,60.0,143.0,110.0,29.0,84.0,9.0,15.0,16.0,88.0,6.0,27.0,156.0,91.0,69.0,30.0,9.0,50.0,1.0,3.0,172.0,108.0,2.0,156.0,6.0,7.0,26.0,66.0,75.0,55.0,3.0,11.0,98.0,29.0,24.0,19.0,113.0,125.0,14.0,8.0,36.0,50.0,109.0,105.0,9.0,16.0,36.0,1.0,15.0,48.0,21.0,0.0,73.0,194.0,98.0,0.0,17.0,3.0,33.0,117.0,16.0,21.0,0.0,129.0,21.0
24,2567411066.0,46.0,82.0,1.0,34.0,0.0,134.0,38.0,6.0,39.0,427.0,1.0,6.0,16.0,98.0,0.0,22.0,4.0,250.0,318.0,0.0,163.0,174.0,184.0,0.0,56.0,179.0,36.0,4.0,35.0,12.0,39.0,238.0,4.0,334.0,202.0,88.0,159.0,175.0,82.0,95.0,12.0,29.0,50.0,92.0,12.0,37.0,195.0,196.0,108.0,37.0,7.0,86.0,0.0,7.0,222.0,103.0,8.0,269.0,5.0,9.0,37.0,102.0,70.0,112.0,7.0,29.0,181.0,35.0,21.0,33.0,228.0,247.0,13.0,12.0,77.0,97.0,237.0,206.0,28.0,27.0,77.0,3.0,6.0,58.0,37.0,0.0,97.0,367.0,747.0,0.0,46.0,18.0,84.0,266.0,24.0,25.0,0.0,209.0,92.0
25,2587721076.0,2.0,17.0,0.0,6.0,0.0,20.0,3.0,2.0,2.0,46.0,1.0,3.0,0.0,11.0,0.0,8.0,2.0,35.0,61.0,0.0,28.0,96.0,20.0,56.0,0.0,31.0,7.0,4.0,55.0,2.0,6.0,30.0,1.0,37.0,43.0,16.0,21.0,42.0,17.0,20.0,6.0,7.0,8.0,13.0,23.0,10.0,21.0,33.0,18.0,3.0,2.0,26.0,1.0,10.0,28.0,12.0,2.0,35.0,0.0,1.0,6.0,16.0,7.0,14.0,0.0,6.0,26.0,4.0,4.0,11.0,35.0,28.0,1.0,3.0,19.0,25.0,36.0,41.0,20.0,56.0,15.0,0.0,0.0,21.0,7.0,0.0,18.0,42.0,30.0,1.0,15.0,3.0,20.0,30.0,5.0,4.0,0.0,29.0,20.0
26,2600838450.0,20.0,56.0,2.0,9.0,5.0,52.0,28.0,1.0,4.0,164.0,0.0,2.0,2.0,42.0,0.0,17.0,2.0,234.0,320.0,0.0,73.0,69.0,105.0,179.0,31.0,0.0,13.0,21.0,18.0,4.0,17.0,99.0,4.0,146.0,256.0,131.0,89.0,237.0,25.0,50.0,16.0,13.0,17.0,57.0,12.0,118.0,122.0,83.0,106.0,25.0,5.0,128.0,4.0,1.0,122.0,76.0,5.0,110.0,6.0,4.0,17.0,48.0,36.0,66.0,3.0,8.0,88.0,19.0,12.0,16.0,91.0,115.0,8.0,9.0,25.0,40.0,110.0,96.0,6.0,14.0,35.0,1.0,5.0,163.0,18.0,0.0,40.0,163.0,90.0,0.0,18.0,6.0,32.0,129.0,49.0,23.0,0.0,113.0,21.0
27,2629973298.0,3.0,9.0,0.0,11.0,0.0,19.0,1.0,1.0,16.0,36.0,1.0,1.0,12.0,34.0,0.0,7.0,5.0,19.0,28.0,0.0,1.0,19.0,9.0,36.0,7.0,13.0,0.0,0.0,4.0,8.0,1.0,44.0,0.0,20.0,16.0,9.0,6.0,9.0,12.0,6.0,0.0,1.0,8.0,6.0,0.0,1.0,2.0,20.0,2.0,3.0,1.0,9.0,0.0,0.0,8.0,4.0,3.0,6.0,0.0,2.0,2.0,1.0,0.0,16.0,4.0,22.0,13.0,2.0,0.0,3.0,25.0,21.0,0.0,1.0,7.0,14.0,26.0,13.0,2.0,3.0,25.0,0.0,0.0,2.0,2.0,0.0,4.0,27.0,3.0,0.0,20.0,0.0,6.0,20.0,0.0,0.0,0.0,12.0,23.0
28,264596079.0,0.0,4.0,0.0,0.0,4.0,0.0,1.0,0.0,0.0,0.0,0.0,0.0,0.0,1.0,0.0,0.0,0.0,16.0,23.0,0.0,0.0,1.0,5.0,4.0,4.0,21.0,0.0,0.0,0.0,0.0,0.0,3.0,0.0,2.0,20.0,13.0,1.0,21.0,1.0,0.0,0.0,0.0,0.0,2.0,0.0,14.0,1.0,1.0,11.0,0.0,0.0,19.0,4.0,0.0,2.0,4.0,0.0,2.0,1.0,0.0,0.0,1.0,0.0,0.0,0.0,0.0,2.0,0.0,0.0,0.0,0.0,1.0,0.0,0.0,0.0,0.0,0.0,0.0,0.0,2.0,0.0,0.0,0.0,21.0,0.0,0.0,1.0,4.0,2.0,0.0,0.0,0.0,0.0,2.0,9.0,4.0,0.0,1.0,0.0
29,2752498194.0,2.0,10.0,0.0,4.0,0.0,13.0,4.0,4.0,1.0,37.0,0.0,2.0,3.0,6.0,0.0,4.0,0.0,14.0,28.0,0.0,7.0,54.0,17.0,35.0,55.0,18.0,4.0,0.0,0.0,2.0,5.0,19.0,0.0,25.0,22.0,20.0,12.0,20.0,9.0,14.0,5.0,4.0,12.0,7.0,7.0,2.0,10.0,18.0,6.0,7.0,0.0,10.0,0.0,8.0,15.0,5.0,0.0,16.0,1.0,0.0,2.0,7.0,6.0,11.0,0.0,4.0,14.0,3.0,2.0,9.0,26.0,20.0,2.0,2.0,12.0,11.0,16.0,23.0,17.0,58.0,15.0,1.0,0.0,8.0,2.0,0.0,7.0,24.0,17.0,1.0,8.0,3.0,7.0,26.0,0.0,4.0,0.0,23.0,17.0
30,276405865.0,2.0,4.0,0.0,2.0,0.0,9.0,0.0,1.0,8.0,16.0,0.0,0.0,5.0,9.0,0.0,5.0,5.0,7.0,11.0,0.0,0.0,5.0,6.0,12.0,2.0,4.0,8.0,0.0,2.0,0.0,0.0,17.0,0.0,10.0,9.0,1.0,3.0,2.0,3.0,2.0,1.0,0.0,6.0,2.0,2.0,0.0,1.0,7.0,0.0,0.0,0.0,1.0,0.0,0.0,7.0,1.0,1.0,3.0,0.0,0.0,1.0,0.0,2.0,5.0,2.0,12.0,7.0,0.0,0.0,0.0,9.0,5.0,1.0,1.0,3.0,3.0,5.0,4.0,2.0,3.0,9.0,25.0,0.0,1.0,0.0,0.0,0.0,10.0,1.0,0.0,3.0,0.0,2.0,13.0,1.0,1.0,0.0,4.0,7.0
31,2816569681.0,2.0,9.0,0.0,1.0,0.0,5.0,2.0,0.0,0.0,29.0,0.0,2.0,0.0,6.0,0.0,2.0,0.0,19.0,24.0,0.0,19.0,11.0,17.0,39.0,6.0,17.0,1.0,0.0,5.0,0.0,0.0,15.0,0.0,20.0,17.0,8.0,10.0,14.0,8.0,7.0,1.0,9.0,2.0,12.0,0.0,3.0,16.0,20.0,12.0,6.0,0.0,10.0,0.0,0.0,21.0,8.0,0.0,35.0,0.0,2.0,4.0,19.0,6.0,11.0,0.0,2.0,14.0,3.0,7.0,3.0,26.0,21.0,4.0,2.0,6.0,11.0,21.0,14.0,1.0,1.0,7.0,0.0,0.0,11.0,7.0,0.0,13.0,26.0,41.0,0.0,1.0,15.0,15.0,24.0,1.0,6.0,0.0,19.0,1.0
32,281949458.0,21.0,51.0,1.0,29.0,0.0,77.0,18.0,5.0,43.0,206.0,1.0,4.0,16.0,113.0,0.0,23.0,10.0,156.0,191.0,0.0,95.0,126.0,100.0,238.0,30.0,99.0,44.0,3.0,19.0,17.0,15.0,0.0,3.0,174.0,102.0,33.0,88.0,102.0,70.0,52.0,7.0,8.0,28.0,70.0,7.0,20.0,100.0,117.0,67.0,18.0,4.0,56.0,0.0,5.0,134.0,56.0,10.0,116.0,2.0,9.0,29.0,51.0,29.0,87.0,6.0,56.0,130.0,20.0,14.0,19.0,118.0,149.0,6.0,6.0,49.0,76.0,149.0,120.0,15.0,10.0,77.0,2.0,5.0,27.0,19.0,0.0,51.0,207.0,93.0,0.0,43.0,6.0,38.0,155.0,8.0,15.0,0.0,98.0,50.0
33,2834604770.0,11.0,1.0,0.0,0.0,0.0,3.0,2.0,0.0,0.0,6.0,0.0,0.0,0.0,1.0,0.0,1.0,0.0,4.0,4.0,0.0,2.0,3.0,2.0,4.0,1.0,4.0,0.0,0.0,0.0,0.0,0.0,3.0,0.0,3.0,3.0,2.0,2.0,2.0,0.0,4.0,0.0,0.0,0.0,1.0,0.0,1.0,3.0,3.0,3.0,1.0,0.0,2.0,0.0,0.0,4.0,1.0,0.0,2.0,0.0,1.0,0.0,2.0,1.0,1.0,0.0,0.0,5.0,1.0,1.0,0.0,2.0,5.0,0.0,14.0,0.0,2.0,3.0,5.0,0.0,0.0,1.0,0.0,0.0,1.0,0.0,0.0,1.0,5.0,1.0,0.0,0.0,0.0,2.0,4.0,0.0,1.0,0.0,2.0,1.0
34,2847540974.0,22.0,71.0,8.0,22.0,0.0,89.0,17.0,3.0,17.0,304.0,1.0,4.0,7.0,58.0,0.0,21.0,7.0,186.0,261.0,0.0,138.0,129.0,177.0,334.0,37.0,146.0,20.0,2.0,25.0,10.0,20.0,174.0,3.0,0.0,168.0,68.0,204.0,139.0,49.0,132.0,8.0,12.0,38.0,92.0,10.0,23.0,364.0,171.0,88.0,46.0,7.0,73.0,0.0,7.0,247.0,254.0,5.0,160.0,5.0,11.0,40.0,71.0,90.0,92.0,5.0,25.0,141.0,24.0,20.0,26.0,176.0,187.0,7.0,7.0,61.0,84.0,203.0,213.0,24.0,21.0,50.0,1.0,19.0,44.0,23.0,0.0,72.0,428.0,140.0,0.0,29.0,6.0,44.0,188.0,17.0,22.0,0.0,164.0,61.0
35,2874712030.0,14.0,61.0,0.0,9.0,4.0,55.0,24.0,2.0,4.0,186.0,1.0,3.0,3.0,47.0,0.0,18.0,4.0,235.0,396.0,0.0,75.0,85.0,108.0,202.0,43.0,256.0,16.0,20.0,22.0,9.0,17.0,102.0,3.0,168.0,0.0,124.0,82.0,200.0,33.0,66.0,5.0,12.0,26.0,52.0,7.0,75.0,142.0,105.0,94.0,27.0,7.0,119.0,4.0,2.0,133.0,94.0,4.0,117.0,7.0,5.0,12.0,36.0,38.0,57.0,3.0,22.0,74.0,18.0,13.0,23.0,120.0,103.0,3.0,8.0,35.0,51.0,102.0,102.0,12.0,17.0,36.0,1.0,4.0,132.0,16.0,0.0,40.0,174.0,96.0,0.0,13.0,5.0,34.0,112.0,36.0,25.0,0.0,124.0,36.0
36,2888091850.0,24.0,36.0,0.0,2.0,7.0,43.0,12.0,0.0,1.0,115.0,0.0,1.0,0.0,21.0,0.0,8.0,2.0,99.0,159.0,0.0,34.0,30.0,60.0,88.0,16.0,131.0,9.0,13.0,20.0,1.0,8.0,33.0,2.0,68.0,124.0,0.0,51.0,111.0,17.0,52.0,5.0,10.0,25.0,24.0,6.0,55.0,53.0,64.0,50.0,22.0,4.0,79.0,6.0,1.0,58.0,40.0,1.0,48.0,3.0,2.0,7.0,28.0,28.0,29.0,1.0,4.0,40.0,9.0,7.0,8.0,65.0,44.0,4.0,4.0,16.0,23.0,45.0,67.0,6.0,16.0,20.0,0.0,2.0,70.0,13.0,0.0,31.0,77.0,53.0,0.0,7.0,1.0,19.0,76.0,33.0,18.0,0.0,78.0,23.0
37,2913790430.0,12.0,38.0,9.0,4.0,0.0,47.0,17.0,1.0,0.0,156.0,1.0,6.0,0.0,26.0,0.0,13.0,2.0,104.0,140.0,0.0,92.0,75.0,143.0,159.0,21.0,89.0,6.0,1.0,12.0,3.0,10.0,88.0,2.0,204.0,82.0,51.0,0.0,94.0,24.0,87.0,8.0,12.0,12.0,81.0,9.0,18.0,180.0,92.0,53.0,47.0,6.0,44.0,0.0,3.0,155.0,144.0,3.0,125.0,2.0,4.0,29.0,45.0,76.0,47.0,2.0,8.0,89.0,22.0,16.0,15.0,95.0,105.0,8.0,8.0,36.0,41.0,107.0,151.0,8.0,14.0,22.0,0.0,19.0,35.0,15.0,0.0,61.0,205.0,87.0,0.0,8.0,3.0,32.0,104.0,13.0,15.0,0.0,103.0,15.0
38,2916782406.0,16.0,60.0,0.0,9.0,5.0,49.0,23.0,2.0,0.0,157.0,1.0,3.0,0.0,38.0,0.0,17.0,2.0,215.0,264.0,0.0,90.0,94.0,110.0,175.0,42.0,237.0,9.0,21.0,20.0,2.0,14.0,102.0,2.0,139.0,200.0,111.0,94.0,0.0,30.0,54.0,7.0,11.0,14.0,61.0,5.0,88.0,104.0,101.0,110.0,21.0,4.0,129.0,4.0,4.0,111.0,63.0,4.0,121.0,7.0,7.0,17.0,61.0,30.0,57.0,2.0,7.0,91.0,20.0,14.0,21.0,104.0,116.0,4.0,9.0,39.0,56.0,117.0,96.0,16.0,19.0,27.0,0.0,2.0,138.0,19.0,0.0,45.0,153.0,102.0,0.0,15.0,7.0,38.0,129.0,44.0,26.0,0.0,109.0,27.0
39,3106953674.0,6.0,18.0,0.0,3.0,0.0,33.0,7.0,2.0,2.0,69.0,0.0,2.0,0.0,22.0,0.0,7.0,2.0,47.0,78.0,0.0,49.0,72.0,29.0,82.0,17.0,25.0,12.0,1.0,9.0,3.0,8.0,70.0,0.0,49.0,33.0,17.0,24.0,30.0,0.0,21.0,1.0,4.0,11.0,15.0,1.0,5.0,32.0,53.0,25.0,3.0,0.0,22.0,0.0,5.0,50.0,13.0,2.0,48.0,0.0,1.0,14.0,25.0,8.0,23.0,1.0,12.0,28.0,7.0,5.0,9.0,40.0,36.0,0.0,1.0,13.0,20.0,46.0,66.0,12.0,4.0,9.0,0.0,0.0,14.0,3.0,0.0,35.0,91.0,49.0,0.0,4.0,4.0,19.0,58.0,3.0,6.0,0.0,27.0,12.0
40,3195119005.0,8.0,30.0,8.0,3.0,0.0,37.0,10.0,0.0,0.0,109.0,1.0,2.0,0.0,15.0,0.0,8.0,2.0,56.0,94.0,0.0,64.0,47.0,84.0,95.0,20.0,50.0,6.0,0.0,14.0,2.0,7.0,52.0,4.0,132.0,66.0,52.0,87.0,54.0,21.0,0.0,4.0,4.0,10.0,50.0,5.0,10.0,139.0,79.0,38.0,30.0,5.0,37.0,0.0,2.0,108.0,112.0,1.0,58.0,3.0,3.0,27.0,34.0,55.0,31.0,1.0,5.0,42.0,8.0,8.0,10.0,64.0,61.0,2.0,8.0,26.0,34.0,61.0,113.0,7.0,8.0,12.0,0.0,19.0,23.0,9.0,0.0,34.0,154.0,61.0,0.0,5.0,1.0,21.0,69.0,7.0,15.0,0.0,57.0,9.0
41,3220374884.0,2.0,4.0,0.0,0.0,0.0,6.0,2.0,1.0,0.0,16.0,0.0,0.0,0.0,2.0,0.0,0.0,0.0,5.0,8.0,0.0,7.0,21.0,9.0,12.0,6.0,16.0,0.0,0.0,5.0,1.0,1.0,7.0,0.0,8.0,5.0,5.0,8.0,7.0,1.0,4.0,0.0,1.0,4.0,5.0,6.0,0.0,7.0,9.0,1.0,0.0,0.0,3.0,0.0,4.0,10.0,1.0,0.0,6.0,0.0,1.0,3.0,7.0,3.0,6.0,0.0,0.0,10.0,0.0,2.0,21.0,13.0,10.0,4.0,2.0,5.0,5.0,8.0,10.0,5.0,5.0,4.0,0.0,0.0,6.0,1.0,0.0,3.0,10.0,6.0,0.0,2.0,1.0,5.0,8.0,3.0,2.0,0.0,28.0,3.0
42,3224841817.0,6.0,6.0,0.0,4.0,0.0,6.0,2.0,0.0,3.0,18.0,0.0,1.0,0.0,8.0,0.0,2.0,0.0,11.0,22.0,0.0,7.0,9.0,15.0,29.0,7.0,13.0,1.0,0.0,4.0,0.0,9.0,8.0,0.0,12.0,12.0,10.0,12.0,11.0,4.0,4.0,1.0,0.0,3.0,6.0,1.0,4.0,13.0,8.0,8.0,5.0,2.0,3.0,0.0,0.0,11.0,8.0,0.0,24.0,1.0,0.0,3.0,9.0,10.0,4.0,1.0,3.0,12.0,3.0,5.0,2.0,23.0,9.0,0.0,1.0,3.0,3.0,11.0,16.0,0.0,2.0,6.0,0.0,0.0,5.0,2.0,0.0,13.0,16.0,22.0,0.0,1.0,6.0,8.0,18.0,2.0,1.0,0.0,18.0,3.0
43,3247646198.0,1.0,8.0,0.0,2.0,0.0,24.0,2.0,2.0,1.0,52.0,1.0,0.0,1.0,22.0,0.0,4.0,3.0,16.0,35.0,0.0,2.0,21.0,16.0,50.0,8.0,17.0,8.0,0.0,12.0,6.0,2.0,28.0,0.0,38.0,26.0,25.0,12.0,14.0,11.0,10.0,4.0,3.0,0.0,5.0,10.0,3.0,5.0,24.0,2.0,7.0,0.0,10.0,0.0,1.0,13.0,5.0,1.0,10.0,0.0,0.0,3.0,1.0,1.0,11.0,0.0,14.0,14.0,1.0,0.0,5.0,25.0,14.0,3.0,0.0,6.0,9.0,22.0,12.0,11.0,11.0,18.0,1.0,0.0,3.0,1.0,0.0,3.0,31.0,11.0,0.0,6.0,0.0,6.0,32.0,1.0,4.0,0.0,28.0,25.0
44,3258463434.0,8.0,35.0,6.0,4.0,0.0,25.0,11.0,1.0,0.0,83.0,1.0,5.0,0.0,26.0,0.0,7.0,1.0,74.0,81.0,0.0,56.0,50.0,88.0,92.0,13.0,57.0,6.0,2.0,7.0,2.0,12.0,70.0,1.0,92.0,52.0,24.0,81.0,61.0,15.0,50.0,5.0,6.0,5.0,0.0,2.0,10.0,88.0,64.0,39.0,20.0,5.0,33.0,0.0,2.0,104.0,64.0,2.0,78.0,1.0,7.0,23.0,32.0,36.0,37.0,1.0,5.0,69.0,19.0,15.0,7.0,56.0,80.0,3.0,5.0,25.0,39.0,79.0,67.0,5.0,9.0,16.0,0.0,15.0,21.0,10.0,0.0,35.0,114.0,59.0,0.0,5.0,2.0,31.0,70.0,9.0,13.0,0.0,67.0,8.0
45,3258579024.0,0.0,2.0,0.0,1.0,0.0,13.0,1.0,1.0,0.0,16.0,0.0,0.0,0.0,6.0,0.0,0.0,2.0,2.0,9.0,0.0,2.0,19.0,6.0,12.0,23.0,12.0,0.0,0.0,7.0,2.0,0.0,7.0,0.0,10.0,7.0,6.0,9.0,5.0,1.0,5.0,6.0,1.0,10.0,2.0,0.0,0.0,1.0,6.0,2.0,2.0,0.0,4.0,0.0,1.0,5.0,1.0,0.0,6.0,0.0,0.0,0.0,1.0,3.0,6.0,0.0,2.0,6.0,0.0,0.0,1.0,6.0,6.0,4.0,1.0,2.0,1.0,3.0,8.0,6.0,13.0,4.0,0.0,0.0,4.0,0.0,0.0,3.0,8.0,5.0,0.0,3.0,0.0,3.0,8.0,2.0,2.0,0.0,10.0,5.0
46,3260824657.0,6.0,16.0,0.0,1.0,2.0,9.0,7.0,1.0,2.0,28.0,0.0,0.0,1.0,10.0,0.0,0.0,0.0,71.0,105.0,0.0,11.0,18.0,27.0,37.0,10.0,118.0,1.0,14.0,2.0,0.0,3.0,20.0,1.0,23.0,75.0,55.0,18.0,88.0,5.0,10.0,0.0,4.0,3.0,10.0,0.0,0.0,25.0,10.0,39.0,4.0,4.0,60.0,3.0,0.0,22.0,21.0,0.0,21.0,2.0,0.0,2.0,11.0,8.0,8.0,0.0,2.0,14.0,4.0,1.0,4.0,11.0,16.0,0.0,2.0,3.0,3.0,17.0,14.0,1.0,6.0,3.0,0.0,1.0,123.0,4.0,0.0,8.0,34.0,19.0,0.0,2.0,1.0,4.0,23.0,35.0,12.0,0.0,25.0,2.0
47,3273271488.0,15.0,45.0,8.0,4.0,0.0,49.0,25.0,1.0,0.0,191.0,0.0,3.0,1.0,30.0,0.0,12.0,1.0,143.0,223.0,0.0,108.0,83.0,156.0,195.0,21.0,122.0,2.0,1.0,10.0,1.0,16.0,100.0,3.0,364.0,142.0,53.0,180.0,104.0,32.0,139.0,7.0,13.0,5.0,88.0,1.0,25.0,0.0,111.0,61.0,52.0,7.0,59.0,0.0,3.0,233.0,414.0,1.0,142.0,4.0,6.0,32.0,69.0,89.0,51.0,1.0,1.0,89.0,25.0,19.0,16.0,112.0,125.0,10.0,9.0,42.0,54.0,120.0,181.0,14.0,9.0,17.0,0.0,21.0,43.0,20.0,0.0,80.0,373.0,101.0,0.0,11.0,5.0,31.0,118.0,14.0,17.0,0.0,120.0,11.0
48,3289015916.0,11.0,54.0,3.0,4.0,0.0,66.0,14.0,1.0,4.0,186.0,1.0,3.0,1.0,34.0,0.0,19.0,3.0,108.0,172.0,0.0,116.0,110.0,91.0,196.0,33.0,83.0,20.0,1.0,18.0,7.0,20.0,117.0,3.0,171.0,105.0,64.0,92.0,101.0,53.0,79.0,9.0,8.0,24.0,64.0,6.0,10.0,111.0,0.0,61.0,25.0,2.0,51.0,0.0,4.0,147.0,69.0,6.0,108.0,3.0,6.0,35.0,57.0,36.0,62.0,0.0,13.0,77.0,17.0,11.0,20.0,143.0,120.0,5.0,7.0,48.0,66.0,139.0,130.0,16.0,14.0,31.0,1.0,10.0,45.0,14.0,0.0,62.0,203.0,107.0,0.0,14.0,11.0,42.0,135.0,9.0,18.0,0.0,101.0,36.0
49,3300687463.0,7.0,35.0,0.0,1.0,1.0,32.0,15.0,0.0,0.0,94.0,0.0,3.0,0.0,17.0,0.0,10.0,0.0,115.0,132.0,0.0,68.0,53.0,69.0,108.0,18.0,106.0,2.0,11.0,6.0,0.0,12.0,67.0,3.0,88.0,94.0,50.0,53.0,110.0,25.0,38.0,1.0,8.0,2.0,39.0,2.0,39.0,61.0,61.0,0.0,11.0,3.0,76.0,1.0,3.0,93.0,44.0,2.0,81.0,5.0,2.0,15.0,38.0,17.0,45.0,1.0,3.0,64.0,12.0,11.0,7.0,59.0,80.0,2.0,4.0,22.0,30.0,79.0,72.0,5.0,7.0,14.0,0.0,2.0,58.0,12.0,0.0,29.0,101.0,68.0,0.0,6.0,5.0,20.0,79.0,22.0,15.0,0.0,64.0,5.0
50,3317830448.0,9.0,10.0,3.0,2.0,0.0,10.0,3.0,1.0,0.0,36.0,0.0,2.0,0.0,9.0,0.0,4.0,0.0,21.0,28.0,0.0,12.0,12.0,30.0,37.0,3.0,25.0,3.0,0.0,7.0,0.0,6.0,18.0,1.0,46.0,27.0,22.0,47.0,21.0,3.0,30.0,0.0,5.0,7.0,20.0,2.0,4.0,52.0,25.0,11.0,0.0,1.0,9.0,0.0,0.0,32.0,46.0,1.0,19.0,2.0,2.0,5.0,9.0,19.0,11.0,1.0,2.0,14.0,4.0,4.0,3.0,21.0,21.0,0.0,4.0,6.0,8.0,21.0,42.0,2.0,5.0,10.0,0.0,5.0,8.0,6.0,0.0,12.0,46.0,23.0,0.0,2.0,0.0,8.0,26.0,3.0,6.0,0.0,27.0,7.0
51,336942724.0,2.0,4.0,1.0,1.0,0.0,7.0,2.0,1.0,1.0,8.0,0.0,0.0,0.0,5.0,0.0,1.0,1.0,6.0,8.0,0.0,1.0,3.0,9.0,7.0,2.0,5.0,1.0,0.0,0.0,0.0,0.0,4.0,0.0,7.0,7.0,4.0,6.0,4.0,0.0,5.0,0.0,2.0,0.0,5.0,0.0,4.0,7.0,2.0,3.0,1.0,0.0,2.0,0.0,1.0,11.0,5.0,0.0,7.0,0.0,0.0,1.0,1.0,7.0,2.0,0.0,1.0,3.0,2.0,1.0,1.0,6.0,2.0,0.0,1.0,1.0,1.0,3.0,4.0,0.0,1.0,1.0,0.0,2.0,2.0,1.0,0.0,3.0,7.0,5.0,0.0,2.0,0.0,2.0,4.0,1.0,2.0,0.0,7.0,4.0
52,3454733414.0,14.0,40.0,0.0,13.0,4.0,38.0,17.0,3.0,6.0,74.0,1.0,2.0,0.0,28.0,0.0,6.0,5.0,114.0,160.0,0.0,41.0,56.0,50.0,86.0,26.0,128.0,9.0,19.0,10.0,1.0,10.0,56.0,2.0,73.0,119.0,79.0,44.0,129.0,22.0,37.0,3.0,3.0,10.0,33.0,4.0,60.0,59.0,51.0,76.0,9.0,2.0,0.0,3.0,2.0,66.0,38.0,1.0,58.0,5.0,3.0,11.0,26.0,18.0,28.0,0.0,7.0,44.0,10.0,8.0,9.0,50.0,53.0,0.0,4.0,21.0,33.0,50.0,79.0,11.0,9.0,17.0,0.0,2.0,82.0,9.0,0.0,21.0,67.0,43.0,0.0,8.0,3.0,25.0,54.0,32.0,18.0,0.0,52.0,16.0
53,3740548814.0,0.0,0.0,0.0,0.0,5.0,0.0,0.0,0.0,0.0,0.0,0.0,0.0,0.0,0.0,0.0,0.0,0.0,1.0,5.0,0.0,0.0,0.0,1.0,0.0,1.0,4.0,0.0,4.0,0.0,0.0,0.0,0.0,0.0,0.0,4.0,6.0,0.0,4.0,0.0,0.0,0.0,0.0,0.0,0.0,0.0,3.0,0.0,0.0,1.0,0.0,0.0,3.0,0.0,0.0,0.0,0.0,0.0,0.0,0.0,0.0,0.0,0.0,0.0,0.0,0.0,0.0,0.0,0.0,0.0,0.0,0.0,0.0,0.0,0.0,0.0,0.0,0.0,0.0,0.0,0.0,0.0,0.0,0.0,3.0,0.0,0.0,0.0,0.0,0.0,0.0,0.0,0.0,0.0,0.0,2.0,1.0,0.0,0.0,0.0
54,3970441639.0,0.0,1.0,0.0,0.0,0.0,2.0,1.0,1.0,0.0,8.0,0.0,0.0,0.0,0.0,0.0,0.0,0.0,3.0,6.0,0.0,5.0,23.0,3.0,7.0,10.0,1.0,0.0,0.0,8.0,0.0,0.0,5.0,0.0,7.0,2.0,1.0,3.0,4.0,5.0,2.0,4.0,0.0,1.0,2.0,1.0,0.0,3.0,4.0,3.0,0.0,1.0,2.0,0.0,0.0,5.0,3.0,0.0,6.0,0.0,0.0,2.0,3.0,1.0,1.0,0.0,0.0,2.0,0.0,1.0,22.0,5.0,7.0,0.0,0.0,5.0,3.0,7.0,7.0,18.0,9.0,1.0,0.0,0.0,0.0,2.0,0.0,2.0,7.0,3.0,4.0,2.0,0.0,1.0,5.0,0.0,1.0,0.0,8.0,8.0
55,413183905.0,16.0,58.0,8.0,7.0,0.0,69.0,21.0,2.0,2.0,231.0,0.0,6.0,2.0,43.0,0.0,15.0,3.0,159.0,207.0,0.0,127.0,104.0,172.0,222.0,28.0,122.0,8.0,2.0,15.0,7.0,21.0,134.0,4.0,247.0,133.0,58.0,155.0,111.0,50.0,108.0,10.0,11.0,13.0,104.0,5.0,22.0,233.0,147.0,93.0,32.0,11.0,66.0,0.0,5.0,0.0,158.0,3.0,162.0,3.0,7.0,37.0,70.0,80.0,70.0,2.0,9.0,125.0,30.0,23.0,17.0,137.0,159.0,9.0,9.0,44.0,69.0,156.0,184.0,16.0,14.0,29.0,0.0,20.0,44.0,20.0,0.0,74.0,279.0,117.0,0.0,13.0,7.0,49.0,150.0,17.0,24.0,0.0,143.0,28.0
56,4164266719.0,16.0,32.0,8.0,4.0,0.0,32.0,14.0,2.0,2.0,112.0,1.0,3.0,5.0,29.0,0.0,5.0,1.0,77.0,111.0,0.0,47.0,34.0,108.0,103.0,12.0,76.0,4.0,4.0,5.0,1.0,8.0,56.0,1.0,254.0,94.0,40.0,144.0,63.0,13.0,112.0,1.0,8.0,5.0,64.0,1.0,21.0,414.0,69.0,44.0,46.0,5.0,38.0,0.0,3.0,158.0,0.0,2.0,73.0,4.0,3.0,29.0,30.0,71.0,23.0,2.0,7.0,58.0,20.0,13.0,3.0,58.0,75.0,3.0,2.0,20.0,35.0,71.0,122.0,6.0,9.0,13.0,0.0,21.0,34.0,12.0,0.0,38.0,276.0,46.0,0.0,7.0,3.0,15.0,70.0,11.0,13.0,0.0,69.0,12.0
57,417479326.0,0.0,2.0,0.0,1.0,0.0,2.0,1.0,0.0,3.0,12.0,0.0,1.0,0.0,3.0,0.0,3.0,1.0,5.0,6.0,0.0,1.0,4.0,2.0,8.0,2.0,5.0,3.0,0.0,0.0,1.0,0.0,10.0,0.0,5.0,4.0,1.0,3.0,4.0,2.0,1.0,0.0,0.0,1.0,2.0,0.0,0.0,1.0,6.0,2.0,1.0,0.0,1.0,0.0,0.0,3.0,2.0,0.0,4.0,0.0,0.0,2.0,2.0,0.0,3.0,0.0,14.0,3.0,1.0,0.0,1.0,5.0,3.0,0.0,0.0,1.0,4.0,7.0,5.0,0.0,0.0,6.0,0.0,0.0,1.0,1.0,0.0,2.0,8.0,1.0,0.0,3.0,0.0,1.0,8.0,0.0,0.0,0.0,1.0,2.0
58,4207660557.0,20.0,46.0,0.0,7.0,0.0,53.0,18.0,2.0,0.0,222.0,1.0,8.0,0.0,42.0,0.0,12.0,3.0,138.0,176.0,0.0,140.0,115.0,156.0,269.0,35.0,110.0,6.0,2.0,16.0,3.0,35.0,116.0,2.0,160.0,117.0,48.0,125.0,121.0,48.0,58.0,6.0,24.0,10.0,78.0,6.0,21.0,142.0,108.0,81.0,19.0,7.0,58.0,0.0,6.0,162.0,73.0,4.0,0.0,3.0,5.0,23.0,86.0,52.0,59.0,2.0,8.0,110.0,36.0,24.0,18.0,144.0,155.0,12.0,10.0,51.0,77.0,150.0,107.0,17.0,12.0,27.0,0.0,3.0,44.0,29.0,0.0,82.0,198.0,167.0,0.0,15.0,19.0,58.0,145.0,16.0,20.0,0.0,147.0,16.0
59,421929408.0,0.0,3.0,0.0,0.0,0.0,2.0,5.0,0.0,0.0,4.0,0.0,0.0,0.0,3.0,0.0,1.0,0.0,7.0,11.0,0.0,2.0,1.0,6.0,5.0,0.0,6.0,0.0,1.0,1.0,0.0,0.0,2.0,0.0,5.0,7.0,3.0,2.0,7.0,0.0,3.0,0.0,1.0,0.0,1.0,0.0,2.0,4.0,3.0,5.0,2.0,0.0,5.0,0.0,0.0,3.0,4.0,0.0,3.0,0.0,0.0,1.0,2.0,2.0,2.0,1.0,0.0,2.0,1.0,1.0,0.0,2.0,2.0,0.0,1.0,0.0,0.0,2.0,5.0,0.0,0.0,1.0,0.0,0.0,5.0,0.0,0.0,3.0,3.0,4.0,0.0,0.0,1.0,1.0,2.0,1.0,1.0,0.0,4.0,0.0
60,438142822.0,5.0,3.0,0.0,2.0,0.0,7.0,2.0,0.0,2.0,8.0,0.0,0.0,3.0,7.0,0.0,3.0,0.0,7.0,7.0,0.0,6.0,5.0,7.0,9.0,1.0,4.0,2.0,0.0,0.0,0.0,2.0,9.0,1.0,11.0,5.0,2.0,4.0,7.0,1.0,3.0,1.0,0.0,0.0,7.0,0.0,0.0,6.0,6.0,2.0,2.0,0.0,3.0,0.0,0.0,7.0,3.0,0.0,5.0,0.0,0.0,2.0,6.0,4.0,6.0,2.0,0.0,8.0,1.0,3.0,0.0,7.0,6.0,0.0,1.0,3.0,4.0,8.0,7.0,1.0,0.0,4.0,0.0,0.0,2.0,2.0,0.0,3.0,9.0,3.0,0.0,2.0,0.0,3.0,9.0,0.0,3.0,0.0,4.0,3.0
61,4798093214.0,2.0,11.0,1.0,0.0,0.0,12.0,6.0,0.0,2.0,34.0,0.0,0.0,1.0,5.0,0.0,2.0,1.0,20.0,37.0,0.0,30.0,32.0,26.0,37.0,6.0,17.0,2.0,0.0,2.0,1.0,4.0,29.0,0.0,40.0,12.0,7.0,29.0,17.0,14.0,27.0,3.0,3.0,3.0,23.0,0.0,2.0,32.0,35.0,15.0,5.0,1.0,11.0,0.0,2.0,37.0,29.0,2.0,23.0,1.0,2.0,0.0,15.0,18.0,11.0,1.0,4.0,22.0,3.0,3.0,3.0,27.0,25.0,0.0,0.0,11.0,15.0,32.0,39.0,5.0,2.0,7.0,1.0,5.0,7.0,3.0,0.0,18.0,51.0,19.0,0.0,5.0,1.0,10.0,29.0,2.0,3.0,0.0,23.0,2.0
62,4835481672.0,12.0,28.0,0.0,1.0,0.0,32.0,11.0,0.0,0.0,174.0,0.0,8.0,0.0,17.0,0.0,11.0,0.0,64.0,77.0,0.0,95.0,51.0,66.0,102.0,16.0,48.0,1.0,1.0,7.0,0.0,19.0,51.0,2.0,71.0,36.0,28.0,45.0,61.0,25.0,34.0,7.0,9.0,1.0,32.0,1.0,11.0,69.0,57.0,38.0,9.0,1.0,26.0,0.0,3.0,70.0,30.0,2.0,86.0,2.0,6.0,15.0,0.0,27.0,30.0,3.0,2.0,52.0,24.0,23.0,8.0,157.0,79.0,41.0,5.0,59.0,57.0,77.0,65.0,8.0,1.0,14.0,0.0,1.0,29.0,23.0,0.0,84.0,92.0,76.0,0.0,8.0,5.0,26.0,218.0,9.0,14.0,0.0,74.0,4.0
63,521078882.0,15.0,13.0,8.0,0.0,0.0,30.0,8.0,1.0,0.0,74.0,0.0,1.0,0.0,16.0,0.0,3.0,1.0,34.0,54.0,0.0,33.0,21.0,75.0,70.0,7.0,36.0,0.0,0.0,6.0,2.0,6.0,29.0,1.0,90.0,38.0,28.0,76.0,30.0,8.0,55.0,3.0,10.0,1.0,36.0,3.0,8.0,89.0,36.0,17.0,19.0,7.0,18.0,0.0,1.0,80.0,71.0,0.0,52.0,2.0,4.0,18.0,27.0,0.0,17.0,1.0,1.0,36.0,8.0,12.0,2.0,43.0,42.0,1.0,2.0,12.0,18.0,34.0,58.0,3.0,3.0,9.0,0.0,17.0,18.0,12.0,0.0,28.0,101.0,38.0,0.0,7.0,2.0,16.0,49.0,7.0,11.0,0.0,47.0,3.0
64,55200138.0,6.0,35.0,0.0,9.0,0.0,55.0,9.0,2.0,7.0,96.0,0.0,3.0,4.0,33.0,0.0,15.0,1.0,76.0,89.0,0.0,56.0,58.0,55.0,112.0,14.0,66.0,16.0,0.0,11.0,5.0,11.0,87.0,1.0,92.0,57.0,29.0,47.0,57.0,23.0,31.0,6.0,4.0,11.0,37.0,6.0,8.0,51.0,62.0,45.0,11.0,2.0,28.0,0.0,1.0,70.0,23.0,3.0,59.0,2.0,6.0,11.0,30.0,17.0,0.0,5.0,17.0,62.0,10.0,10.0,10.0,70.0,86.0,7.0,2.0,29.0,36.0,78.0,54.0,4.0,7.0,30.0,1.0,1.0,23.0,11.0,0.0,27.0,94.0,66.0,0.0,23.0,4.0,27.0,79.0,5.0,13.0,0.0,62.0,23.0
65,5894192.0,1.0,4.0,0.0,3.0,0.0,15.0,0.0,0.0,3.0,10.0,1.0,0.0,7.0,10.0,0.0,1.0,3.0,0.0,2.0,0.0,1.0,0.0,3.0,7.0,0.0,3.0,4.0,0.0,0.0,2.0,0.0,6.0,0.0,5.0,3.0,1.0,2.0,2.0,1.0,1.0,0.0,1.0,0.0,1.0,0.0,0.0,1.0,0.0,1.0,1.0,0.0,0.0,0.0,0.0,2.0,2.0,0.0,2.0,1.0,2.0,1.0,3.0,1.0,5.0,0.0,3.0,11.0,2.0,1.0,0.0,4.0,9.0,1.0,0.0,1.0,0.0,1.0,6.0,0.0,0.0,7.0,0.0,0.0,1.0,1.0,0.0,1.0,3.0,1.0,0.0,11.0,0.0,2.0,5.0,0.0,0.0,0.0,2.0,4.0
66,626419045.0,6.0,12.0,0.0,21.0,0.0,18.0,3.0,2.0,36.0,37.0,1.0,1.0,8.0,36.0,0.0,6.0,10.0,14.0,15.0,0.0,1.0,11.0,11.0,29.0,6.0,8.0,22.0,0.0,4.0,12.0,2.0,56.0,0.0,25.0,22.0,4.0,8.0,7.0,12.0,5.0,0.0,3.0,14.0,5.0,2.0,2.0,1.0,13.0,3.0,2.0,1.0,7.0,0.0,0.0,9.0,7.0,14.0,8.0,0.0,0.0,4.0,2.0,1.0,17.0,3.0,0.0,15.0,3.0,0.0,2.0,17.0,13.0,0.0,1.0,5.0,10.0,13.0,15.0,2.0,5.0,36.0,6.0,0.0,2.0,1.0,0.0,1.0,20.0,3.0,0.0,12.0,0.0,4.0,21.0,0.0,1.0,0.0,8.0,14.0
67,70664813.0,19.0,51.0,0.0,23.0,0.0,56.0,14.0,6.0,18.0,172.0,1.0,4.0,5.0,58.0,0.0,16.0,3.0,121.0,129.0,0.0,87.0,78.0,98.0,181.0,26.0,88.0,13.0,2.0,14.0,7.0,14.0,130.0,5.0,141.0,74.0,40.0,89.0,91.0,28.0,42.0,10.0,12.0,14.0,69.0,6.0,14.0,89.0,77.0,64.0,14.0,3.0,44.0,0.0,2.0,125.0,58.0,3.0,110.0,2.0,8.0,22.0,52.0,36.0,62.0,11.0,15.0,0.0,24.0,14.0,17.0,97.0,132.0,4.0,10.0,39.0,50.0,120.0,110.0,14.0,13.0,42.0,2.0,4.0,31.0,12.0,0.0,51.0,163.0,83.0,0.0,24.0,4.0,39.0,128.0,9.0,16.0,0.0,100.0,21.0
68,7.070887039407309e+17,6.0,15.0,0.0,1.0,0.0,11.0,6.0,0.0,0.0,40.0,0.0,8.0,0.0,13.0,0.0,3.0,0.0,28.0,28.0,0.0,24.0,15.0,29.0,35.0,4.0,19.0,2.0,0.0,3.0,0.0,3.0,20.0,1.0,24.0,18.0,9.0,22.0,20.0,7.0,8.0,0.0,3.0,1.0,19.0,0.0,4.0,25.0,17.0,12.0,4.0,2.0,10.0,0.0,0.0,30.0,20.0,1.0,36.0,1.0,1.0,3.0,24.0,8.0,10.0,2.0,3.0,24.0,0.0,10.0,1.0,23.0,30.0,4.0,2.0,9.0,16.0,25.0,19.0,2.0,1.0,4.0,0.0,1.0,9.0,7.0,0.0,20.0,34.0,23.0,0.0,1.0,3.0,11.0,32.0,1.0,4.0,0.0,32.0,0.0
69,7.085208463026504e+17,2.0,10.0,0.0,0.0,0.0,7.0,5.0,0.0,0.0,38.0,0.0,4.0,0.0,6.0,0.0,2.0,0.0,12.0,13.0,0.0,23.0,11.0,24.0,21.0,4.0,12.0,0.0,0.0,2.0,0.0,7.0,14.0,1.0,20.0,13.0,7.0,16.0,14.0,5.0,8.0,2.0,5.0,0.0,15.0,0.0,1.0,19.0,11.0,11.0,4.0,1.0,8.0,0.0,1.0,23.0,13.0,0.0,24.0,1.0,3.0,3.0,23.0,12.0,10.0,1.0,0.0,14.0,10.0,0.0,0.0,24.0,25.0,9.0,2.0,11.0,12.0,21.0,15.0,0.0,2.0,4.0,0.0,0.0,7.0,11.0,0.0,18.0,21.0,16.0,0.0,0.0,1.0,8.0,32.0,0.0,2.0,0.0,22.0,0.0
70,7.154919439505859e+17,4.0,8.0,0.0,2.0,0.0,11.0,1.0,1.0,0.0,33.0,0.0,1.0,0.0,7.0,0.0,6.0,0.0,18.0,27.0,0.0,18.0,43.0,19.0,33.0,11.0,16.0,3.0,0.0,9.0,0.0,3.0,19.0,0.0,26.0,23.0,8.0,15.0,21.0,9.0,10.0,21.0,2.0,5.0,7.0,1.0,4.0,16.0,20.0,7.0,3.0,1.0,9.0,0.0,22.0,17.0,3.0,1.0,18.0,0.0,0.0,3.0,8.0,2.0,10.0,0.0,2.0,17.0,1.0,0.0,0.0,23.0,21.0,0.0,2.0,8.0,12.0,25.0,20.0,37.0,8.0,9.0,0.0,0.0,4.0,1.0,0.0,9.0,27.0,15.0,6.0,2.0,1.0,8.0,26.0,1.0,4.0,0.0,67.0,13.0
71,7.396228867685622e+17,14.0,52.0,0.0,20.0,0.0,67.0,18.0,5.0,19.0,329.0,1.0,8.0,10.0,45.0,0.0,21.0,5.0,120.0,172.0,0.0,130.0,108.0,113.0,228.0,35.0,91.0,25.0,0.0,26.0,9.0,26.0,118.0,2.0,176.0,120.0,65.0,95.0,104.0,40.0,64.0,13.0,23.0,25.0,56.0,6.0,11.0,112.0,143.0,59.0,21.0,6.0,50.0,0.0,5.0,137.0,58.0,5.0,144.0,2.0,7.0,27.0,157.0,43.0,70.0,4.0,17.0,97.0,23.0,24.0,23.0,0.0,151.0,55.0,9.0,81.0,86.0,143.0,124.0,21.0,15.0,44.0,3.0,5.0,43.0,29.0,0.0,117.0,186.0,119.0,0.0,31.0,8.0,45.0,206.0,11.0,18.0,0.0,133.0,50.0
72,7.493381327392645e+17,14.0,52.0,0.0,16.0,0.0,70.0,16.0,4.0,8.0,244.0,1.0,9.0,12.0,47.0,0.0,23.0,4.0,150.0,179.0,0.0,127.0,93.0,125.0,247.0,28.0,115.0,21.0,1.0,20.0,5.0,21.0,149.0,5.0,187.0,103.0,44.0,105.0,116.0,36.0,61.0,10.0,9.0,14.0,80.0,6.0,16.0,125.0,120.0,80.0,21.0,2.0,53.0,0.0,7.0,159.0,75.0,3.0,155.0,2.0,6.0,25.0,79.0,42.0,86.0,9.0,13.0,132.0,30.0,25.0,21.0,151.0,0.0,19.0,7.0,60.0,75.0,174.0,125.0,17.0,13.0,38.0,0.0,4.0,39.0,25.0,0.0,71.0,212.0,120.0,0.0,42.0,6.0,49.0,187.0,9.0,21.0,0.0,124.0,32.0
73,7.530743871595725e+17,0.0,3.0,0.0,0.0,0.0,2.0,1.0,0.0,0.0,68.0,0.0,3.0,0.0,2.0,0.0,1.0,0.0,5.0,18.0,0.0,16.0,4.0,14.0,13.0,1.0,8.0,0.0,0.0,2.0,1.0,4.0,6.0,0.0,7.0,3.0,4.0,8.0,4.0,0.0,2.0,4.0,0.0,3.0,3.0,4.0,0.0,10.0,5.0,2.0,0.0,0.0,0.0,0.0,0.0,9.0,3.0,0.0,12.0,0.0,0.0,0.0,41.0,1.0,7.0,1.0,0.0,4.0,4.0,9.0,0.0,55.0,19.0,0.0,0.0,11.0,11.0,8.0,7.0,1.0,1.0,2.0,0.0,0.0,3.0,6.0,0.0,35.0,9.0,4.0,0.0,0.0,0.0,2.0,31.0,2.0,0.0,0.0,11.0,4.0
74,7.54341597354029e+17,10.0,3.0,0.0,0.0,0.0,7.0,6.0,0.0,0.0,13.0,0.0,1.0,0.0,3.0,0.0,3.0,0.0,11.0,12.0,0.0,7.0,7.0,8.0,12.0,3.0,9.0,1.0,0.0,2.0,1.0,2.0,6.0,14.0,7.0,8.0,4.0,8.0,9.0,1.0,8.0,2.0,1.0,0.0,5.0,1.0,2.0,9.0,7.0,4.0,4.0,1.0,4.0,0.0,0.0,9.0,2.0,0.0,10.0,1.0,1.0,0.0,5.0,2.0,2.0,0.0,1.0,10.0,2.0,2.0,2.0,9.0,7.0,0.0,0.0,2.0,4.0,6.0,7.0,0.0,2.0,3.0,0.0,0.0,2.0,0.0,0.0,4.0,9.0,6.0,0.0,0.0,0.0,4.0,7.0,0.0,2.0,0.0,10.0,1.0
75,7.750224627108782e+17,5.0,17.0,0.0,2.0,0.0,22.0,10.0,1.0,0.0,100.0,0.0,7.0,0.0,20.0,0.0,7.0,2.0,41.0,56.0,0.0,57.0,45.0,36.0,77.0,19.0,25.0,7.0,0.0,12.0,3.0,6.0,49.0,0.0,61.0,35.0,16.0,36.0,39.0,13.0,26.0,5.0,3.0,6.0,25.0,2.0,3.0,42.0,48.0,22.0,6.0,1.0,21.0,0.0,5.0,44.0,20.0,1.0,51.0,0.0,3.0,11.0,59.0,12.0,29.0,1.0,5.0,39.0,9.0,11.0,8.0,81.0,60.0,11.0,2.0,0.0,51.0,55.0,42.0,11.0,7.0,13.0,0.0,3.0,19.0,18.0,0.0,36.0,75.0,43.0,0.0,7.0,0.0,17.0,71.0,6.0,7.0,0.0,59.0,13.0
76,7.882217107429786e+17,7.0,34.0,0.0,8.0,0.0,29.0,8.0,2.0,1.0,110.0,1.0,5.0,0.0,33.0,0.0,11.0,2.0,57.0,80.0,0.0,65.0,71.0,50.0,97.0,25.0,40.0,14.0,0.0,11.0,3.0,11.0,76.0,2.0,84.0,51.0,23.0,41.0,56.0,20.0,34.0,5.0,3.0,9.0,39.0,1.0,3.0,54.0,66.0,30.0,8.0,1.0,33.0,0.0,3.0,69.0,35.0,4.0,77.0,0.0,4.0,15.0,57.0,18.0,36.0,0.0,10.0,50.0,16.0,12.0,12.0,86.0,75.0,11.0,4.0,51.0,0.0,83.0,50.0,11.0,7.0,20.0,0.0,3.0,26.0,18.0,0.0,49.0,95.0,54.0,0.0,11.0,5.0,27.0,84.0,6.0,11.0,0.0,58.0,18.0
77,7.917110648450867e+17,15.0,55.0,0.0,6.0,0.0,64.0,15.0,1.0,0.0,259.0,1.0,7.0,1.0,41.0,0.0,21.0,2.0,162.0,190.0,0.0,128.0,117.0,109.0,237.0,36.0,110.0,26.0,0.0,16.0,5.0,21.0,149.0,3.0,203.0,102.0,45.0,107.0,117.0,46.0,61.0,8.0,11.0,22.0,79.0,3.0,17.0,120.0,139.0,79.0,21.0,3.0,50.0,0.0,7.0,156.0,71.0,7.0,150.0,2.0,8.0,32.0,77.0,34.0,78.0,1.0,13.0,120.0,25.0,21.0,25.0,143.0,174.0,8.0,6.0,55.0,83.0,0.0,113.0,18.0,17.0,33.0,0.0,3.0,32.0,23.0,0.0,80.0,223.0,121.0,1.0,14.0,8.0,47.0,180.0,9.0,18.0,0.0,136.0,33.0
78,7.945182830136156e+17,14.0,60.0,6.0,32.0,0.0,73.0,15.0,5.0,17.0,188.0,1.0,5.0,6.0,39.0,0.0,16.0,3.0,114.0,215.0,0.0,119.0,134.0,105.0,206.0,41.0,96.0,13.0,0.0,23.0,4.0,14.0,120.0,5.0,213.0,102.0,67.0,151.0,96.0,66.0,113.0,10.0,16.0,12.0,67.0,8.0,14.0,181.0,130.0,72.0,42.0,4.0,79.0,0.0,7.0,184.0,122.0,5.0,107.0,5.0,7.0,39.0,65.0,58.0,54.0,6.0,15.0,110.0,19.0,15.0,20.0,124.0,125.0,7.0,7.0,42.0,50.0,113.0,0.0,29.0,18.0,31.0,0.0,15.0,34.0,17.0,0.0,56.0,224.0,85.0,0.0,31.0,6.0,37.0,130.0,9.0,13.0,0.0,92.0,37.0
79,7.985419742108918e+17,2.0,6.0,0.0,7.0,0.0,25.0,0.0,5.0,2.0,27.0,0.0,0.0,2.0,5.0,0.0,1.0,2.0,8.0,21.0,0.0,16.0,64.0,9.0,28.0,20.0,6.0,2.0,0.0,17.0,2.0,1.0,15.0,0.0,24.0,12.0,6.0,8.0,16.0,12.0,7.0,5.0,0.0,11.0,5.0,6.0,1.0,14.0,16.0,5.0,2.0,0.0,11.0,0.0,18.0,16.0,6.0,0.0,17.0,0.0,1.0,5.0,8.0,3.0,4.0,0.0,2.0,14.0,2.0,0.0,37.0,21.0,17.0,1.0,0.0,11.0,11.0,18.0,29.0,0.0,16.0,6.0,0.0,0.0,5.0,2.0,0.0,9.0,27.0,11.0,6.0,13.0,1.0,4.0,18.0,1.0,3.0,0.0,16.0,20.0
80,8.101679856379044e+17,0.0,10.0,0.0,2.0,0.0,8.0,2.0,2.0,2.0,28.0,0.0,0.0,1.0,7.0,0.0,1.0,1.0,16.0,29.0,0.0,4.0,73.0,16.0,27.0,56.0,14.0,3.0,2.0,58.0,3.0,1.0,10.0,0.0,21.0,17.0,16.0,14.0,19.0,4.0,8.0,5.0,2.0,11.0,9.0,13.0,6.0,9.0,14.0,7.0,5.0,1.0,9.0,0.0,9.0,14.0,9.0,0.0,12.0,0.0,0.0,2.0,1.0,3.0,7.0,0.0,5.0,13.0,1.0,2.0,8.0,15.0,13.0,1.0,2.0,7.0,7.0,17.0,18.0,16.0,0.0,7.0,0.0,0.0,7.0,1.0,0.0,2.0,18.0,12.0,2.0,6.0,0.0,7.0,14.0,3.0,3.0,0.0,18.0,13.0
81,81861754.0,7.0,23.0,0.0,22.0,0.0,33.0,4.0,2.0,29.0,67.0,1.0,2.0,7.0,58.0,0.0,14.0,6.0,34.0,38.0,0.0,14.0,33.0,36.0,77.0,15.0,35.0,25.0,0.0,15.0,9.0,7.0,77.0,1.0,50.0,36.0,20.0,22.0,27.0,9.0,12.0,4.0,6.0,18.0,16.0,4.0,3.0,17.0,31.0,14.0,10.0,1.0,17.0,0.0,1.0,29.0,13.0,6.0,27.0,1.0,4.0,7.0,14.0,9.0,30.0,7.0,36.0,42.0,4.0,4.0,9.0,44.0,38.0,2.0,3.0,13.0,20.0,33.0,31.0,6.0,7.0,0.0,3.0,0.0,8.0,4.0,0.0,11.0,46.0,19.0,0.0,28.0,3.0,17.0,47.0,1.0,4.0,0.0,29.0,39.0
82,83038653.0,0.0,0.0,0.0,2.0,0.0,3.0,0.0,0.0,7.0,3.0,0.0,0.0,3.0,1.0,0.0,1.0,0.0,2.0,1.0,0.0,0.0,0.0,1.0,3.0,0.0,1.0,0.0,0.0,1.0,25.0,0.0,2.0,0.0,1.0,1.0,0.0,0.0,0.0,0.0,0.0,0.0,0.0,1.0,0.0,0.0,0.0,0.0,1.0,0.0,0.0,0.0,0.0,0.0,0.0,0.0,0.0,0.0,0.0,0.0,0.0,1.0,0.0,0.0,1.0,0.0,6.0,2.0,0.0,0.0,0.0,3.0,0.0,0.0,0.0,0.0,0.0,0.0,0.0,0.0,0.0,3.0,0.0,0.0,0.0,0.0,0.0,0.0,1.0,0.0,0.0,2.0,0.0,0.0,5.0,0.0,0.0,0.0,0.0,1.0
83,8.402196283202314e+17,0.0,2.0,8.0,0.0,0.0,0.0,2.0,0.0,0.0,4.0,0.0,0.0,0.0,2.0,0.0,1.0,0.0,4.0,6.0,0.0,4.0,2.0,15.0,6.0,0.0,5.0,0.0,0.0,0.0,0.0,0.0,5.0,0.0,19.0,4.0,2.0,19.0,2.0,0.0,19.0,0.0,0.0,0.0,15.0,0.0,1.0,21.0,10.0,2.0,5.0,2.0,2.0,0.0,0.0,20.0,21.0,0.0,3.0,0.0,0.0,5.0,1.0,17.0,1.0,0.0,0.0,4.0,1.0,0.0,0.0,5.0,4.0,0.0,0.0,3.0,3.0,3.0,15.0,0.0,0.0,0.0,0.0,0.0,2.0,1.0,0.0,1.0,21.0,3.0,0.0,0.0,0.0,1.0,4.0,1.0,3.0,0.0,4.0,0.0
