,0,1,2,3,4,5,6,7,8,9,10,11,12,13,14,15,16,17,18,19,20,21,22,23,24,25,26,27,28,29,30,31,32,33,34,35,36,37,38,39,40,41,42,43,44,45,46,47,48,49,50,51,52,53,54,55,56,57,58
0,-1.0,1027866224.0,104199233.0,114444486.0,132037287.0,136508172.0,137702613.0,1428381847.0,145535500.0,1493735762.0,163557119.0,17481929.0,17964981.0,1926527911.0,194918485.0,2393746339.0,2447364171.0,2457942650.0,260638630.0,2838321558.0,2848697688.0,2935759928.0,393843874.0,3999676762.0,406196541.0,4574311770.0,4733464693.0,500461506.0,536542792.0,583127755.0,602858739.0,6325.0,64261339.0,68945315.0,714897566.0,7.233811530008904e+17,7.680276422558392e+17,804340837.0,8.213112840168038e+17,83558469.0,83660300.0,8.578223124266066e+17,869503428.0,883863649.0,88444985.0,90149831.0,9.115916926580204e+17,9.14787888541442e+17,9.151205882759086e+17,927385039.0,9.317491609690522e+17,9.332102287697674e+17,9.36697109599871e+17,9.367083752739226e+17,9.373755133827645e+17,9.462978734649344e+17,9.499798117448335e+17,95446830.0,96397818.0
1,1027866224.0,0.0,1.0,4.0,1.0,11.0,0.0,9.0,2.0,0.0,3.0,0.0,9.0,3.0,3.0,0.0,6.0,2.0,3.0,8.0,0.0,0.0,2.0,0.0,0.0,10.0,1.0,3.0,18.0,0.0,11.0,0.0,3.0,0.0,2.0,1.0,28.0,6.0,7.0,2.0,10.0,0.0,6.0,1.0,14.0,6.0,1.0,1.0,0.0,15.0,10.0,0.0,1.0,0.0,0.0,11.0,2.0,6.0,4.0
2,104199233.0,1.0,0.0,2.0,1.0,24.0,0.0,13.0,4.0,6.0,3.0,0.0,26.0,1.0,4.0,1.0,3.0,0.0,14.0,10.0,2.0,6.0,1.0,0.0,4.0,13.0,3.0,4.0,9.0,0.0,19.0,25.0,7.0,1.0,0.0,0.0,23.0,2.0,7.0,14.0,13.0,0.0,5.0,0.0,40.0,5.0,1.0,6.0,0.0,39.0,2.0,0.0,0.0,0.0,4.0,8.0,2.0,22.0,8.0
3,114444486.0,4.0,2.0,0.0,3.0,15.0,0.0,19.0,3.0,0.0,10.0,0.0,10.0,5.0,4.0,3.0,4.0,6.0,5.0,6.0,1.0,0.0,3.0,0.0,2.0,19.0,7.0,5.0,11.0,0.0,11.0,0.0,1.0,1.0,3.0,1.0,22.0,8.0,20.0,1.0,32.0,0.0,9.0,1.0,17.0,27.0,2.0,3.0,0.0,29.0,7.0,1.0,1.0,0.0,3.0,16.0,11.0,28.0,11.0
4,132037287.0,1.0,1.0,3.0,0.0,8.0,0.0,14.0,2.0,20.0,3.0,0.0,144.0,1.0,6.0,0.0,13.0,0.0,0.0,6.0,7.0,0.0,2.0,0.0,1.0,10.0,1.0,6.0,13.0,0.0,14.0,39.0,46.0,1.0,1.0,8.0,27.0,1.0,31.0,30.0,21.0,0.0,9.0,1.0,54.0,11.0,1.0,3.0,0.0,384.0,11.0,0.0,0.0,0.0,0.0,16.0,2.0,29.0,8.0
5,136508172.0,11.0,24.0,15.0,8.0,0.0,0.0,22.0,7.0,0.0,4.0,0.0,44.0,7.0,7.0,3.0,22.0,5.0,13.0,26.0,1.0,5.0,8.0,0.0,6.0,38.0,11.0,14.0,48.0,0.0,45.0,8.0,12.0,7.0,2.0,1.0,41.0,13.0,43.0,10.0,46.0,0.0,24.0,4.0,53.0,20.0,3.0,3.0,0.0,60.0,29.0,0.0,1.0,0.0,6.0,38.0,18.0,47.0,24.0
6,137702613.0,0.0,0.0,0.0,0.0,0.0,0.0,0.0,2.0,1.0,0.0,0.0,15.0,0.0,0.0,0.0,0.0,0.0,2.0,0.0,1.0,0.0,0.0,0.0,0.0,0.0,1.0,0.0,0.0,0.0,0.0,0.0,1.0,2.0,0.0,0.0,1.0,0.0,1.0,0.0,0.0,0.0,0.0,0.0,11.0,0.0,0.0,0.0,0.0,10.0,0.0,0.0,0.0,0.0,1.0,0.0,0.0,1.0,0.0
7,1428381847.0,9.0,13.0,19.0,14.0,22.0,0.0,0.0,4.0,0.0,14.0,0.0,37.0,10.0,11.0,4.0,29.0,8.0,7.0,28.0,2.0,5.0,7.0,0.0,2.0,26.0,8.0,8.0,58.0,0.0,52.0,9.0,10.0,3.0,3.0,2.0,68.0,11.0,39.0,4.0,77.0,0.0,39.0,6.0,59.0,66.0,3.0,3.0,0.0,66.0,29.0,0.0,1.0,0.0,4.0,49.0,14.0,113.0,16.0
8,145535500.0,2.0,4.0,3.0,2.0,7.0,2.0,4.0,0.0,0.0,1.0,0.0,5.0,2.0,2.0,1.0,1.0,1.0,21.0,3.0,0.0,0.0,1.0,0.0,1.0,5.0,0.0,4.0,5.0,0.0,6.0,0.0,6.0,21.0,1.0,0.0,9.0,2.0,4.0,1.0,5.0,0.0,6.0,1.0,13.0,2.0,0.0,0.0,0.0,10.0,3.0,0.0,0.0,0.0,0.0,7.0,2.0,8.0,5.0
9,1493735762.0,0.0,6.0,0.0,20.0,0.0,1.0,0.0,0.0,0.0,0.0,0.0,26.0,0.0,0.0,0.0,0.0,0.0,0.0,0.0,2.0,0.0,0.0,0.0,1.0,1.0,0.0,0.0,0.0,0.0,1.0,5.0,13.0,0.0,0.0,1.0,3.0,0.0,1.0,19.0,0.0,0.0,2.0,1.0,7.0,0.0,0.0,0.0,0.0,183.0,0.0,0.0,0.0,0.0,1.0,0.0,0.0,1.0,0.0
10,163557119.0,3.0,3.0,10.0,3.0,4.0,0.0,14.0,1.0,0.0,0.0,0.0,12.0,7.0,4.0,1.0,9.0,6.0,1.0,9.0,0.0,5.0,2.0,0.0,0.0,9.0,4.0,4.0,9.0,0.0,13.0,1.0,2.0,0.0,18.0,2.0,41.0,5.0,17.0,3.0,19.0,0.0,6.0,3.0,19.0,42.0,1.0,4.0,2.0,19.0,9.0,2.0,0.0,19.0,23.0,49.0,7.0,23.0,14.0
11,17481929.0,0.0,0.0,0.0,0.0,0.0,0.0,0.0,0.0,0.0,0.0,0.0,1.0,0.0,0.0,0.0,0.0,0.0,0.0,0.0,0.0,0.0,0.0,0.0,0.0,0.0,0.0,0.0,0.0,0.0,0.0,0.0,0.0,0.0,0.0,0.0,0.0,0.0,0.0,0.0,0.0,0.0,0.0,0.0,0.0,0.0,0.0,0.0,0.0,0.0,0.0,0.0,0.0,0.0,0.0,0.0,0.0,0.0,0.0
12,17964981.0,9.0,26.0,10.0,144.0,44.0,15.0,37.0,5.0,26.0,12.0,1.0,0.0,8.0,7.0,2.0,22.0,4.0,13.0,33.0,10.0,13.0,5.0,0.0,9.0,35.0,9.0,11.0,60.0,0.0,57.0,65.0,69.0,3.0,4.0,4.0,77.0,11.0,38.0,40.0,61.0,0.0,24.0,6.0,173.0,26.0,3.0,8.0,0.0,348.0,26.0,0.0,1.0,1.0,8.0,36.0,15.0,58.0,22.0
13,1926527911.0,3.0,1.0,5.0,1.0,7.0,0.0,10.0,2.0,0.0,7.0,0.0,8.0,0.0,2.0,1.0,10.0,5.0,1.0,16.0,1.0,3.0,9.0,0.0,0.0,9.0,10.0,4.0,10.0,0.0,12.0,1.0,1.0,0.0,5.0,0.0,18.0,8.0,11.0,2.0,11.0,0.0,9.0,7.0,11.0,18.0,6.0,3.0,3.0,13.0,9.0,10.0,5.0,3.0,8.0,38.0,11.0,8.0,5.0
14,194918485.0,3.0,4.0,4.0,6.0,7.0,0.0,11.0,2.0,0.0,4.0,0.0,7.0,2.0,0.0,0.0,6.0,3.0,4.0,4.0,0.0,0.0,0.0,0.0,0.0,7.0,1.0,2.0,8.0,0.0,7.0,2.0,8.0,2.0,1.0,1.0,12.0,3.0,5.0,1.0,9.0,0.0,11.0,0.0,18.0,6.0,0.0,0.0,0.0,21.0,3.0,0.0,0.0,0.0,1.0,6.0,3.0,11.0,5.0
15,2393746339.0,0.0,1.0,3.0,0.0,3.0,0.0,4.0,1.0,0.0,1.0,0.0,2.0,1.0,0.0,0.0,1.0,0.0,1.0,2.0,0.0,0.0,0.0,0.0,1.0,1.0,0.0,1.0,3.0,0.0,2.0,0.0,0.0,0.0,0.0,0.0,3.0,1.0,2.0,0.0,4.0,0.0,0.0,0.0,3.0,1.0,0.0,0.0,0.0,5.0,0.0,0.0,0.0,0.0,0.0,2.0,1.0,3.0,2.0
16,2447364171.0,6.0,3.0,4.0,13.0,22.0,0.0,29.0,1.0,0.0,9.0,0.0,22.0,10.0,6.0,1.0,0.0,4.0,5.0,27.0,1.0,1.0,7.0,1.0,0.0,26.0,2.0,3.0,38.0,0.0,52.0,0.0,11.0,2.0,1.0,1.0,40.0,11.0,37.0,4.0,35.0,0.0,39.0,5.0,44.0,13.0,0.0,2.0,0.0,53.0,24.0,0.0,0.0,0.0,1.0,43.0,10.0,17.0,19.0
17,2457942650.0,2.0,0.0,6.0,0.0,5.0,0.0,8.0,1.0,0.0,6.0,0.0,4.0,5.0,3.0,0.0,4.0,0.0,1.0,7.0,0.0,52.0,3.0,0.0,0.0,8.0,3.0,3.0,6.0,0.0,7.0,0.0,0.0,0.0,8.0,1.0,14.0,3.0,9.0,0.0,9.0,0.0,6.0,0.0,6.0,10.0,2.0,2.0,0.0,7.0,5.0,2.0,1.0,0.0,3.0,15.0,5.0,8.0,2.0
18,260638630.0,3.0,14.0,5.0,0.0,13.0,2.0,7.0,21.0,0.0,1.0,0.0,13.0,1.0,4.0,1.0,5.0,1.0,0.0,7.0,0.0,1.0,1.0,0.0,1.0,6.0,1.0,4.0,5.0,0.0,9.0,5.0,18.0,8.0,1.0,0.0,19.0,2.0,5.0,3.0,8.0,0.0,6.0,0.0,41.0,5.0,0.0,0.0,0.0,20.0,2.0,0.0,0.0,0.0,4.0,6.0,4.0,20.0,6.0
19,2838321558.0,8.0,10.0,6.0,6.0,26.0,0.0,28.0,3.0,0.0,9.0,0.0,33.0,16.0,4.0,2.0,27.0,7.0,7.0,0.0,0.0,7.0,16.0,0.0,9.0,32.0,16.0,9.0,43.0,0.0,73.0,13.0,16.0,1.0,6.0,1.0,40.0,14.0,31.0,12.0,25.0,0.0,25.0,9.0,35.0,25.0,11.0,11.0,4.0,49.0,29.0,9.0,4.0,2.0,11.0,50.0,16.0,23.0,19.0
20,2848697688.0,0.0,2.0,1.0,7.0,1.0,1.0,2.0,0.0,2.0,0.0,0.0,10.0,1.0,0.0,0.0,1.0,0.0,0.0,0.0,0.0,0.0,0.0,0.0,0.0,0.0,0.0,0.0,1.0,0.0,0.0,4.0,4.0,1.0,0.0,1.0,7.0,1.0,2.0,2.0,3.0,0.0,0.0,0.0,7.0,2.0,0.0,0.0,0.0,28.0,1.0,0.0,0.0,0.0,0.0,1.0,0.0,2.0,3.0
21,2935759928.0,0.0,6.0,0.0,0.0,5.0,0.0,5.0,0.0,0.0,5.0,0.0,13.0,3.0,0.0,0.0,1.0,52.0,1.0,7.0,0.0,0.0,1.0,0.0,2.0,5.0,4.0,0.0,5.0,0.0,13.0,3.0,3.0,0.0,41.0,0.0,21.0,0.0,2.0,6.0,2.0,0.0,6.0,3.0,6.0,9.0,3.0,6.0,2.0,5.0,2.0,2.0,1.0,15.0,71.0,24.0,4.0,7.0,0.0
22,393843874.0,2.0,1.0,3.0,2.0,8.0,0.0,7.0,1.0,0.0,2.0,0.0,5.0,9.0,0.0,0.0,7.0,3.0,1.0,16.0,0.0,1.0,0.0,0.0,1.0,11.0,8.0,2.0,12.0,0.0,14.0,1.0,3.0,0.0,4.0,0.0,7.0,7.0,12.0,1.0,10.0,0.0,11.0,3.0,9.0,8.0,7.0,3.0,0.0,11.0,13.0,7.0,4.0,0.0,3.0,17.0,9.0,4.0,6.0
23,3999676762.0,0.0,0.0,0.0,0.0,0.0,0.0,0.0,0.0,0.0,0.0,0.0,0.0,0.0,0.0,0.0,1.0,0.0,0.0,0.0,0.0,0.0,0.0,0.0,0.0,0.0,0.0,0.0,0.0,0.0,0.0,0.0,0.0,0.0,0.0,0.0,0.0,0.0,0.0,0.0,0.0,0.0,0.0,0.0,0.0,0.0,0.0,0.0,0.0,0.0,0.0,0.0,0.0,0.0,0.0,0.0,0.0,0.0,0.0
24,406196541.0,0.0,4.0,2.0,1.0,6.0,0.0,2.0,1.0,1.0,0.0,0.0,9.0,0.0,0.0,1.0,0.0,0.0,1.0,9.0,0.0,2.0,1.0,0.0,0.0,5.0,3.0,4.0,2.0,0.0,9.0,2.0,2.0,0.0,0.0,0.0,5.0,1.0,4.0,2.0,3.0,0.0,1.0,0.0,7.0,2.0,1.0,3.0,0.0,7.0,0.0,0.0,0.0,0.0,3.0,5.0,3.0,4.0,7.0
25,4574311770.0,10.0,13.0,19.0,10.0,38.0,0.0,26.0,5.0,1.0,9.0,0.0,35.0,9.0,7.0,1.0,26.0,8.0,6.0,32.0,0.0,5.0,11.0,0.0,5.0,0.0,8.0,13.0,49.0,0.0,43.0,2.0,13.0,2.0,2.0,3.0,36.0,15.0,51.0,7.0,47.0,0.0,20.0,6.0,53.0,32.0,3.0,2.0,0.0,77.0,25.0,0.0,1.0,0.0,4.0,44.0,19.0,32.0,25.0
26,4733464693.0,1.0,3.0,7.0,1.0,11.0,1.0,8.0,0.0,0.0,4.0,0.0,9.0,10.0,1.0,0.0,2.0,3.0,1.0,16.0,0.0,4.0,8.0,0.0,3.0,8.0,0.0,6.0,7.0,0.0,13.0,0.0,1.0,0.0,7.0,0.0,33.0,4.0,6.0,1.0,13.0,0.0,4.0,4.0,10.0,15.0,20.0,4.0,3.0,12.0,8.0,13.0,6.0,3.0,20.0,22.0,20.0,8.0,5.0
27,500461506.0,3.0,4.0,5.0,6.0,14.0,0.0,8.0,4.0,0.0,4.0,0.0,11.0,4.0,2.0,1.0,3.0,3.0,4.0,9.0,0.0,0.0,2.0,0.0,4.0,13.0,6.0,0.0,11.0,0.0,12.0,3.0,1.0,5.0,1.0,2.0,9.0,6.0,14.0,7.0,12.0,0.0,4.0,0.0,13.0,11.0,1.0,1.0,1.0,20.0,5.0,0.0,0.0,0.0,3.0,19.0,5.0,16.0,11.0
28,536542792.0,18.0,9.0,11.0,13.0,48.0,0.0,58.0,5.0,0.0,9.0,0.0,60.0,10.0,8.0,3.0,38.0,6.0,5.0,43.0,1.0,5.0,12.0,0.0,2.0,49.0,7.0,11.0,0.0,0.0,85.0,5.0,21.0,2.0,3.0,1.0,55.0,19.0,43.0,7.0,67.0,0.0,46.0,7.0,89.0,27.0,4.0,4.0,1.0,91.0,50.0,0.0,1.0,0.0,3.0,57.0,19.0,36.0,23.0
29,583127755.0,0.0,0.0,0.0,0.0,0.0,0.0,0.0,0.0,0.0,0.0,0.0,0.0,0.0,0.0,0.0,0.0,0.0,0.0,0.0,0.0,0.0,0.0,0.0,0.0,0.0,0.0,0.0,0.0,0.0,0.0,0.0,0.0,0.0,0.0,0.0,0.0,0.0,0.0,0.0,0.0,0.0,0.0,0.0,0.0,0.0,0.0,0.0,0.0,0.0,0.0,0.0,0.0,0.0,0.0,0.0,0.0,0.0,0.0
30,602858739.0,11.0,19.0,11.0,14.0,45.0,0.0,52.0,6.0,1.0,13.0,0.0,57.0,12.0,7.0,2.0,52.0,7.0,9.0,73.0,0.0,13.0,14.0,0.0,9.0,43.0,13.0,12.0,85.0,0.0,0.0,12.0,25.0,5.0,12.0,2.0,105.0,17.0,53.0,17.0,51.0,0.0,57.0,9.0,76.0,29.0,9.0,14.0,1.0,101.0,46.0,11.0,4.0,3.0,50.0,101.0,33.0,38.0,32.0
31,6325.0,0.0,25.0,0.0,39.0,8.0,0.0,9.0,0.0,5.0,1.0,0.0,65.0,1.0,2.0,0.0,0.0,0.0,5.0,13.0,4.0,3.0,1.0,0.0,2.0,2.0,0.0,3.0,5.0,0.0,12.0,0.0,40.0,0.0,0.0,0.0,14.0,0.0,2.0,23.0,11.0,0.0,2.0,0.0,23.0,6.0,0.0,5.0,2.0,149.0,1.0,0.0,0.0,0.0,1.0,3.0,1.0,25.0,4.0
32,64261339.0,3.0,7.0,1.0,46.0,12.0,1.0,10.0,6.0,13.0,2.0,0.0,69.0,1.0,8.0,0.0,11.0,0.0,18.0,16.0,4.0,3.0,3.0,0.0,2.0,13.0,1.0,1.0,21.0,0.0,25.0,40.0,0.0,13.0,0.0,2.0,36.0,6.0,18.0,14.0,20.0,0.0,14.0,3.0,58.0,2.0,0.0,0.0,0.0,219.0,12.0,0.0,0.0,0.0,1.0,13.0,5.0,22.0,8.0
33,68945315.0,0.0,1.0,1.0,1.0,7.0,2.0,3.0,21.0,0.0,0.0,0.0,3.0,0.0,2.0,0.0,2.0,0.0,8.0,1.0,1.0,0.0,0.0,0.0,0.0,2.0,0.0,5.0,2.0,0.0,5.0,0.0,13.0,0.0,0.0,0.0,12.0,1.0,5.0,0.0,4.0,0.0,11.0,0.0,56.0,0.0,0.0,0.0,0.0,9.0,0.0,0.0,0.0,0.0,0.0,6.0,3.0,8.0,2.0
34,714897566.0,2.0,0.0,3.0,1.0,2.0,0.0,3.0,1.0,0.0,18.0,0.0,4.0,5.0,1.0,0.0,1.0,8.0,1.0,6.0,0.0,41.0,4.0,0.0,0.0,2.0,7.0,1.0,3.0,0.0,12.0,0.0,0.0,0.0,0.0,0.0,40.0,2.0,3.0,0.0,4.0,0.0,5.0,9.0,3.0,19.0,8.0,8.0,11.0,4.0,10.0,4.0,3.0,35.0,64.0,71.0,6.0,1.0,1.0
35,7.233811530008904e+17,1.0,0.0,1.0,8.0,1.0,0.0,2.0,0.0,1.0,2.0,0.0,4.0,0.0,1.0,0.0,1.0,1.0,0.0,1.0,1.0,0.0,0.0,0.0,0.0,3.0,0.0,2.0,1.0,0.0,2.0,0.0,2.0,0.0,0.0,0.0,1.0,0.0,2.0,2.0,1.0,0.0,2.0,0.0,2.0,2.0,0.0,0.0,0.0,14.0,2.0,0.0,0.0,0.0,0.0,3.0,0.0,2.0,0.0
36,7.680276422558392e+17,28.0,23.0,22.0,27.0,41.0,1.0,68.0,9.0,3.0,41.0,0.0,77.0,18.0,12.0,3.0,40.0,14.0,19.0,40.0,7.0,21.0,7.0,0.0,5.0,36.0,33.0,9.0,55.0,0.0,105.0,14.0,36.0,12.0,40.0,1.0,0.0,9.0,82.0,11.0,96.0,0.0,66.0,8.0,120.0,100.0,21.0,14.0,13.0,185.0,40.0,20.0,9.0,35.0,106.0,285.0,58.0,94.0,33.0
37,804340837.0,6.0,2.0,8.0,1.0,13.0,0.0,11.0,2.0,0.0,5.0,0.0,11.0,8.0,3.0,1.0,11.0,3.0,2.0,14.0,1.0,0.0,7.0,0.0,1.0,15.0,4.0,6.0,19.0,0.0,17.0,0.0,6.0,1.0,2.0,0.0,9.0,0.0,18.0,1.0,13.0,0.0,8.0,2.0,18.0,11.0,2.0,2.0,0.0,19.0,7.0,0.0,1.0,0.0,1.0,17.0,6.0,12.0,13.0
38,8.213112840168038e+17,7.0,7.0,20.0,31.0,43.0,1.0,39.0,4.0,1.0,17.0,0.0,38.0,11.0,5.0,2.0,37.0,9.0,5.0,31.0,2.0,2.0,12.0,0.0,4.0,51.0,6.0,14.0,43.0,0.0,53.0,2.0,18.0,5.0,3.0,2.0,82.0,18.0,0.0,13.0,66.0,0.0,43.0,5.0,60.0,31.0,3.0,3.0,0.0,151.0,32.0,0.0,1.0,0.0,7.0,65.0,19.0,35.0,32.0
39,83558469.0,2.0,14.0,1.0,30.0,10.0,0.0,4.0,1.0,19.0,3.0,0.0,40.0,2.0,1.0,0.0,4.0,0.0,3.0,12.0,2.0,6.0,1.0,0.0,2.0,7.0,1.0,7.0,7.0,0.0,17.0,23.0,14.0,0.0,0.0,2.0,11.0,1.0,13.0,0.0,8.0,0.0,8.0,1.0,20.0,5.0,0.0,7.0,0.0,99.0,5.0,0.0,0.0,0.0,4.0,14.0,1.0,17.0,10.0
40,83660300.0,10.0,13.0,32.0,21.0,46.0,0.0,77.0,5.0,0.0,19.0,0.0,61.0,11.0,9.0,4.0,35.0,9.0,8.0,25.0,3.0,2.0,10.0,0.0,3.0,47.0,13.0,12.0,67.0,0.0,51.0,11.0,20.0,4.0,4.0,1.0,96.0,13.0,66.0,8.0,0.0,0.0,45.0,7.0,99.0,76.0,3.0,6.0,0.0,90.0,30.0,0.0,1.0,0.0,3.0,59.0,31.0,107.0,19.0
41,8.578223124266066e+17,0.0,0.0,0.0,0.0,0.0,0.0,0.0,0.0,0.0,0.0,0.0,0.0,0.0,0.0,0.0,0.0,0.0,0.0,0.0,0.0,0.0,0.0,0.0,0.0,0.0,0.0,0.0,0.0,0.0,0.0,0.0,0.0,0.0,0.0,0.0,0.0,0.0,0.0,0.0,0.0,0.0,0.0,0.0,0.0,0.0,0.0,0.0,0.0,0.0,0.0,0.0,0.0,0.0,0.0,0.0,0.0,0.0,0.0
42,869503428.0,6.0,5.0,9.0,9.0,24.0,0.0,39.0,6.0,2.0,6.0,0.0,24.0,9.0,11.0,0.0,39.0,6.0,6.0,25.0,0.0,6.0,11.0,0.0,1.0,20.0,4.0,4.0,46.0,0.0,57.0,2.0,14.0,11.0,5.0,2.0,66.0,8.0,43.0,8.0,45.0,0.0,0.0,4.0,50.0,13.0,3.0,2.0,0.0,67.0,27.0,1.0,1.0,1.0,0.0,50.0,7.0,16.0,16.0
43,883863649.0,1.0,0.0,1.0,1.0,4.0,0.0,6.0,1.0,1.0,3.0,0.0,6.0,7.0,0.0,0.0,5.0,0.0,0.0,9.0,0.0,3.0,3.0,0.0,0.0,6.0,4.0,0.0,7.0,0.0,9.0,0.0,3.0,0.0,9.0,0.0,8.0,2.0,5.0,1.0,7.0,0.0,4.0,0.0,8.0,8.0,5.0,2.0,6.0,7.0,9.0,4.0,2.0,7.0,7.0,16.0,5.0,1.0,3.0
44,88444985.0,14.0,40.0,17.0,54.0,53.0,11.0,59.0,13.0,7.0,19.0,0.0,173.0,11.0,18.0,3.0,44.0,6.0,41.0,35.0,7.0,6.0,9.0,0.0,7.0,53.0,10.0,13.0,89.0,0.0,76.0,23.0,58.0,56.0,3.0,2.0,120.0,18.0,60.0,20.0,99.0,0.0,50.0,8.0,0.0,42.0,3.0,4.0,0.0,213.0,40.0,0.0,1.0,0.0,7.0,67.0,21.0,86.0,48.0
45,90149831.0,6.0,5.0,27.0,11.0,20.0,0.0,66.0,2.0,0.0,42.0,0.0,26.0,18.0,6.0,1.0,13.0,10.0,5.0,25.0,2.0,9.0,8.0,0.0,2.0,32.0,15.0,11.0,27.0,0.0,29.0,6.0,2.0,0.0,19.0,2.0,100.0,11.0,31.0,5.0,76.0,0.0,13.0,8.0,42.0,0.0,11.0,7.0,6.0,41.0,15.0,9.0,6.0,18.0,32.0,100.0,32.0,127.0,22.0
46,9.115916926580204e+17,1.0,1.0,2.0,1.0,3.0,0.0,3.0,0.0,0.0,1.0,0.0,3.0,6.0,0.0,0.0,0.0,2.0,0.0,11.0,0.0,3.0,7.0,0.0,1.0,3.0,20.0,1.0,4.0,0.0,9.0,0.0,0.0,0.0,8.0,0.0,21.0,2.0,3.0,0.0,3.0,0.0,3.0,5.0,3.0,11.0,0.0,2.0,3.0,3.0,7.0,13.0,5.0,3.0,15.0,23.0,16.0,1.0,2.0
47,9.14787888541442e+17,1.0,6.0,3.0,3.0,3.0,0.0,3.0,0.0,0.0,4.0,0.0,8.0,3.0,0.0,0.0,2.0,2.0,0.0,11.0,0.0,6.0,3.0,0.0,3.0,2.0,4.0,1.0,4.0,0.0,14.0,5.0,0.0,0.0,8.0,0.0,14.0,2.0,3.0,7.0,6.0,0.0,2.0,2.0,4.0,7.0,2.0,0.0,0.0,8.0,4.0,3.0,3.0,5.0,7.0,16.0,3.0,5.0,2.0
48,9.151205882759086e+17,0.0,0.0,0.0,0.0,0.0,0.0,0.0,0.0,0.0,2.0,0.0,0.0,3.0,0.0,0.0,0.0,0.0,0.0,4.0,0.0,2.0,0.0,0.0,0.0,0.0,3.0,1.0,1.0,0.0,1.0,2.0,0.0,0.0,11.0,0.0,13.0,0.0,0.0,0.0,0.0,0.0,0.0,6.0,0.0,6.0,3.0,0.0,0.0,1.0,2.0,1.0,0.0,20.0,13.0,17.0,0.0,2.0,1.0
49,927385039.0,15.0,39.0,29.0,384.0,60.0,10.0,66.0,10.0,183.0,19.0,0.0,348.0,13.0,21.0,5.0,53.0,7.0,20.0,49.0,28.0,5.0,11.0,0.0,7.0,77.0,12.0,20.0,91.0,0.0,101.0,149.0,219.0,9.0,4.0,14.0,185.0,19.0,151.0,99.0,90.0,0.0,67.0,7.0,213.0,41.0,3.0,8.0,1.0,0.0,46.0,0.0,1.0,1.0,6.0,77.0,17.0,124.0,57.0
50,9.317491609690522e+17,10.0,2.0,7.0,11.0,29.0,0.0,29.0,3.0,0.0,9.0,0.0,26.0,9.0,3.0,0.0,24.0,5.0,2.0,29.0,1.0,2.0,13.0,0.0,0.0,25.0,8.0,5.0,50.0,0.0,46.0,1.0,12.0,0.0,10.0,2.0,40.0,7.0,32.0,5.0,30.0,0.0,27.0,9.0,40.0,15.0,7.0,4.0,2.0,46.0,0.0,5.0,3.0,3.0,6.0,49.0,14.0,9.0,12.0
51,9.332102287697674e+17,0.0,0.0,1.0,0.0,0.0,0.0,0.0,0.0,0.0,2.0,0.0,0.0,10.0,0.0,0.0,0.0,2.0,0.0,9.0,0.0,2.0,7.0,0.0,0.0,0.0,13.0,0.0,0.0,0.0,11.0,0.0,0.0,0.0,4.0,0.0,20.0,0.0,0.0,0.0,0.0,0.0,1.0,4.0,0.0,9.0,13.0,3.0,1.0,0.0,5.0,0.0,5.0,1.0,12.0,19.0,15.0,0.0,0.0
52,9.36697109599871e+17,1.0,0.0,1.0,0.0,1.0,0.0,1.0,0.0,0.0,0.0,0.0,1.0,5.0,0.0,0.0,0.0,1.0,0.0,4.0,0.0,1.0,4.0,0.0,0.0,1.0,6.0,0.0,1.0,0.0,4.0,0.0,0.0,0.0,3.0,0.0,9.0,1.0,1.0,0.0,1.0,0.0,1.0,2.0,1.0,6.0,5.0,3.0,0.0,1.0,3.0,5.0,0.0,0.0,5.0,10.0,7.0,0.0,1.0
53,9.367083752739226e+17,0.0,0.0,0.0,0.0,0.0,0.0,0.0,0.0,0.0,19.0,0.0,1.0,3.0,0.0,0.0,0.0,0.0,0.0,2.0,0.0,15.0,0.0,0.0,0.0,0.0,3.0,0.0,0.0,0.0,3.0,0.0,0.0,0.0,35.0,0.0,35.0,0.0,0.0,0.0,0.0,0.0,1.0,7.0,0.0,18.0,3.0,5.0,20.0,1.0,3.0,1.0,0.0,0.0,29.0,60.0,2.0,0.0,0.0
54,9.373755133827645e+17,0.0,4.0,3.0,0.0,6.0,1.0,4.0,0.0,1.0,23.0,0.0,8.0,8.0,1.0,0.0,1.0,3.0,4.0,11.0,0.0,71.0,3.0,0.0,3.0,4.0,20.0,3.0,3.0,0.0,50.0,1.0,1.0,0.0,64.0,0.0,106.0,1.0,7.0,4.0,3.0,0.0,0.0,7.0,7.0,32.0,15.0,7.0,13.0,6.0,6.0,12.0,5.0,29.0,0.0,80.0,23.0,5.0,4.0
55,9.462978734649344e+17,11.0,8.0,16.0,16.0,38.0,0.0,49.0,7.0,0.0,49.0,0.0,36.0,38.0,6.0,2.0,43.0,15.0,6.0,50.0,1.0,24.0,17.0,0.0,5.0,44.0,22.0,19.0,57.0,0.0,101.0,3.0,13.0,6.0,71.0,3.0,285.0,17.0,65.0,14.0,59.0,0.0,50.0,16.0,67.0,100.0,23.0,16.0,17.0,77.0,49.0,19.0,10.0,60.0,80.0,0.0,43.0,51.0,40.0
56,9.499798117448335e+17,2.0,2.0,11.0,2.0,18.0,0.0,14.0,2.0,0.0,7.0,0.0,15.0,11.0,3.0,1.0,10.0,5.0,4.0,16.0,0.0,4.0,9.0,0.0,3.0,19.0,20.0,5.0,19.0,0.0,33.0,1.0,5.0,3.0,6.0,0.0,58.0,6.0,19.0,1.0,31.0,0.0,7.0,5.0,21.0,32.0,16.0,3.0,0.0,17.0,14.0,15.0,7.0,2.0,23.0,43.0,0.0,32.0,8.0
57,95446830.0,6.0,22.0,28.0,29.0,47.0,1.0,113.0,8.0,1.0,23.0,0.0,58.0,8.0,11.0,3.0,17.0,8.0,20.0,23.0,2.0,7.0,4.0,0.0,4.0,32.0,8.0,16.0,36.0,0.0,38.0,25.0,22.0,8.0,1.0,2.0,94.0,12.0,35.0,17.0,107.0,0.0,16.0,1.0,86.0,127.0,1.0,5.0,2.0,124.0,9.0,0.0,0.0,0.0,5.0,51.0,32.0,0.0,30.0
58,96397818.0,4.0,8.0,11.0,8.0,24.0,0.0,16.0,5.0,0.0,14.0,0.0,22.0,5.0,5.0,2.0,19.0,2.0,6.0,19.0,3.0,0.0,6.0,0.0,7.0,25.0,5.0,11.0,23.0,0.0,32.0,4.0,8.0,2.0,1.0,0.0,33.0,13.0,32.0,10.0,19.0,0.0,16.0,3.0,48.0,22.0,2.0,2.0,1.0,57.0,12.0,0.0,1.0,0.0,4.0,40.0,8.0,30.0,0.0
