,0,1,2,3,4,5,6,7,8,9,10,11,12,13,14,15,16,17,18,19,20,21,22,23,24,25,26,27,28,29,30,31,32,33,34,35,36,37,38,39,40,41,42,43,44,45,46,47,48,49,50,51,52,53,54,55,56,57,58,59,60,61,62,63,64,65,66,67,68,69,70,71,72,73,74,75,76,77,78,79,80,81,82,83,84,85,86,87,88,89,90,91,92,93,94,95,96,97,98,99,100,101,102,103,104,105,106,107,108,109,110,111,112,113,114,115,116,117,118,119,120,121,122
0,-1.0,100500495.0,1019810551.0,102955752.0,104527966.0,104757854.0,106410503.0,106513394.0,107339328.0,1078478790.0,114150093.0,115458733.0,117093537.0,1171864910.0,119666620.0,119997122.0,120680602.0,1241366635.0,126861970.0,128652091.0,1309861544.0,132037287.0,132960957.0,134455655.0,137702613.0,137727025.0,1387819489.0,1425451896.0,145535500.0,1459401972.0,1517321467.0,1579500728.0,1610054502.0,1651092140.0,1664876341.0,16653445.0,17481929.0,17964981.0,18760423.0,19013414.0,1910578790.0,19386376.0,222106205.0,2245242091.0,2267188294.0,22791670.0,2306112656.0,230778362.0,2316104570.0,2392162242.0,240613203.0,2440511773.0,2462120142.0,2580697766.0,2591620134.0,2695177796.0,276827759.0,278552571.0,278928318.0,2811964452.0,28609814.0,28710635.0,2919675846.0,2920504100.0,2981901835.0,308563.0,3089938910.0,3140948101.0,3226102249.0,3247961262.0,3289619900.0,3367201816.0,3367559422.0,3482698340.0,3583326912.0,377683936.0,3871228456.0,397307300.0,403969276.0,41769927.0,418419130.0,446921261.0,451402662.0,45376619.0,46343277.0,4777301054.0,47916750.0,4812981033.0,490040242.0,533314889.0,536262371.0,555227531.0,57262449.0,583127755.0,58578337.0,59146843.0,615482866.0,63382903.0,69515442.0,70030933.0,7.354512621125304e+17,746547164.0,76614977.0,7.706513742458061e+17,7.946288795163689e+17,7.981230453072527e+17,8.284789851851489e+17,8.383324993695949e+17,8.638187000836915e+17,86705867.0,8.710458528859013e+17,8.82751657741869e+17,9.098690216249098e+17,91565358.0,9.16237310244438e+17,927385039.0,9.329304166626263e+17,9.332702691369206e+17,9.359008291727442e+17,93617861.0,943230524.0,9.460311647073894e+17,96175601.0
1,100500495.0,0.0,7.0,2.0,15.0,7.0,0.0,29.0,21.0,0.0,18.0,10.0,7.0,4.0,2.0,21.0,20.0,6.0,26.0,6.0,2.0,2.0,1.0,10.0,0.0,30.0,1.0,26.0,4.0,11.0,8.0,7.0,3.0,10.0,5.0,10.0,0.0,12.0,3.0,3.0,16.0,11.0,1.0,21.0,6.0,0.0,5.0,1.0,3.0,26.0,0.0,25.0,2.0,5.0,2.0,12.0,11.0,1.0,13.0,1.0,11.0,2.0,12.0,15.0,17.0,6.0,21.0,27.0,2.0,3.0,3.0,9.0,3.0,5.0,6.0,7.0,12.0,15.0,19.0,14.0,8.0,12.0,7.0,6.0,8.0,2.0,19.0,5.0,8.0,13.0,10.0,34.0,12.0,0.0,12.0,28.0,4.0,0.0,6.0,24.0,3.0,17.0,0.0,0.0,15.0,0.0,9.0,0.0,11.0,6.0,10.0,0.0,9.0,7.0,10.0,21.0,15.0,14.0,4.0,8.0,19.0,22.0,3.0
2,1019810551.0,7.0,0.0,2.0,11.0,6.0,1.0,41.0,469.0,1.0,24.0,22.0,3.0,13.0,7.0,16.0,57.0,12.0,417.0,10.0,1.0,59.0,4.0,6.0,0.0,50.0,1.0,28.0,2.0,8.0,81.0,5.0,4.0,14.0,13.0,116.0,0.0,30.0,1.0,4.0,32.0,1479.0,3.0,1197.0,4.0,1.0,44.0,1.0,5.0,56.0,0.0,28.0,0.0,9.0,171.0,17.0,19.0,0.0,26.0,27.0,10.0,1.0,599.0,44.0,52.0,3.0,619.0,4.0,1.0,39.0,3.0,634.0,34.0,15.0,701.0,20.0,25.0,9.0,831.0,9.0,15.0,587.0,68.0,94.0,20.0,7.0,69.0,29.0,6.0,273.0,1226.0,54.0,81.0,0.0,33.0,127.0,3.0,3.0,8.0,42.0,395.0,38.0,0.0,0.0,44.0,84.0,6.0,97.0,1062.0,11.0,5.0,0.0,845.0,15.0,3.0,408.0,857.0,14.0,3.0,31.0,134.0,36.0,16.0
3,102955752.0,2.0,2.0,0.0,5.0,0.0,0.0,0.0,6.0,0.0,4.0,4.0,4.0,0.0,1.0,2.0,5.0,0.0,8.0,6.0,0.0,3.0,2.0,2.0,0.0,3.0,0.0,0.0,0.0,2.0,4.0,2.0,12.0,2.0,3.0,4.0,0.0,3.0,0.0,0.0,2.0,3.0,0.0,5.0,0.0,1.0,0.0,0.0,1.0,4.0,0.0,4.0,1.0,0.0,2.0,3.0,6.0,4.0,2.0,1.0,4.0,0.0,4.0,3.0,2.0,0.0,5.0,1.0,0.0,1.0,0.0,5.0,0.0,3.0,2.0,2.0,2.0,6.0,5.0,0.0,10.0,5.0,3.0,3.0,2.0,5.0,9.0,2.0,0.0,6.0,4.0,2.0,3.0,0.0,3.0,6.0,1.0,0.0,2.0,3.0,1.0,4.0,0.0,0.0,3.0,0.0,1.0,0.0,4.0,3.0,0.0,0.0,4.0,5.0,2.0,28.0,10.0,1.0,0.0,3.0,11.0,4.0,1.0
4,104527966.0,15.0,11.0,5.0,0.0,5.0,0.0,40.0,49.0,0.0,77.0,32.0,19.0,7.0,6.0,32.0,64.0,22.0,59.0,20.0,4.0,5.0,9.0,24.0,0.0,70.0,1.0,37.0,6.0,27.0,54.0,26.0,9.0,38.0,18.0,27.0,0.0,50.0,4.0,11.0,50.0,19.0,2.0,27.0,9.0,3.0,6.0,0.0,9.0,53.0,0.0,53.0,4.0,11.0,5.0,30.0,49.0,5.0,42.0,4.0,29.0,9.0,31.0,21.0,25.0,7.0,43.0,23.0,3.0,13.0,7.0,13.0,6.0,16.0,8.0,38.0,27.0,22.0,25.0,24.0,30.0,59.0,21.0,10.0,36.0,1.0,65.0,12.0,16.0,48.0,13.0,66.0,35.0,0.0,39.0,56.0,5.0,6.0,31.0,36.0,13.0,39.0,1.0,0.0,51.0,1.0,12.0,0.0,13.0,19.0,12.0,0.0,27.0,55.0,18.0,61.0,31.0,33.0,9.0,38.0,75.0,27.0,11.0
5,104757854.0,7.0,6.0,0.0,5.0,0.0,0.0,25.0,9.0,0.0,6.0,7.0,2.0,2.0,1.0,11.0,11.0,7.0,13.0,4.0,1.0,10.0,0.0,2.0,1.0,13.0,0.0,15.0,1.0,3.0,3.0,2.0,0.0,4.0,1.0,15.0,0.0,16.0,0.0,0.0,7.0,6.0,0.0,5.0,2.0,0.0,7.0,0.0,2.0,14.0,0.0,4.0,0.0,2.0,2.0,4.0,12.0,0.0,5.0,1.0,8.0,0.0,5.0,17.0,2.0,1.0,14.0,6.0,0.0,1.0,1.0,3.0,0.0,2.0,3.0,9.0,1.0,8.0,21.0,5.0,4.0,6.0,4.0,10.0,4.0,1.0,17.0,3.0,3.0,9.0,8.0,21.0,6.0,0.0,11.0,18.0,0.0,2.0,3.0,12.0,2.0,3.0,0.0,0.0,6.0,0.0,2.0,0.0,5.0,3.0,3.0,0.0,4.0,5.0,2.0,25.0,8.0,7.0,1.0,5.0,20.0,6.0,0.0
6,106410503.0,0.0,1.0,0.0,0.0,0.0,0.0,0.0,0.0,0.0,1.0,1.0,0.0,0.0,0.0,0.0,1.0,0.0,0.0,1.0,0.0,4.0,0.0,0.0,0.0,0.0,0.0,0.0,1.0,1.0,0.0,1.0,0.0,0.0,1.0,1.0,0.0,1.0,2.0,0.0,1.0,0.0,0.0,1.0,0.0,1.0,1.0,1.0,1.0,0.0,0.0,0.0,0.0,0.0,0.0,0.0,1.0,0.0,4.0,0.0,0.0,0.0,0.0,0.0,0.0,6.0,0.0,0.0,0.0,0.0,0.0,0.0,1.0,0.0,0.0,1.0,0.0,0.0,3.0,2.0,1.0,0.0,1.0,0.0,1.0,0.0,2.0,0.0,0.0,0.0,0.0,0.0,0.0,0.0,0.0,1.0,1.0,1.0,1.0,0.0,0.0,1.0,0.0,0.0,0.0,0.0,0.0,0.0,0.0,0.0,0.0,0.0,1.0,1.0,0.0,8.0,0.0,0.0,0.0,0.0,13.0,0.0,0.0
7,106513394.0,29.0,41.0,0.0,40.0,25.0,0.0,0.0,185.0,0.0,113.0,31.0,5.0,20.0,9.0,691.0,140.0,23.0,74.0,9.0,99.0,82.0,1.0,496.0,0.0,346.0,0.0,630.0,4.0,41.0,90.0,29.0,6.0,39.0,18.0,86.0,0.0,146.0,0.0,13.0,74.0,65.0,203.0,79.0,95.0,2.0,13.0,2.0,6.0,378.0,0.0,880.0,1.0,10.0,14.0,233.0,42.0,1.0,38.0,3.0,24.0,3.0,45.0,67.0,482.0,7.0,85.0,37.0,211.0,7.0,90.0,37.0,25.0,17.0,21.0,27.0,347.0,40.0,255.0,32.0,18.0,111.0,21.0,31.0,20.0,8.0,172.0,16.0,56.0,91.0,47.0,1280.0,30.0,0.0,111.0,263.0,2.0,7.0,18.0,79.0,31.0,381.0,36.0,0.0,130.0,5.0,190.0,7.0,48.0,16.0,194.0,1.0,51.0,39.0,91.0,277.0,70.0,284.0,185.0,36.0,149.0,498.0,11.0
8,107339328.0,21.0,469.0,6.0,49.0,9.0,0.0,185.0,0.0,0.0,99.0,53.0,30.0,20.0,5.0,99.0,109.0,28.0,325.0,23.0,15.0,47.0,16.0,71.0,1.0,156.0,2.0,104.0,5.0,45.0,91.0,41.0,18.0,60.0,14.0,79.0,0.0,64.0,9.0,9.0,73.0,995.0,20.0,658.0,27.0,5.0,42.0,1.0,9.0,107.0,0.0,151.0,8.0,18.0,129.0,73.0,61.0,3.0,59.0,18.0,34.0,9.0,545.0,51.0,104.0,11.0,559.0,30.0,10.0,38.0,9.0,349.0,64.0,24.0,464.0,58.0,63.0,32.0,758.0,23.0,58.0,455.0,105.0,57.0,30.0,16.0,109.0,42.0,38.0,233.0,785.0,139.0,94.0,0.0,45.0,134.0,9.0,2.0,43.0,81.0,293.0,118.0,3.0,0.0,130.0,132.0,43.0,184.0,878.0,25.0,41.0,0.0,645.0,56.0,35.0,382.0,1594.0,81.0,13.0,60.0,165.0,115.0,19.0
9,1078478790.0,0.0,1.0,0.0,0.0,0.0,0.0,0.0,0.0,0.0,0.0,0.0,0.0,0.0,0.0,0.0,0.0,0.0,0.0,0.0,0.0,0.0,0.0,0.0,0.0,0.0,0.0,0.0,0.0,0.0,0.0,0.0,5.0,0.0,0.0,2.0,0.0,1.0,0.0,1.0,0.0,6.0,0.0,1.0,0.0,0.0,0.0,0.0,0.0,0.0,0.0,0.0,0.0,0.0,2.0,0.0,0.0,0.0,0.0,0.0,0.0,0.0,0.0,0.0,0.0,0.0,1.0,0.0,0.0,0.0,0.0,0.0,0.0,0.0,0.0,0.0,0.0,0.0,1.0,0.0,0.0,1.0,0.0,1.0,0.0,2.0,2.0,0.0,0.0,0.0,1.0,1.0,0.0,0.0,0.0,1.0,0.0,0.0,0.0,1.0,0.0,0.0,0.0,0.0,0.0,0.0,0.0,0.0,4.0,0.0,0.0,0.0,0.0,0.0,0.0,11.0,2.0,0.0,0.0,0.0,1.0,1.0,0.0
10,114150093.0,18.0,24.0,4.0,77.0,6.0,1.0,113.0,99.0,0.0,0.0,75.0,50.0,21.0,13.0,89.0,159.0,31.0,152.0,29.0,6.0,23.0,16.0,60.0,0.0,169.0,2.0,112.0,9.0,53.0,158.0,52.0,29.0,75.0,30.0,93.0,0.0,110.0,11.0,18.0,90.0,35.0,3.0,67.0,22.0,11.0,21.0,1.0,17.0,141.0,0.0,140.0,8.0,37.0,8.0,87.0,108.0,5.0,88.0,9.0,51.0,12.0,74.0,48.0,65.0,17.0,106.0,33.0,4.0,36.0,14.0,24.0,19.0,30.0,11.0,78.0,75.0,38.0,79.0,36.0,77.0,135.0,41.0,30.0,61.0,7.0,146.0,43.0,35.0,109.0,31.0,171.0,64.0,0.0,93.0,177.0,11.0,14.0,48.0,92.0,34.0,108.0,1.0,0.0,146.0,0.0,38.0,1.0,36.0,28.0,39.0,0.0,63.0,107.0,42.0,139.0,73.0,76.0,29.0,84.0,199.0,59.0,24.0
11,115458733.0,10.0,22.0,4.0,32.0,7.0,1.0,31.0,53.0,0.0,75.0,0.0,23.0,8.0,8.0,26.0,67.0,14.0,78.0,11.0,1.0,18.0,11.0,20.0,0.0,50.0,1.0,25.0,7.0,22.0,47.0,22.0,12.0,31.0,10.0,39.0,0.0,32.0,3.0,5.0,38.0,31.0,1.0,44.0,8.0,5.0,17.0,2.0,5.0,46.0,0.0,43.0,5.0,6.0,10.0,30.0,48.0,6.0,28.0,7.0,34.0,8.0,39.0,24.0,24.0,8.0,62.0,21.0,1.0,11.0,6.0,20.0,6.0,12.0,12.0,22.0,16.0,27.0,49.0,10.0,25.0,58.0,32.0,13.0,30.0,2.0,57.0,15.0,18.0,53.0,22.0,51.0,30.0,0.0,30.0,79.0,5.0,1.0,22.0,45.0,18.0,58.0,0.0,0.0,58.0,1.0,12.0,1.0,25.0,12.0,12.0,0.0,35.0,34.0,12.0,68.0,52.0,19.0,2.0,33.0,70.0,19.0,8.0
12,117093537.0,7.0,3.0,4.0,19.0,2.0,0.0,5.0,30.0,0.0,50.0,23.0,0.0,1.0,1.0,5.0,32.0,7.0,82.0,3.0,0.0,5.0,6.0,4.0,4.0,26.0,0.0,11.0,4.0,8.0,26.0,11.0,14.0,18.0,4.0,12.0,0.0,27.0,49.0,0.0,15.0,14.0,0.0,52.0,0.0,20.0,28.0,1.0,3.0,24.0,1.0,22.0,21.0,3.0,4.0,8.0,41.0,2.0,15.0,2.0,16.0,7.0,15.0,12.0,7.0,31.0,32.0,19.0,0.0,8.0,2.0,17.0,23.0,5.0,4.0,14.0,6.0,12.0,53.0,9.0,14.0,38.0,24.0,11.0,12.0,6.0,55.0,14.0,17.0,24.0,14.0,26.0,22.0,0.0,45.0,90.0,5.0,0.0,12.0,38.0,10.0,27.0,0.0,0.0,48.0,0.0,4.0,1.0,18.0,5.0,0.0,0.0,15.0,24.0,6.0,44.0,33.0,7.0,0.0,28.0,47.0,4.0,6.0
13,1171864910.0,4.0,13.0,0.0,7.0,2.0,0.0,20.0,20.0,0.0,21.0,8.0,1.0,0.0,0.0,26.0,16.0,2.0,11.0,6.0,5.0,0.0,0.0,13.0,0.0,24.0,0.0,25.0,2.0,11.0,4.0,12.0,3.0,8.0,3.0,9.0,0.0,7.0,1.0,4.0,19.0,6.0,1.0,16.0,12.0,1.0,8.0,1.0,3.0,23.0,0.0,34.0,0.0,3.0,2.0,18.0,5.0,0.0,3.0,0.0,3.0,3.0,9.0,5.0,17.0,2.0,17.0,12.0,2.0,1.0,5.0,5.0,4.0,6.0,5.0,4.0,20.0,7.0,8.0,6.0,4.0,5.0,7.0,3.0,6.0,0.0,10.0,2.0,8.0,23.0,8.0,23.0,6.0,0.0,8.0,19.0,1.0,1.0,3.0,15.0,4.0,25.0,0.0,0.0,21.0,0.0,13.0,1.0,5.0,4.0,14.0,0.0,12.0,5.0,13.0,5.0,11.0,21.0,4.0,4.0,19.0,14.0,1.0
14,119666620.0,2.0,7.0,1.0,6.0,1.0,0.0,9.0,5.0,0.0,13.0,8.0,1.0,0.0,0.0,3.0,8.0,0.0,8.0,0.0,0.0,1.0,2.0,4.0,0.0,6.0,1.0,6.0,1.0,3.0,4.0,3.0,0.0,4.0,2.0,6.0,0.0,4.0,0.0,2.0,8.0,5.0,0.0,7.0,0.0,0.0,1.0,0.0,1.0,8.0,0.0,8.0,0.0,0.0,1.0,4.0,6.0,1.0,4.0,0.0,4.0,1.0,5.0,1.0,5.0,3.0,6.0,2.0,0.0,0.0,2.0,3.0,0.0,3.0,2.0,6.0,5.0,4.0,8.0,0.0,2.0,6.0,2.0,2.0,4.0,1.0,10.0,1.0,1.0,8.0,6.0,12.0,3.0,0.0,8.0,12.0,0.0,1.0,3.0,8.0,1.0,7.0,0.0,0.0,5.0,0.0,1.0,0.0,4.0,1.0,2.0,0.0,2.0,4.0,1.0,16.0,9.0,2.0,1.0,2.0,5.0,8.0,1.0
15,119997122.0,21.0,16.0,2.0,32.0,11.0,0.0,691.0,99.0,0.0,89.0,26.0,5.0,26.0,3.0,0.0,69.0,14.0,42.0,7.0,331.0,23.0,2.0,686.0,0.0,245.0,0.0,465.0,3.0,31.0,34.0,25.0,7.0,31.0,12.0,27.0,0.0,55.0,1.0,8.0,57.0,38.0,640.0,40.0,106.0,4.0,10.0,1.0,6.0,266.0,0.0,550.0,0.0,5.0,58.0,219.0,29.0,0.0,21.0,2.0,11.0,3.0,25.0,32.0,583.0,3.0,56.0,31.0,460.0,4.0,65.0,15.0,16.0,14.0,13.0,22.0,257.0,30.0,97.0,14.0,17.0,41.0,9.0,10.0,13.0,5.0,78.0,12.0,46.0,77.0,22.0,619.0,18.0,0.0,67.0,102.0,3.0,5.0,11.0,49.0,13.0,294.0,33.0,0.0,108.0,1.0,159.0,12.0,25.0,17.0,195.0,1.0,29.0,24.0,93.0,101.0,49.0,214.0,121.0,13.0,93.0,321.0,8.0
16,120680602.0,20.0,57.0,5.0,64.0,11.0,1.0,140.0,109.0,0.0,159.0,67.0,32.0,16.0,8.0,69.0,0.0,29.0,170.0,20.0,8.0,64.0,15.0,52.0,0.0,145.0,1.0,83.0,13.0,47.0,302.0,44.0,19.0,85.0,30.0,138.0,0.0,127.0,6.0,15.0,75.0,69.0,4.0,91.0,19.0,4.0,27.0,2.0,16.0,127.0,0.0,113.0,4.0,33.0,17.0,74.0,93.0,5.0,85.0,7.0,70.0,7.0,84.0,61.0,65.0,13.0,132.0,30.0,5.0,27.0,12.0,47.0,18.0,23.0,37.0,75.0,61.0,36.0,152.0,31.0,58.0,206.0,63.0,52.0,54.0,8.0,153.0,43.0,31.0,117.0,63.0,151.0,73.0,0.0,89.0,184.0,12.0,11.0,53.0,64.0,54.0,99.0,3.0,0.0,139.0,7.0,34.0,6.0,66.0,24.0,27.0,1.0,91.0,107.0,32.0,254.0,93.0,58.0,16.0,102.0,191.0,58.0,19.0
17,1241366635.0,6.0,12.0,0.0,22.0,7.0,0.0,23.0,28.0,0.0,31.0,14.0,7.0,2.0,0.0,14.0,29.0,0.0,37.0,9.0,1.0,13.0,12.0,5.0,0.0,28.0,1.0,18.0,5.0,12.0,28.0,9.0,8.0,17.0,8.0,26.0,0.0,29.0,2.0,6.0,8.0,23.0,0.0,26.0,2.0,6.0,9.0,0.0,1.0,30.0,0.0,17.0,4.0,18.0,5.0,6.0,28.0,5.0,49.0,1.0,22.0,7.0,11.0,14.0,8.0,5.0,29.0,12.0,0.0,30.0,2.0,9.0,17.0,8.0,11.0,19.0,7.0,5.0,33.0,15.0,26.0,39.0,6.0,15.0,19.0,2.0,40.0,11.0,7.0,23.0,24.0,31.0,27.0,0.0,11.0,28.0,1.0,1.0,14.0,19.0,12.0,20.0,0.0,0.0,27.0,1.0,3.0,3.0,16.0,4.0,3.0,0.0,16.0,25.0,3.0,64.0,23.0,14.0,4.0,16.0,75.0,13.0,4.0
18,126861970.0,26.0,417.0,8.0,59.0,13.0,0.0,74.0,325.0,0.0,152.0,78.0,82.0,11.0,8.0,42.0,170.0,37.0,0.0,21.0,2.0,53.0,22.0,33.0,0.0,125.0,2.0,55.0,8.0,41.0,216.0,29.0,9.0,88.0,25.0,126.0,0.0,79.0,6.0,13.0,74.0,555.0,1.0,600.0,10.0,3.0,53.0,1.0,11.0,121.0,0.0,96.0,7.0,37.0,106.0,62.0,97.0,5.0,89.0,37.0,55.0,7.0,384.0,70.0,73.0,2.0,431.0,25.0,2.0,52.0,10.0,374.0,48.0,28.0,298.0,67.0,38.0,48.0,500.0,25.0,71.0,548.0,107.0,80.0,49.0,12.0,154.0,80.0,33.0,358.0,543.0,97.0,99.0,0.0,95.0,200.0,12.0,4.0,49.0,64.0,291.0,85.0,1.0,0.0,182.0,70.0,18.0,59.0,517.0,31.0,13.0,0.0,439.0,75.0,21.0,275.0,492.0,41.0,10.0,98.0,261.0,40.0,34.0
19,128652091.0,6.0,10.0,6.0,20.0,4.0,1.0,9.0,23.0,0.0,29.0,11.0,3.0,6.0,0.0,7.0,20.0,9.0,21.0,0.0,1.0,3.0,2.0,5.0,0.0,17.0,0.0,13.0,4.0,14.0,17.0,12.0,9.0,8.0,6.0,23.0,0.0,21.0,3.0,4.0,13.0,9.0,3.0,14.0,3.0,3.0,6.0,1.0,3.0,22.0,0.0,15.0,1.0,12.0,3.0,5.0,20.0,7.0,16.0,3.0,23.0,8.0,14.0,9.0,7.0,5.0,19.0,6.0,1.0,7.0,3.0,10.0,5.0,6.0,5.0,17.0,5.0,6.0,24.0,9.0,20.0,21.0,11.0,11.0,21.0,0.0,28.0,4.0,1.0,13.0,6.0,18.0,16.0,0.0,11.0,32.0,3.0,2.0,13.0,22.0,6.0,12.0,0.0,0.0,13.0,2.0,2.0,0.0,10.0,8.0,4.0,0.0,11.0,21.0,4.0,30.0,13.0,7.0,1.0,12.0,36.0,7.0,7.0
20,1309861544.0,2.0,1.0,0.0,4.0,1.0,0.0,99.0,15.0,0.0,6.0,1.0,0.0,5.0,0.0,331.0,8.0,1.0,2.0,1.0,0.0,2.0,0.0,330.0,0.0,18.0,0.0,126.0,0.0,2.0,1.0,4.0,0.0,4.0,2.0,3.0,0.0,5.0,0.0,2.0,6.0,1.0,476.0,1.0,55.0,0.0,0.0,0.0,3.0,46.0,0.0,113.0,0.0,1.0,26.0,60.0,1.0,0.0,2.0,0.0,0.0,1.0,2.0,2.0,254.0,0.0,3.0,2.0,345.0,0.0,17.0,2.0,5.0,3.0,1.0,2.0,54.0,3.0,11.0,2.0,2.0,2.0,1.0,1.0,1.0,0.0,11.0,2.0,15.0,19.0,5.0,148.0,2.0,0.0,7.0,5.0,1.0,1.0,2.0,4.0,1.0,92.0,16.0,0.0,12.0,0.0,35.0,8.0,2.0,3.0,77.0,0.0,5.0,1.0,23.0,7.0,2.0,41.0,28.0,0.0,5.0,163.0,1.0
21,132037287.0,2.0,59.0,3.0,5.0,10.0,4.0,82.0,47.0,0.0,23.0,18.0,5.0,0.0,1.0,23.0,64.0,13.0,53.0,3.0,2.0,0.0,4.0,12.0,0.0,18.0,0.0,34.0,2.0,2.0,85.0,3.0,3.0,11.0,7.0,185.0,0.0,144.0,0.0,2.0,9.0,63.0,9.0,63.0,4.0,0.0,8.0,0.0,0.0,42.0,0.0,37.0,0.0,13.0,31.0,15.0,32.0,0.0,46.0,5.0,18.0,0.0,38.0,7.0,16.0,3.0,55.0,4.0,6.0,25.0,6.0,34.0,17.0,5.0,27.0,24.0,20.0,6.0,105.0,4.0,16.0,109.0,11.0,85.0,30.0,22.0,162.0,22.0,4.0,41.0,56.0,79.0,30.0,0.0,26.0,55.0,0.0,1.0,13.0,22.0,31.0,12.0,3.0,0.0,24.0,7.0,6.0,9.0,63.0,4.0,12.0,0.0,37.0,18.0,1.0,384.0,61.0,19.0,18.0,18.0,72.0,43.0,8.0
22,132960957.0,1.0,4.0,2.0,9.0,0.0,0.0,1.0,16.0,0.0,16.0,11.0,6.0,0.0,2.0,2.0,15.0,12.0,22.0,2.0,0.0,4.0,0.0,3.0,1.0,10.0,0.0,0.0,1.0,5.0,34.0,3.0,2.0,11.0,2.0,10.0,0.0,15.0,0.0,0.0,5.0,6.0,0.0,10.0,0.0,2.0,1.0,0.0,1.0,12.0,0.0,4.0,0.0,11.0,3.0,6.0,21.0,1.0,22.0,2.0,9.0,0.0,12.0,5.0,4.0,0.0,18.0,3.0,0.0,14.0,0.0,7.0,7.0,5.0,4.0,10.0,2.0,5.0,9.0,2.0,20.0,33.0,8.0,6.0,5.0,0.0,17.0,7.0,4.0,14.0,10.0,5.0,18.0,0.0,10.0,9.0,0.0,0.0,7.0,1.0,7.0,10.0,0.0,0.0,12.0,0.0,2.0,0.0,8.0,2.0,0.0,0.0,12.0,20.0,3.0,40.0,9.0,3.0,0.0,17.0,26.0,1.0,3.0
23,134455655.0,10.0,6.0,2.0,24.0,2.0,0.0,496.0,71.0,0.0,60.0,20.0,4.0,13.0,4.0,686.0,52.0,5.0,33.0,5.0,330.0,12.0,3.0,0.0,0.0,162.0,0.0,338.0,1.0,20.0,37.0,22.0,0.0,30.0,8.0,9.0,0.0,23.0,0.0,5.0,39.0,15.0,630.0,16.0,88.0,1.0,2.0,0.0,5.0,164.0,0.0,402.0,0.0,2.0,13.0,167.0,17.0,0.0,13.0,1.0,5.0,1.0,16.0,16.0,498.0,1.0,39.0,12.0,519.0,6.0,30.0,8.0,6.0,9.0,6.0,17.0,160.0,16.0,46.0,8.0,13.0,35.0,10.0,3.0,9.0,2.0,35.0,11.0,30.0,48.0,11.0,442.0,15.0,0.0,27.0,48.0,2.0,4.0,11.0,15.0,8.0,207.0,33.0,0.0,82.0,0.0,136.0,3.0,14.0,13.0,179.0,1.0,22.0,19.0,78.0,47.0,24.0,130.0,69.0,7.0,45.0,238.0,6.0
24,137702613.0,0.0,0.0,0.0,0.0,1.0,0.0,0.0,1.0,0.0,0.0,0.0,4.0,0.0,0.0,0.0,0.0,0.0,0.0,0.0,0.0,0.0,1.0,0.0,0.0,1.0,0.0,1.0,2.0,1.0,0.0,0.0,11.0,0.0,0.0,1.0,0.0,15.0,6.0,0.0,5.0,0.0,0.0,3.0,0.0,3.0,1.0,0.0,0.0,2.0,0.0,0.0,3.0,0.0,0.0,0.0,2.0,0.0,0.0,1.0,1.0,2.0,0.0,0.0,0.0,2.0,0.0,1.0,0.0,1.0,0.0,0.0,3.0,0.0,0.0,1.0,0.0,0.0,6.0,2.0,2.0,0.0,0.0,0.0,0.0,1.0,2.0,1.0,0.0,0.0,0.0,3.0,1.0,0.0,1.0,12.0,0.0,0.0,0.0,1.0,0.0,0.0,0.0,0.0,1.0,0.0,0.0,0.0,0.0,0.0,0.0,0.0,0.0,0.0,0.0,10.0,0.0,0.0,0.0,2.0,2.0,0.0,0.0
25,137727025.0,30.0,50.0,3.0,70.0,13.0,0.0,346.0,156.0,0.0,169.0,50.0,26.0,24.0,6.0,245.0,145.0,28.0,125.0,17.0,18.0,18.0,10.0,162.0,1.0,0.0,2.0,212.0,5.0,55.0,132.0,51.0,14.0,86.0,23.0,69.0,0.0,101.0,8.0,18.0,98.0,57.0,15.0,106.0,57.0,7.0,10.0,1.0,14.0,203.0,0.0,355.0,6.0,19.0,9.0,134.0,74.0,1.0,66.0,9.0,48.0,7.0,69.0,64.0,211.0,11.0,134.0,38.0,15.0,29.0,16.0,48.0,21.0,21.0,29.0,71.0,138.0,37.0,108.0,34.0,53.0,146.0,35.0,18.0,39.0,1.0,140.0,43.0,43.0,117.0,51.0,368.0,62.0,0.0,61.0,128.0,7.0,10.0,45.0,86.0,42.0,228.0,4.0,0.0,195.0,6.0,115.0,5.0,58.0,28.0,126.0,0.0,82.0,83.0,88.0,143.0,98.0,145.0,45.0,72.0,212.0,113.0,24.0
26,1387819489.0,1.0,1.0,0.0,1.0,0.0,0.0,0.0,2.0,0.0,2.0,1.0,0.0,0.0,1.0,0.0,1.0,1.0,2.0,0.0,0.0,0.0,0.0,0.0,0.0,2.0,0.0,1.0,0.0,1.0,1.0,2.0,1.0,1.0,0.0,2.0,0.0,0.0,0.0,0.0,1.0,3.0,0.0,3.0,0.0,0.0,0.0,0.0,0.0,1.0,0.0,0.0,0.0,0.0,0.0,1.0,1.0,0.0,1.0,1.0,0.0,0.0,1.0,0.0,1.0,0.0,2.0,1.0,0.0,0.0,0.0,1.0,0.0,0.0,1.0,2.0,2.0,0.0,1.0,1.0,1.0,2.0,0.0,1.0,0.0,1.0,1.0,0.0,1.0,2.0,2.0,1.0,4.0,0.0,1.0,2.0,0.0,0.0,1.0,1.0,0.0,1.0,0.0,0.0,1.0,0.0,0.0,0.0,0.0,0.0,1.0,0.0,2.0,0.0,0.0,5.0,4.0,0.0,0.0,1.0,1.0,1.0,0.0
27,1425451896.0,26.0,28.0,0.0,37.0,15.0,0.0,630.0,104.0,0.0,112.0,25.0,11.0,25.0,6.0,465.0,83.0,18.0,55.0,13.0,126.0,34.0,0.0,338.0,1.0,212.0,1.0,0.0,8.0,41.0,24.0,32.0,8.0,28.0,10.0,38.0,0.0,77.0,8.0,9.0,60.0,36.0,194.0,63.0,85.0,6.0,7.0,1.0,7.0,241.0,0.0,491.0,6.0,3.0,8.0,193.0,26.0,1.0,20.0,5.0,23.0,6.0,21.0,52.0,343.0,10.0,52.0,40.0,153.0,9.0,54.0,17.0,20.0,12.0,13.0,16.0,287.0,28.0,135.0,20.0,14.0,36.0,13.0,19.0,17.0,3.0,117.0,12.0,45.0,60.0,22.0,763.0,24.0,0.0,78.0,170.0,4.0,6.0,16.0,80.0,12.0,213.0,19.0,0.0,109.0,3.0,100.0,1.0,26.0,19.0,120.0,0.0,35.0,26.0,55.0,120.0,40.0,201.0,154.0,18.0,116.0,299.0,5.0
28,145535500.0,4.0,2.0,0.0,6.0,1.0,1.0,4.0,5.0,0.0,9.0,7.0,4.0,2.0,1.0,3.0,13.0,5.0,8.0,4.0,0.0,2.0,1.0,1.0,2.0,5.0,0.0,8.0,0.0,4.0,3.0,8.0,6.0,4.0,3.0,11.0,0.0,5.0,5.0,2.0,5.0,2.0,0.0,5.0,1.0,3.0,6.0,2.0,1.0,6.0,0.0,11.0,0.0,4.0,2.0,3.0,15.0,3.0,9.0,0.0,18.0,2.0,3.0,5.0,5.0,2.0,6.0,4.0,0.0,2.0,2.0,2.0,3.0,1.0,0.0,3.0,1.0,5.0,19.0,5.0,5.0,7.0,4.0,2.0,8.0,0.0,12.0,0.0,2.0,6.0,2.0,16.0,6.0,0.0,5.0,10.0,3.0,1.0,3.0,12.0,1.0,9.0,0.0,0.0,7.0,0.0,1.0,1.0,2.0,3.0,2.0,0.0,6.0,8.0,3.0,10.0,3.0,4.0,0.0,5.0,13.0,3.0,1.0
29,1459401972.0,11.0,8.0,2.0,27.0,3.0,1.0,41.0,45.0,0.0,53.0,22.0,8.0,11.0,3.0,31.0,47.0,12.0,41.0,14.0,2.0,2.0,5.0,20.0,1.0,55.0,1.0,41.0,4.0,0.0,28.0,23.0,8.0,25.0,13.0,23.0,0.0,30.0,3.0,8.0,38.0,13.0,1.0,26.0,9.0,5.0,9.0,2.0,8.0,52.0,0.0,50.0,6.0,9.0,3.0,26.0,35.0,5.0,27.0,1.0,14.0,5.0,17.0,21.0,25.0,2.0,39.0,22.0,1.0,10.0,5.0,9.0,6.0,9.0,8.0,30.0,28.0,12.0,18.0,16.0,28.0,29.0,19.0,11.0,21.0,0.0,44.0,14.0,14.0,33.0,10.0,52.0,22.0,0.0,20.0,48.0,4.0,3.0,21.0,39.0,8.0,38.0,0.0,0.0,48.0,1.0,15.0,0.0,9.0,13.0,13.0,0.0,25.0,32.0,20.0,41.0,25.0,31.0,5.0,22.0,57.0,23.0,10.0
30,1517321467.0,8.0,81.0,4.0,54.0,3.0,0.0,90.0,91.0,0.0,158.0,47.0,26.0,4.0,4.0,34.0,302.0,28.0,216.0,17.0,1.0,85.0,34.0,37.0,0.0,132.0,1.0,24.0,3.0,28.0,0.0,33.0,3.0,131.0,50.0,153.0,0.0,118.0,0.0,13.0,66.0,94.0,1.0,133.0,3.0,1.0,9.0,0.0,12.0,62.0,1.0,72.0,1.0,92.0,23.0,59.0,81.0,0.0,197.0,20.0,55.0,9.0,198.0,43.0,30.0,3.0,170.0,10.0,4.0,50.0,7.0,83.0,40.0,21.0,37.0,107.0,25.0,20.0,199.0,16.0,91.0,522.0,55.0,40.0,39.0,2.0,144.0,89.0,9.0,244.0,91.0,79.0,92.0,0.0,68.0,124.0,3.0,4.0,61.0,31.0,113.0,67.0,6.0,0.0,158.0,8.0,8.0,10.0,118.0,27.0,9.0,0.0,159.0,151.0,16.0,312.0,132.0,27.0,6.0,224.0,301.0,13.0,50.0
31,1579500728.0,7.0,5.0,2.0,26.0,2.0,1.0,29.0,41.0,0.0,52.0,22.0,11.0,12.0,3.0,25.0,44.0,9.0,29.0,12.0,4.0,3.0,3.0,22.0,0.0,51.0,2.0,32.0,8.0,23.0,33.0,0.0,9.0,29.0,12.0,17.0,0.0,27.0,5.0,7.0,30.0,7.0,2.0,18.0,10.0,7.0,3.0,1.0,7.0,30.0,0.0,52.0,1.0,6.0,3.0,25.0,26.0,2.0,25.0,1.0,14.0,5.0,20.0,14.0,23.0,4.0,29.0,17.0,2.0,9.0,6.0,7.0,4.0,5.0,5.0,28.0,27.0,15.0,17.0,14.0,25.0,34.0,18.0,7.0,16.0,0.0,32.0,10.0,12.0,29.0,7.0,47.0,28.0,0.0,22.0,33.0,3.0,4.0,25.0,18.0,10.0,31.0,0.0,0.0,47.0,0.0,12.0,1.0,11.0,11.0,14.0,0.0,20.0,31.0,20.0,38.0,23.0,24.0,5.0,19.0,58.0,21.0,10.0
32,1610054502.0,3.0,4.0,12.0,9.0,0.0,0.0,6.0,18.0,5.0,29.0,12.0,14.0,3.0,0.0,7.0,19.0,8.0,9.0,9.0,0.0,3.0,2.0,0.0,11.0,14.0,1.0,8.0,6.0,8.0,3.0,9.0,0.0,3.0,10.0,21.0,0.0,37.0,14.0,2.0,17.0,20.0,3.0,15.0,1.0,20.0,2.0,1.0,0.0,6.0,0.0,17.0,19.0,5.0,15.0,5.0,10.0,5.0,13.0,0.0,14.0,6.0,2.0,1.0,3.0,15.0,13.0,12.0,1.0,8.0,3.0,0.0,10.0,0.0,1.0,3.0,2.0,6.0,48.0,7.0,10.0,9.0,5.0,7.0,22.0,67.0,56.0,3.0,3.0,5.0,7.0,14.0,10.0,0.0,3.0,38.0,2.0,0.0,5.0,27.0,1.0,14.0,0.0,0.0,9.0,0.0,0.0,5.0,12.0,4.0,1.0,0.0,2.0,5.0,1.0,374.0,13.0,6.0,1.0,5.0,30.0,8.0,1.0
33,1651092140.0,10.0,14.0,2.0,38.0,4.0,0.0,39.0,60.0,0.0,75.0,31.0,18.0,8.0,4.0,31.0,85.0,17.0,88.0,8.0,4.0,11.0,11.0,30.0,0.0,86.0,1.0,28.0,4.0,25.0,131.0,29.0,3.0,0.0,17.0,31.0,0.0,39.0,1.0,12.0,50.0,23.0,3.0,37.0,9.0,1.0,6.0,1.0,10.0,41.0,0.0,50.0,1.0,22.0,8.0,38.0,42.0,2.0,56.0,1.0,28.0,4.0,65.0,32.0,24.0,1.0,76.0,18.0,3.0,22.0,7.0,23.0,8.0,16.0,13.0,61.0,17.0,21.0,46.0,17.0,46.0,119.0,23.0,15.0,26.0,1.0,55.0,36.0,14.0,65.0,22.0,48.0,50.0,0.0,34.0,32.0,4.0,4.0,37.0,19.0,40.0,34.0,0.0,0.0,90.0,1.0,13.0,1.0,27.0,18.0,15.0,0.0,48.0,51.0,23.0,84.0,46.0,29.0,6.0,55.0,104.0,15.0,25.0
34,1664876341.0,5.0,13.0,3.0,18.0,1.0,1.0,18.0,14.0,0.0,30.0,10.0,4.0,3.0,2.0,12.0,30.0,8.0,25.0,6.0,2.0,7.0,2.0,8.0,0.0,23.0,0.0,10.0,3.0,13.0,50.0,12.0,10.0,17.0,0.0,23.0,0.0,18.0,3.0,6.0,17.0,18.0,1.0,27.0,2.0,6.0,5.0,1.0,7.0,12.0,0.0,15.0,2.0,8.0,5.0,6.0,17.0,3.0,28.0,0.0,8.0,3.0,18.0,8.0,9.0,3.0,23.0,9.0,1.0,6.0,2.0,16.0,7.0,5.0,9.0,19.0,7.0,5.0,32.0,10.0,19.0,42.0,10.0,9.0,15.0,5.0,31.0,18.0,3.0,19.0,18.0,21.0,14.0,0.0,11.0,21.0,3.0,3.0,11.0,15.0,12.0,16.0,0.0,0.0,18.0,1.0,4.0,0.0,19.0,9.0,3.0,1.0,22.0,24.0,8.0,45.0,23.0,9.0,2.0,17.0,55.0,10.0,13.0
35,16653445.0,10.0,116.0,4.0,27.0,15.0,1.0,86.0,79.0,2.0,93.0,39.0,12.0,9.0,6.0,27.0,138.0,26.0,126.0,23.0,3.0,185.0,10.0,9.0,1.0,69.0,2.0,38.0,11.0,23.0,153.0,17.0,21.0,31.0,23.0,0.0,0.0,156.0,11.0,11.0,34.0,123.0,3.0,149.0,3.0,13.0,36.0,1.0,7.0,78.0,0.0,45.0,12.0,44.0,25.0,15.0,79.0,12.0,92.0,23.0,83.0,8.0,71.0,33.0,21.0,23.0,105.0,12.0,2.0,65.0,2.0,57.0,32.0,18.0,51.0,48.0,18.0,19.0,276.0,33.0,49.0,156.0,39.0,154.0,113.0,21.0,206.0,23.0,12.0,63.0,106.0,104.0,78.0,0.0,53.0,233.0,4.0,9.0,20.0,88.0,44.0,49.0,1.0,0.0,49.0,13.0,6.0,5.0,99.0,15.0,4.0,0.0,100.0,67.0,16.0,543.0,104.0,24.0,10.0,75.0,205.0,32.0,16.0
36,17481929.0,0.0,0.0,0.0,0.0,0.0,0.0,0.0,0.0,0.0,0.0,0.0,0.0,0.0,0.0,0.0,0.0,0.0,0.0,0.0,0.0,0.0,0.0,0.0,0.0,0.0,0.0,0.0,0.0,0.0,0.0,0.0,0.0,0.0,0.0,0.0,0.0,1.0,0.0,0.0,0.0,0.0,0.0,0.0,0.0,0.0,0.0,0.0,0.0,0.0,0.0,0.0,0.0,0.0,0.0,0.0,0.0,0.0,0.0,0.0,0.0,0.0,0.0,0.0,0.0,0.0,0.0,0.0,0.0,0.0,0.0,0.0,0.0,0.0,0.0,0.0,0.0,0.0,0.0,0.0,0.0,0.0,0.0,0.0,0.0,0.0,1.0,0.0,0.0,0.0,0.0,0.0,0.0,0.0,0.0,0.0,0.0,0.0,0.0,0.0,0.0,0.0,0.0,0.0,0.0,0.0,0.0,0.0,0.0,0.0,0.0,0.0,0.0,0.0,0.0,0.0,0.0,0.0,0.0,0.0,0.0,0.0,0.0
37,17964981.0,12.0,30.0,3.0,50.0,16.0,1.0,146.0,64.0,1.0,110.0,32.0,27.0,7.0,4.0,55.0,127.0,29.0,79.0,21.0,5.0,144.0,15.0,23.0,15.0,101.0,0.0,77.0,5.0,30.0,118.0,27.0,37.0,39.0,18.0,156.0,1.0,0.0,10.0,16.0,50.0,42.0,9.0,56.0,3.0,15.0,11.0,1.0,11.0,88.0,0.0,91.0,13.0,23.0,10.0,38.0,78.0,0.0,68.0,3.0,40.0,7.0,41.0,43.0,27.0,13.0,59.0,19.0,4.0,21.0,7.0,18.0,23.0,15.0,23.0,50.0,30.0,22.0,123.0,30.0,40.0,110.0,28.0,41.0,54.0,23.0,265.0,26.0,14.0,68.0,26.0,213.0,44.0,0.0,59.0,139.0,7.0,14.0,41.0,73.0,21.0,30.0,2.0,0.0,63.0,2.0,7.0,4.0,40.0,16.0,10.0,0.0,40.0,105.0,16.0,348.0,48.0,46.0,16.0,77.0,147.0,43.0,15.0
38,18760423.0,3.0,1.0,0.0,4.0,0.0,2.0,0.0,9.0,0.0,11.0,3.0,49.0,1.0,0.0,1.0,6.0,2.0,6.0,3.0,0.0,0.0,0.0,0.0,6.0,8.0,0.0,8.0,5.0,3.0,0.0,5.0,14.0,1.0,3.0,11.0,0.0,10.0,0.0,0.0,3.0,0.0,0.0,25.0,0.0,8.0,18.0,1.0,1.0,4.0,0.0,12.0,10.0,0.0,0.0,1.0,17.0,2.0,3.0,0.0,15.0,8.0,0.0,1.0,1.0,8.0,3.0,5.0,0.0,6.0,0.0,0.0,16.0,0.0,0.0,1.0,0.0,4.0,22.0,5.0,2.0,3.0,1.0,0.0,9.0,5.0,16.0,1.0,0.0,1.0,0.0,14.0,5.0,0.0,5.0,15.0,2.0,1.0,1.0,26.0,0.0,6.0,0.0,0.0,8.0,0.0,0.0,0.0,5.0,1.0,0.0,0.0,0.0,3.0,0.0,10.0,6.0,1.0,0.0,10.0,14.0,1.0,0.0
39,19013414.0,3.0,4.0,0.0,11.0,0.0,0.0,13.0,9.0,1.0,18.0,5.0,0.0,4.0,2.0,8.0,15.0,6.0,13.0,4.0,2.0,2.0,0.0,5.0,0.0,18.0,0.0,9.0,2.0,8.0,13.0,7.0,2.0,12.0,6.0,11.0,0.0,16.0,0.0,0.0,8.0,4.0,1.0,7.0,3.0,1.0,2.0,1.0,3.0,13.0,0.0,13.0,0.0,2.0,1.0,10.0,7.0,0.0,11.0,0.0,9.0,1.0,6.0,6.0,8.0,2.0,9.0,3.0,2.0,4.0,2.0,2.0,1.0,2.0,2.0,12.0,8.0,4.0,5.0,5.0,5.0,14.0,6.0,7.0,9.0,1.0,17.0,2.0,3.0,15.0,3.0,22.0,11.0,0.0,8.0,14.0,0.0,1.0,7.0,8.0,2.0,11.0,0.0,0.0,16.0,0.0,2.0,0.0,5.0,4.0,4.0,0.0,3.0,15.0,3.0,26.0,6.0,9.0,3.0,9.0,18.0,7.0,4.0
40,1910578790.0,16.0,32.0,2.0,50.0,7.0,1.0,74.0,73.0,0.0,90.0,38.0,15.0,19.0,8.0,57.0,75.0,8.0,74.0,13.0,6.0,9.0,5.0,39.0,5.0,98.0,1.0,60.0,5.0,38.0,66.0,30.0,17.0,50.0,17.0,34.0,0.0,50.0,3.0,8.0,0.0,38.0,2.0,46.0,17.0,4.0,11.0,1.0,12.0,71.0,0.0,81.0,4.0,11.0,10.0,49.0,43.0,0.0,40.0,2.0,18.0,8.0,47.0,32.0,45.0,7.0,76.0,18.0,1.0,11.0,10.0,25.0,7.0,13.0,14.0,44.0,57.0,24.0,57.0,18.0,31.0,77.0,24.0,9.0,34.0,6.0,70.0,17.0,19.0,73.0,27.0,90.0,40.0,0.0,47.0,83.0,7.0,4.0,29.0,64.0,27.0,60.0,1.0,0.0,94.0,3.0,29.0,1.0,33.0,20.0,23.0,0.0,50.0,45.0,26.0,92.0,53.0,49.0,8.0,32.0,88.0,39.0,9.0
41,19386376.0,11.0,1479.0,3.0,19.0,6.0,0.0,65.0,995.0,6.0,35.0,31.0,14.0,6.0,5.0,38.0,69.0,23.0,555.0,9.0,1.0,63.0,6.0,15.0,0.0,57.0,3.0,36.0,2.0,13.0,94.0,7.0,20.0,23.0,18.0,123.0,0.0,42.0,0.0,4.0,38.0,0.0,19.0,2058.0,5.0,1.0,53.0,0.0,3.0,65.0,0.0,44.0,3.0,7.0,273.0,16.0,30.0,0.0,37.0,32.0,5.0,1.0,949.0,39.0,58.0,4.0,933.0,14.0,1.0,44.0,6.0,940.0,63.0,18.0,1193.0,18.0,34.0,15.0,1348.0,14.0,20.0,831.0,82.0,100.0,22.0,15.0,92.0,44.0,16.0,334.0,2247.0,75.0,93.0,0.0,40.0,141.0,3.0,2.0,11.0,63.0,629.0,43.0,0.0,0.0,49.0,157.0,10.0,223.0,2018.0,14.0,9.0,1.0,1416.0,16.0,2.0,619.0,1698.0,18.0,9.0,30.0,183.0,48.0,24.0
42,222106205.0,1.0,3.0,0.0,2.0,0.0,0.0,203.0,20.0,0.0,3.0,1.0,0.0,1.0,0.0,640.0,4.0,0.0,1.0,3.0,476.0,9.0,0.0,630.0,0.0,15.0,0.0,194.0,0.0,1.0,1.0,2.0,3.0,3.0,1.0,3.0,0.0,9.0,0.0,1.0,2.0,19.0,0.0,4.0,49.0,0.0,0.0,0.0,1.0,58.0,0.0,170.0,0.0,0.0,75.0,75.0,0.0,0.0,2.0,0.0,0.0,1.0,4.0,0.0,364.0,0.0,3.0,1.0,576.0,0.0,19.0,1.0,7.0,1.0,1.0,2.0,65.0,4.0,14.0,2.0,1.0,7.0,2.0,1.0,2.0,0.0,23.0,1.0,11.0,16.0,4.0,254.0,1.0,0.0,6.0,8.0,0.0,0.0,2.0,2.0,3.0,117.0,23.0,0.0,8.0,1.0,45.0,22.0,13.0,2.0,111.0,0.0,5.0,1.0,26.0,28.0,10.0,42.0,21.0,1.0,0.0,225.0,1.0
43,2245242091.0,21.0,1197.0,5.0,27.0,5.0,1.0,79.0,658.0,1.0,67.0,44.0,52.0,16.0,7.0,40.0,91.0,26.0,600.0,14.0,1.0,63.0,10.0,16.0,3.0,106.0,3.0,63.0,5.0,26.0,133.0,18.0,15.0,37.0,27.0,149.0,0.0,56.0,25.0,7.0,46.0,2058.0,4.0,0.0,7.0,11.0,63.0,0.0,8.0,102.0,0.0,80.0,11.0,19.0,233.0,23.0,52.0,2.0,53.0,33.0,24.0,8.0,892.0,54.0,67.0,13.0,891.0,26.0,1.0,77.0,6.0,880.0,87.0,22.0,1100.0,30.0,36.0,27.0,1174.0,20.0,37.0,797.0,105.0,115.0,33.0,19.0,119.0,54.0,24.0,379.0,2092.0,121.0,134.0,0.0,58.0,202.0,6.0,4.0,18.0,111.0,598.0,69.0,1.0,0.0,92.0,100.0,11.0,135.0,1757.0,15.0,13.0,0.0,1369.0,29.0,12.0,565.0,1333.0,26.0,7.0,49.0,269.0,42.0,29.0
44,2267188294.0,6.0,4.0,0.0,9.0,2.0,0.0,95.0,27.0,0.0,22.0,8.0,0.0,12.0,0.0,106.0,19.0,2.0,10.0,3.0,55.0,4.0,0.0,88.0,0.0,57.0,0.0,85.0,1.0,9.0,3.0,10.0,1.0,9.0,2.0,3.0,0.0,3.0,0.0,3.0,17.0,5.0,49.0,7.0,0.0,0.0,2.0,1.0,3.0,57.0,0.0,91.0,0.0,0.0,0.0,53.0,2.0,0.0,5.0,0.0,2.0,1.0,4.0,7.0,109.0,1.0,14.0,8.0,48.0,1.0,18.0,3.0,4.0,4.0,1.0,4.0,55.0,8.0,16.0,3.0,4.0,4.0,3.0,1.0,4.0,0.0,14.0,3.0,21.0,16.0,4.0,103.0,5.0,0.0,12.0,21.0,1.0,1.0,4.0,8.0,3.0,75.0,7.0,0.0,29.0,0.0,53.0,0.0,3.0,3.0,56.0,0.0,10.0,3.0,27.0,9.0,9.0,44.0,27.0,2.0,13.0,67.0,2.0
45,22791670.0,0.0,1.0,1.0,3.0,0.0,1.0,2.0,5.0,0.0,11.0,5.0,20.0,1.0,0.0,4.0,4.0,6.0,3.0,3.0,0.0,0.0,2.0,1.0,3.0,7.0,0.0,6.0,3.0,5.0,1.0,7.0,20.0,1.0,6.0,13.0,0.0,15.0,8.0,1.0,4.0,1.0,0.0,11.0,0.0,0.0,5.0,1.0,1.0,7.0,0.0,9.0,15.0,2.0,0.0,1.0,8.0,4.0,10.0,0.0,7.0,6.0,1.0,0.0,0.0,15.0,0.0,8.0,0.0,9.0,1.0,0.0,7.0,0.0,0.0,3.0,1.0,1.0,38.0,5.0,7.0,1.0,2.0,1.0,19.0,8.0,21.0,2.0,1.0,1.0,2.0,16.0,2.0,0.0,0.0,17.0,1.0,2.0,4.0,17.0,0.0,5.0,0.0,0.0,5.0,0.0,0.0,0.0,5.0,1.0,1.0,0.0,0.0,9.0,1.0,134.0,7.0,0.0,0.0,2.0,25.0,2.0,2.0
46,2306112656.0,5.0,44.0,0.0,6.0,7.0,1.0,13.0,42.0,0.0,21.0,17.0,28.0,8.0,1.0,10.0,27.0,9.0,53.0,6.0,0.0,8.0,1.0,2.0,1.0,10.0,0.0,7.0,6.0,9.0,9.0,3.0,2.0,6.0,5.0,36.0,0.0,11.0,18.0,2.0,11.0,53.0,0.0,63.0,2.0,5.0,0.0,1.0,3.0,34.0,0.0,9.0,1.0,5.0,14.0,4.0,76.0,3.0,10.0,4.0,15.0,1.0,38.0,8.0,10.0,2.0,46.0,6.0,0.0,5.0,1.0,27.0,21.0,7.0,26.0,8.0,6.0,12.0,80.0,7.0,8.0,40.0,20.0,16.0,13.0,5.0,28.0,4.0,4.0,25.0,51.0,20.0,16.0,0.0,46.0,37.0,2.0,1.0,4.0,34.0,20.0,16.0,0.0,0.0,15.0,2.0,2.0,4.0,45.0,5.0,2.0,0.0,33.0,7.0,2.0,43.0,48.0,8.0,0.0,33.0,41.0,13.0,2.0
47,230778362.0,1.0,1.0,0.0,0.0,0.0,1.0,2.0,1.0,0.0,1.0,2.0,1.0,1.0,0.0,1.0,2.0,0.0,1.0,1.0,0.0,0.0,0.0,0.0,0.0,1.0,0.0,1.0,2.0,2.0,0.0,1.0,1.0,1.0,1.0,1.0,0.0,1.0,1.0,1.0,1.0,0.0,0.0,0.0,1.0,1.0,1.0,0.0,1.0,0.0,0.0,2.0,0.0,0.0,0.0,1.0,1.0,0.0,3.0,0.0,1.0,0.0,0.0,0.0,1.0,1.0,1.0,2.0,0.0,0.0,1.0,0.0,0.0,0.0,0.0,1.0,0.0,1.0,2.0,1.0,1.0,0.0,2.0,0.0,2.0,0.0,2.0,0.0,1.0,1.0,0.0,1.0,1.0,0.0,1.0,1.0,1.0,1.0,1.0,1.0,0.0,2.0,0.0,0.0,1.0,0.0,0.0,0.0,0.0,0.0,1.0,0.0,0.0,1.0,1.0,2.0,1.0,1.0,0.0,0.0,2.0,0.0,0.0
48,2316104570.0,3.0,5.0,1.0,9.0,2.0,1.0,6.0,9.0,0.0,17.0,5.0,3.0,3.0,1.0,6.0,16.0,1.0,11.0,3.0,3.0,0.0,1.0,5.0,0.0,14.0,0.0,7.0,1.0,8.0,12.0,7.0,0.0,10.0,7.0,7.0,0.0,11.0,1.0,3.0,12.0,3.0,1.0,8.0,3.0,1.0,3.0,1.0,0.0,13.0,0.0,7.0,0.0,4.0,0.0,3.0,7.0,0.0,11.0,0.0,2.0,1.0,7.0,6.0,5.0,0.0,10.0,3.0,1.0,2.0,0.0,4.0,0.0,2.0,3.0,14.0,5.0,6.0,4.0,5.0,12.0,14.0,6.0,3.0,6.0,0.0,14.0,6.0,5.0,12.0,5.0,12.0,9.0,0.0,7.0,9.0,2.0,3.0,9.0,8.0,6.0,6.0,0.0,0.0,12.0,0.0,3.0,0.0,5.0,3.0,4.0,0.0,11.0,10.0,7.0,10.0,8.0,7.0,1.0,6.0,15.0,6.0,6.0
49,2392162242.0,26.0,56.0,4.0,53.0,14.0,0.0,378.0,107.0,0.0,141.0,46.0,24.0,23.0,8.0,266.0,127.0,30.0,121.0,22.0,46.0,42.0,12.0,164.0,2.0,203.0,1.0,241.0,6.0,52.0,62.0,30.0,6.0,41.0,12.0,78.0,0.0,88.0,4.0,13.0,71.0,65.0,58.0,102.0,57.0,7.0,34.0,0.0,13.0,0.0,0.0,332.0,6.0,17.0,15.0,153.0,75.0,3.0,52.0,6.0,42.0,3.0,65.0,58.0,202.0,7.0,105.0,32.0,61.0,20.0,62.0,35.0,23.0,18.0,31.0,47.0,204.0,42.0,173.0,27.0,40.0,94.0,39.0,51.0,43.0,7.0,142.0,18.0,47.0,110.0,64.0,436.0,44.0,0.0,105.0,181.0,4.0,9.0,24.0,81.0,28.0,207.0,13.0,0.0,133.0,5.0,102.0,4.0,62.0,23.0,87.0,0.0,65.0,57.0,63.0,173.0,78.0,190.0,114.0,40.0,137.0,255.0,13.0
50,240613203.0,0.0,0.0,0.0,0.0,0.0,0.0,0.0,0.0,0.0,0.0,0.0,1.0,0.0,0.0,0.0,0.0,0.0,0.0,0.0,0.0,0.0,0.0,0.0,0.0,0.0,0.0,0.0,0.0,0.0,1.0,0.0,0.0,0.0,0.0,0.0,0.0,0.0,0.0,0.0,0.0,0.0,0.0,0.0,0.0,0.0,0.0,0.0,0.0,0.0,0.0,0.0,0.0,0.0,0.0,0.0,0.0,0.0,1.0,0.0,0.0,0.0,0.0,0.0,0.0,0.0,0.0,0.0,0.0,0.0,0.0,0.0,0.0,0.0,0.0,0.0,0.0,0.0,0.0,0.0,0.0,0.0,0.0,0.0,0.0,0.0,1.0,0.0,0.0,0.0,0.0,0.0,0.0,0.0,0.0,0.0,0.0,0.0,0.0,1.0,0.0,0.0,0.0,0.0,0.0,0.0,0.0,0.0,0.0,0.0,0.0,0.0,0.0,0.0,0.0,0.0,0.0,0.0,0.0,0.0,0.0,0.0,0.0
51,2440511773.0,25.0,28.0,4.0,53.0,4.0,0.0,880.0,151.0,0.0,140.0,43.0,22.0,34.0,8.0,550.0,113.0,17.0,96.0,15.0,113.0,37.0,4.0,402.0,0.0,355.0,0.0,491.0,11.0,50.0,72.0,52.0,17.0,50.0,15.0,45.0,0.0,91.0,12.0,13.0,81.0,44.0,170.0,80.0,91.0,9.0,9.0,2.0,7.0,332.0,0.0,0.0,8.0,15.0,7.0,216.0,51.0,3.0,43.0,6.0,28.0,6.0,44.0,46.0,452.0,16.0,87.0,37.0,198.0,15.0,76.0,22.0,15.0,15.0,13.0,38.0,324.0,42.0,155.0,23.0,37.0,89.0,31.0,12.0,25.0,7.0,123.0,24.0,52.0,102.0,28.0,716.0,34.0,0.0,81.0,212.0,5.0,6.0,36.0,77.0,22.0,370.0,30.0,0.0,172.0,0.0,194.0,2.0,36.0,27.0,216.0,1.0,48.0,58.0,109.0,145.0,83.0,230.0,150.0,39.0,155.0,376.0,13.0
52,2462120142.0,2.0,0.0,1.0,4.0,0.0,0.0,1.0,8.0,0.0,8.0,5.0,21.0,0.0,0.0,0.0,4.0,4.0,7.0,1.0,0.0,0.0,0.0,0.0,3.0,6.0,0.0,6.0,0.0,6.0,1.0,1.0,19.0,1.0,2.0,12.0,0.0,13.0,10.0,0.0,4.0,3.0,0.0,11.0,0.0,15.0,1.0,0.0,0.0,6.0,0.0,8.0,0.0,4.0,0.0,1.0,7.0,8.0,12.0,1.0,12.0,4.0,0.0,4.0,2.0,26.0,7.0,8.0,0.0,7.0,1.0,1.0,18.0,0.0,0.0,1.0,0.0,1.0,39.0,2.0,7.0,3.0,2.0,1.0,8.0,2.0,14.0,1.0,5.0,0.0,3.0,13.0,2.0,0.0,1.0,19.0,1.0,0.0,3.0,32.0,0.0,7.0,0.0,0.0,3.0,0.0,0.0,0.0,1.0,2.0,0.0,0.0,1.0,3.0,0.0,22.0,5.0,2.0,0.0,2.0,24.0,0.0,0.0
53,2580697766.0,5.0,9.0,0.0,11.0,2.0,0.0,10.0,18.0,0.0,37.0,6.0,3.0,3.0,0.0,5.0,33.0,18.0,37.0,12.0,1.0,13.0,11.0,2.0,0.0,19.0,0.0,3.0,4.0,9.0,92.0,6.0,5.0,22.0,8.0,44.0,0.0,23.0,0.0,2.0,11.0,7.0,0.0,19.0,0.0,2.0,5.0,0.0,4.0,17.0,0.0,15.0,4.0,0.0,4.0,3.0,28.0,6.0,202.0,2.0,21.0,9.0,32.0,10.0,4.0,3.0,28.0,3.0,1.0,11.0,1.0,8.0,9.0,5.0,3.0,19.0,3.0,4.0,23.0,7.0,41.0,60.0,9.0,7.0,10.0,0.0,39.0,16.0,3.0,18.0,16.0,14.0,15.0,0.0,9.0,32.0,1.0,0.0,12.0,11.0,11.0,12.0,0.0,0.0,20.0,0.0,0.0,0.0,13.0,7.0,1.0,0.0,11.0,29.0,2.0,46.0,11.0,5.0,1.0,20.0,98.0,4.0,22.0
54,2591620134.0,2.0,171.0,2.0,5.0,2.0,0.0,14.0,129.0,2.0,8.0,10.0,4.0,2.0,1.0,58.0,17.0,5.0,106.0,3.0,26.0,31.0,3.0,13.0,0.0,9.0,0.0,8.0,2.0,3.0,23.0,3.0,15.0,8.0,5.0,25.0,0.0,10.0,0.0,1.0,10.0,273.0,75.0,233.0,0.0,0.0,14.0,0.0,0.0,15.0,0.0,7.0,0.0,4.0,0.0,10.0,13.0,0.0,8.0,8.0,3.0,1.0,151.0,10.0,38.0,0.0,143.0,3.0,38.0,13.0,2.0,129.0,18.0,7.0,122.0,8.0,8.0,4.0,172.0,2.0,8.0,145.0,26.0,40.0,7.0,2.0,38.0,9.0,1.0,72.0,212.0,25.0,26.0,0.0,9.0,33.0,1.0,0.0,4.0,18.0,124.0,14.0,0.0,0.0,8.0,29.0,5.0,88.0,245.0,8.0,8.0,0.0,166.0,8.0,5.0,169.0,197.0,2.0,2.0,8.0,52.0,41.0,5.0
55,2695177796.0,12.0,17.0,3.0,30.0,4.0,0.0,233.0,73.0,0.0,87.0,30.0,8.0,18.0,4.0,219.0,74.0,6.0,62.0,5.0,60.0,15.0,6.0,167.0,0.0,134.0,1.0,193.0,3.0,26.0,59.0,25.0,5.0,38.0,6.0,15.0,0.0,38.0,1.0,10.0,49.0,16.0,75.0,23.0,53.0,1.0,4.0,1.0,3.0,153.0,0.0,216.0,1.0,3.0,10.0,0.0,27.0,1.0,24.0,2.0,12.0,2.0,38.0,22.0,199.0,1.0,53.0,12.0,59.0,10.0,47.0,8.0,6.0,11.0,8.0,30.0,170.0,22.0,59.0,9.0,19.0,63.0,18.0,5.0,12.0,2.0,51.0,16.0,32.0,63.0,15.0,294.0,29.0,0.0,57.0,70.0,4.0,1.0,19.0,30.0,16.0,151.0,8.0,0.0,96.0,1.0,77.0,2.0,12.0,17.0,74.0,0.0,31.0,33.0,49.0,73.0,29.0,121.0,79.0,30.0,72.0,153.0,5.0
56,276827759.0,11.0,19.0,6.0,49.0,12.0,1.0,42.0,61.0,0.0,108.0,48.0,41.0,5.0,6.0,29.0,93.0,28.0,97.0,20.0,1.0,32.0,21.0,17.0,2.0,74.0,1.0,26.0,15.0,35.0,81.0,26.0,10.0,42.0,17.0,79.0,0.0,78.0,17.0,7.0,43.0,30.0,0.0,52.0,2.0,8.0,76.0,1.0,7.0,75.0,0.0,51.0,7.0,28.0,13.0,27.0,0.0,7.0,65.0,8.0,47.0,6.0,39.0,33.0,23.0,9.0,70.0,21.0,0.0,23.0,3.0,21.0,18.0,21.0,16.0,47.0,16.0,29.0,55.0,23.0,58.0,91.0,30.0,25.0,54.0,2.0,108.0,30.0,19.0,54.0,32.0,67.0,46.0,0.0,61.0,109.0,6.0,8.0,45.0,62.0,21.0,44.0,1.0,0.0,71.0,1.0,9.0,3.0,30.0,20.0,8.0,0.0,38.0,74.0,15.0,97.0,52.0,28.0,2.0,70.0,129.0,20.0,15.0
57,278552571.0,1.0,0.0,4.0,5.0,0.0,0.0,1.0,3.0,0.0,5.0,6.0,2.0,0.0,1.0,0.0,5.0,5.0,5.0,7.0,0.0,0.0,1.0,0.0,0.0,1.0,0.0,1.0,3.0,5.0,0.0,2.0,5.0,2.0,3.0,12.0,0.0,0.0,2.0,0.0,0.0,0.0,0.0,2.0,0.0,4.0,3.0,0.0,0.0,3.0,0.0,3.0,8.0,6.0,0.0,1.0,7.0,0.0,7.0,2.0,13.0,4.0,0.0,0.0,2.0,2.0,6.0,1.0,0.0,5.0,0.0,0.0,8.0,0.0,0.0,0.0,0.0,1.0,39.0,1.0,9.0,4.0,1.0,2.0,8.0,0.0,9.0,1.0,1.0,2.0,3.0,2.0,18.0,0.0,3.0,14.0,1.0,0.0,1.0,10.0,0.0,13.0,0.0,0.0,3.0,0.0,0.0,0.0,0.0,1.0,0.0,0.0,3.0,5.0,0.0,6.0,2.0,0.0,0.0,3.0,13.0,1.0,0.0
58,278928318.0,13.0,26.0,2.0,42.0,5.0,4.0,38.0,59.0,0.0,88.0,28.0,15.0,3.0,4.0,21.0,85.0,49.0,89.0,16.0,2.0,46.0,22.0,13.0,0.0,66.0,1.0,20.0,9.0,27.0,197.0,25.0,13.0,56.0,28.0,92.0,0.0,68.0,3.0,11.0,40.0,37.0,2.0,53.0,5.0,10.0,10.0,3.0,11.0,52.0,1.0,43.0,12.0,202.0,8.0,24.0,65.0,7.0,0.0,3.0,36.0,20.0,66.0,27.0,15.0,14.0,70.0,17.0,2.0,34.0,4.0,28.0,34.0,14.0,16.0,66.0,13.0,14.0,70.0,18.0,94.0,141.0,27.0,20.0,40.0,0.0,105.0,34.0,9.0,60.0,40.0,44.0,50.0,0.0,27.0,82.0,5.0,5.0,46.0,34.0,34.0,35.0,1.0,0.0,63.0,3.0,4.0,2.0,37.0,16.0,8.0,0.0,45.0,71.0,13.0,155.0,44.0,20.0,3.0,54.0,208.0,13.0,38.0
59,2811964452.0,1.0,27.0,1.0,4.0,1.0,0.0,3.0,18.0,0.0,9.0,7.0,2.0,0.0,0.0,2.0,7.0,1.0,37.0,3.0,0.0,5.0,2.0,1.0,1.0,9.0,1.0,5.0,0.0,1.0,20.0,1.0,0.0,1.0,0.0,23.0,0.0,3.0,0.0,0.0,2.0,32.0,0.0,33.0,0.0,0.0,4.0,0.0,0.0,6.0,0.0,6.0,1.0,2.0,8.0,2.0,8.0,2.0,3.0,0.0,5.0,1.0,27.0,2.0,5.0,1.0,23.0,1.0,0.0,4.0,0.0,28.0,2.0,3.0,21.0,2.0,1.0,6.0,37.0,2.0,1.0,32.0,7.0,9.0,2.0,0.0,11.0,1.0,2.0,30.0,28.0,7.0,9.0,0.0,6.0,19.0,2.0,1.0,1.0,5.0,22.0,8.0,0.0,0.0,8.0,14.0,1.0,8.0,28.0,0.0,2.0,0.0,28.0,4.0,3.0,13.0,29.0,4.0,1.0,7.0,17.0,3.0,2.0
60,28609814.0,11.0,10.0,4.0,29.0,8.0,0.0,24.0,34.0,0.0,51.0,34.0,16.0,3.0,4.0,11.0,70.0,22.0,55.0,23.0,0.0,18.0,9.0,5.0,1.0,48.0,0.0,23.0,18.0,14.0,55.0,14.0,14.0,28.0,8.0,83.0,0.0,40.0,15.0,9.0,18.0,5.0,0.0,24.0,2.0,7.0,15.0,1.0,2.0,42.0,0.0,28.0,12.0,21.0,3.0,12.0,47.0,13.0,36.0,5.0,0.0,14.0,22.0,25.0,8.0,11.0,34.0,15.0,0.0,19.0,3.0,7.0,22.0,5.0,4.0,22.0,3.0,12.0,87.0,12.0,28.0,51.0,17.0,20.0,57.0,1.0,85.0,11.0,7.0,37.0,15.0,53.0,29.0,0.0,20.0,72.0,2.0,0.0,19.0,47.0,6.0,27.0,1.0,0.0,46.0,0.0,3.0,1.0,6.0,14.0,2.0,0.0,16.0,45.0,9.0,75.0,15.0,12.0,2.0,42.0,96.0,15.0,7.0
61,28710635.0,2.0,1.0,0.0,9.0,0.0,0.0,3.0,9.0,0.0,12.0,8.0,7.0,3.0,1.0,3.0,7.0,7.0,7.0,8.0,1.0,0.0,0.0,1.0,2.0,7.0,0.0,6.0,2.0,5.0,9.0,5.0,6.0,4.0,3.0,8.0,0.0,7.0,8.0,1.0,8.0,1.0,1.0,8.0,1.0,6.0,1.0,0.0,1.0,3.0,0.0,6.0,4.0,9.0,1.0,2.0,6.0,4.0,20.0,1.0,14.0,0.0,3.0,1.0,2.0,11.0,6.0,5.0,1.0,3.0,3.0,1.0,1.0,1.0,2.0,4.0,1.0,3.0,10.0,5.0,8.0,8.0,5.0,1.0,10.0,0.0,14.0,1.0,2.0,2.0,0.0,10.0,3.0,0.0,2.0,22.0,2.0,0.0,4.0,13.0,1.0,5.0,0.0,0.0,6.0,0.0,1.0,0.0,1.0,2.0,1.0,0.0,2.0,10.0,2.0,15.0,2.0,2.0,1.0,2.0,14.0,3.0,3.0
62,2919675846.0,12.0,599.0,4.0,31.0,5.0,0.0,45.0,545.0,0.0,74.0,39.0,15.0,9.0,5.0,25.0,84.0,11.0,384.0,14.0,2.0,38.0,12.0,16.0,0.0,69.0,1.0,21.0,3.0,17.0,198.0,20.0,2.0,65.0,18.0,71.0,0.0,41.0,0.0,6.0,47.0,949.0,4.0,892.0,4.0,1.0,38.0,0.0,7.0,65.0,0.0,44.0,0.0,32.0,151.0,38.0,39.0,0.0,66.0,27.0,22.0,3.0,0.0,37.0,41.0,2.0,591.0,11.0,5.0,36.0,19.0,454.0,35.0,23.0,552.0,49.0,30.0,24.0,657.0,10.0,50.0,482.0,97.0,58.0,24.0,2.0,71.0,53.0,17.0,269.0,917.0,63.0,63.0,0.0,40.0,91.0,4.0,3.0,25.0,31.0,438.0,43.0,0.0,0.0,97.0,115.0,9.0,108.0,870.0,21.0,8.0,0.0,749.0,44.0,15.0,256.0,742.0,21.0,12.0,65.0,171.0,37.0,40.0
63,2920504100.0,15.0,44.0,3.0,21.0,17.0,0.0,67.0,51.0,0.0,48.0,24.0,12.0,5.0,1.0,32.0,61.0,14.0,70.0,9.0,2.0,7.0,5.0,16.0,0.0,64.0,0.0,52.0,5.0,21.0,43.0,14.0,1.0,32.0,8.0,33.0,0.0,43.0,1.0,6.0,32.0,39.0,0.0,54.0,7.0,0.0,8.0,0.0,6.0,58.0,0.0,46.0,4.0,10.0,10.0,22.0,33.0,0.0,27.0,2.0,25.0,1.0,37.0,0.0,23.0,4.0,70.0,16.0,1.0,18.0,1.0,34.0,11.0,13.0,26.0,37.0,20.0,18.0,61.0,13.0,21.0,76.0,20.0,24.0,15.0,1.0,50.0,16.0,15.0,53.0,39.0,73.0,33.0,0.0,23.0,54.0,2.0,2.0,16.0,35.0,27.0,29.0,1.0,0.0,47.0,2.0,12.0,5.0,42.0,10.0,8.0,0.0,50.0,31.0,15.0,91.0,53.0,34.0,2.0,34.0,79.0,26.0,9.0
64,2981901835.0,17.0,52.0,2.0,25.0,2.0,0.0,482.0,104.0,0.0,65.0,24.0,7.0,17.0,5.0,583.0,65.0,8.0,73.0,7.0,254.0,16.0,4.0,498.0,0.0,211.0,1.0,343.0,5.0,25.0,30.0,23.0,3.0,24.0,9.0,21.0,0.0,27.0,1.0,8.0,45.0,58.0,364.0,67.0,109.0,0.0,10.0,1.0,5.0,202.0,0.0,452.0,2.0,4.0,38.0,199.0,23.0,2.0,15.0,5.0,8.0,2.0,41.0,23.0,0.0,1.0,74.0,16.0,301.0,6.0,37.0,43.0,13.0,12.0,25.0,14.0,188.0,23.0,87.0,12.0,14.0,59.0,22.0,11.0,11.0,5.0,60.0,10.0,38.0,74.0,49.0,464.0,25.0,0.0,44.0,79.0,4.0,3.0,8.0,29.0,24.0,324.0,28.0,0.0,99.0,7.0,182.0,10.0,53.0,11.0,260.0,1.0,47.0,19.0,132.0,63.0,64.0,146.0,87.0,15.0,59.0,243.0,7.0
65,308563.0,6.0,3.0,0.0,7.0,1.0,6.0,7.0,11.0,0.0,17.0,8.0,31.0,2.0,3.0,3.0,13.0,5.0,2.0,5.0,0.0,3.0,0.0,1.0,2.0,11.0,0.0,10.0,2.0,2.0,3.0,4.0,15.0,1.0,3.0,23.0,0.0,13.0,8.0,2.0,7.0,4.0,0.0,13.0,1.0,15.0,2.0,1.0,0.0,7.0,0.0,16.0,26.0,3.0,0.0,1.0,9.0,2.0,14.0,1.0,11.0,11.0,2.0,4.0,1.0,0.0,5.0,12.0,0.0,3.0,3.0,1.0,8.0,2.0,0.0,2.0,1.0,2.0,55.0,3.0,4.0,4.0,8.0,7.0,13.0,3.0,31.0,1.0,3.0,4.0,0.0,12.0,2.0,0.0,2.0,33.0,0.0,1.0,3.0,53.0,0.0,7.0,0.0,0.0,5.0,0.0,0.0,0.0,4.0,0.0,1.0,0.0,1.0,9.0,2.0,52.0,9.0,2.0,0.0,2.0,27.0,7.0,0.0
66,3089938910.0,21.0,619.0,5.0,43.0,14.0,0.0,85.0,559.0,1.0,106.0,62.0,32.0,17.0,6.0,56.0,132.0,29.0,431.0,19.0,3.0,55.0,18.0,39.0,0.0,134.0,2.0,52.0,6.0,39.0,170.0,29.0,13.0,76.0,23.0,105.0,0.0,59.0,3.0,9.0,76.0,933.0,3.0,891.0,14.0,0.0,46.0,1.0,10.0,105.0,0.0,87.0,7.0,28.0,143.0,53.0,70.0,6.0,70.0,23.0,34.0,6.0,591.0,70.0,74.0,5.0,0.0,26.0,2.0,55.0,10.0,464.0,55.0,29.0,539.0,57.0,47.0,40.0,686.0,27.0,67.0,571.0,107.0,81.0,35.0,6.0,111.0,62.0,29.0,306.0,910.0,103.0,112.0,0.0,60.0,132.0,10.0,3.0,37.0,68.0,400.0,81.0,0.0,0.0,147.0,89.0,26.0,90.0,883.0,32.0,22.0,0.0,747.0,61.0,28.0,373.0,840.0,45.0,8.0,76.0,219.0,51.0,24.0
67,3140948101.0,27.0,4.0,1.0,23.0,6.0,0.0,37.0,30.0,0.0,33.0,21.0,19.0,12.0,2.0,31.0,30.0,12.0,25.0,6.0,2.0,4.0,3.0,12.0,1.0,38.0,1.0,40.0,4.0,22.0,10.0,17.0,12.0,18.0,9.0,12.0,0.0,19.0,5.0,3.0,18.0,14.0,1.0,26.0,8.0,8.0,6.0,2.0,3.0,32.0,0.0,37.0,8.0,3.0,3.0,12.0,21.0,1.0,17.0,1.0,15.0,5.0,11.0,16.0,16.0,12.0,26.0,0.0,1.0,4.0,5.0,8.0,5.0,9.0,5.0,12.0,19.0,16.0,18.0,19.0,15.0,14.0,9.0,6.0,14.0,1.0,28.0,10.0,13.0,20.0,10.0,47.0,15.0,0.0,14.0,41.0,2.0,2.0,12.0,34.0,3.0,26.0,0.0,0.0,24.0,0.0,11.0,1.0,7.0,8.0,9.0,0.0,9.0,15.0,9.0,29.0,17.0,22.0,2.0,9.0,38.0,21.0,4.0
