,0,1,2,3,4,5,6,7,8,9,10,11,12,13,14,15,16,17,18,19,20,21,22,23,24,25,26,27,28,29,30,31,32,33,34,35,36,37,38,39,40,41,42,43,44,45,46,47,48,49,50,51,52,53,54,55,56,57,58,59,60,61,62,63,64,65,66,67
0,-1.0,132095682.0,1368755407.0,137941694.0,1489163418.0,17481929.0,176215330.0,179635048.0,2220847644.0,2249790987.0,2251586738.0,2255026466.0,2294101032.0,2354417550.0,2375738293.0,2431634180.0,24530711.0,2478615626.0,2495955144.0,2531023355.0,260201103.0,2752498194.0,2755542607.0,2848227191.0,2885004727.0,29082077.0,2957200750.0,2988322231.0,3021547756.0,3139985070.0,3181148130.0,3259845572.0,3267413113.0,3288931849.0,402117701.0,412163144.0,4275710122.0,4377473660.0,4666696334.0,470237515.0,476485088.0,4777301054.0,4864737844.0,4880079243.0,559606861.0,57283122.0,582658852.0,68964336.0,7.302885785681592e+17,7.416344126058988e+17,7.669073925503713e+17,7.697698703553454e+17,7.72217650839597e+17,7.930550665843917e+17,8.042597899791565e+17,8.067033326852915e+17,8.092104640644424e+17,81346378.0,8.152115219408445e+17,8.220594830943478e+17,8.248641397554258e+17,8.358351529704161e+17,8.441556957044777e+17,8.455604788102144e+17,8.632125563278541e+17,8.810189817415434e+17,8.884294282706944e+17,9.078204857104097e+17
1,132095682.0,0.0,11.0,14.0,7.0,0.0,9.0,3.0,2.0,28.0,26.0,8.0,16.0,8.0,25.0,20.0,1.0,2.0,33.0,19.0,53.0,4.0,3.0,8.0,2.0,1.0,49.0,19.0,32.0,6.0,6.0,1.0,15.0,10.0,9.0,18.0,2.0,27.0,10.0,108.0,1.0,5.0,3.0,16.0,17.0,6.0,18.0,48.0,11.0,1.0,2.0,7.0,15.0,9.0,4.0,2.0,0.0,16.0,4.0,5.0,0.0,33.0,0.0,7.0,25.0,12.0,6.0,3.0
2,1368755407.0,11.0,0.0,83.0,40.0,0.0,0.0,16.0,68.0,82.0,79.0,39.0,66.0,20.0,175.0,86.0,0.0,8.0,143.0,96.0,89.0,7.0,13.0,49.0,6.0,1.0,111.0,71.0,88.0,87.0,87.0,2.0,81.0,11.0,72.0,55.0,10.0,133.0,51.0,151.0,3.0,0.0,20.0,144.0,61.0,12.0,80.0,153.0,64.0,19.0,9.0,28.0,55.0,36.0,51.0,23.0,12.0,41.0,6.0,55.0,0.0,97.0,2.0,48.0,102.0,120.0,57.0,22.0
3,137941694.0,14.0,83.0,0.0,95.0,0.0,11.0,69.0,21.0,194.0,184.0,81.0,158.0,46.0,191.0,146.0,1.0,17.0,385.0,208.0,224.0,28.0,27.0,108.0,24.0,1.0,327.0,149.0,212.0,67.0,40.0,1.0,184.0,22.0,55.0,141.0,20.0,294.0,116.0,334.0,8.0,2.0,61.0,162.0,165.0,39.0,211.0,287.0,161.0,2.0,9.0,18.0,144.0,40.0,34.0,31.0,16.0,57.0,6.0,34.0,0.0,241.0,1.0,53.0,288.0,146.0,27.0,52.0
4,1489163418.0,7.0,40.0,95.0,0.0,0.0,3.0,33.0,7.0,112.0,79.0,53.0,26.0,34.0,94.0,90.0,1.0,4.0,141.0,103.0,81.0,14.0,12.0,56.0,1.0,1.0,116.0,67.0,75.0,36.0,20.0,1.0,96.0,7.0,28.0,68.0,12.0,116.0,75.0,132.0,4.0,0.0,14.0,88.0,55.0,17.0,117.0,121.0,79.0,1.0,4.0,8.0,55.0,23.0,23.0,16.0,4.0,23.0,3.0,23.0,0.0,117.0,3.0,22.0,109.0,71.0,14.0,30.0
5,17481929.0,0.0,0.0,0.0,0.0,0.0,0.0,0.0,0.0,0.0,0.0,0.0,0.0,0.0,0.0,0.0,0.0,0.0,0.0,0.0,0.0,0.0,0.0,0.0,0.0,0.0,0.0,0.0,0.0,0.0,0.0,0.0,0.0,0.0,0.0,0.0,0.0,0.0,0.0,0.0,0.0,0.0,0.0,0.0,0.0,0.0,0.0,0.0,0.0,0.0,0.0,0.0,0.0,0.0,0.0,0.0,0.0,0.0,0.0,0.0,0.0,0.0,0.0,0.0,0.0,0.0,0.0,0.0
6,176215330.0,9.0,0.0,11.0,3.0,0.0,0.0,8.0,0.0,22.0,11.0,1.0,2.0,2.0,9.0,5.0,1.0,0.0,37.0,9.0,7.0,6.0,0.0,5.0,0.0,1.0,31.0,3.0,7.0,0.0,1.0,0.0,4.0,1.0,2.0,9.0,3.0,8.0,4.0,74.0,1.0,2.0,0.0,4.0,7.0,35.0,21.0,59.0,1.0,0.0,0.0,0.0,13.0,1.0,0.0,2.0,0.0,12.0,0.0,1.0,0.0,24.0,0.0,2.0,22.0,4.0,0.0,1.0
7,179635048.0,3.0,16.0,69.0,33.0,0.0,8.0,0.0,4.0,70.0,61.0,18.0,40.0,14.0,39.0,34.0,1.0,2.0,120.0,66.0,60.0,30.0,3.0,42.0,4.0,1.0,103.0,37.0,62.0,14.0,11.0,0.0,43.0,3.0,18.0,40.0,14.0,71.0,47.0,119.0,2.0,2.0,7.0,35.0,42.0,21.0,74.0,96.0,53.0,0.0,3.0,3.0,49.0,7.0,6.0,7.0,1.0,9.0,3.0,8.0,0.0,96.0,0.0,18.0,78.0,28.0,6.0,12.0
8,2220847644.0,2.0,68.0,21.0,7.0,0.0,0.0,4.0,0.0,14.0,15.0,9.0,21.0,3.0,45.0,23.0,0.0,4.0,34.0,18.0,24.0,3.0,1.0,12.0,1.0,0.0,29.0,26.0,28.0,52.0,57.0,3.0,17.0,7.0,34.0,12.0,0.0,31.0,9.0,44.0,1.0,0.0,7.0,98.0,19.0,3.0,17.0,37.0,20.0,27.0,5.0,19.0,18.0,16.0,50.0,5.0,4.0,18.0,1.0,37.0,0.0,21.0,0.0,38.0,25.0,78.0,40.0,8.0
9,2249790987.0,28.0,82.0,194.0,112.0,0.0,22.0,70.0,14.0,0.0,193.0,82.0,104.0,46.0,225.0,153.0,2.0,8.0,413.0,219.0,223.0,31.0,15.0,104.0,17.0,2.0,319.0,107.0,196.0,58.0,41.0,0.0,179.0,12.0,53.0,130.0,18.0,283.0,134.0,455.0,10.0,3.0,32.0,164.0,121.0,49.0,234.0,415.0,152.0,1.0,5.0,10.0,141.0,142.0,32.0,37.0,8.0,76.0,6.0,37.0,0.0,305.0,5.0,39.0,245.0,122.0,26.0,38.0
10,2251586738.0,26.0,79.0,184.0,79.0,0.0,11.0,61.0,15.0,193.0,0.0,90.0,250.0,31.0,186.0,119.0,2.0,9.0,406.0,169.0,394.0,19.0,20.0,92.0,80.0,0.0,479.0,118.0,274.0,53.0,36.0,2.0,166.0,15.0,58.0,133.0,19.0,374.0,109.0,301.0,9.0,1.0,50.0,140.0,135.0,31.0,168.0,233.0,113.0,2.0,9.0,11.0,144.0,35.0,26.0,28.0,10.0,51.0,6.0,30.0,0.0,316.0,3.0,34.0,252.0,103.0,23.0,37.0
11,2255026466.0,8.0,39.0,81.0,53.0,0.0,1.0,18.0,9.0,82.0,90.0,0.0,33.0,26.0,88.0,72.0,1.0,4.0,114.0,92.0,73.0,8.0,8.0,43.0,3.0,0.0,98.0,54.0,68.0,32.0,21.0,1.0,87.0,5.0,28.0,60.0,9.0,96.0,62.0,117.0,4.0,0.0,17.0,77.0,53.0,11.0,84.0,106.0,67.0,1.0,4.0,9.0,50.0,20.0,23.0,13.0,5.0,23.0,2.0,18.0,0.0,90.0,1.0,18.0,92.0,57.0,18.0,19.0
12,2294101032.0,16.0,66.0,158.0,26.0,0.0,2.0,40.0,21.0,104.0,250.0,33.0,0.0,9.0,110.0,66.0,0.0,15.0,352.0,91.0,280.0,14.0,17.0,75.0,68.0,0.0,455.0,87.0,395.0,41.0,27.0,0.0,104.0,44.0,51.0,109.0,5.0,410.0,41.0,209.0,1.0,1.0,97.0,74.0,136.0,11.0,86.0,171.0,91.0,1.0,2.0,13.0,124.0,34.0,16.0,9.0,15.0,67.0,8.0,9.0,0.0,245.0,0.0,34.0,233.0,57.0,25.0,31.0
13,2354417550.0,8.0,20.0,46.0,34.0,0.0,2.0,14.0,3.0,46.0,31.0,26.0,9.0,0.0,41.0,37.0,0.0,35.0,56.0,84.0,44.0,4.0,3.0,28.0,0.0,0.0,50.0,66.0,25.0,18.0,12.0,1.0,38.0,3.0,12.0,36.0,6.0,44.0,29.0,55.0,0.0,0.0,2.0,41.0,21.0,8.0,42.0,47.0,30.0,1.0,3.0,6.0,22.0,15.0,8.0,7.0,0.0,10.0,10.0,9.0,0.0,45.0,0.0,4.0,45.0,35.0,6.0,9.0
14,2375738293.0,25.0,175.0,191.0,94.0,0.0,9.0,39.0,45.0,225.0,186.0,88.0,110.0,41.0,0.0,194.0,2.0,14.0,367.0,196.0,205.0,11.0,15.0,94.0,7.0,1.0,266.0,146.0,204.0,94.0,89.0,3.0,191.0,20.0,89.0,126.0,19.0,293.0,116.0,415.0,12.0,0.0,31.0,226.0,147.0,37.0,186.0,417.0,130.0,10.0,11.0,28.0,111.0,55.0,48.0,41.0,19.0,90.0,11.0,61.0,0.0,244.0,6.0,68.0,229.0,146.0,57.0,37.0
15,2431634180.0,20.0,86.0,146.0,90.0,0.0,5.0,34.0,23.0,153.0,119.0,72.0,66.0,37.0,194.0,0.0,2.0,10.0,239.0,152.0,140.0,13.0,12.0,69.0,3.0,0.0,184.0,101.0,132.0,51.0,40.0,1.0,135.0,19.0,44.0,100.0,16.0,187.0,98.0,249.0,11.0,0.0,19.0,142.0,87.0,31.0,148.0,267.0,108.0,4.0,7.0,16.0,80.0,41.0,29.0,26.0,13.0,69.0,10.0,31.0,0.0,176.0,4.0,39.0,164.0,92.0,30.0,34.0
16,24530711.0,1.0,0.0,1.0,1.0,0.0,1.0,1.0,0.0,2.0,2.0,1.0,0.0,0.0,2.0,2.0,0.0,0.0,2.0,1.0,1.0,0.0,0.0,1.0,0.0,0.0,1.0,1.0,1.0,0.0,0.0,0.0,1.0,0.0,0.0,1.0,1.0,1.0,1.0,3.0,0.0,1.0,1.0,1.0,0.0,3.0,2.0,2.0,1.0,0.0,0.0,0.0,1.0,0.0,0.0,0.0,0.0,1.0,0.0,0.0,0.0,2.0,0.0,0.0,1.0,0.0,0.0,0.0
17,2478615626.0,2.0,8.0,17.0,4.0,0.0,0.0,2.0,4.0,8.0,9.0,4.0,15.0,35.0,14.0,10.0,0.0,0.0,18.0,82.0,12.0,3.0,0.0,1.0,0.0,0.0,20.0,181.0,10.0,5.0,2.0,0.0,8.0,1.0,7.0,7.0,1.0,16.0,5.0,16.0,0.0,0.0,2.0,12.0,5.0,3.0,5.0,13.0,2.0,0.0,1.0,11.0,6.0,1.0,1.0,2.0,1.0,10.0,33.0,3.0,0.0,12.0,0.0,7.0,14.0,4.0,1.0,1.0
18,2495955144.0,33.0,143.0,385.0,141.0,0.0,37.0,120.0,34.0,413.0,406.0,114.0,352.0,56.0,367.0,239.0,2.0,18.0,0.0,365.0,450.0,40.0,30.0,160.0,47.0,3.0,717.0,220.0,428.0,87.0,72.0,2.0,280.0,35.0,92.0,231.0,28.0,563.0,177.0,808.0,14.0,3.0,95.0,249.0,269.0,64.0,416.0,670.0,241.0,3.0,12.0,23.0,279.0,72.0,41.0,49.0,22.0,109.0,10.0,47.0,0.0,516.0,3.0,90.0,506.0,198.0,50.0,56.0
19,2531023355.0,19.0,96.0,208.0,103.0,0.0,9.0,66.0,18.0,219.0,169.0,92.0,91.0,84.0,196.0,152.0,1.0,82.0,365.0,0.0,205.0,26.0,16.0,104.0,3.0,0.0,290.0,238.0,172.0,69.0,48.0,1.0,179.0,15.0,76.0,114.0,23.0,244.0,123.0,391.0,5.0,1.0,21.0,170.0,131.0,30.0,203.0,292.0,189.0,2.0,7.0,23.0,129.0,48.0,30.0,33.0,13.0,46.0,31.0,38.0,0.0,245.0,3.0,74.0,232.0,155.0,41.0,38.0
20,260201103.0,53.0,89.0,224.0,81.0,0.0,7.0,60.0,24.0,223.0,394.0,73.0,280.0,44.0,205.0,140.0,1.0,12.0,450.0,205.0,0.0,21.0,23.0,103.0,119.0,1.0,579.0,127.0,293.0,55.0,47.0,2.0,179.0,22.0,61.0,169.0,13.0,387.0,108.0,355.0,9.0,0.0,67.0,161.0,166.0,26.0,182.0,308.0,146.0,2.0,7.0,13.0,147.0,49.0,32.0,21.0,16.0,72.0,7.0,28.0,0.0,313.0,0.0,43.0,266.0,105.0,33.0,38.0
21,2752498194.0,4.0,7.0,28.0,14.0,0.0,6.0,30.0,3.0,31.0,19.0,8.0,14.0,4.0,11.0,13.0,0.0,3.0,40.0,26.0,21.0,0.0,1.0,15.0,1.0,1.0,47.0,21.0,18.0,7.0,5.0,0.0,15.0,2.0,10.0,12.0,4.0,22.0,15.0,55.0,0.0,0.0,5.0,12.0,16.0,11.0,30.0,35.0,12.0,0.0,2.0,2.0,26.0,1.0,6.0,2.0,2.0,5.0,0.0,7.0,0.0,36.0,0.0,7.0,34.0,20.0,2.0,9.0
22,2755542607.0,3.0,13.0,27.0,12.0,0.0,0.0,3.0,1.0,15.0,20.0,8.0,17.0,3.0,15.0,12.0,0.0,0.0,30.0,16.0,23.0,1.0,0.0,16.0,2.0,1.0,26.0,11.0,18.0,8.0,5.0,0.0,19.0,1.0,6.0,16.0,1.0,31.0,12.0,28.0,0.0,0.0,12.0,15.0,17.0,2.0,20.0,22.0,22.0,0.0,0.0,2.0,13.0,5.0,5.0,3.0,3.0,3.0,0.0,5.0,0.0,21.0,0.0,4.0,23.0,15.0,1.0,7.0
23,2848227191.0,8.0,49.0,108.0,56.0,0.0,5.0,42.0,12.0,104.0,92.0,43.0,75.0,28.0,94.0,69.0,1.0,1.0,160.0,104.0,103.0,15.0,16.0,0.0,10.0,1.0,148.0,80.0,88.0,39.0,28.0,1.0,97.0,16.0,38.0,82.0,12.0,117.0,72.0,130.0,2.0,2.0,30.0,90.0,84.0,19.0,113.0,126.0,90.0,1.0,8.0,14.0,88.0,29.0,28.0,12.0,12.0,24.0,0.0,19.0,0.0,115.0,1.0,22.0,128.0,72.0,24.0,30.0
24,2885004727.0,2.0,6.0,24.0,1.0,0.0,0.0,4.0,1.0,17.0,80.0,3.0,68.0,0.0,7.0,3.0,0.0,0.0,47.0,3.0,119.0,1.0,2.0,10.0,0.0,0.0,154.0,8.0,53.0,6.0,1.0,0.0,14.0,7.0,2.0,12.0,1.0,75.0,2.0,12.0,0.0,0.0,17.0,7.0,20.0,2.0,10.0,6.0,15.0,0.0,1.0,0.0,23.0,4.0,1.0,1.0,1.0,5.0,0.0,0.0,0.0,43.0,0.0,4.0,45.0,5.0,1.0,3.0
25,29082077.0,1.0,1.0,1.0,1.0,0.0,1.0,1.0,0.0,2.0,0.0,0.0,0.0,0.0,1.0,0.0,0.0,0.0,3.0,0.0,1.0,1.0,1.0,1.0,0.0,0.0,3.0,0.0,0.0,0.0,0.0,0.0,1.0,0.0,0.0,2.0,0.0,2.0,0.0,4.0,0.0,0.0,0.0,0.0,0.0,0.0,2.0,3.0,0.0,0.0,0.0,0.0,1.0,0.0,0.0,0.0,0.0,0.0,0.0,1.0,0.0,0.0,0.0,0.0,2.0,1.0,0.0,0.0
26,2957200750.0,49.0,111.0,327.0,116.0,0.0,31.0,103.0,29.0,319.0,479.0,98.0,455.0,50.0,266.0,184.0,1.0,20.0,717.0,290.0,579.0,47.0,26.0,148.0,154.0,3.0,0.0,182.0,421.0,70.0,55.0,1.0,227.0,50.0,71.0,198.0,21.0,537.0,144.0,602.0,11.0,5.0,103.0,194.0,238.0,40.0,325.0,412.0,210.0,2.0,9.0,20.0,230.0,71.0,38.0,35.0,21.0,88.0,13.0,40.0,0.0,465.0,5.0,75.0,444.0,167.0,44.0,57.0
27,2988322231.0,19.0,71.0,149.0,67.0,0.0,3.0,37.0,26.0,107.0,118.0,54.0,87.0,66.0,146.0,101.0,1.0,181.0,220.0,238.0,127.0,21.0,11.0,80.0,8.0,0.0,182.0,0.0,124.0,64.0,36.0,2.0,126.0,25.0,45.0,86.0,14.0,151.0,78.0,204.0,5.0,0.0,23.0,121.0,108.0,21.0,131.0,181.0,89.0,3.0,10.0,27.0,102.0,37.0,26.0,21.0,9.0,36.0,31.0,32.0,0.0,128.0,0.0,44.0,153.0,103.0,33.0,37.0
28,3021547756.0,32.0,88.0,212.0,75.0,0.0,7.0,62.0,28.0,196.0,274.0,68.0,395.0,25.0,204.0,132.0,1.0,10.0,428.0,172.0,293.0,18.0,18.0,88.0,53.0,0.0,421.0,124.0,0.0,62.0,44.0,1.0,173.0,27.0,66.0,135.0,16.0,527.0,97.0,317.0,7.0,4.0,87.0,147.0,194.0,31.0,150.0,293.0,151.0,3.0,4.0,12.0,159.0,58.0,39.0,25.0,18.0,79.0,9.0,33.0,0.0,308.0,2.0,56.0,338.0,110.0,39.0,44.0
29,3139985070.0,6.0,87.0,67.0,36.0,0.0,0.0,14.0,52.0,58.0,53.0,32.0,41.0,18.0,94.0,51.0,0.0,5.0,87.0,69.0,55.0,7.0,8.0,39.0,6.0,0.0,70.0,64.0,62.0,0.0,54.0,2.0,66.0,8.0,57.0,42.0,11.0,78.0,44.0,89.0,2.0,0.0,23.0,108.0,54.0,13.0,56.0,78.0,51.0,25.0,7.0,22.0,44.0,24.0,55.0,14.0,6.0,23.0,3.0,53.0,0.0,67.0,0.0,48.0,67.0,98.0,43.0,20.0
30,3181148130.0,6.0,87.0,40.0,20.0,0.0,1.0,11.0,57.0,41.0,36.0,21.0,27.0,12.0,89.0,40.0,0.0,2.0,72.0,48.0,47.0,5.0,5.0,28.0,1.0,0.0,55.0,36.0,44.0,54.0,0.0,2.0,37.0,7.0,39.0,30.0,3.0,63.0,25.0,76.0,2.0,0.0,8.0,111.0,24.0,7.0,42.0,80.0,33.0,12.0,8.0,21.0,25.0,16.0,32.0,8.0,6.0,19.0,1.0,34.0,0.0,46.0,0.0,29.0,52.0,76.0,44.0,13.0
31,3259845572.0,1.0,2.0,1.0,1.0,0.0,0.0,0.0,3.0,0.0,2.0,1.0,0.0,1.0,3.0,1.0,0.0,0.0,2.0,1.0,2.0,0.0,0.0,1.0,0.0,0.0,1.0,2.0,1.0,2.0,2.0,0.0,1.0,0.0,2.0,1.0,0.0,2.0,1.0,2.0,0.0,0.0,0.0,3.0,1.0,0.0,1.0,3.0,1.0,1.0,2.0,1.0,1.0,1.0,1.0,1.0,0.0,1.0,0.0,2.0,0.0,1.0,0.0,1.0,1.0,2.0,3.0,0.0
32,3267413113.0,15.0,81.0,184.0,96.0,0.0,4.0,43.0,17.0,179.0,166.0,87.0,104.0,38.0,191.0,135.0,1.0,8.0,280.0,179.0,179.0,15.0,19.0,97.0,14.0,1.0,227.0,126.0,173.0,66.0,37.0,1.0,0.0,13.0,51.0,132.0,16.0,247.0,118.0,242.0,11.0,0.0,39.0,157.0,126.0,30.0,177.0,226.0,149.0,1.0,8.0,14.0,120.0,38.0,35.0,33.0,15.0,55.0,6.0,34.0,0.0,211.0,2.0,38.0,216.0,124.0,34.0,41.0
33,3288931849.0,10.0,11.0,22.0,7.0,0.0,1.0,3.0,7.0,12.0,15.0,5.0,44.0,3.0,20.0,19.0,0.0,1.0,35.0,15.0,22.0,2.0,1.0,16.0,7.0,0.0,50.0,25.0,27.0,8.0,7.0,0.0,13.0,0.0,9.0,12.0,0.0,38.0,5.0,58.0,0.0,0.0,9.0,14.0,22.0,4.0,23.0,27.0,12.0,0.0,2.0,10.0,15.0,13.0,4.0,1.0,3.0,13.0,0.0,0.0,0.0,25.0,0.0,9.0,39.0,12.0,6.0,5.0
34,402117701.0,9.0,72.0,55.0,28.0,0.0,2.0,18.0,34.0,53.0,58.0,28.0,51.0,12.0,89.0,44.0,0.0,7.0,92.0,76.0,61.0,10.0,6.0,38.0,2.0,0.0,71.0,45.0,66.0,57.0,39.0,2.0,51.0,9.0,0.0,43.0,9.0,81.0,38.0,109.0,2.0,0.0,13.0,78.0,52.0,14.0,51.0,86.0,39.0,14.0,8.0,24.0,40.0,22.0,32.0,12.0,5.0,32.0,3.0,41.0,0.0,66.0,0.0,37.0,66.0,77.0,37.0,19.0
35,412163144.0,18.0,55.0,141.0,68.0,0.0,9.0,40.0,12.0,130.0,133.0,60.0,109.0,36.0,126.0,100.0,1.0,7.0,231.0,114.0,169.0,12.0,16.0,82.0,12.0,2.0,198.0,86.0,135.0,42.0,30.0,1.0,132.0,12.0,43.0,0.0,11.0,179.0,90.0,188.0,8.0,0.0,40.0,113.0,91.0,28.0,130.0,174.0,100.0,1.0,8.0,14.0,100.0,37.0,29.0,26.0,9.0,41.0,6.0,22.0,0.0,153.0,2.0,22.0,157.0,71.0,22.0,28.0
36,4275710122.0,2.0,10.0,20.0,12.0,0.0,3.0,14.0,0.0,18.0,19.0,9.0,5.0,6.0,19.0,16.0,1.0,1.0,28.0,23.0,13.0,4.0,1.0,12.0,1.0,0.0,21.0,14.0,16.0,11.0,3.0,0.0,16.0,0.0,9.0,11.0,0.0,17.0,15.0,30.0,0.0,0.0,3.0,18.0,14.0,6.0,13.0,28.0,19.0,0.0,0.0,0.0,9.0,2.0,2.0,2.0,0.0,6.0,2.0,6.0,0.0,28.0,0.0,11.0,16.0,9.0,1.0,4.0
37,4377473660.0,27.0,133.0,294.0,116.0,0.0,8.0,71.0,31.0,283.0,374.0,96.0,410.0,44.0,293.0,187.0,1.0,16.0,563.0,244.0,387.0,22.0,31.0,117.0,75.0,2.0,537.0,151.0,527.0,78.0,63.0,2.0,247.0,38.0,81.0,179.0,17.0,0.0,137.0,461.0,13.0,0.0,94.0,219.0,207.0,34.0,232.0,384.0,188.0,3.0,11.0,16.0,184.0,63.0,42.0,47.0,19.0,87.0,12.0,43.0,0.0,418.0,5.0,58.0,450.0,159.0,47.0,47.0
38,4666696334.0,10.0,51.0,116.0,75.0,0.0,4.0,47.0,9.0,134.0,109.0,62.0,41.0,29.0,116.0,98.0,1.0,5.0,177.0,123.0,108.0,15.0,12.0,72.0,2.0,0.0,144.0,78.0,97.0,44.0,25.0,1.0,118.0,5.0,38.0,90.0,15.0,137.0,0.0,163.0,4.0,2.0,23.0,113.0,77.0,35.0,125.0,155.0,96.0,1.0,3.0,12.0,83.0,26.0,24.0,17.0,11.0,29.0,1.0,30.0,0.0,151.0,1.0,19.0,146.0,82.0,17.0,34.0
39,470237515.0,108.0,151.0,334.0,132.0,0.0,74.0,119.0,44.0,455.0,301.0,117.0,209.0,55.0,415.0,249.0,3.0,16.0,808.0,391.0,355.0,55.0,28.0,130.0,12.0,4.0,602.0,204.0,317.0,89.0,76.0,2.0,242.0,58.0,109.0,188.0,30.0,461.0,163.0,0.0,15.0,9.0,49.0,257.0,187.0,73.0,395.0,789.0,200.0,6.0,11.0,25.0,194.0,72.0,52.0,55.0,20.0,115.0,16.0,58.0,0.0,441.0,5.0,89.0,439.0,219.0,58.0,49.0
40,476485088.0,1.0,3.0,8.0,4.0,0.0,1.0,2.0,1.0,10.0,9.0,4.0,1.0,0.0,12.0,11.0,0.0,0.0,14.0,5.0,9.0,0.0,0.0,2.0,0.0,0.0,11.0,5.0,7.0,2.0,2.0,0.0,11.0,0.0,2.0,8.0,0.0,13.0,4.0,15.0,0.0,0.0,2.0,7.0,4.0,3.0,11.0,15.0,2.0,0.0,0.0,0.0,6.0,3.0,1.0,1.0,1.0,6.0,0.0,0.0,0.0,12.0,1.0,1.0,9.0,3.0,2.0,2.0
41,4777301054.0,5.0,0.0,2.0,0.0,0.0,2.0,2.0,0.0,3.0,1.0,0.0,1.0,0.0,0.0,0.0,1.0,0.0,3.0,1.0,0.0,0.0,0.0,2.0,0.0,0.0,5.0,0.0,4.0,0.0,0.0,0.0,0.0,0.0,0.0,0.0,0.0,0.0,2.0,9.0,0.0,0.0,0.0,0.0,1.0,14.0,5.0,11.0,0.0,0.0,0.0,0.0,1.0,0.0,0.0,6.0,0.0,1.0,0.0,0.0,0.0,6.0,0.0,1.0,1.0,0.0,0.0,0.0
42,4864737844.0,3.0,20.0,61.0,14.0,0.0,0.0,7.0,7.0,32.0,50.0,17.0,97.0,2.0,31.0,19.0,1.0,2.0,95.0,21.0,67.0,5.0,12.0,30.0,17.0,0.0,103.0,23.0,87.0,23.0,8.0,0.0,39.0,9.0,13.0,40.0,3.0,94.0,23.0,49.0,2.0,0.0,0.0,29.0,52.0,8.0,32.0,45.0,45.0,0.0,0.0,4.0,50.0,10.0,9.0,6.0,9.0,11.0,2.0,5.0,0.0,60.0,0.0,10.0,85.0,23.0,8.0,17.0
43,4880079243.0,16.0,144.0,162.0,88.0,0.0,4.0,35.0,98.0,164.0,140.0,77.0,74.0,41.0,226.0,142.0,1.0,12.0,249.0,170.0,161.0,12.0,15.0,90.0,7.0,0.0,194.0,121.0,147.0,108.0,111.0,3.0,157.0,14.0,78.0,113.0,18.0,219.0,113.0,257.0,7.0,0.0,29.0,0.0,100.0,21.0,157.0,262.0,134.0,28.0,10.0,29.0,105.0,54.0,71.0,28.0,15.0,48.0,8.0,74.0,0.0,181.0,3.0,73.0,191.0,186.0,66.0,37.0
44,559606861.0,17.0,61.0,165.0,55.0,0.0,7.0,42.0,19.0,121.0,135.0,53.0,136.0,21.0,147.0,87.0,0.0,5.0,269.0,131.0,166.0,16.0,17.0,84.0,20.0,0.0,238.0,108.0,194.0,54.0,24.0,1.0,126.0,22.0,52.0,91.0,14.0,207.0,77.0,187.0,4.0,1.0,52.0,100.0,0.0,20.0,128.0,175.0,116.0,2.0,7.0,16.0,113.0,35.0,30.0,20.0,15.0,52.0,6.0,27.0,0.0,161.0,1.0,47.0,204.0,95.0,22.0,37.0
45,57283122.0,6.0,12.0,39.0,17.0,0.0,35.0,21.0,3.0,49.0,31.0,11.0,11.0,8.0,37.0,31.0,3.0,3.0,64.0,30.0,26.0,11.0,2.0,19.0,2.0,0.0,40.0,21.0,31.0,13.0,7.0,0.0,30.0,4.0,14.0,28.0,6.0,34.0,35.0,73.0,3.0,14.0,8.0,21.0,20.0,0.0,40.0,92.0,21.0,0.0,2.0,3.0,27.0,5.0,4.0,9.0,2.0,15.0,1.0,5.0,0.0,48.0,0.0,5.0,44.0,22.0,2.0,9.0
46,582658852.0,18.0,80.0,211.0,117.0,0.0,21.0,74.0,17.0,234.0,168.0,84.0,86.0,42.0,186.0,148.0,2.0,5.0,416.0,203.0,182.0,30.0,20.0,113.0,10.0,2.0,325.0,131.0,150.0,56.0,42.0,1.0,177.0,23.0,51.0,130.0,13.0,232.0,125.0,395.0,11.0,5.0,32.0,157.0,128.0,40.0,0.0,341.0,138.0,2.0,10.0,19.0,127.0,44.0,36.0,30.0,13.0,52.0,3.0,32.0,0.0,257.0,3.0,37.0,274.0,125.0,28.0,48.0
47,68964336.0,48.0,153.0,287.0,121.0,0.0,59.0,96.0,37.0,415.0,233.0,106.0,171.0,47.0,417.0,267.0,2.0,13.0,670.0,292.0,308.0,35.0,22.0,126.0,6.0,3.0,412.0,181.0,293.0,78.0,80.0,3.0,226.0,27.0,86.0,174.0,28.0,384.0,155.0,789.0,15.0,11.0,45.0,262.0,175.0,92.0,341.0,0.0,202.0,4.0,12.0,26.0,159.0,73.0,44.0,54.0,19.0,132.0,13.0,53.0,0.0,366.0,7.0,73.0,351.0,159.0,58.0,46.0
48,7.302885785681592e+17,11.0,64.0,161.0,79.0,0.0,1.0,53.0,20.0,152.0,113.0,67.0,91.0,30.0,130.0,108.0,1.0,2.0,241.0,189.0,146.0,12.0,22.0,90.0,15.0,0.0,210.0,89.0,151.0,51.0,33.0,1.0,149.0,12.0,39.0,100.0,19.0,188.0,96.0,200.0,2.0,0.0,45.0,134.0,116.0,21.0,138.0,202.0,0.0,1.0,5.0,13.0,98.0,40.0,30.0,22.0,17.0,33.0,2.0,26.0,0.0,180.0,1.0,61.0,181.0,88.0,32.0,34.0
49,7.416344126058988e+17,1.0,19.0,2.0,1.0,0.0,0.0,0.0,27.0,1.0,2.0,1.0,1.0,1.0,10.0,4.0,0.0,0.0,3.0,2.0,2.0,0.0,0.0,1.0,0.0,0.0,2.0,3.0,3.0,25.0,12.0,1.0,1.0,0.0,14.0,1.0,0.0,3.0,1.0,6.0,0.0,0.0,0.0,28.0,2.0,0.0,2.0,4.0,1.0,0.0,3.0,11.0,1.0,1.0,44.0,1.0,0.0,1.0,0.0,15.0,0.0,2.0,0.0,13.0,2.0,31.0,5.0,0.0
50,7.669073925503713e+17,2.0,9.0,9.0,4.0,0.0,0.0,3.0,5.0,5.0,9.0,4.0,2.0,3.0,11.0,7.0,0.0,1.0,12.0,7.0,7.0,2.0,0.0,8.0,1.0,0.0,9.0,10.0,4.0,7.0,8.0,2.0,8.0,2.0,8.0,8.0,0.0,11.0,3.0,11.0,0.0,0.0,0.0,10.0,7.0,2.0,10.0,12.0,5.0,3.0,0.0,6.0,7.0,2.0,4.0,4.0,0.0,4.0,0.0,6.0,0.0,9.0,0.0,5.0,10.0,11.0,6.0,2.0
51,7.697698703553454e+17,7.0,28.0,18.0,8.0,0.0,0.0,3.0,19.0,10.0,11.0,9.0,13.0,6.0,28.0,16.0,0.0,11.0,23.0,23.0,13.0,2.0,2.0,14.0,0.0,0.0,20.0,27.0,12.0,22.0,21.0,1.0,14.0,10.0,24.0,14.0,0.0,16.0,12.0,25.0,0.0,0.0,4.0,29.0,16.0,3.0,19.0,26.0,13.0,11.0,6.0,0.0,12.0,8.0,17.0,3.0,2.0,11.0,1.0,16.0,0.0,15.0,0.0,17.0,20.0,25.0,15.0,5.0
52,7.72217650839597e+17,15.0,55.0,144.0,55.0,0.0,13.0,49.0,18.0,141.0,144.0,50.0,124.0,22.0,111.0,80.0,1.0,6.0,279.0,129.0,147.0,26.0,13.0,88.0,23.0,1.0,230.0,102.0,159.0,44.0,25.0,1.0,120.0,15.0,40.0,100.0,9.0,184.0,83.0,194.0,6.0,1.0,50.0,105.0,113.0,27.0,127.0,159.0,98.0,1.0,7.0,12.0,0.0,37.0,20.0,20.0,12.0,43.0,2.0,21.0,0.0,174.0,0.0,29.0,189.0,81.0,27.0,38.0
53,7.930550665843917e+17,9.0,36.0,40.0,23.0,0.0,1.0,7.0,16.0,142.0,35.0,20.0,34.0,15.0,55.0,41.0,0.0,1.0,72.0,48.0,49.0,1.0,5.0,29.0,4.0,0.0,71.0,37.0,58.0,24.0,16.0,1.0,38.0,13.0,22.0,37.0,2.0,63.0,26.0,72.0,3.0,0.0,10.0,54.0,35.0,5.0,44.0,73.0,40.0,1.0,2.0,8.0,37.0,0.0,13.0,9.0,4.0,32.0,1.0,10.0,0.0,50.0,1.0,15.0,57.0,33.0,27.0,8.0
54,8.042597899791565e+17,4.0,51.0,34.0,23.0,0.0,0.0,6.0,50.0,32.0,26.0,23.0,16.0,8.0,48.0,29.0,0.0,1.0,41.0,30.0,32.0,6.0,5.0,28.0,1.0,0.0,38.0,26.0,39.0,55.0,32.0,1.0,35.0,4.0,32.0,29.0,2.0,42.0,24.0,52.0,1.0,0.0,9.0,71.0,30.0,4.0,36.0,44.0,30.0,44.0,4.0,17.0,20.0,13.0,0.0,6.0,3.0,12.0,1.0,33.0,0.0,36.0,0.0,28.0,42.0,105.0,17.0,11.0
55,8.067033326852915e+17,2.0,23.0,31.0,16.0,0.0,2.0,7.0,5.0,37.0,28.0,13.0,9.0,7.0,41.0,26.0,0.0,2.0,49.0,33.0,21.0,2.0,3.0,12.0,1.0,0.0,35.0,21.0,25.0,14.0,8.0,1.0,33.0,1.0,12.0,26.0,2.0,47.0,17.0,55.0,1.0,6.0,6.0,28.0,20.0,9.0,30.0,54.0,22.0,1.0,4.0,3.0,20.0,9.0,6.0,0.0,1.0,9.0,6.0,12.0,0.0,33.0,2.0,15.0,40.0,32.0,7.0,6.0
56,8.092104640644424e+17,0.0,12.0,16.0,4.0,0.0,0.0,1.0,4.0,8.0,10.0,5.0,15.0,0.0,19.0,13.0,0.0,1.0,22.0,13.0,16.0,2.0,3.0,12.0,1.0,0.0,21.0,9.0,18.0,6.0,6.0,0.0,15.0,3.0,5.0,9.0,0.0,19.0,11.0,20.0,1.0,0.0,9.0,15.0,15.0,2.0,13.0,19.0,17.0,0.0,0.0,2.0,12.0,4.0,3.0,1.0,0.0,5.0,1.0,3.0,0.0,16.0,0.0,8.0,18.0,10.0,6.0,6.0
57,81346378.0,16.0,41.0,57.0,23.0,0.0,12.0,9.0,18.0,76.0,51.0,23.0,67.0,10.0,90.0,69.0,1.0,10.0,109.0,46.0,72.0,5.0,3.0,24.0,5.0,0.0,88.0,36.0,79.0,23.0,19.0,1.0,55.0,13.0,32.0,41.0,6.0,87.0,29.0,115.0,6.0,1.0,11.0,48.0,52.0,15.0,52.0,132.0,33.0,1.0,4.0,11.0,43.0,32.0,12.0,9.0,5.0,0.0,7.0,12.0,0.0,82.0,1.0,23.0,68.0,33.0,17.0,14.0
58,8.152115219408445e+17,4.0,6.0,6.0,3.0,0.0,0.0,3.0,1.0,6.0,6.0,2.0,8.0,10.0,11.0,10.0,0.0,33.0,10.0,31.0,7.0,0.0,0.0,0.0,0.0,0.0,13.0,31.0,9.0,3.0,1.0,0.0,6.0,0.0,3.0,6.0,2.0,12.0,1.0,16.0,0.0,0.0,2.0,8.0,6.0,1.0,3.0,13.0,2.0,0.0,0.0,1.0,2.0,1.0,1.0,6.0,1.0,7.0,0.0,0.0,0.0,8.0,0.0,2.0,7.0,2.0,2.0,0.0
59,8.220594830943478e+17,5.0,55.0,34.0,23.0,0.0,1.0,8.0,37.0,37.0,30.0,18.0,9.0,9.0,61.0,31.0,0.0,3.0,47.0,38.0,28.0,7.0,5.0,19.0,0.0,1.0,40.0,32.0,33.0,53.0,34.0,2.0,34.0,0.0,41.0,22.0,6.0,43.0,30.0,58.0,0.0,0.0,5.0,74.0,27.0,5.0,32.0,53.0,26.0,15.0,6.0,16.0,21.0,10.0,33.0,12.0,3.0,12.0,0.0,0.0,0.0,39.0,0.0,25.0,38.0,71.0,28.0,10.0
60,8.248641397554258e+17,0.0,0.0,0.0,0.0,0.0,0.0,0.0,0.0,0.0,0.0,0.0,0.0,0.0,0.0,0.0,0.0,0.0,0.0,0.0,0.0,0.0,0.0,0.0,0.0,0.0,0.0,0.0,0.0,0.0,0.0,0.0,0.0,0.0,0.0,0.0,0.0,0.0,0.0,0.0,0.0,0.0,0.0,0.0,0.0,0.0,0.0,0.0,0.0,0.0,0.0,0.0,0.0,0.0,0.0,0.0,0.0,0.0,0.0,0.0,0.0,0.0,0.0,0.0,0.0,0.0,0.0,0.0
61,8.358351529704161e+17,33.0,97.0,241.0,117.0,0.0,24.0,96.0,21.0,305.0,316.0,90.0,245.0,45.0,244.0,176.0,2.0,12.0,516.0,245.0,313.0,36.0,21.0,115.0,43.0,0.0,465.0,128.0,308.0,67.0,46.0,1.0,211.0,25.0,66.0,153.0,28.0,418.0,151.0,441.0,12.0,6.0,60.0,181.0,161.0,48.0,257.0,366.0,180.0,2.0,9.0,15.0,174.0,50.0,36.0,33.0,16.0,82.0,8.0,39.0,0.0,0.0,3.0,59.0,368.0,143.0,36.0,43.0
62,8.441556957044777e+17,0.0,2.0,1.0,3.0,0.0,0.0,0.0,0.0,5.0,3.0,1.0,0.0,0.0,6.0,4.0,0.0,0.0,3.0,3.0,0.0,0.0,0.0,1.0,0.0,0.0,5.0,0.0,2.0,0.0,0.0,0.0,2.0,0.0,0.0,2.0,0.0,5.0,1.0,5.0,1.0,0.0,0.0,3.0,1.0,0.0,3.0,7.0,1.0,0.0,0.0,0.0,0.0,1.0,0.0,2.0,0.0,1.0,0.0,0.0,0.0,3.0,0.0,0.0,4.0,1.0,0.0,0.0
63,8.455604788102144e+17,7.0,48.0,53.0,22.0,0.0,2.0,18.0,38.0,39.0,34.0,18.0,34.0,4.0,68.0,39.0,0.0,7.0,90.0,74.0,43.0,7.0,4.0,22.0,4.0,0.0,75.0,44.0,56.0,48.0,29.0,1.0,38.0,9.0,37.0,22.0,11.0,58.0,19.0,89.0,1.0,1.0,10.0,73.0,47.0,5.0,37.0,73.0,61.0,13.0,5.0,17.0,29.0,15.0,28.0,15.0,8.0,23.0,2.0,25.0,0.0,59.0,0.0,0.0,45.0,64.0,28.0,8.0
64,8.632125563278541e+17,25.0,102.0,288.0,109.0,0.0,22.0,78.0,25.0,245.0,252.0,92.0,233.0,45.0,229.0,164.0,1.0,14.0,506.0,232.0,266.0,34.0,23.0,128.0,45.0,2.0,444.0,153.0,338.0,67.0,52.0,1.0,216.0,39.0,66.0,157.0,16.0,450.0,146.0,439.0,9.0,1.0,85.0,191.0,204.0,44.0,274.0,351.0,181.0,2.0,10.0,20.0,189.0,57.0,42.0,40.0,18.0,68.0,7.0,38.0,0.0,368.0,4.0,45.0,0.0,158.0,40.0,52.0
65,8.810189817415434e+17,12.0,120.0,146.0,71.0,0.0,4.0,28.0,78.0,122.0,103.0,57.0,57.0,35.0,146.0,92.0,0.0,4.0,198.0,155.0,105.0,20.0,15.0,72.0,5.0,1.0,167.0,103.0,110.0,98.0,76.0,2.0,124.0,12.0,77.0,71.0,9.0,159.0,82.0,219.0,3.0,0.0,23.0,186.0,95.0,22.0,125.0,159.0,88.0,31.0,11.0,25.0,81.0,33.0,105.0,32.0,10.0,33.0,2.0,71.0,0.0,143.0,1.0,64.0,158.0,0.0,50.0,32.0
66,8.884294282706944e+17,6.0,57.0,27.0,14.0,0.0,0.0,6.0,40.0,26.0,23.0,18.0,25.0,6.0,57.0,30.0,0.0,1.0,50.0,41.0,33.0,2.0,1.0,24.0,1.0,0.0,44.0,33.0,39.0,43.0,44.0,3.0,34.0,6.0,37.0,22.0,1.0,47.0,17.0,58.0,2.0,0.0,8.0,66.0,22.0,2.0,28.0,58.0,32.0,5.0,6.0,15.0,27.0,27.0,17.0,7.0,6.0,17.0,2.0,28.0,0.0,36.0,0.0,28.0,40.0,50.0,0.0,8.0
67,9.078204857104097e+17,3.0,22.0,52.0,30.0,0.0,1.0,12.0,8.0,38.0,37.0,19.0,31.0,9.0,37.0,34.0,0.0,1.0,56.0,38.0,38.0,9.0,7.0,30.0,3.0,0.0,57.0,37.0,44.0,20.0,13.0,0.0,41.0,5.0,19.0,28.0,4.0,47.0,34.0,49.0,2.0,0.0,17.0,37.0,37.0,9.0,48.0,46.0,34.0,0.0,2.0,5.0,38.0,8.0,11.0,6.0,6.0,14.0,0.0,10.0,0.0,43.0,0.0,8.0,52.0,32.0,8.0,0.0
