,0,1,2,3,4,5,6,7,8,9,10,11,12,13,14,15,16,17,18,19,20,21,22,23,24,25,26,27,28,29,30,31,32,33,34,35,36,37,38,39,40,41,42,43,44,45,46,47,48,49,50,51,52,53,54,55,56,57,58,59,60,61,62,63,64,65,66,67,68,69,70,71,72,73,74,75,76,77,78,79,80,81,82,83,84,85,86,87,88,89,90,91,92,93,94,95,96,97,98,99,100,101,102,103,104,105,106,107,108,109,110,111,112,113,114,115,116,117,118,119,120,121,122,123,124
0,-1.0,102906999.0,1126676077.0,1128116924.0,1168806410.0,122564147.0,131126857.0,132095476.0,1382408617.0,155547174.0,1694093814.0,1718745828.0,17481929.0,188804287.0,1964635141.0,212464615.0,2169043847.0,2214098064.0,2232549006.0,2251887763.0,229119260.0,23048740.0,2326329361.0,2347844604.0,2548563476.0,2733625915.0,2739585757.0,2752498194.0,2834367054.0,2876520577.0,2891341698.0,3061643802.0,3065968716.0,3071041573.0,3071764538.0,3073317074.0,3076248691.0,3076272756.0,30860019.0,3138674485.0,3172166294.0,3228266521.0,3232272410.0,3237874165.0,3257476902.0,3296008817.0,3671136314.0,3933130574.0,407052670.0,425649742.0,4378883246.0,4404382574.0,4574311770.0,4777301054.0,499668104.0,522270986.0,576360862.0,587955602.0,589582314.0,590691572.0,61728690.0,628960161.0,65910592.0,68469094.0,69978079.0,7.031077597099459e+17,7.160908580182139e+17,7.184282798336369e+17,7.314251518755799e+17,7.524804840689172e+17,7.562225030605169e+17,759256634.0,7.608109947425587e+17,7.626710928130785e+17,7.717132291143844e+17,77396252.0,7.791547124236984e+17,7.8171733684369e+17,7.824629624013169e+17,7.852951984232817e+17,7.92314504898089e+17,8.068645836632187e+17,8.08335785225257e+17,8.206789392701194e+17,8.257042271879946e+17,8.336991938773606e+17,8.341239456369254e+17,8.401275466414162e+17,8.419927677902807e+17,8.441041598257111e+17,8.465949480319304e+17,8.503531430661038e+17,8.51798551390675e+17,8.527801260475802e+17,8.530569812922081e+17,8.636348702575575e+17,8.716327682827469e+17,8.782846075772477e+17,8.821569851136492e+17,8.831702189938975e+17,88440821.0,8.919413726761042e+17,8.9373720148113e+17,8.952186531715031e+17,8.963314755780035e+17,8.963453605027103e+17,8.984784324424376e+17,9.040024614672548e+17,9.093749936952566e+17,916913466.0,9.228850171134771e+17,9.28689123442901e+17,9.318496353619927e+17,9.347662656960594e+17,9.375999033199903e+17,9.413216675648799e+17,9.430452782060626e+17,9.445735459415736e+17,9.458592492084019e+17,9.508262469124055e+17,9.520236909961953e+17,9.524682197547909e+17,9.550531618651259e+17,9.567240656868598e+17,9.582120077605478e+17
1,102906999.0,0.0,1.0,15.0,45.0,9.0,4.0,2.0,7.0,11.0,4.0,2.0,0.0,0.0,5.0,2.0,5.0,1.0,3.0,6.0,0.0,0.0,10.0,6.0,12.0,0.0,1.0,6.0,6.0,4.0,1.0,5.0,9.0,4.0,3.0,11.0,29.0,0.0,14.0,0.0,4.0,2.0,8.0,0.0,62.0,0.0,11.0,4.0,1.0,10.0,17.0,18.0,24.0,1.0,0.0,4.0,13.0,10.0,1.0,16.0,4.0,3.0,4.0,8.0,0.0,3.0,0.0,63.0,7.0,0.0,4.0,0.0,3.0,5.0,7.0,2.0,1.0,7.0,5.0,7.0,31.0,5.0,2.0,0.0,1.0,0.0,2.0,0.0,4.0,0.0,0.0,0.0,4.0,0.0,4.0,4.0,2.0,4.0,8.0,4.0,1.0,0.0,1.0,3.0,0.0,0.0,3.0,4.0,6.0,46.0,0.0,30.0,0.0,0.0,10.0,4.0,3.0,0.0,4.0,3.0,1.0,1.0,0.0,0.0,5.0
2,1126676077.0,1.0,0.0,2.0,3.0,2.0,0.0,0.0,2.0,2.0,0.0,0.0,0.0,1.0,0.0,1.0,0.0,0.0,2.0,6.0,0.0,0.0,0.0,1.0,7.0,0.0,0.0,0.0,1.0,2.0,0.0,2.0,0.0,0.0,1.0,1.0,3.0,0.0,0.0,0.0,0.0,0.0,1.0,0.0,8.0,0.0,0.0,1.0,0.0,2.0,2.0,2.0,3.0,0.0,0.0,1.0,1.0,2.0,0.0,1.0,3.0,2.0,1.0,1.0,0.0,0.0,0.0,5.0,1.0,0.0,0.0,1.0,1.0,0.0,0.0,0.0,1.0,2.0,1.0,0.0,3.0,0.0,0.0,0.0,0.0,0.0,1.0,0.0,0.0,0.0,0.0,1.0,0.0,2.0,3.0,0.0,0.0,0.0,4.0,0.0,0.0,0.0,0.0,0.0,0.0,0.0,0.0,0.0,0.0,5.0,0.0,6.0,0.0,0.0,2.0,1.0,0.0,0.0,0.0,5.0,0.0,1.0,0.0,0.0,1.0
3,1128116924.0,15.0,2.0,0.0,36.0,11.0,18.0,3.0,43.0,33.0,18.0,7.0,0.0,1.0,40.0,6.0,30.0,23.0,10.0,17.0,4.0,0.0,68.0,29.0,22.0,34.0,12.0,22.0,35.0,21.0,6.0,27.0,35.0,6.0,3.0,68.0,89.0,13.0,14.0,10.0,24.0,22.0,48.0,1.0,104.0,8.0,20.0,13.0,9.0,58.0,85.0,53.0,22.0,0.0,1.0,23.0,25.0,49.0,1.0,49.0,5.0,5.0,3.0,6.0,1.0,13.0,37.0,125.0,52.0,0.0,33.0,0.0,13.0,26.0,28.0,9.0,8.0,41.0,46.0,21.0,99.0,48.0,15.0,3.0,12.0,5.0,15.0,0.0,17.0,10.0,4.0,22.0,20.0,1.0,8.0,12.0,14.0,21.0,67.0,40.0,1.0,0.0,9.0,15.0,4.0,3.0,5.0,11.0,30.0,81.0,0.0,45.0,17.0,15.0,59.0,15.0,19.0,0.0,15.0,3.0,5.0,21.0,5.0,0.0,33.0
4,1168806410.0,45.0,3.0,36.0,0.0,17.0,24.0,4.0,23.0,26.0,12.0,10.0,0.0,1.0,10.0,8.0,7.0,1.0,20.0,22.0,5.0,1.0,38.0,22.0,33.0,8.0,3.0,22.0,10.0,8.0,6.0,13.0,12.0,4.0,9.0,15.0,109.0,0.0,31.0,4.0,8.0,4.0,22.0,0.0,239.0,0.0,28.0,10.0,3.0,24.0,52.0,38.0,62.0,14.0,0.0,9.0,16.0,20.0,8.0,63.0,5.0,5.0,2.0,29.0,0.0,13.0,3.0,363.0,22.0,0.0,8.0,9.0,11.0,28.0,7.0,9.0,3.0,9.0,18.0,15.0,99.0,15.0,8.0,0.0,2.0,0.0,8.0,0.0,7.0,1.0,2.0,5.0,12.0,1.0,8.0,11.0,1.0,14.0,34.0,15.0,9.0,1.0,5.0,13.0,0.0,0.0,2.0,14.0,14.0,189.0,0.0,64.0,1.0,3.0,10.0,7.0,5.0,0.0,5.0,5.0,4.0,8.0,0.0,0.0,6.0
5,122564147.0,9.0,2.0,11.0,17.0,0.0,0.0,0.0,8.0,6.0,2.0,0.0,0.0,1.0,3.0,3.0,2.0,1.0,7.0,7.0,0.0,0.0,4.0,3.0,9.0,0.0,0.0,1.0,3.0,2.0,1.0,4.0,5.0,1.0,4.0,9.0,17.0,1.0,7.0,1.0,0.0,3.0,4.0,0.0,25.0,1.0,2.0,7.0,2.0,11.0,12.0,13.0,20.0,4.0,0.0,3.0,10.0,8.0,4.0,6.0,5.0,2.0,6.0,13.0,0.0,0.0,0.0,34.0,8.0,0.0,2.0,0.0,1.0,1.0,4.0,1.0,3.0,4.0,4.0,4.0,14.0,3.0,2.0,0.0,0.0,0.0,3.0,0.0,2.0,0.0,1.0,1.0,3.0,1.0,6.0,1.0,1.0,3.0,11.0,2.0,1.0,0.0,1.0,3.0,0.0,0.0,0.0,2.0,3.0,26.0,0.0,24.0,0.0,0.0,5.0,2.0,3.0,0.0,2.0,4.0,1.0,1.0,0.0,0.0,3.0
6,131126857.0,4.0,0.0,18.0,24.0,0.0,0.0,10.0,44.0,163.0,42.0,91.0,0.0,0.0,50.0,32.0,13.0,2.0,4.0,8.0,5.0,0.0,32.0,48.0,6.0,63.0,2.0,18.0,21.0,96.0,45.0,102.0,9.0,1.0,2.0,29.0,46.0,3.0,5.0,3.0,8.0,8.0,167.0,0.0,226.0,0.0,28.0,2.0,20.0,26.0,38.0,42.0,8.0,0.0,0.0,14.0,9.0,87.0,0.0,103.0,0.0,118.0,2.0,1.0,1.0,26.0,12.0,88.0,77.0,0.0,22.0,1.0,47.0,71.0,14.0,11.0,8.0,11.0,50.0,12.0,50.0,20.0,69.0,2.0,4.0,0.0,15.0,0.0,3.0,0.0,97.0,9.0,22.0,0.0,1.0,4.0,4.0,5.0,33.0,18.0,2.0,2.0,34.0,129.0,0.0,0.0,2.0,55.0,61.0,99.0,0.0,15.0,1.0,5.0,25.0,30.0,1.0,0.0,4.0,2.0,31.0,4.0,0.0,0.0,43.0
7,132095476.0,2.0,0.0,3.0,4.0,0.0,10.0,0.0,3.0,6.0,4.0,9.0,0.0,0.0,2.0,2.0,1.0,0.0,0.0,0.0,0.0,0.0,4.0,2.0,1.0,4.0,0.0,4.0,1.0,5.0,0.0,8.0,4.0,0.0,1.0,8.0,13.0,0.0,0.0,1.0,2.0,0.0,11.0,0.0,23.0,0.0,2.0,1.0,1.0,4.0,3.0,11.0,0.0,1.0,0.0,1.0,1.0,9.0,0.0,8.0,0.0,5.0,0.0,1.0,0.0,1.0,1.0,15.0,3.0,0.0,2.0,0.0,2.0,0.0,2.0,2.0,1.0,6.0,8.0,4.0,7.0,2.0,4.0,0.0,1.0,0.0,1.0,0.0,0.0,0.0,2.0,1.0,7.0,0.0,0.0,0.0,2.0,2.0,4.0,3.0,0.0,0.0,3.0,7.0,0.0,0.0,0.0,1.0,4.0,13.0,0.0,1.0,1.0,0.0,2.0,3.0,1.0,0.0,0.0,1.0,2.0,0.0,0.0,0.0,5.0
8,1382408617.0,7.0,2.0,43.0,23.0,8.0,44.0,3.0,0.0,43.0,23.0,7.0,0.0,1.0,63.0,2.0,24.0,1.0,11.0,21.0,2.0,0.0,70.0,30.0,23.0,30.0,3.0,21.0,43.0,34.0,13.0,40.0,23.0,0.0,2.0,84.0,100.0,2.0,13.0,8.0,6.0,23.0,70.0,4.0,130.0,1.0,18.0,6.0,19.0,58.0,79.0,73.0,22.0,0.0,2.0,24.0,26.0,69.0,1.0,69.0,5.0,19.0,4.0,8.0,1.0,19.0,16.0,150.0,80.0,0.0,25.0,2.0,18.0,28.0,34.0,8.0,10.0,26.0,81.0,20.0,92.0,47.0,35.0,3.0,4.0,0.0,12.0,0.0,13.0,1.0,16.0,6.0,27.0,1.0,6.0,6.0,10.0,9.0,75.0,36.0,1.0,0.0,14.0,27.0,0.0,0.0,2.0,25.0,40.0,146.0,0.0,30.0,2.0,10.0,57.0,21.0,3.0,0.0,6.0,5.0,16.0,31.0,0.0,0.0,49.0
9,155547174.0,11.0,2.0,33.0,26.0,6.0,163.0,6.0,43.0,0.0,63.0,149.0,0.0,1.0,64.0,69.0,17.0,1.0,9.0,18.0,2.0,0.0,48.0,105.0,17.0,69.0,5.0,30.0,35.0,194.0,94.0,131.0,16.0,1.0,7.0,46.0,71.0,2.0,14.0,4.0,15.0,12.0,271.0,1.0,331.0,0.0,45.0,6.0,30.0,36.0,60.0,58.0,19.0,0.0,1.0,14.0,20.0,122.0,2.0,147.0,4.0,242.0,5.0,5.0,1.0,37.0,10.0,96.0,129.0,0.0,32.0,0.0,103.0,135.0,23.0,9.0,9.0,20.0,55.0,25.0,72.0,24.0,94.0,2.0,5.0,0.0,20.0,0.0,13.0,1.0,175.0,7.0,30.0,1.0,7.0,17.0,3.0,12.0,39.0,31.0,1.0,3.0,58.0,219.0,0.0,0.0,4.0,81.0,89.0,128.0,0.0,33.0,1.0,7.0,30.0,49.0,3.0,0.0,4.0,4.0,38.0,14.0,0.0,0.0,49.0
10,1694093814.0,4.0,0.0,18.0,12.0,2.0,42.0,4.0,23.0,63.0,0.0,35.0,0.0,0.0,41.0,11.0,9.0,0.0,3.0,9.0,2.0,0.0,26.0,48.0,7.0,28.0,2.0,11.0,17.0,59.0,19.0,55.0,7.0,1.0,4.0,26.0,37.0,3.0,8.0,6.0,9.0,7.0,65.0,4.0,79.0,1.0,21.0,3.0,26.0,21.0,34.0,28.0,6.0,0.0,2.0,10.0,14.0,50.0,0.0,48.0,0.0,45.0,0.0,1.0,1.0,15.0,8.0,45.0,54.0,0.0,16.0,0.0,32.0,33.0,11.0,8.0,7.0,13.0,30.0,12.0,34.0,15.0,41.0,0.0,2.0,0.0,9.0,0.0,9.0,0.0,36.0,4.0,25.0,0.0,0.0,9.0,3.0,7.0,24.0,22.0,0.0,0.0,30.0,56.0,0.0,0.0,2.0,23.0,37.0,64.0,0.0,11.0,2.0,6.0,21.0,37.0,3.0,0.0,2.0,4.0,27.0,6.0,0.0,0.0,29.0
11,1718745828.0,2.0,0.0,7.0,10.0,0.0,91.0,9.0,7.0,149.0,35.0,0.0,0.0,0.0,30.0,35.0,3.0,1.0,2.0,5.0,2.0,0.0,19.0,50.0,6.0,66.0,2.0,15.0,4.0,109.0,61.0,95.0,8.0,0.0,2.0,8.0,26.0,0.0,1.0,1.0,14.0,0.0,156.0,1.0,177.0,0.0,25.0,4.0,14.0,9.0,27.0,20.0,3.0,0.0,0.0,2.0,4.0,58.0,0.0,79.0,0.0,122.0,0.0,0.0,0.0,14.0,4.0,38.0,63.0,0.0,33.0,0.0,62.0,84.0,2.0,7.0,9.0,5.0,22.0,17.0,22.0,8.0,59.0,0.0,5.0,1.0,8.0,0.0,4.0,0.0,104.0,7.0,10.0,0.0,0.0,6.0,1.0,5.0,9.0,9.0,0.0,4.0,39.0,146.0,0.0,0.0,1.0,46.0,43.0,66.0,0.0,11.0,2.0,1.0,7.0,32.0,2.0,0.0,0.0,1.0,21.0,3.0,0.0,0.0,32.0
12,17481929.0,0.0,0.0,0.0,0.0,0.0,0.0,0.0,0.0,0.0,0.0,0.0,0.0,0.0,0.0,0.0,0.0,0.0,0.0,0.0,0.0,0.0,0.0,0.0,0.0,0.0,0.0,0.0,0.0,0.0,0.0,0.0,0.0,0.0,0.0,0.0,0.0,0.0,0.0,0.0,0.0,0.0,0.0,0.0,0.0,0.0,0.0,0.0,0.0,0.0,0.0,0.0,0.0,0.0,0.0,0.0,0.0,0.0,0.0,0.0,0.0,0.0,0.0,0.0,0.0,0.0,0.0,0.0,0.0,0.0,0.0,0.0,0.0,0.0,0.0,0.0,0.0,0.0,0.0,0.0,0.0,0.0,0.0,0.0,0.0,0.0,0.0,0.0,0.0,0.0,0.0,0.0,0.0,0.0,0.0,0.0,0.0,0.0,0.0,0.0,0.0,0.0,0.0,0.0,0.0,0.0,0.0,0.0,0.0,0.0,0.0,0.0,0.0,0.0,0.0,0.0,0.0,0.0,0.0,0.0,0.0,0.0,0.0,0.0,0.0
13,188804287.0,0.0,1.0,1.0,1.0,1.0,0.0,0.0,1.0,1.0,0.0,0.0,0.0,0.0,0.0,0.0,0.0,0.0,1.0,1.0,0.0,0.0,0.0,1.0,1.0,0.0,0.0,0.0,0.0,1.0,0.0,1.0,0.0,0.0,1.0,0.0,1.0,0.0,0.0,0.0,0.0,0.0,0.0,0.0,1.0,0.0,0.0,1.0,0.0,1.0,1.0,1.0,1.0,0.0,0.0,0.0,0.0,1.0,0.0,0.0,1.0,1.0,0.0,0.0,0.0,0.0,0.0,1.0,1.0,0.0,0.0,0.0,0.0,0.0,0.0,0.0,1.0,1.0,0.0,0.0,1.0,0.0,0.0,0.0,0.0,0.0,1.0,0.0,0.0,0.0,0.0,1.0,0.0,1.0,1.0,0.0,0.0,0.0,1.0,0.0,0.0,0.0,0.0,0.0,0.0,0.0,0.0,0.0,0.0,1.0,0.0,1.0,0.0,0.0,1.0,0.0,0.0,0.0,0.0,1.0,0.0,0.0,0.0,0.0,0.0
14,1964635141.0,5.0,0.0,40.0,10.0,3.0,50.0,2.0,63.0,64.0,41.0,30.0,0.0,0.0,0.0,4.0,25.0,4.0,6.0,17.0,4.0,0.0,70.0,57.0,10.0,34.0,3.0,21.0,37.0,61.0,25.0,63.0,25.0,3.0,1.0,66.0,89.0,6.0,8.0,11.0,13.0,16.0,96.0,5.0,138.0,4.0,26.0,3.0,31.0,52.0,70.0,71.0,5.0,3.0,2.0,28.0,20.0,77.0,0.0,79.0,1.0,37.0,1.0,1.0,1.0,24.0,24.0,119.0,92.0,0.0,30.0,0.0,33.0,41.0,34.0,11.0,12.0,28.0,86.0,16.0,82.0,43.0,50.0,3.0,4.0,3.0,7.0,0.0,13.0,4.0,38.0,9.0,32.0,0.0,1.0,7.0,11.0,8.0,68.0,44.0,0.0,1.0,40.0,51.0,1.0,1.0,3.0,29.0,67.0,130.0,0.0,18.0,9.0,13.0,55.0,40.0,6.0,0.0,6.0,2.0,28.0,25.0,1.0,0.0,60.0
15,212464615.0,2.0,1.0,6.0,8.0,3.0,32.0,2.0,2.0,69.0,11.0,35.0,0.0,0.0,4.0,0.0,2.0,3.0,3.0,3.0,0.0,0.0,5.0,15.0,5.0,10.0,2.0,5.0,5.0,65.0,27.0,24.0,2.0,1.0,6.0,4.0,13.0,2.0,0.0,2.0,4.0,0.0,71.0,2.0,100.0,1.0,8.0,2.0,5.0,6.0,9.0,8.0,3.0,0.0,1.0,1.0,4.0,24.0,0.0,26.0,1.0,64.0,1.0,1.0,0.0,4.0,1.0,18.0,18.0,0.0,5.0,0.0,36.0,31.0,0.0,1.0,2.0,2.0,4.0,6.0,10.0,3.0,22.0,0.0,1.0,0.0,3.0,0.0,4.0,0.0,55.0,2.0,5.0,0.0,1.0,2.0,0.0,9.0,4.0,5.0,1.0,3.0,7.0,67.0,0.0,0.0,0.0,16.0,9.0,14.0,0.0,7.0,1.0,1.0,3.0,4.0,0.0,0.0,0.0,2.0,5.0,2.0,0.0,0.0,8.0
16,2169043847.0,5.0,0.0,30.0,7.0,2.0,13.0,1.0,24.0,17.0,9.0,3.0,0.0,0.0,25.0,2.0,0.0,5.0,5.0,13.0,3.0,0.0,40.0,20.0,7.0,13.0,2.0,17.0,21.0,11.0,4.0,13.0,13.0,4.0,1.0,34.0,45.0,5.0,6.0,7.0,14.0,11.0,30.0,0.0,42.0,3.0,11.0,2.0,3.0,29.0,41.0,37.0,8.0,0.0,0.0,10.0,14.0,28.0,0.0,30.0,1.0,2.0,1.0,2.0,0.0,11.0,12.0,53.0,30.0,0.0,19.0,0.0,10.0,12.0,18.0,8.0,4.0,16.0,28.0,14.0,44.0,26.0,8.0,2.0,4.0,3.0,12.0,0.0,11.0,5.0,3.0,12.0,12.0,0.0,2.0,10.0,5.0,8.0,31.0,25.0,0.0,0.0,4.0,7.0,1.0,1.0,2.0,4.0,19.0,43.0,0.0,17.0,8.0,10.0,29.0,10.0,6.0,0.0,5.0,2.0,6.0,10.0,1.0,0.0,17.0
17,2214098064.0,1.0,0.0,23.0,1.0,1.0,2.0,0.0,1.0,1.0,0.0,1.0,0.0,0.0,4.0,3.0,5.0,0.0,1.0,2.0,0.0,0.0,92.0,1.0,0.0,94.0,41.0,2.0,2.0,2.0,1.0,5.0,42.0,24.0,2.0,62.0,140.0,114.0,0.0,5.0,46.0,19.0,2.0,0.0,6.0,9.0,0.0,7.0,0.0,13.0,121.0,16.0,0.0,0.0,0.0,1.0,11.0,5.0,0.0,3.0,0.0,0.0,0.0,0.0,0.0,1.0,161.0,10.0,5.0,0.0,49.0,0.0,3.0,1.0,3.0,3.0,0.0,75.0,7.0,7.0,125.0,56.0,0.0,4.0,109.0,15.0,4.0,0.0,6.0,28.0,1.0,39.0,1.0,0.0,0.0,0.0,15.0,74.0,50.0,5.0,0.0,0.0,1.0,1.0,6.0,4.0,2.0,2.0,6.0,8.0,0.0,2.0,25.0,3.0,45.0,0.0,25.0,0.0,19.0,0.0,0.0,0.0,5.0,0.0,3.0
18,2232549006.0,3.0,2.0,10.0,20.0,7.0,4.0,0.0,11.0,9.0,3.0,2.0,0.0,1.0,6.0,3.0,5.0,1.0,0.0,50.0,0.0,0.0,12.0,7.0,43.0,3.0,2.0,4.0,13.0,4.0,1.0,9.0,1.0,2.0,34.0,10.0,21.0,4.0,4.0,1.0,5.0,1.0,11.0,0.0,44.0,1.0,6.0,5.0,2.0,11.0,17.0,12.0,15.0,0.0,0.0,3.0,9.0,11.0,1.0,12.0,2.0,3.0,1.0,3.0,0.0,4.0,1.0,43.0,12.0,0.0,1.0,3.0,4.0,9.0,4.0,2.0,4.0,5.0,3.0,10.0,25.0,5.0,0.0,0.0,2.0,0.0,6.0,0.0,9.0,0.0,4.0,2.0,4.0,3.0,12.0,6.0,1.0,8.0,8.0,9.0,2.0,0.0,3.0,7.0,0.0,0.0,3.0,8.0,10.0,37.0,0.0,45.0,0.0,0.0,7.0,2.0,0.0,0.0,0.0,47.0,4.0,3.0,0.0,0.0,2.0
19,2251887763.0,6.0,6.0,17.0,22.0,7.0,8.0,0.0,21.0,18.0,9.0,5.0,0.0,1.0,17.0,3.0,13.0,2.0,50.0,0.0,1.0,0.0,25.0,12.0,70.0,8.0,2.0,13.0,15.0,9.0,2.0,18.0,8.0,3.0,15.0,34.0,54.0,3.0,7.0,6.0,10.0,10.0,20.0,2.0,93.0,3.0,9.0,4.0,5.0,22.0,33.0,26.0,17.0,0.0,1.0,12.0,23.0,25.0,1.0,24.0,2.0,2.0,1.0,3.0,0.0,4.0,5.0,95.0,25.0,0.0,11.0,1.0,8.0,14.0,9.0,5.0,4.0,11.0,15.0,14.0,45.0,15.0,6.0,1.0,1.0,1.0,9.0,0.0,10.0,1.0,2.0,3.0,15.0,4.0,14.0,10.0,5.0,7.0,37.0,13.0,0.0,0.0,5.0,13.0,1.0,1.0,3.0,5.0,12.0,96.0,0.0,74.0,1.0,4.0,21.0,8.0,2.0,0.0,2.0,58.0,4.0,14.0,1.0,0.0,10.0
20,229119260.0,0.0,0.0,4.0,5.0,0.0,5.0,0.0,2.0,2.0,2.0,2.0,0.0,0.0,4.0,0.0,3.0,0.0,0.0,1.0,0.0,0.0,6.0,1.0,0.0,10.0,0.0,17.0,4.0,1.0,1.0,4.0,3.0,0.0,0.0,7.0,11.0,0.0,1.0,1.0,2.0,0.0,9.0,0.0,12.0,1.0,1.0,0.0,1.0,3.0,10.0,38.0,0.0,0.0,0.0,3.0,2.0,7.0,0.0,4.0,0.0,0.0,0.0,0.0,0.0,0.0,1.0,31.0,5.0,0.0,7.0,0.0,1.0,1.0,13.0,8.0,3.0,4.0,9.0,0.0,10.0,3.0,1.0,0.0,0.0,0.0,0.0,0.0,2.0,0.0,1.0,2.0,2.0,0.0,0.0,0.0,1.0,1.0,8.0,3.0,0.0,0.0,2.0,3.0,0.0,0.0,1.0,0.0,3.0,15.0,0.0,1.0,1.0,2.0,6.0,1.0,1.0,0.0,0.0,0.0,2.0,1.0,0.0,0.0,6.0
21,23048740.0,0.0,0.0,0.0,1.0,0.0,0.0,0.0,0.0,0.0,0.0,0.0,0.0,0.0,0.0,0.0,0.0,0.0,0.0,0.0,0.0,0.0,1.0,0.0,0.0,0.0,0.0,0.0,0.0,0.0,0.0,0.0,0.0,0.0,0.0,0.0,1.0,0.0,0.0,0.0,0.0,0.0,0.0,0.0,0.0,0.0,0.0,0.0,0.0,0.0,0.0,1.0,0.0,1.0,0.0,0.0,0.0,1.0,1.0,0.0,0.0,0.0,0.0,1.0,0.0,0.0,0.0,5.0,0.0,0.0,0.0,1.0,0.0,0.0,0.0,0.0,0.0,0.0,0.0,0.0,0.0,0.0,0.0,0.0,0.0,0.0,0.0,0.0,0.0,0.0,0.0,0.0,0.0,0.0,0.0,0.0,0.0,0.0,0.0,0.0,1.0,0.0,0.0,0.0,0.0,0.0,0.0,0.0,0.0,3.0,0.0,1.0,0.0,0.0,0.0,0.0,0.0,0.0,0.0,0.0,0.0,0.0,0.0,0.0,0.0
22,2326329361.0,10.0,0.0,68.0,38.0,4.0,32.0,4.0,70.0,48.0,26.0,19.0,0.0,0.0,70.0,5.0,40.0,92.0,12.0,25.0,6.0,1.0,0.0,36.0,20.0,127.0,22.0,39.0,48.0,33.0,12.0,57.0,67.0,26.0,5.0,158.0,270.0,60.0,12.0,16.0,65.0,36.0,98.0,8.0,187.0,14.0,22.0,10.0,16.0,89.0,187.0,134.0,19.0,2.0,3.0,32.0,40.0,93.0,2.0,94.0,1.0,6.0,2.0,3.0,1.0,24.0,81.0,219.0,91.0,0.0,77.0,0.0,22.0,27.0,42.0,24.0,17.0,100.0,103.0,41.0,212.0,111.0,30.0,10.0,40.0,17.0,16.0,0.0,24.0,22.0,11.0,47.0,25.0,0.0,4.0,14.0,25.0,51.0,155.0,60.0,0.0,2.0,12.0,35.0,5.0,4.0,5.0,21.0,47.0,199.0,0.0,35.0,37.0,15.0,114.0,23.0,23.0,0.0,21.0,6.0,11.0,38.0,5.0,0.0,59.0
23,2347844604.0,6.0,1.0,29.0,22.0,3.0,48.0,2.0,30.0,105.0,48.0,50.0,0.0,1.0,57.0,15.0,20.0,1.0,7.0,12.0,1.0,0.0,36.0,0.0,8.0,24.0,2.0,21.0,24.0,131.0,38.0,71.0,13.0,1.0,4.0,35.0,57.0,4.0,12.0,8.0,15.0,8.0,96.0,2.0,157.0,2.0,34.0,3.0,29.0,28.0,55.0,45.0,11.0,0.0,0.0,14.0,16.0,57.0,0.0,69.0,2.0,183.0,1.0,1.0,1.0,24.0,14.0,69.0,98.0,0.0,21.0,0.0,48.0,54.0,21.0,5.0,9.0,21.0,38.0,15.0,58.0,22.0,65.0,2.0,2.0,3.0,13.0,0.0,14.0,2.0,69.0,8.0,35.0,1.0,1.0,16.0,2.0,8.0,33.0,30.0,1.0,1.0,104.0,86.0,0.0,0.0,3.0,35.0,73.0,88.0,0.0,25.0,5.0,8.0,26.0,46.0,5.0,0.0,2.0,5.0,28.0,10.0,0.0,0.0,35.0
24,2548563476.0,12.0,7.0,22.0,33.0,9.0,6.0,1.0,23.0,17.0,7.0,6.0,0.0,1.0,10.0,5.0,7.0,0.0,43.0,70.0,0.0,0.0,20.0,8.0,0.0,4.0,1.0,11.0,5.0,5.0,1.0,10.0,9.0,2.0,15.0,34.0,58.0,1.0,15.0,1.0,6.0,9.0,14.0,1.0,118.0,0.0,7.0,8.0,2.0,25.0,33.0,16.0,38.0,2.0,1.0,16.0,15.0,32.0,8.0,21.0,6.0,5.0,6.0,9.0,0.0,2.0,1.0,109.0,20.0,0.0,3.0,2.0,6.0,7.0,6.0,4.0,1.0,11.0,9.0,16.0,45.0,13.0,4.0,0.0,2.0,0.0,8.0,0.0,7.0,0.0,2.0,1.0,7.0,3.0,22.0,7.0,0.0,6.0,35.0,6.0,2.0,0.0,5.0,12.0,0.0,0.0,2.0,1.0,7.0,98.0,0.0,93.0,0.0,0.0,11.0,1.0,1.0,0.0,0.0,71.0,0.0,14.0,0.0,0.0,3.0
25,2733625915.0,0.0,0.0,34.0,8.0,0.0,63.0,4.0,30.0,69.0,28.0,66.0,0.0,0.0,34.0,10.0,13.0,94.0,3.0,8.0,10.0,0.0,127.0,24.0,4.0,0.0,20.0,20.0,22.0,45.0,29.0,85.0,35.0,17.0,4.0,88.0,181.0,42.0,6.0,9.0,53.0,25.0,102.0,5.0,130.0,11.0,14.0,8.0,11.0,52.0,152.0,107.0,1.0,0.0,2.0,9.0,22.0,68.0,0.0,79.0,0.0,35.0,2.0,0.0,1.0,19.0,82.0,107.0,49.0,0.0,90.0,0.0,18.0,38.0,24.0,17.0,30.0,60.0,65.0,28.0,122.0,72.0,25.0,4.0,39.0,9.0,19.0,0.0,18.0,24.0,30.0,56.0,16.0,0.0,1.0,2.0,18.0,43.0,91.0,37.0,0.0,6.0,21.0,71.0,5.0,4.0,2.0,30.0,37.0,112.0,0.0,7.0,22.0,9.0,74.0,14.0,27.0,0.0,13.0,2.0,13.0,11.0,5.0,0.0,40.0
26,2739585757.0,1.0,0.0,12.0,3.0,0.0,2.0,0.0,3.0,5.0,2.0,2.0,0.0,0.0,3.0,2.0,2.0,41.0,2.0,2.0,0.0,0.0,22.0,2.0,1.0,20.0,0.0,0.0,3.0,3.0,2.0,3.0,13.0,11.0,0.0,18.0,33.0,39.0,1.0,2.0,13.0,6.0,4.0,0.0,4.0,5.0,2.0,6.0,0.0,10.0,36.0,6.0,1.0,0.0,0.0,1.0,11.0,4.0,0.0,4.0,0.0,1.0,0.0,0.0,0.0,1.0,49.0,4.0,5.0,0.0,15.0,0.0,2.0,3.0,1.0,1.0,0.0,15.0,3.0,4.0,36.0,19.0,1.0,2.0,38.0,7.0,2.0,0.0,7.0,11.0,1.0,13.0,1.0,0.0,0.0,1.0,7.0,27.0,14.0,5.0,0.0,0.0,0.0,2.0,4.0,3.0,1.0,0.0,3.0,5.0,0.0,1.0,14.0,3.0,15.0,2.0,9.0,0.0,9.0,0.0,0.0,2.0,4.0,0.0,0.0
27,2752498194.0,6.0,0.0,22.0,22.0,1.0,18.0,4.0,21.0,30.0,11.0,15.0,0.0,0.0,21.0,5.0,17.0,2.0,4.0,13.0,17.0,0.0,39.0,21.0,11.0,20.0,0.0,0.0,26.0,10.0,6.0,17.0,9.0,1.0,3.0,27.0,55.0,3.0,7.0,4.0,10.0,6.0,37.0,0.0,42.0,1.0,13.0,4.0,3.0,23.0,48.0,135.0,9.0,0.0,0.0,9.0,12.0,28.0,1.0,38.0,1.0,5.0,1.0,3.0,1.0,12.0,9.0,84.0,35.0,0.0,22.0,1.0,14.0,22.0,34.0,13.0,12.0,15.0,30.0,16.0,64.0,19.0,13.0,2.0,1.0,1.0,12.0,0.0,13.0,1.0,7.0,5.0,11.0,0.0,2.0,14.0,5.0,8.0,30.0,26.0,0.0,1.0,6.0,21.0,0.0,0.0,3.0,7.0,17.0,56.0,0.0,19.0,4.0,5.0,29.0,7.0,2.0,0.0,1.0,4.0,6.0,12.0,0.0,0.0,17.0
28,2834367054.0,6.0,1.0,35.0,10.0,3.0,21.0,1.0,43.0,35.0,17.0,4.0,0.0,0.0,37.0,5.0,21.0,2.0,13.0,15.0,4.0,0.0,48.0,24.0,5.0,22.0,3.0,26.0,0.0,21.0,7.0,33.0,16.0,2.0,6.0,38.0,61.0,6.0,6.0,7.0,10.0,10.0,46.0,2.0,62.0,3.0,13.0,4.0,10.0,35.0,57.0,59.0,8.0,0.0,2.0,15.0,17.0,44.0,0.0,47.0,1.0,5.0,2.0,0.0,1.0,15.0,12.0,73.0,49.0,0.0,28.0,0.0,13.0,25.0,31.0,8.0,17.0,23.0,51.0,27.0,56.0,27.0,16.0,4.0,7.0,1.0,14.0,0.0,17.0,1.0,15.0,4.0,17.0,0.0,2.0,14.0,9.0,14.0,42.0,37.0,1.0,0.0,9.0,18.0,1.0,1.0,4.0,15.0,36.0,68.0,0.0,19.0,2.0,12.0,45.0,16.0,1.0,0.0,2.0,2.0,13.0,20.0,1.0,0.0,29.0
29,2876520577.0,4.0,2.0,21.0,8.0,2.0,96.0,5.0,34.0,194.0,59.0,109.0,0.0,1.0,61.0,65.0,11.0,2.0,4.0,9.0,1.0,0.0,33.0,131.0,5.0,45.0,3.0,10.0,21.0,0.0,88.0,115.0,6.0,0.0,3.0,29.0,46.0,2.0,5.0,6.0,7.0,7.0,264.0,4.0,557.0,1.0,30.0,6.0,32.0,25.0,34.0,35.0,4.0,0.0,2.0,7.0,10.0,81.0,0.0,104.0,2.0,367.0,1.0,0.0,0.0,21.0,11.0,54.0,138.0,0.0,24.0,0.0,81.0,84.0,14.0,4.0,7.0,13.0,39.0,12.0,40.0,23.0,128.0,1.0,4.0,2.0,8.0,0.0,7.0,0.0,139.0,8.0,29.0,1.0,3.0,3.0,5.0,3.0,30.0,23.0,0.0,5.0,75.0,229.0,0.0,0.0,1.0,79.0,77.0,87.0,0.0,13.0,4.0,6.0,30.0,56.0,3.0,0.0,3.0,2.0,33.0,8.0,0.0,0.0,48.0
30,2891341698.0,1.0,0.0,6.0,6.0,1.0,45.0,0.0,13.0,94.0,19.0,61.0,0.0,0.0,25.0,27.0,4.0,1.0,1.0,2.0,1.0,0.0,12.0,38.0,1.0,29.0,2.0,6.0,7.0,88.0,0.0,58.0,1.0,0.0,1.0,7.0,16.0,0.0,3.0,5.0,3.0,3.0,113.0,0.0,93.0,1.0,22.0,3.0,16.0,9.0,15.0,15.0,1.0,0.0,0.0,1.0,4.0,38.0,0.0,57.0,0.0,90.0,0.0,0.0,0.0,19.0,4.0,18.0,51.0,0.0,9.0,0.0,53.0,61.0,5.0,3.0,6.0,3.0,21.0,3.0,14.0,8.0,43.0,0.0,3.0,0.0,6.0,0.0,3.0,1.0,82.0,5.0,13.0,0.0,0.0,1.0,3.0,1.0,10.0,10.0,0.0,5.0,27.0,92.0,0.0,0.0,2.0,45.0,38.0,31.0,0.0,4.0,2.0,2.0,8.0,20.0,2.0,0.0,1.0,0.0,15.0,3.0,0.0,0.0,16.0
31,3061643802.0,5.0,2.0,27.0,13.0,4.0,102.0,8.0,40.0,131.0,55.0,95.0,0.0,1.0,63.0,24.0,13.0,5.0,9.0,18.0,4.0,0.0,57.0,71.0,10.0,85.0,3.0,17.0,33.0,115.0,58.0,0.0,11.0,3.0,5.0,55.0,73.0,3.0,8.0,8.0,15.0,13.0,162.0,2.0,185.0,2.0,33.0,8.0,30.0,50.0,67.0,63.0,8.0,1.0,2.0,11.0,20.0,96.0,1.0,117.0,2.0,119.0,3.0,2.0,1.0,30.0,17.0,84.0,111.0,0.0,30.0,1.0,56.0,72.0,24.0,8.0,15.0,22.0,52.0,21.0,61.0,34.0,76.0,3.0,5.0,1.0,14.0,0.0,13.0,1.0,88.0,14.0,31.0,1.0,5.0,3.0,11.0,7.0,51.0,32.0,0.0,5.0,53.0,139.0,1.0,1.0,2.0,68.0,79.0,136.0,0.0,22.0,3.0,9.0,40.0,52.0,3.0,0.0,3.0,5.0,36.0,21.0,1.0,0.0,59.0
32,3065968716.0,9.0,0.0,35.0,12.0,5.0,9.0,4.0,23.0,16.0,7.0,8.0,0.0,0.0,25.0,2.0,13.0,42.0,1.0,8.0,3.0,0.0,67.0,13.0,9.0,35.0,13.0,9.0,16.0,6.0,1.0,11.0,0.0,14.0,3.0,64.0,88.0,22.0,8.0,5.0,32.0,14.0,32.0,2.0,61.0,6.0,8.0,8.0,2.0,28.0,61.0,36.0,8.0,0.0,1.0,16.0,22.0,34.0,2.0,21.0,2.0,0.0,1.0,2.0,1.0,5.0,33.0,63.0,21.0,0.0,34.0,0.0,6.0,7.0,16.0,8.0,5.0,57.0,36.0,17.0,81.0,42.0,8.0,1.0,16.0,9.0,3.0,0.0,12.0,12.0,2.0,24.0,10.0,0.0,3.0,4.0,11.0,24.0,54.0,19.0,1.0,1.0,5.0,12.0,6.0,4.0,1.0,4.0,13.0,61.0,0.0,16.0,17.0,8.0,37.0,6.0,19.0,0.0,12.0,2.0,2.0,13.0,4.0,0.0,23.0
33,3071041573.0,4.0,0.0,6.0,4.0,1.0,1.0,0.0,0.0,1.0,1.0,0.0,0.0,0.0,3.0,1.0,4.0,24.0,2.0,3.0,0.0,0.0,26.0,1.0,2.0,17.0,11.0,1.0,2.0,0.0,0.0,3.0,14.0,0.0,2.0,22.0,34.0,18.0,1.0,2.0,16.0,6.0,4.0,0.0,7.0,5.0,3.0,4.0,1.0,7.0,23.0,8.0,1.0,0.0,0.0,0.0,11.0,3.0,0.0,6.0,0.0,0.0,0.0,0.0,0.0,1.0,19.0,10.0,1.0,0.0,10.0,0.0,0.0,1.0,0.0,2.0,2.0,24.0,2.0,3.0,25.0,14.0,0.0,2.0,15.0,6.0,1.0,0.0,6.0,7.0,1.0,12.0,1.0,0.0,0.0,1.0,7.0,17.0,14.0,3.0,0.0,0.0,1.0,1.0,3.0,2.0,0.0,3.0,2.0,7.0,0.0,1.0,8.0,2.0,12.0,0.0,7.0,0.0,5.0,1.0,1.0,0.0,3.0,0.0,0.0
34,3071764538.0,3.0,1.0,3.0,9.0,4.0,2.0,1.0,2.0,7.0,4.0,2.0,0.0,1.0,1.0,6.0,1.0,2.0,34.0,15.0,0.0,0.0,5.0,4.0,15.0,4.0,0.0,3.0,6.0,3.0,1.0,5.0,3.0,2.0,0.0,5.0,11.0,2.0,2.0,1.0,1.0,1.0,5.0,0.0,10.0,1.0,3.0,3.0,2.0,6.0,9.0,7.0,4.0,0.0,0.0,1.0,5.0,6.0,1.0,8.0,2.0,1.0,0.0,2.0,0.0,1.0,0.0,12.0,2.0,0.0,2.0,0.0,3.0,4.0,2.0,2.0,5.0,3.0,2.0,4.0,10.0,2.0,1.0,0.0,0.0,0.0,5.0,0.0,6.0,0.0,7.0,2.0,3.0,4.0,7.0,2.0,0.0,10.0,2.0,3.0,0.0,0.0,2.0,5.0,0.0,0.0,0.0,3.0,4.0,12.0,0.0,13.0,0.0,0.0,3.0,1.0,1.0,0.0,1.0,28.0,2.0,1.0,0.0,0.0,1.0
35,3073317074.0,11.0,1.0,68.0,15.0,9.0,29.0,8.0,84.0,46.0,26.0,8.0,0.0,0.0,66.0,4.0,34.0,62.0,10.0,34.0,7.0,0.0,158.0,35.0,34.0,88.0,18.0,27.0,38.0,29.0,7.0,55.0,64.0,22.0,5.0,0.0,218.0,41.0,16.0,15.0,53.0,43.0,90.0,8.0,221.0,12.0,18.0,12.0,16.0,104.0,181.0,115.0,23.0,2.0,2.0,37.0,48.0,107.0,3.0,91.0,4.0,8.0,4.0,5.0,1.0,13.0,71.0,225.0,93.0,0.0,55.0,0.0,18.0,25.0,42.0,22.0,15.0,91.0,90.0,37.0,199.0,107.0,27.0,7.0,35.0,13.0,14.0,0.0,26.0,16.0,13.0,39.0,30.0,0.0,8.0,15.0,20.0,39.0,164.0,55.0,1.0,2.0,10.0,39.0,4.0,3.0,4.0,17.0,38.0,215.0,0.0,53.0,31.0,13.0,112.0,17.0,24.0,0.0,18.0,19.0,10.0,40.0,5.0,0.0,59.0
36,3076248691.0,29.0,3.0,89.0,109.0,17.0,46.0,13.0,100.0,71.0,37.0,26.0,0.0,1.0,89.0,13.0,45.0,140.0,21.0,54.0,11.0,1.0,270.0,57.0,58.0,181.0,33.0,55.0,61.0,46.0,16.0,73.0,88.0,34.0,11.0,218.0,0.0,74.0,48.0,17.0,86.0,50.0,129.0,8.0,359.0,14.0,30.0,19.0,24.0,110.0,297.0,163.0,51.0,3.0,3.0,47.0,77.0,142.0,12.0,145.0,8.0,14.0,12.0,19.0,1.0,29.0,110.0,439.0,122.0,0.0,95.0,7.0,29.0,47.0,59.0,30.0,21.0,116.0,151.0,105.0,331.0,154.0,44.0,11.0,51.0,18.0,23.0,0.0,33.0,31.0,18.0,52.0,44.0,1.0,12.0,21.0,35.0,74.0,234.0,69.0,7.0,1.0,22.0,61.0,6.0,4.0,7.0,38.0,65.0,378.0,0.0,97.0,44.0,16.0,150.0,30.0,40.0,0.0,27.0,17.0,18.0,57.0,5.0,0.0,73.0
37,3076272756.0,0.0,0.0,13.0,0.0,1.0,3.0,0.0,2.0,2.0,3.0,0.0,0.0,0.0,6.0,2.0,5.0,114.0,4.0,3.0,0.0,0.0,60.0,4.0,1.0,42.0,39.0,3.0,6.0,2.0,0.0,3.0,22.0,18.0,2.0,41.0,74.0,0.0,1.0,6.0,31.0,11.0,6.0,0.0,8.0,7.0,1.0,5.0,1.0,11.0,78.0,13.0,1.0,0.0,0.0,3.0,8.0,6.0,0.0,5.0,0.0,1.0,0.0,0.0,0.0,1.0,128.0,10.0,6.0,0.0,32.0,0.0,5.0,1.0,3.0,3.0,2.0,40.0,6.0,7.0,115.0,37.0,0.0,3.0,99.0,13.0,4.0,0.0,10.0,18.0,2.0,22.0,3.0,0.0,0.0,3.0,11.0,57.0,31.0,7.0,0.0,0.0,0.0,2.0,6.0,4.0,0.0,1.0,6.0,7.0,0.0,2.0,16.0,2.0,25.0,0.0,11.0,0.0,12.0,2.0,2.0,0.0,3.0,0.0,2.0
38,30860019.0,14.0,0.0,14.0,31.0,7.0,5.0,0.0,13.0,14.0,8.0,1.0,0.0,0.0,8.0,0.0,6.0,0.0,4.0,7.0,1.0,0.0,12.0,12.0,15.0,6.0,1.0,7.0,6.0,5.0,3.0,8.0,8.0,1.0,2.0,16.0,48.0,1.0,0.0,1.0,5.0,4.0,9.0,1.0,62.0,0.0,11.0,1.0,5.0,14.0,31.0,17.0,17.0,5.0,0.0,8.0,30.0,14.0,8.0,25.0,3.0,1.0,3.0,15.0,0.0,6.0,2.0,80.0,17.0,0.0,7.0,5.0,6.0,9.0,7.0,4.0,0.0,6.0,13.0,9.0,33.0,10.0,6.0,2.0,1.0,0.0,1.0,0.0,6.0,0.0,0.0,0.0,9.0,0.0,3.0,3.0,4.0,5.0,14.0,10.0,3.0,1.0,3.0,1.0,0.0,0.0,0.0,4.0,5.0,58.0,0.0,23.0,0.0,2.0,8.0,6.0,4.0,0.0,3.0,2.0,1.0,5.0,0.0,0.0,4.0
39,3138674485.0,0.0,0.0,10.0,4.0,1.0,3.0,1.0,8.0,4.0,6.0,1.0,0.0,0.0,11.0,2.0,7.0,5.0,1.0,6.0,1.0,0.0,16.0,8.0,1.0,9.0,2.0,4.0,7.0,6.0,5.0,8.0,5.0,2.0,1.0,15.0,17.0,6.0,1.0,0.0,7.0,9.0,9.0,2.0,13.0,6.0,2.0,3.0,6.0,15.0,14.0,15.0,0.0,0.0,1.0,4.0,7.0,10.0,0.0,10.0,0.0,1.0,0.0,0.0,0.0,3.0,12.0,16.0,14.0,0.0,8.0,0.0,4.0,5.0,4.0,4.0,4.0,10.0,13.0,3.0,18.0,14.0,7.0,1.0,3.0,3.0,4.0,0.0,5.0,2.0,3.0,8.0,7.0,0.0,0.0,2.0,6.0,6.0,17.0,12.0,0.0,1.0,2.0,5.0,2.0,2.0,2.0,3.0,10.0,15.0,0.0,2.0,6.0,4.0,14.0,6.0,4.0,0.0,4.0,1.0,3.0,5.0,2.0,0.0,9.0
40,3172166294.0,4.0,0.0,24.0,8.0,0.0,8.0,2.0,6.0,15.0,9.0,14.0,0.0,0.0,13.0,4.0,14.0,46.0,5.0,10.0,2.0,0.0,65.0,15.0,6.0,53.0,13.0,10.0,10.0,7.0,3.0,15.0,32.0,16.0,1.0,53.0,86.0,31.0,5.0,7.0,0.0,13.0,24.0,3.0,34.0,9.0,10.0,7.0,3.0,23.0,70.0,28.0,5.0,0.0,1.0,3.0,17.0,16.0,1.0,16.0,0.0,3.0,0.0,0.0,0.0,9.0,41.0,39.0,15.0,0.0,33.0,0.0,5.0,8.0,9.0,10.0,6.0,56.0,20.0,19.0,72.0,48.0,6.0,3.0,18.0,13.0,7.0,0.0,17.0,18.0,2.0,38.0,7.0,0.0,1.0,7.0,15.0,31.0,44.0,18.0,0.0,0.0,3.0,15.0,4.0,3.0,5.0,2.0,12.0,34.0,0.0,11.0,19.0,4.0,36.0,11.0,21.0,0.0,12.0,0.0,4.0,5.0,4.0,0.0,11.0
41,3228266521.0,2.0,0.0,22.0,4.0,3.0,8.0,0.0,23.0,12.0,7.0,0.0,0.0,0.0,16.0,0.0,11.0,19.0,1.0,10.0,0.0,0.0,36.0,8.0,9.0,25.0,6.0,6.0,10.0,7.0,3.0,13.0,14.0,6.0,1.0,43.0,50.0,11.0,4.0,9.0,13.0,0.0,15.0,3.0,30.0,8.0,2.0,9.0,8.0,31.0,42.0,18.0,6.0,0.0,2.0,7.0,12.0,21.0,1.0,20.0,1.0,2.0,1.0,3.0,1.0,4.0,19.0,38.0,25.0,0.0,15.0,0.0,7.0,9.0,9.0,4.0,3.0,21.0,20.0,10.0,43.0,29.0,7.0,5.0,13.0,7.0,7.0,0.0,10.0,6.0,2.0,12.0,8.0,0.0,3.0,1.0,9.0,17.0,36.0,14.0,0.0,0.0,2.0,9.0,4.0,4.0,0.0,4.0,11.0,37.0,0.0,12.0,10.0,4.0,31.0,3.0,7.0,0.0,8.0,1.0,2.0,12.0,4.0,0.0,12.0
42,3232272410.0,8.0,1.0,48.0,22.0,4.0,167.0,11.0,70.0,271.0,65.0,156.0,0.0,0.0,96.0,71.0,30.0,2.0,11.0,20.0,9.0,0.0,98.0,96.0,14.0,102.0,4.0,37.0,46.0,264.0,113.0,162.0,32.0,4.0,5.0,90.0,129.0,6.0,9.0,9.0,24.0,15.0,0.0,7.0,621.0,3.0,51.0,6.0,33.0,58.0,103.0,100.0,11.0,1.0,5.0,26.0,23.0,154.0,1.0,199.0,2.0,260.0,5.0,1.0,1.0,47.0,18.0,195.0,163.0,0.0,56.0,0.0,101.0,137.0,41.0,16.0,18.0,30.0,111.0,29.0,110.0,50.0,117.0,6.0,7.0,2.0,22.0,0.0,16.0,2.0,168.0,16.0,37.0,0.0,1.0,26.0,10.0,14.0,89.0,56.0,0.0,5.0,59.0,262.0,1.0,1.0,5.0,87.0,89.0,199.0,0.0,24.0,12.0,10.0,69.0,53.0,6.0,0.0,5.0,4.0,43.0,15.0,1.0,0.0,91.0
43,3237874165.0,0.0,0.0,1.0,0.0,0.0,0.0,0.0,4.0,1.0,4.0,1.0,0.0,0.0,5.0,2.0,0.0,0.0,0.0,2.0,0.0,0.0,8.0,2.0,1.0,5.0,0.0,0.0,2.0,4.0,0.0,2.0,2.0,0.0,0.0,8.0,8.0,0.0,1.0,2.0,3.0,3.0,7.0,0.0,9.0,0.0,0.0,0.0,2.0,5.0,7.0,7.0,0.0,0.0,13.0,1.0,2.0,5.0,0.0,4.0,0.0,0.0,0.0,0.0,0.0,1.0,2.0,8.0,5.0,0.0,2.0,0.0,1.0,1.0,1.0,2.0,1.0,3.0,6.0,2.0,8.0,6.0,2.0,0.0,0.0,0.0,0.0,0.0,3.0,0.0,1.0,0.0,1.0,0.0,0.0,15.0,2.0,0.0,8.0,4.0,0.0,3.0,0.0,4.0,0.0,0.0,0.0,1.0,2.0,10.0,0.0,0.0,4.0,0.0,7.0,3.0,0.0,0.0,0.0,0.0,0.0,4.0,0.0,0.0,6.0
44,3257476902.0,62.0,8.0,104.0,239.0,25.0,226.0,23.0,130.0,331.0,79.0,177.0,0.0,1.0,138.0,100.0,42.0,6.0,44.0,93.0,12.0,0.0,187.0,157.0,118.0,130.0,4.0,42.0,62.0,557.0,93.0,185.0,61.0,7.0,10.0,221.0,359.0,8.0,62.0,13.0,34.0,30.0,621.0,9.0,0.0,5.0,66.0,16.0,40.0,111.0,209.0,177.0,92.0,8.0,3.0,61.0,58.0,250.0,14.0,285.0,8.0,461.0,13.0,35.0,2.0,49.0,30.0,817.0,241.0,0.0,62.0,7.0,115.0,133.0,55.0,30.0,26.0,47.0,191.0,86.0,282.0,97.0,187.0,7.0,8.0,2.0,25.0,0.0,24.0,2.0,186.0,23.0,51.0,2.0,25.0,43.0,10.0,23.0,261.0,62.0,13.0,7.0,88.0,356.0,0.0,0.0,8.0,93.0,117.0,683.0,0.0,228.0,13.0,11.0,111.0,69.0,14.0,0.0,12.0,54.0,45.0,62.0,0.0,0.0,134.0
45,3296008817.0,0.0,0.0,8.0,0.0,1.0,0.0,0.0,1.0,0.0,1.0,0.0,0.0,0.0,4.0,1.0,3.0,9.0,1.0,3.0,1.0,0.0,14.0,2.0,0.0,11.0,5.0,1.0,3.0,1.0,1.0,2.0,6.0,5.0,1.0,12.0,14.0,7.0,0.0,6.0,9.0,8.0,3.0,0.0,5.0,0.0,0.0,5.0,1.0,10.0,13.0,6.0,0.0,0.0,0.0,1.0,5.0,3.0,0.0,2.0,0.0,0.0,0.0,0.0,0.0,0.0,11.0,8.0,5.0,0.0,8.0,0.0,1.0,0.0,3.0,5.0,2.0,9.0,8.0,4.0,14.0,10.0,0.0,1.0,5.0,4.0,1.0,0.0,7.0,5.0,1.0,9.0,2.0,0.0,0.0,1.0,7.0,11.0,13.0,6.0,0.0,0.0,0.0,1.0,4.0,3.0,2.0,0.0,3.0,8.0,0.0,0.0,7.0,2.0,13.0,0.0,5.0,0.0,3.0,1.0,1.0,0.0,3.0,0.0,2.0
46,3671136314.0,11.0,0.0,20.0,28.0,2.0,28.0,2.0,18.0,45.0,21.0,25.0,0.0,0.0,26.0,8.0,11.0,0.0,6.0,9.0,1.0,0.0,22.0,34.0,7.0,14.0,2.0,13.0,13.0,30.0,22.0,33.0,8.0,3.0,3.0,18.0,30.0,1.0,11.0,2.0,10.0,2.0,51.0,0.0,66.0,0.0,0.0,5.0,17.0,15.0,30.0,29.0,9.0,0.0,0.0,3.0,10.0,27.0,0.0,58.0,0.0,20.0,0.0,1.0,0.0,18.0,4.0,58.0,36.0,0.0,14.0,0.0,23.0,41.0,6.0,5.0,4.0,7.0,23.0,10.0,40.0,12.0,22.0,1.0,2.0,0.0,7.0,0.0,6.0,0.0,23.0,5.0,18.0,0.0,0.0,11.0,2.0,5.0,14.0,15.0,0.0,0.0,24.0,38.0,0.0,0.0,1.0,19.0,26.0,44.0,0.0,17.0,1.0,3.0,15.0,16.0,4.0,0.0,4.0,2.0,12.0,4.0,0.0,0.0,18.0
47,3933130574.0,4.0,1.0,13.0,10.0,7.0,2.0,1.0,6.0,6.0,3.0,4.0,0.0,1.0,3.0,2.0,2.0,7.0,5.0,4.0,0.0,0.0,10.0,3.0,8.0,8.0,6.0,4.0,4.0,6.0,3.0,8.0,8.0,4.0,3.0,12.0,19.0,5.0,1.0,3.0,7.0,9.0,6.0,0.0,16.0,5.0,5.0,0.0,1.0,12.0,18.0,10.0,8.0,0.0,0.0,2.0,7.0,7.0,2.0,5.0,3.0,2.0,2.0,4.0,0.0,2.0,9.0,18.0,9.0,0.0,5.0,0.0,2.0,4.0,3.0,3.0,1.0,11.0,8.0,7.0,19.0,10.0,2.0,2.0,7.0,3.0,5.0,0.0,7.0,3.0,3.0,10.0,1.0,1.0,4.0,1.0,5.0,8.0,14.0,7.0,0.0,0.0,5.0,5.0,4.0,3.0,1.0,3.0,3.0,17.0,0.0,11.0,5.0,3.0,10.0,3.0,6.0,0.0,4.0,3.0,1.0,4.0,4.0,0.0,1.0
48,407052670.0,1.0,0.0,9.0,3.0,2.0,20.0,1.0,19.0,30.0,26.0,14.0,0.0,0.0,31.0,5.0,3.0,0.0,2.0,5.0,1.0,0.0,16.0,29.0,2.0,11.0,0.0,3.0,10.0,32.0,16.0,30.0,2.0,1.0,2.0,16.0,24.0,1.0,5.0,6.0,3.0,8.0,33.0,2.0,40.0,1.0,17.0,1.0,0.0,16.0,15.0,16.0,2.0,0.0,1.0,4.0,5.0,26.0,0.0,32.0,0.0,19.0,0.0,1.0,0.0,12.0,4.0,27.0,37.0,0.0,8.0,0.0,16.0,21.0,6.0,2.0,6.0,4.0,18.0,5.0,16.0,11.0,28.0,2.0,2.0,0.0,1.0,0.0,4.0,1.0,16.0,2.0,22.0,0.0,1.0,2.0,4.0,3.0,15.0,11.0,0.0,1.0,23.0,26.0,0.0,0.0,0.0,16.0,26.0,36.0,0.0,7.0,1.0,2.0,10.0,24.0,3.0,0.0,2.0,1.0,19.0,9.0,0.0,0.0,21.0
49,425649742.0,10.0,2.0,58.0,24.0,11.0,26.0,4.0,58.0,36.0,21.0,9.0,0.0,1.0,52.0,6.0,29.0,13.0,11.0,22.0,3.0,0.0,89.0,28.0,25.0,52.0,10.0,23.0,35.0,25.0,9.0,50.0,28.0,7.0,6.0,104.0,110.0,11.0,14.0,15.0,23.0,31.0,58.0,5.0,111.0,10.0,15.0,12.0,16.0,0.0,94.0,72.0,23.0,0.0,2.0,25.0,33.0,66.0,0.0,67.0,4.0,9.0,6.0,6.0,1.0,17.0,32.0,117.0,65.0,0.0,36.0,0.0,14.0,25.0,34.0,10.0,11.0,43.0,54.0,29.0,100.0,65.0,27.0,4.0,11.0,7.0,16.0,0.0,21.0,9.0,12.0,24.0,27.0,1.0,9.0,9.0,19.0,22.0,77.0,46.0,1.0,2.0,10.0,20.0,4.0,3.0,3.0,14.0,42.0,120.0,0.0,39.0,19.0,13.0,68.0,18.0,13.0,0.0,8.0,7.0,10.0,31.0,4.0,0.0,45.0
50,4378883246.0,17.0,2.0,85.0,52.0,12.0,38.0,3.0,79.0,60.0,34.0,27.0,0.0,1.0,70.0,9.0,41.0,121.0,17.0,33.0,10.0,0.0,187.0,55.0,33.0,152.0,36.0,48.0,57.0,34.0,15.0,67.0,61.0,23.0,9.0,181.0,297.0,78.0,31.0,14.0,70.0,42.0,103.0,7.0,209.0,13.0,30.0,18.0,15.0,94.0,0.0,117.0,27.0,3.0,3.0,32.0,48.0,98.0,4.0,102.0,6.0,17.0,5.0,12.0,1.0,23.0,126.0,253.0,93.0,0.0,84.0,2.0,28.0,38.0,48.0,23.0,23.0,91.0,93.0,42.0,245.0,115.0,33.0,6.0,63.0,16.0,25.0,0.0,34.0,26.0,13.0,57.0,33.0,1.0,9.0,32.0,29.0,72.0,148.0,68.0,2.0,2.0,17.0,52.0,5.0,4.0,9.0,26.0,49.0,215.0,0.0,56.0,40.0,15.0,125.0,23.0,32.0,0.0,21.0,14.0,15.0,26.0,5.0,0.0,59.0
51,4404382574.0,18.0,2.0,53.0,38.0,13.0,42.0,11.0,73.0,58.0,28.0,20.0,0.0,1.0,71.0,8.0,37.0,16.0,12.0,26.0,38.0,1.0,134.0,45.0,16.0,107.0,6.0,135.0,59.0,35.0,15.0,63.0,36.0,8.0,7.0,115.0,163.0,13.0,17.0,15.0,28.0,18.0,100.0,7.0,177.0,6.0,29.0,10.0,16.0,72.0,117.0,0.0,23.0,1.0,4.0,29.0,32.0,99.0,3.0,100.0,4.0,11.0,3.0,7.0,1.0,27.0,54.0,236.0,98.0,0.0,68.0,1.0,25.0,36.0,77.0,41.0,56.0,42.0,115.0,28.0,151.0,68.0,34.0,7.0,11.0,6.0,22.0,0.0,23.0,3.0,14.0,17.0,32.0,1.0,7.0,16.0,16.0,26.0,107.0,63.0,0.0,20.0,19.0,41.0,1.0,1.0,4.0,36.0,46.0,178.0,0.0,36.0,13.0,13.0,96.0,26.0,10.0,0.0,10.0,5.0,15.0,37.0,1.0,0.0,58.0
52,4574311770.0,24.0,3.0,22.0,62.0,20.0,8.0,0.0,22.0,19.0,6.0,3.0,0.0,1.0,5.0,3.0,8.0,0.0,15.0,17.0,0.0,0.0,19.0,11.0,38.0,1.0,1.0,9.0,8.0,4.0,1.0,8.0,8.0,1.0,4.0,23.0,51.0,1.0,17.0,0.0,5.0,6.0,11.0,0.0,92.0,0.0,9.0,8.0,2.0,23.0,27.0,23.0,0.0,1.0,0.0,10.0,19.0,15.0,5.0,18.0,8.0,5.0,12.0,12.0,0.0,7.0,0.0,107.0,16.0,0.0,4.0,4.0,5.0,9.0,10.0,4.0,1.0,9.0,6.0,13.0,43.0,8.0,3.0,0.0,2.0,0.0,8.0,0.0,8.0,0.0,0.0,2.0,5.0,1.0,14.0,7.0,0.0,5.0,24.0,7.0,3.0,0.0,1.0,4.0,0.0,0.0,3.0,4.0,9.0,77.0,0.0,71.0,1.0,0.0,8.0,4.0,3.0,0.0,3.0,8.0,1.0,6.0,0.0,0.0,3.0
53,4777301054.0,1.0,0.0,0.0,14.0,4.0,0.0,1.0,0.0,0.0,0.0,0.0,0.0,0.0,3.0,0.0,0.0,0.0,0.0,0.0,0.0,1.0,2.0,0.0,2.0,0.0,0.0,0.0,0.0,0.0,0.0,1.0,0.0,0.0,0.0,2.0,3.0,0.0,5.0,0.0,0.0,0.0,1.0,0.0,8.0,0.0,0.0,0.0,0.0,0.0,3.0,1.0,1.0,0.0,0.0,0.0,3.0,0.0,5.0,4.0,0.0,0.0,0.0,21.0,1.0,1.0,0.0,12.0,1.0,0.0,0.0,2.0,2.0,0.0,0.0,1.0,0.0,1.0,1.0,0.0,5.0,1.0,0.0,0.0,0.0,0.0,0.0,0.0,0.0,0.0,0.0,0.0,0.0,0.0,0.0,0.0,0.0,0.0,1.0,0.0,2.0,0.0,0.0,2.0,0.0,0.0,0.0,0.0,0.0,4.0,0.0,4.0,1.0,0.0,0.0,0.0,0.0,0.0,0.0,1.0,0.0,0.0,0.0,0.0,0.0
54,499668104.0,0.0,0.0,1.0,0.0,0.0,0.0,0.0,2.0,1.0,2.0,0.0,0.0,0.0,2.0,1.0,0.0,0.0,0.0,1.0,0.0,0.0,3.0,0.0,1.0,2.0,0.0,0.0,2.0,2.0,0.0,2.0,1.0,0.0,0.0,2.0,3.0,0.0,0.0,1.0,1.0,2.0,5.0,13.0,3.0,0.0,0.0,0.0,1.0,2.0,3.0,4.0,0.0,0.0,0.0,1.0,0.0,2.0,0.0,1.0,0.0,0.0,0.0,0.0,0.0,0.0,0.0,2.0,3.0,0.0,1.0,0.0,1.0,1.0,0.0,0.0,1.0,2.0,1.0,0.0,2.0,1.0,1.0,0.0,0.0,0.0,0.0,0.0,2.0,0.0,1.0,0.0,0.0,0.0,1.0,7.0,1.0,0.0,2.0,1.0,0.0,2.0,0.0,3.0,0.0,0.0,1.0,1.0,1.0,3.0,0.0,0.0,1.0,0.0,2.0,1.0,0.0,0.0,0.0,0.0,0.0,6.0,0.0,0.0,3.0
55,522270986.0,4.0,1.0,23.0,9.0,3.0,14.0,1.0,24.0,14.0,10.0,2.0,0.0,0.0,28.0,1.0,10.0,1.0,3.0,12.0,3.0,0.0,32.0,14.0,16.0,9.0,1.0,9.0,15.0,7.0,1.0,11.0,16.0,0.0,1.0,37.0,47.0,3.0,8.0,4.0,3.0,7.0,26.0,1.0,61.0,1.0,3.0,2.0,4.0,25.0,32.0,29.0,10.0,0.0,1.0,0.0,14.0,44.0,3.0,20.0,2.0,2.0,3.0,4.0,1.0,4.0,10.0,65.0,24.0,0.0,17.0,2.0,10.0,8.0,14.0,3.0,4.0,16.0,32.0,10.0,45.0,19.0,10.0,0.0,2.0,1.0,4.0,0.0,4.0,0.0,2.0,0.0,13.0,0.0,4.0,2.0,3.0,2.0,42.0,16.0,1.0,0.0,4.0,6.0,0.0,0.0,0.0,6.0,15.0,61.0,0.0,21.0,1.0,9.0,24.0,8.0,2.0,0.0,1.0,4.0,4.0,16.0,0.0,0.0,19.0
56,576360862.0,13.0,1.0,25.0,16.0,10.0,9.0,1.0,26.0,20.0,14.0,4.0,0.0,0.0,20.0,4.0,14.0,11.0,9.0,23.0,2.0,0.0,40.0,16.0,15.0,22.0,11.0,12.0,17.0,10.0,4.0,20.0,22.0,11.0,5.0,48.0,77.0,8.0,30.0,7.0,17.0,12.0,23.0,2.0,58.0,5.0,10.0,7.0,5.0,33.0,48.0,32.0,19.0,3.0,0.0,14.0,0.0,31.0,5.0,28.0,2.0,4.0,4.0,7.0,1.0,7.0,18.0,75.0,28.0,0.0,18.0,1.0,9.0,12.0,14.0,10.0,3.0,21.0,26.0,17.0,56.0,26.0,9.0,2.0,10.0,4.0,6.0,0.0,15.0,7.0,3.0,13.0,13.0,0.0,4.0,8.0,12.0,16.0,44.0,25.0,2.0,0.0,5.0,13.0,3.0,3.0,4.0,9.0,15.0,76.0,0.0,32.0,10.0,8.0,35.0,9.0,13.0,0.0,10.0,7.0,5.0,13.0,5.0,0.0,15.0
57,587955602.0,10.0,2.0,49.0,20.0,8.0,87.0,9.0,69.0,122.0,50.0,58.0,0.0,1.0,77.0,24.0,28.0,5.0,11.0,25.0,7.0,1.0,93.0,57.0,32.0,68.0,4.0,28.0,44.0,81.0,38.0,96.0,34.0,3.0,6.0,107.0,142.0,6.0,14.0,10.0,16.0,21.0,154.0,5.0,250.0,3.0,27.0,7.0,26.0,66.0,98.0,99.0,15.0,0.0,2.0,44.0,31.0,0.0,4.0,118.0,5.0,68.0,4.0,5.0,1.0,26.0,19.0,217.0,97.0,0.0,37.0,1.0,54.0,55.0,36.0,13.0,15.0,35.0,98.0,30.0,114.0,51.0,55.0,2.0,6.0,1.0,20.0,0.0,15.0,2.0,56.0,11.0,32.0,1.0,6.0,8.0,10.0,11.0,108.0,46.0,2.0,6.0,32.0,92.0,0.0,0.0,2.0,48.0,65.0,198.0,0.0,47.0,8.0,13.0,70.0,33.0,7.0,0.0,6.0,12.0,29.0,30.0,0.0,0.0,77.0
58,589582314.0,1.0,0.0,1.0,8.0,4.0,0.0,0.0,1.0,2.0,0.0,0.0,0.0,0.0,0.0,0.0,0.0,0.0,1.0,1.0,0.0,1.0,2.0,0.0,8.0,0.0,0.0,1.0,0.0,0.0,0.0,1.0,2.0,0.0,1.0,3.0,12.0,0.0,8.0,0.0,1.0,1.0,1.0,0.0,14.0,0.0,0.0,2.0,0.0,0.0,4.0,3.0,5.0,5.0,0.0,3.0,5.0,4.0,0.0,1.0,4.0,0.0,0.0,12.0,0.0,0.0,0.0,20.0,2.0,0.0,0.0,3.0,1.0,0.0,1.0,1.0,0.0,1.0,2.0,1.0,7.0,2.0,0.0,0.0,0.0,0.0,0.0,0.0,1.0,0.0,0.0,0.0,0.0,0.0,2.0,0.0,0.0,2.0,4.0,0.0,1.0,0.0,0.0,0.0,0.0,0.0,0.0,0.0,0.0,14.0,0.0,6.0,0.0,0.0,0.0,0.0,0.0,0.0,0.0,2.0,0.0,2.0,0.0,0.0,0.0
59,590691572.0,16.0,1.0,49.0,63.0,6.0,103.0,8.0,69.0,147.0,48.0,79.0,0.0,0.0,79.0,26.0,30.0,3.0,12.0,24.0,4.0,0.0,94.0,69.0,21.0,79.0,4.0,38.0,47.0,104.0,57.0,117.0,21.0,6.0,8.0,91.0,145.0,5.0,25.0,10.0,16.0,20.0,199.0,4.0,285.0,2.0,58.0,5.0,32.0,67.0,102.0,100.0,18.0,4.0,1.0,20.0,28.0,118.0,1.0,0.0,1.0,88.0,2.0,4.0,1.0,41.0,20.0,210.0,137.0,0.0,37.0,1.0,69.0,103.0,35.0,15.0,17.0,26.0,100.0,37.0,130.0,55.0,75.0,5.0,4.0,2.0,20.0,0.0,12.0,1.0,82.0,9.0,39.0,1.0,3.0,25.0,9.0,16.0,86.0,47.0,0.0,3.0,41.0,115.0,0.0,0.0,5.0,61.0,71.0,192.0,0.0,43.0,8.0,7.0,64.0,37.0,7.0,0.0,8.0,6.0,35.0,27.0,0.0,0.0,69.0
60,61728690.0,4.0,3.0,5.0,5.0,5.0,0.0,0.0,5.0,4.0,0.0,0.0,0.0,1.0,1.0,1.0,1.0,0.0,2.0,2.0,0.0,0.0,1.0,2.0,6.0,0.0,0.0,1.0,1.0,2.0,0.0,2.0,2.0,0.0,2.0,4.0,8.0,0.0,3.0,0.0,0.0,1.0,2.0,0.0,8.0,0.0,0.0,3.0,0.0,4.0,6.0,4.0,8.0,0.0,0.0,2.0,2.0,5.0,4.0,1.0,0.0,2.0,5.0,5.0,0.0,0.0,0.0,11.0,2.0,0.0,0.0,2.0,1.0,0.0,2.0,0.0,1.0,3.0,2.0,0.0,8.0,0.0,1.0,0.0,0.0,0.0,1.0,0.0,1.0,0.0,0.0,1.0,0.0,1.0,4.0,0.0,0.0,0.0,5.0,0.0,2.0,0.0,1.0,0.0,0.0,0.0,0.0,0.0,0.0,8.0,0.0,8.0,0.0,0.0,2.0,1.0,0.0,0.0,0.0,1.0,0.0,0.0,0.0,0.0,1.0
61,628960161.0,3.0,2.0,5.0,5.0,2.0,118.0,5.0,19.0,242.0,45.0,122.0,0.0,1.0,37.0,64.0,2.0,0.0,3.0,2.0,0.0,0.0,6.0,183.0,5.0,35.0,1.0,5.0,5.0,367.0,90.0,119.0,0.0,0.0,1.0,8.0,14.0,1.0,1.0,1.0,3.0,2.0,260.0,0.0,461.0,0.0,20.0,2.0,19.0,9.0,17.0,11.0,5.0,0.0,0.0,2.0,4.0,68.0,0.0,88.0,2.0,0.0,1.0,1.0,0.0,19.0,3.0,14.0,120.0,0.0,7.0,0.0,90.0,89.0,4.0,1.0,2.0,6.0,15.0,1.0,21.0,5.0,129.0,0.0,1.0,0.0,5.0,0.0,2.0,0.0,173.0,5.0,13.0,1.0,2.0,2.0,1.0,2.0,9.0,2.0,0.0,1.0,91.0,251.0,0.0,0.0,1.0,84.0,76.0,62.0,0.0,8.0,0.0,1.0,6.0,44.0,0.0,0.0,0.0,1.0,30.0,2.0,0.0,0.0,37.0
62,65910592.0,4.0,1.0,3.0,2.0,6.0,2.0,0.0,4.0,5.0,0.0,0.0,0.0,0.0,1.0,1.0,1.0,0.0,1.0,1.0,0.0,0.0,2.0,1.0,6.0,2.0,0.0,1.0,2.0,1.0,0.0,3.0,1.0,0.0,0.0,4.0,12.0,0.0,3.0,0.0,0.0,1.0,5.0,0.0,13.0,0.0,0.0,2.0,0.0,6.0,5.0,3.0,12.0,0.0,0.0,3.0,4.0,4.0,0.0,2.0,5.0,1.0,0.0,2.0,0.0,1.0,0.0,16.0,2.0,0.0,0.0,0.0,1.0,0.0,4.0,0.0,0.0,2.0,1.0,1.0,6.0,1.0,1.0,0.0,1.0,0.0,1.0,0.0,0.0,0.0,0.0,0.0,1.0,0.0,4.0,0.0,0.0,0.0,9.0,0.0,2.0,0.0,1.0,0.0,0.0,0.0,0.0,0.0,2.0,16.0,0.0,12.0,0.0,0.0,2.0,1.0,0.0,0.0,0.0,1.0,0.0,0.0,0.0,0.0,1.0
63,68469094.0,8.0,1.0,6.0,29.0,13.0,1.0,1.0,8.0,5.0,1.0,0.0,0.0,0.0,1.0,1.0,2.0,0.0,3.0,3.0,0.0,1.0,3.0,1.0,9.0,0.0,0.0,3.0,0.0,0.0,0.0,2.0,2.0,0.0,2.0,5.0,19.0,0.0,15.0,0.0,0.0,3.0,1.0,0.0,35.0,0.0,1.0,4.0,1.0,6.0,12.0,7.0,12.0,21.0,0.0,4.0,7.0,5.0,12.0,4.0,5.0,1.0,2.0,0.0,0.0,1.0,0.0,44.0,4.0,0.0,1.0,5.0,1.0,1.0,3.0,1.0,0.0,2.0,2.0,2.0,19.0,1.0,2.0,0.0,0.0,0.0,2.0,0.0,3.0,0.0,0.0,0.0,2.0,0.0,6.0,0.0,1.0,1.0,9.0,1.0,5.0,0.0,1.0,0.0,0.0,0.0,0.0,1.0,1.0,35.0,0.0,13.0,0.0,0.0,1.0,1.0,1.0,0.0,1.0,1.0,0.0,1.0,0.0,0.0,1.0
64,69978079.0,0.0,0.0,1.0,0.0,0.0,1.0,0.0,1.0,1.0,1.0,0.0,0.0,0.0,1.0,0.0,0.0,0.0,0.0,0.0,0.0,0.0,1.0,1.0,0.0,1.0,0.0,1.0,1.0,0.0,0.0,1.0,1.0,0.0,0.0,1.0,1.0,0.0,0.0,0.0,0.0,1.0,1.0,0.0,2.0,0.0,0.0,0.0,0.0,1.0,1.0,1.0,0.0,1.0,0.0,1.0,1.0,1.0,0.0,1.0,0.0,0.0,0.0,0.0,0.0,1.0,1.0,2.0,1.0,0.0,1.0,0.0,1.0,1.0,1.0,0.0,1.0,0.0,1.0,0.0,1.0,0.0,0.0,0.0,0.0,0.0,0.0,0.0,0.0,0.0,0.0,0.0,0.0,0.0,0.0,0.0,0.0,0.0,1.0,1.0,0.0,0.0,0.0,1.0,0.0,0.0,0.0,0.0,1.0,2.0,0.0,1.0,0.0,0.0,1.0,0.0,0.0,0.0,0.0,1.0,0.0,0.0,0.0,0.0,1.0
65,7.031077597099459e+17,3.0,0.0,13.0,13.0,0.0,26.0,1.0,19.0,37.0,15.0,14.0,0.0,0.0,24.0,4.0,11.0,1.0,4.0,4.0,0.0,0.0,24.0,24.0,2.0,19.0,1.0,12.0,15.0,21.0,19.0,30.0,5.0,1.0,1.0,13.0,29.0,1.0,6.0,3.0,9.0,4.0,47.0,1.0,49.0,0.0,18.0,2.0,12.0,17.0,23.0,27.0,7.0,1.0,0.0,4.0,7.0,26.0,0.0,41.0,0.0,19.0,1.0,1.0,1.0,0.0,7.0,43.0,34.0,0.0,11.0,0.0,23.0,26.0,10.0,4.0,3.0,7.0,26.0,9.0,30.0,9.0,20.0,0.0,2.0,0.0,9.0,0.0,5.0,0.0,16.0,4.0,13.0,0.0,0.0,4.0,2.0,2.0,12.0,15.0,0.0,0.0,16.0,25.0,0.0,0.0,2.0,19.0,23.0,40.0,0.0,11.0,1.0,3.0,12.0,15.0,0.0,0.0,0.0,0.0,13.0,7.0,0.0,0.0,15.0
66,7.160908580182139e+17,0.0,0.0,37.0,3.0,0.0,12.0,1.0,16.0,10.0,8.0,4.0,0.0,0.0,24.0,1.0,12.0,161.0,1.0,5.0,1.0,0.0,81.0,14.0,1.0,82.0,49.0,9.0,12.0,11.0,4.0,17.0,33.0,19.0,0.0,71.0,110.0,128.0,2.0,12.0,41.0,19.0,18.0,2.0,30.0,11.0,4.0,9.0,4.0,32.0,126.0,54.0,0.0,0.0,0.0,10.0,18.0,19.0,0.0,20.0,0.0,3.0,0.0,0.0,1.0,7.0,0.0,30.0,27.0,0.0,50.0,0.0,5.0,7.0,11.0,4.0,6.0,50.0,26.0,6.0,163.0,58.0,8.0,3.0,135.0,11.0,6.0,0.0,11.0,18.0,8.0,39.0,12.0,0.0,0.0,1.0,18.0,66.0,54.0,29.0,0.0,1.0,5.0,11.0,5.0,3.0,2.0,8.0,19.0,33.0,0.0,5.0,25.0,9.0,73.0,9.0,24.0,0.0,20.0,0.0,5.0,7.0,5.0,0.0,16.0
