,0,1,2,3,4,5,6,7,8,9,10,11,12,13,14,15,16,17,18,19,20,21,22,23,24,25,26,27,28,29,30,31,32,33,34,35,36,37,38,39,40,41,42,43,44,45,46,47,48,49,50,51,52,53,54,55,56,57,58,59,60,61,62,63,64,65,66,67,68,69,70,71
0,-1.0,105792146.0,1256936964.0,12935072.0,130307355.0,132095682.0,1367155940.0,143245156.0,1493151972.0,1543161900.0,1653216348.0,1728086898.0,177192126.0,2187050920.0,229804350.0,242684798.0,2482229306.0,271542060.0,2752498194.0,2864877319.0,2885263225.0,2914335086.0,2918770094.0,2963304293.0,3060000127.0,3141288945.0,3236152360.0,3251916308.0,3361379838.0,360550924.0,3866799620.0,3924153858.0,3959935572.0,421929408.0,45006428.0,4777301054.0,516021712.0,549104273.0,583411696.0,585696887.0,625643770.0,7.91643479915e+17,7.029031301999616e+17,7.286251239477289e+17,7.312013612037161e+17,751075776.0,753283147.0,7.570324295089234e+17,759256634.0,76007597.0,7.698731304960123e+17,777409789.0,7.817770928285409e+17,7.973449617421804e+17,7.985080907441275e+17,8.286148773464105e+17,835212421.0,8.362770598151496e+17,8.501980764928737e+17,8.538795521746862e+17,8.699298739213312e+17,9.005386877877453e+17,9.006108318423286e+17,915776413.0,9.335553864597012e+17,9.339859149545636e+17,9.365123150835794e+17,9.438973223536968e+17,9.45648692043776e+17,9.539247804234424e+17,9.554456365763748e+17,9.565519803772396e+17
1,105792146.0,0.0,35.0,62.0,78.0,15.0,65.0,31.0,100.0,176.0,161.0,2.0,4.0,20.0,14.0,34.0,19.0,15.0,24.0,34.0,26.0,69.0,162.0,58.0,72.0,6.0,37.0,46.0,27.0,2.0,54.0,135.0,113.0,4.0,41.0,3.0,45.0,59.0,10.0,23.0,36.0,0.0,41.0,37.0,32.0,4.0,0.0,73.0,4.0,23.0,41.0,27.0,45.0,18.0,139.0,102.0,5.0,70.0,178.0,6.0,75.0,25.0,67.0,3.0,3.0,15.0,10.0,83.0,23.0,3.0,2.0,59.0
2,1256936964.0,35.0,0.0,32.0,28.0,10.0,72.0,3.0,40.0,63.0,58.0,0.0,0.0,13.0,8.0,9.0,15.0,9.0,10.0,18.0,21.0,40.0,49.0,20.0,43.0,4.0,21.0,33.0,27.0,3.0,66.0,38.0,45.0,6.0,4.0,0.0,23.0,28.0,9.0,4.0,23.0,0.0,30.0,19.0,15.0,3.0,0.0,86.0,1.0,6.0,14.0,15.0,29.0,7.0,58.0,57.0,1.0,75.0,70.0,5.0,108.0,21.0,53.0,1.0,2.0,17.0,3.0,52.0,12.0,3.0,1.0,25.0
3,12935072.0,62.0,32.0,0.0,66.0,27.0,62.0,43.0,99.0,130.0,112.0,1.0,4.0,28.0,18.0,57.0,37.0,10.0,15.0,34.0,32.0,67.0,125.0,53.0,78.0,3.0,49.0,40.0,36.0,3.0,51.0,117.0,95.0,2.0,45.0,10.0,29.0,59.0,10.0,12.0,29.0,0.0,39.0,47.0,27.0,3.0,0.0,67.0,4.0,18.0,27.0,30.0,61.0,13.0,106.0,99.0,7.0,63.0,106.0,4.0,68.0,30.0,65.0,3.0,2.0,11.0,12.0,67.0,32.0,6.0,1.0,53.0
4,130307355.0,78.0,28.0,66.0,0.0,10.0,55.0,38.0,80.0,140.0,116.0,1.0,10.0,23.0,14.0,45.0,19.0,13.0,13.0,34.0,29.0,62.0,158.0,71.0,52.0,9.0,32.0,38.0,25.0,3.0,41.0,146.0,77.0,2.0,54.0,7.0,29.0,53.0,17.0,13.0,28.0,0.0,36.0,37.0,30.0,5.0,0.0,66.0,8.0,45.0,40.0,21.0,50.0,24.0,88.0,83.0,6.0,68.0,105.0,4.0,61.0,24.0,54.0,6.0,5.0,11.0,8.0,59.0,18.0,2.0,1.0,49.0
5,132095682.0,15.0,10.0,27.0,10.0,0.0,13.0,5.0,13.0,29.0,35.0,0.0,0.0,2.0,1.0,6.0,3.0,9.0,4.0,5.0,3.0,16.0,24.0,11.0,18.0,1.0,7.0,16.0,5.0,1.0,13.0,19.0,17.0,5.0,13.0,5.0,10.0,12.0,4.0,1.0,10.0,0.0,22.0,5.0,14.0,1.0,0.0,24.0,0.0,1.0,5.0,8.0,10.0,1.0,24.0,21.0,1.0,19.0,32.0,2.0,24.0,7.0,13.0,0.0,3.0,3.0,2.0,20.0,2.0,1.0,1.0,12.0
6,1367155940.0,65.0,72.0,62.0,55.0,13.0,0.0,14.0,93.0,153.0,133.0,1.0,2.0,41.0,23.0,18.0,31.0,14.0,19.0,40.0,43.0,80.0,145.0,38.0,93.0,8.0,32.0,62.0,41.0,4.0,91.0,110.0,103.0,2.0,17.0,0.0,38.0,67.0,12.0,12.0,48.0,0.0,51.0,46.0,31.0,8.0,0.0,135.0,3.0,16.0,27.0,34.0,62.0,15.0,129.0,124.0,2.0,119.0,172.0,10.0,150.0,38.0,96.0,3.0,4.0,22.0,4.0,98.0,30.0,10.0,1.0,57.0
7,143245156.0,31.0,3.0,43.0,38.0,5.0,14.0,0.0,25.0,54.0,29.0,0.0,8.0,15.0,4.0,66.0,15.0,1.0,8.0,6.0,9.0,14.0,194.0,62.0,15.0,4.0,12.0,8.0,9.0,0.0,10.0,143.0,44.0,1.0,51.0,10.0,2.0,52.0,5.0,6.0,3.0,0.0,4.0,25.0,2.0,1.0,0.0,32.0,4.0,7.0,7.0,7.0,22.0,12.0,34.0,26.0,7.0,18.0,41.0,0.0,13.0,8.0,13.0,3.0,1.0,0.0,6.0,20.0,19.0,4.0,0.0,8.0
8,1493151972.0,100.0,40.0,99.0,80.0,13.0,93.0,25.0,0.0,231.0,211.0,3.0,3.0,24.0,20.0,38.0,44.0,16.0,31.0,64.0,53.0,127.0,181.0,55.0,120.0,12.0,57.0,86.0,61.0,3.0,74.0,154.0,158.0,1.0,22.0,1.0,58.0,89.0,11.0,12.0,42.0,0.0,75.0,49.0,54.0,9.0,0.0,136.0,2.0,11.0,31.0,43.0,80.0,18.0,201.0,198.0,7.0,114.0,237.0,10.0,142.0,51.0,132.0,2.0,6.0,18.0,20.0,134.0,49.0,5.0,2.0,126.0
9,1543161900.0,176.0,63.0,130.0,140.0,29.0,153.0,54.0,231.0,0.0,368.0,5.0,3.0,60.0,27.0,63.0,73.0,32.0,37.0,86.0,71.0,189.0,574.0,111.0,360.0,34.0,78.0,163.0,92.0,5.0,125.0,285.0,367.0,4.0,47.0,5.0,89.0,137.0,23.0,30.0,85.0,0.0,276.0,100.0,75.0,10.0,0.0,207.0,8.0,25.0,62.0,68.0,130.0,31.0,442.0,433.0,11.0,174.0,482.0,43.0,194.0,73.0,186.0,5.0,9.0,21.0,20.0,253.0,76.0,12.0,3.0,152.0
10,1653216348.0,161.0,58.0,112.0,116.0,35.0,133.0,29.0,211.0,368.0,0.0,2.0,3.0,25.0,17.0,40.0,29.0,42.0,20.0,104.0,43.0,167.0,308.0,64.0,160.0,17.0,65.0,129.0,68.0,3.0,106.0,272.0,226.0,4.0,40.0,2.0,94.0,83.0,16.0,22.0,74.0,0.0,104.0,55.0,76.0,8.0,0.0,252.0,4.0,16.0,51.0,46.0,97.0,17.0,290.0,259.0,14.0,160.0,417.0,13.0,191.0,44.0,152.0,4.0,5.0,25.0,17.0,189.0,30.0,6.0,1.0,161.0
11,1728086898.0,2.0,0.0,1.0,1.0,0.0,1.0,0.0,3.0,5.0,2.0,0.0,0.0,2.0,0.0,3.0,1.0,0.0,1.0,2.0,1.0,1.0,3.0,4.0,3.0,0.0,2.0,1.0,1.0,0.0,2.0,1.0,1.0,0.0,2.0,0.0,0.0,1.0,0.0,1.0,0.0,0.0,0.0,6.0,0.0,0.0,0.0,1.0,0.0,0.0,0.0,0.0,1.0,1.0,3.0,3.0,0.0,4.0,3.0,0.0,0.0,0.0,4.0,0.0,1.0,1.0,2.0,2.0,3.0,1.0,0.0,0.0
12,177192126.0,4.0,0.0,4.0,10.0,0.0,2.0,8.0,3.0,3.0,3.0,0.0,0.0,4.0,1.0,9.0,0.0,0.0,1.0,0.0,2.0,1.0,9.0,3.0,0.0,0.0,1.0,0.0,3.0,0.0,1.0,21.0,5.0,0.0,6.0,1.0,0.0,1.0,10.0,1.0,0.0,0.0,0.0,6.0,0.0,0.0,0.0,2.0,5.0,5.0,1.0,1.0,1.0,1.0,6.0,3.0,5.0,1.0,2.0,0.0,1.0,0.0,0.0,3.0,0.0,0.0,0.0,0.0,1.0,0.0,0.0,0.0
13,2187050920.0,20.0,13.0,28.0,23.0,2.0,41.0,15.0,24.0,60.0,25.0,2.0,4.0,0.0,14.0,21.0,35.0,1.0,15.0,6.0,19.0,25.0,88.0,42.0,29.0,2.0,14.0,19.0,16.0,5.0,20.0,57.0,38.0,0.0,23.0,0.0,6.0,35.0,8.0,6.0,17.0,0.0,9.0,57.0,6.0,7.0,0.0,11.0,3.0,13.0,16.0,11.0,28.0,23.0,35.0,42.0,6.0,28.0,64.0,5.0,20.0,19.0,30.0,2.0,6.0,3.0,9.0,37.0,30.0,4.0,2.0,3.0
14,229804350.0,14.0,8.0,18.0,14.0,1.0,23.0,4.0,20.0,27.0,17.0,0.0,1.0,14.0,0.0,5.0,18.0,2.0,6.0,6.0,12.0,21.0,24.0,11.0,21.0,2.0,15.0,18.0,17.0,5.0,14.0,18.0,22.0,0.0,6.0,0.0,7.0,19.0,0.0,3.0,16.0,0.0,14.0,15.0,8.0,3.0,0.0,13.0,2.0,3.0,9.0,10.0,19.0,6.0,25.0,26.0,0.0,17.0,31.0,3.0,19.0,14.0,25.0,1.0,0.0,2.0,5.0,23.0,14.0,5.0,1.0,6.0
15,242684798.0,34.0,9.0,57.0,45.0,6.0,18.0,66.0,38.0,63.0,40.0,3.0,9.0,21.0,5.0,0.0,15.0,1.0,10.0,8.0,17.0,19.0,79.0,49.0,23.0,2.0,21.0,10.0,11.0,2.0,22.0,94.0,35.0,0.0,58.0,2.0,3.0,19.0,6.0,8.0,7.0,0.0,8.0,33.0,7.0,1.0,0.0,24.0,5.0,13.0,13.0,10.0,26.0,18.0,36.0,25.0,9.0,24.0,51.0,2.0,17.0,10.0,19.0,1.0,5.0,4.0,12.0,23.0,30.0,2.0,0.0,8.0
16,2482229306.0,19.0,15.0,37.0,19.0,3.0,31.0,15.0,44.0,73.0,29.0,1.0,0.0,35.0,18.0,15.0,0.0,3.0,14.0,9.0,29.0,33.0,71.0,44.0,39.0,4.0,21.0,33.0,26.0,4.0,26.0,52.0,41.0,0.0,8.0,4.0,11.0,58.0,0.0,4.0,24.0,0.0,18.0,36.0,7.0,2.0,0.0,18.0,0.0,5.0,19.0,22.0,33.0,11.0,38.0,54.0,1.0,35.0,56.0,7.0,38.0,32.0,44.0,1.0,4.0,6.0,5.0,43.0,41.0,6.0,2.0,10.0
17,271542060.0,15.0,9.0,10.0,13.0,9.0,14.0,1.0,16.0,32.0,42.0,0.0,0.0,1.0,2.0,1.0,3.0,0.0,4.0,19.0,6.0,18.0,29.0,3.0,21.0,7.0,8.0,18.0,11.0,1.0,8.0,33.0,23.0,1.0,1.0,0.0,11.0,12.0,0.0,3.0,54.0,0.0,16.0,8.0,13.0,1.0,0.0,24.0,0.0,3.0,9.0,5.0,8.0,1.0,23.0,25.0,0.0,16.0,43.0,2.0,16.0,6.0,14.0,0.0,0.0,5.0,3.0,20.0,2.0,2.0,1.0,10.0
18,2752498194.0,24.0,10.0,15.0,13.0,4.0,19.0,8.0,31.0,37.0,20.0,1.0,1.0,15.0,6.0,10.0,14.0,4.0,0.0,12.0,15.0,23.0,37.0,21.0,18.0,3.0,14.0,11.0,13.0,1.0,17.0,25.0,25.0,1.0,5.0,0.0,6.0,21.0,0.0,2.0,9.0,0.0,8.0,23.0,10.0,4.0,0.0,13.0,1.0,1.0,11.0,9.0,10.0,12.0,29.0,30.0,0.0,20.0,40.0,4.0,27.0,17.0,21.0,0.0,5.0,4.0,7.0,23.0,18.0,3.0,0.0,11.0
19,2864877319.0,34.0,18.0,34.0,34.0,5.0,40.0,6.0,64.0,86.0,104.0,2.0,0.0,6.0,6.0,8.0,9.0,19.0,12.0,0.0,19.0,49.0,73.0,9.0,71.0,19.0,24.0,47.0,58.0,0.0,38.0,53.0,65.0,1.0,9.0,0.0,28.0,39.0,2.0,6.0,25.0,0.0,52.0,13.0,29.0,5.0,0.0,49.0,0.0,5.0,18.0,9.0,25.0,2.0,71.0,84.0,2.0,36.0,86.0,7.0,60.0,17.0,50.0,0.0,1.0,8.0,2.0,48.0,5.0,3.0,0.0,48.0
20,2885263225.0,26.0,21.0,32.0,29.0,3.0,43.0,9.0,53.0,71.0,43.0,1.0,2.0,19.0,12.0,17.0,29.0,6.0,15.0,19.0,0.0,31.0,60.0,24.0,49.0,5.0,23.0,36.0,32.0,3.0,30.0,75.0,49.0,0.0,9.0,1.0,17.0,44.0,4.0,4.0,20.0,0.0,31.0,31.0,13.0,6.0,0.0,27.0,4.0,15.0,19.0,19.0,28.0,11.0,66.0,67.0,1.0,40.0,65.0,19.0,39.0,26.0,47.0,1.0,3.0,8.0,6.0,36.0,24.0,6.0,1.0,30.0
21,2914335086.0,69.0,40.0,67.0,62.0,16.0,80.0,14.0,127.0,189.0,167.0,1.0,1.0,25.0,21.0,19.0,33.0,18.0,23.0,49.0,31.0,0.0,149.0,33.0,96.0,13.0,41.0,89.0,50.0,4.0,61.0,110.0,118.0,3.0,16.0,2.0,50.0,68.0,22.0,13.0,44.0,0.0,70.0,33.0,110.0,11.0,0.0,110.0,1.0,8.0,29.0,34.0,77.0,11.0,159.0,153.0,3.0,105.0,188.0,9.0,129.0,37.0,100.0,2.0,4.0,19.0,10.0,154.0,29.0,6.0,1.0,90.0
22,2918770094.0,162.0,49.0,125.0,158.0,24.0,145.0,194.0,181.0,574.0,308.0,3.0,9.0,88.0,24.0,79.0,71.0,29.0,37.0,73.0,60.0,149.0,0.0,141.0,302.0,52.0,56.0,169.0,73.0,5.0,119.0,535.0,316.0,5.0,80.0,14.0,56.0,189.0,16.0,24.0,67.0,0.0,228.0,118.0,63.0,13.0,0.0,221.0,11.0,41.0,48.0,52.0,101.0,34.0,395.0,362.0,18.0,145.0,455.0,37.0,180.0,61.0,153.0,6.0,6.0,13.0,23.0,196.0,79.0,4.0,4.0,106.0
23,2963304293.0,58.0,20.0,53.0,71.0,11.0,38.0,62.0,55.0,111.0,64.0,4.0,3.0,42.0,11.0,49.0,44.0,3.0,21.0,9.0,24.0,33.0,141.0,0.0,33.0,5.0,20.0,25.0,20.0,3.0,35.0,124.0,64.0,0.0,72.0,5.0,10.0,60.0,3.0,6.0,13.0,0.0,8.0,77.0,8.0,7.0,0.0,32.0,3.0,18.0,28.0,14.0,43.0,36.0,57.0,66.0,12.0,49.0,79.0,3.0,43.0,24.0,40.0,5.0,9.0,3.0,9.0,40.0,53.0,5.0,1.0,10.0
24,3060000127.0,72.0,43.0,78.0,52.0,18.0,93.0,15.0,120.0,360.0,160.0,3.0,0.0,29.0,21.0,23.0,39.0,21.0,18.0,71.0,49.0,96.0,302.0,33.0,0.0,39.0,52.0,132.0,65.0,3.0,86.0,100.0,231.0,4.0,12.0,0.0,46.0,82.0,6.0,12.0,50.0,0.0,261.0,45.0,47.0,7.0,0.0,99.0,1.0,9.0,28.0,49.0,77.0,16.0,254.0,262.0,2.0,91.0,254.0,41.0,113.0,51.0,118.0,2.0,6.0,17.0,9.0,138.0,37.0,12.0,1.0,80.0
25,3141288945.0,6.0,4.0,3.0,9.0,1.0,8.0,4.0,12.0,34.0,17.0,0.0,0.0,2.0,2.0,2.0,4.0,7.0,3.0,19.0,5.0,13.0,52.0,5.0,39.0,0.0,4.0,25.0,11.0,2.0,10.0,24.0,26.0,0.0,1.0,0.0,7.0,14.0,0.0,1.0,7.0,0.0,51.0,4.0,7.0,3.0,0.0,15.0,0.0,0.0,4.0,4.0,2.0,1.0,32.0,23.0,2.0,10.0,23.0,19.0,12.0,5.0,8.0,1.0,0.0,0.0,3.0,11.0,3.0,1.0,1.0,7.0
26,3236152360.0,37.0,21.0,49.0,32.0,7.0,32.0,12.0,57.0,78.0,65.0,2.0,1.0,14.0,15.0,21.0,21.0,8.0,14.0,24.0,23.0,41.0,56.0,20.0,52.0,4.0,0.0,35.0,30.0,3.0,28.0,37.0,57.0,2.0,11.0,0.0,25.0,41.0,3.0,7.0,21.0,0.0,27.0,32.0,19.0,3.0,0.0,31.0,0.0,6.0,21.0,24.0,33.0,10.0,67.0,67.0,2.0,40.0,75.0,6.0,41.0,20.0,48.0,0.0,1.0,9.0,7.0,54.0,23.0,6.0,1.0,35.0
27,3251916308.0,46.0,33.0,40.0,38.0,16.0,62.0,8.0,86.0,163.0,129.0,1.0,0.0,19.0,18.0,10.0,33.0,18.0,11.0,47.0,36.0,89.0,169.0,25.0,132.0,25.0,35.0,0.0,51.0,3.0,50.0,94.0,119.0,2.0,7.0,3.0,38.0,64.0,5.0,5.0,41.0,0.0,118.0,30.0,35.0,8.0,0.0,66.0,0.0,5.0,15.0,31.0,41.0,4.0,137.0,147.0,2.0,63.0,147.0,21.0,82.0,40.0,80.0,1.0,1.0,10.0,6.0,86.0,20.0,3.0,2.0,58.0
28,3361379838.0,27.0,27.0,36.0,25.0,5.0,41.0,9.0,61.0,92.0,68.0,1.0,3.0,16.0,17.0,11.0,26.0,11.0,13.0,58.0,32.0,50.0,73.0,20.0,65.0,11.0,30.0,51.0,0.0,4.0,33.0,62.0,60.0,2.0,10.0,0.0,32.0,42.0,5.0,1.0,27.0,0.0,43.0,21.0,25.0,6.0,0.0,39.0,3.0,4.0,21.0,23.0,40.0,7.0,76.0,90.0,0.0,48.0,100.0,10.0,52.0,32.0,53.0,3.0,1.0,12.0,4.0,58.0,18.0,4.0,1.0,39.0
29,360550924.0,2.0,3.0,3.0,3.0,1.0,4.0,0.0,3.0,5.0,3.0,0.0,0.0,5.0,5.0,2.0,4.0,1.0,1.0,0.0,3.0,4.0,5.0,3.0,3.0,2.0,3.0,3.0,4.0,0.0,3.0,5.0,3.0,0.0,1.0,0.0,3.0,4.0,0.0,0.0,5.0,0.0,3.0,3.0,2.0,2.0,0.0,2.0,0.0,0.0,3.0,3.0,4.0,2.0,5.0,4.0,0.0,3.0,5.0,2.0,4.0,4.0,5.0,1.0,0.0,0.0,2.0,5.0,5.0,1.0,1.0,0.0
30,3866799620.0,54.0,66.0,51.0,41.0,13.0,91.0,10.0,74.0,125.0,106.0,2.0,1.0,20.0,14.0,22.0,26.0,8.0,17.0,38.0,30.0,61.0,119.0,35.0,86.0,10.0,28.0,50.0,33.0,3.0,0.0,72.0,82.0,3.0,18.0,1.0,40.0,53.0,10.0,13.0,37.0,0.0,43.0,37.0,25.0,7.0,0.0,127.0,1.0,5.0,25.0,19.0,36.0,11.0,101.0,93.0,8.0,108.0,135.0,9.0,172.0,28.0,79.0,3.0,4.0,20.0,7.0,91.0,32.0,5.0,2.0,41.0
31,3924153858.0,135.0,38.0,117.0,146.0,19.0,110.0,143.0,154.0,285.0,272.0,1.0,21.0,57.0,18.0,94.0,52.0,33.0,25.0,53.0,75.0,110.0,535.0,124.0,100.0,24.0,37.0,94.0,62.0,5.0,72.0,0.0,163.0,2.0,95.0,16.0,42.0,131.0,21.0,17.0,46.0,0.0,58.0,89.0,55.0,7.0,0.0,181.0,17.0,78.0,39.0,33.0,73.0,14.0,202.0,196.0,13.0,97.0,332.0,9.0,124.0,37.0,101.0,7.0,3.0,9.0,20.0,106.0,60.0,5.0,2.0,85.0
32,3959935572.0,113.0,45.0,95.0,77.0,17.0,103.0,44.0,158.0,367.0,226.0,1.0,5.0,38.0,22.0,35.0,41.0,23.0,25.0,65.0,49.0,118.0,316.0,64.0,231.0,26.0,57.0,119.0,60.0,3.0,82.0,163.0,0.0,2.0,26.0,1.0,75.0,101.0,12.0,21.0,52.0,0.0,188.0,51.0,55.0,8.0,0.0,137.0,4.0,17.0,38.0,46.0,75.0,18.0,281.0,286.0,7.0,101.0,277.0,31.0,133.0,54.0,119.0,4.0,6.0,16.0,12.0,164.0,29.0,5.0,2.0,119.0
33,421929408.0,4.0,6.0,2.0,2.0,5.0,2.0,1.0,1.0,4.0,4.0,0.0,0.0,0.0,0.0,0.0,0.0,1.0,1.0,1.0,0.0,3.0,5.0,0.0,4.0,0.0,2.0,2.0,2.0,0.0,3.0,2.0,2.0,0.0,0.0,0.0,1.0,2.0,1.0,0.0,3.0,0.0,3.0,2.0,1.0,0.0,0.0,6.0,0.0,0.0,0.0,2.0,2.0,0.0,3.0,3.0,0.0,3.0,4.0,0.0,4.0,0.0,3.0,0.0,0.0,1.0,0.0,4.0,0.0,0.0,0.0,1.0
34,45006428.0,41.0,4.0,45.0,54.0,13.0,17.0,51.0,22.0,47.0,40.0,2.0,6.0,23.0,6.0,58.0,8.0,1.0,5.0,9.0,9.0,16.0,80.0,72.0,12.0,1.0,11.0,7.0,10.0,1.0,18.0,95.0,26.0,0.0,0.0,32.0,4.0,19.0,3.0,9.0,4.0,0.0,4.0,21.0,4.0,1.0,0.0,22.0,9.0,22.0,14.0,7.0,28.0,16.0,35.0,24.0,7.0,22.0,46.0,1.0,16.0,4.0,11.0,3.0,4.0,2.0,4.0,12.0,16.0,2.0,1.0,7.0
35,4777301054.0,3.0,0.0,10.0,7.0,5.0,0.0,10.0,1.0,5.0,2.0,0.0,1.0,0.0,0.0,2.0,4.0,0.0,0.0,0.0,1.0,2.0,14.0,5.0,0.0,0.0,0.0,3.0,0.0,0.0,1.0,16.0,1.0,0.0,32.0,0.0,0.0,0.0,1.0,0.0,0.0,0.0,0.0,1.0,0.0,0.0,0.0,10.0,2.0,1.0,0.0,0.0,5.0,0.0,1.0,2.0,0.0,1.0,1.0,0.0,6.0,0.0,1.0,0.0,0.0,0.0,0.0,3.0,2.0,0.0,0.0,0.0
36,516021712.0,45.0,23.0,29.0,29.0,10.0,38.0,2.0,58.0,89.0,94.0,0.0,0.0,6.0,7.0,3.0,11.0,11.0,6.0,28.0,17.0,50.0,56.0,10.0,46.0,7.0,25.0,38.0,32.0,3.0,40.0,42.0,75.0,1.0,4.0,0.0,0.0,35.0,2.0,11.0,30.0,0.0,41.0,7.0,26.0,3.0,0.0,52.0,0.0,2.0,23.0,14.0,27.0,3.0,78.0,72.0,0.0,45.0,96.0,4.0,52.0,19.0,49.0,1.0,0.0,10.0,3.0,71.0,5.0,2.0,1.0,51.0
37,549104273.0,59.0,28.0,59.0,53.0,12.0,67.0,52.0,89.0,137.0,83.0,1.0,1.0,35.0,19.0,19.0,58.0,12.0,21.0,39.0,44.0,68.0,189.0,60.0,82.0,14.0,41.0,64.0,42.0,4.0,53.0,131.0,101.0,2.0,19.0,0.0,35.0,0.0,6.0,10.0,42.0,0.0,55.0,38.0,26.0,7.0,0.0,44.0,2.0,20.0,42.0,33.0,55.0,19.0,108.0,118.0,0.0,53.0,129.0,16.0,72.0,43.0,70.0,4.0,3.0,15.0,5.0,83.0,45.0,6.0,2.0,40.0
38,583411696.0,10.0,9.0,10.0,17.0,4.0,12.0,5.0,11.0,23.0,16.0,0.0,10.0,8.0,0.0,6.0,0.0,0.0,0.0,2.0,4.0,22.0,16.0,3.0,6.0,0.0,3.0,5.0,5.0,0.0,10.0,21.0,12.0,1.0,3.0,1.0,2.0,6.0,0.0,3.0,5.0,0.0,4.0,6.0,5.0,0.0,0.0,12.0,1.0,5.0,5.0,1.0,4.0,2.0,17.0,9.0,10.0,54.0,22.0,1.0,33.0,1.0,9.0,0.0,0.0,3.0,0.0,10.0,4.0,0.0,0.0,6.0
39,585696887.0,23.0,4.0,12.0,13.0,1.0,12.0,6.0,12.0,30.0,22.0,1.0,1.0,6.0,3.0,8.0,4.0,3.0,2.0,6.0,4.0,13.0,24.0,6.0,12.0,1.0,7.0,5.0,1.0,0.0,13.0,17.0,21.0,0.0,9.0,0.0,11.0,10.0,3.0,0.0,4.0,0.0,8.0,7.0,4.0,0.0,0.0,16.0,1.0,3.0,13.0,3.0,4.0,4.0,24.0,16.0,0.0,7.0,28.0,2.0,13.0,2.0,5.0,1.0,1.0,3.0,2.0,16.0,6.0,1.0,0.0,6.0
40,625643770.0,36.0,23.0,29.0,28.0,10.0,48.0,3.0,42.0,85.0,74.0,0.0,0.0,17.0,16.0,7.0,24.0,54.0,9.0,25.0,20.0,44.0,67.0,13.0,50.0,7.0,21.0,41.0,27.0,5.0,37.0,46.0,52.0,3.0,4.0,0.0,30.0,42.0,5.0,4.0,0.0,0.0,42.0,19.0,23.0,6.0,0.0,38.0,0.0,3.0,18.0,15.0,34.0,7.0,66.0,61.0,1.0,44.0,100.0,9.0,50.0,25.0,46.0,1.0,1.0,10.0,5.0,62.0,14.0,5.0,1.0,26.0
41,7.91643479915e+17,0.0,0.0,0.0,0.0,0.0,0.0,0.0,0.0,0.0,0.0,0.0,0.0,0.0,0.0,0.0,0.0,0.0,0.0,0.0,0.0,0.0,0.0,0.0,0.0,0.0,0.0,0.0,0.0,0.0,0.0,0.0,0.0,0.0,0.0,0.0,0.0,0.0,0.0,0.0,0.0,0.0,0.0,0.0,0.0,0.0,0.0,0.0,0.0,0.0,0.0,0.0,0.0,0.0,0.0,0.0,0.0,0.0,0.0,0.0,0.0,0.0,0.0,0.0,0.0,0.0,0.0,0.0,0.0,0.0,0.0,0.0
42,7.029031301999616e+17,41.0,30.0,39.0,36.0,22.0,51.0,4.0,75.0,276.0,104.0,0.0,0.0,9.0,14.0,8.0,18.0,16.0,8.0,52.0,31.0,70.0,228.0,8.0,261.0,51.0,27.0,118.0,43.0,3.0,43.0,58.0,188.0,3.0,4.0,0.0,41.0,55.0,4.0,8.0,42.0,0.0,0.0,12.0,47.0,5.0,0.0,62.0,1.0,8.0,16.0,34.0,48.0,2.0,213.0,181.0,1.0,63.0,165.0,42.0,70.0,29.0,67.0,1.0,0.0,15.0,6.0,90.0,5.0,1.0,1.0,62.0
43,7.286251239477289e+17,37.0,19.0,47.0,37.0,5.0,46.0,25.0,49.0,100.0,55.0,6.0,6.0,57.0,15.0,33.0,36.0,8.0,23.0,13.0,31.0,33.0,118.0,77.0,45.0,4.0,32.0,30.0,21.0,3.0,37.0,89.0,51.0,2.0,21.0,1.0,7.0,38.0,6.0,7.0,19.0,0.0,12.0,0.0,13.0,4.0,0.0,26.0,4.0,12.0,20.0,14.0,32.0,18.0,63.0,70.0,14.0,46.0,76.0,4.0,47.0,26.0,49.0,4.0,7.0,3.0,28.0,43.0,52.0,6.0,2.0,10.0
44,7.312013612037161e+17,32.0,15.0,27.0,30.0,14.0,31.0,2.0,54.0,75.0,76.0,0.0,0.0,6.0,8.0,7.0,7.0,13.0,10.0,29.0,13.0,110.0,63.0,8.0,47.0,7.0,19.0,35.0,25.0,2.0,25.0,55.0,55.0,1.0,4.0,0.0,26.0,26.0,5.0,4.0,23.0,0.0,47.0,13.0,0.0,5.0,0.0,42.0,0.0,4.0,11.0,9.0,34.0,3.0,68.0,65.0,4.0,44.0,92.0,4.0,54.0,10.0,36.0,0.0,2.0,10.0,3.0,87.0,4.0,1.0,1.0,38.0
45,751075776.0,4.0,3.0,3.0,5.0,1.0,8.0,1.0,9.0,10.0,8.0,0.0,0.0,7.0,3.0,1.0,2.0,1.0,4.0,5.0,6.0,11.0,13.0,7.0,7.0,3.0,3.0,8.0,6.0,2.0,7.0,7.0,8.0,0.0,1.0,0.0,3.0,7.0,0.0,0.0,6.0,0.0,5.0,4.0,5.0,0.0,0.0,6.0,0.0,0.0,4.0,2.0,3.0,2.0,7.0,11.0,0.0,9.0,14.0,3.0,9.0,6.0,8.0,1.0,0.0,1.0,3.0,8.0,3.0,2.0,1.0,3.0
46,753283147.0,0.0,0.0,0.0,0.0,0.0,0.0,0.0,0.0,0.0,0.0,0.0,0.0,0.0,0.0,0.0,0.0,0.0,0.0,0.0,0.0,0.0,0.0,0.0,0.0,0.0,0.0,0.0,0.0,0.0,0.0,0.0,0.0,0.0,0.0,0.0,0.0,0.0,0.0,0.0,0.0,0.0,0.0,0.0,0.0,0.0,0.0,0.0,0.0,0.0,0.0,0.0,0.0,0.0,0.0,0.0,0.0,0.0,0.0,0.0,0.0,0.0,0.0,0.0,0.0,0.0,0.0,0.0,0.0,0.0,0.0,0.0
47,7.570324295089234e+17,73.0,86.0,67.0,66.0,24.0,135.0,32.0,136.0,207.0,252.0,1.0,2.0,11.0,13.0,24.0,18.0,24.0,13.0,49.0,27.0,110.0,221.0,32.0,99.0,15.0,31.0,66.0,39.0,2.0,127.0,181.0,137.0,6.0,22.0,10.0,52.0,44.0,12.0,16.0,38.0,0.0,62.0,26.0,42.0,6.0,0.0,0.0,4.0,9.0,20.0,23.0,62.0,6.0,170.0,155.0,9.0,206.0,259.0,5.0,267.0,30.0,99.0,1.0,4.0,23.0,14.0,118.0,18.0,2.0,1.0,99.0
48,759256634.0,4.0,1.0,4.0,8.0,0.0,3.0,4.0,2.0,8.0,4.0,0.0,5.0,3.0,2.0,5.0,0.0,0.0,1.0,0.0,4.0,1.0,11.0,3.0,1.0,0.0,0.0,0.0,3.0,0.0,1.0,17.0,4.0,0.0,9.0,2.0,0.0,2.0,1.0,1.0,0.0,0.0,1.0,4.0,0.0,0.0,0.0,4.0,0.0,7.0,2.0,0.0,2.0,1.0,6.0,3.0,0.0,2.0,3.0,0.0,1.0,0.0,0.0,2.0,0.0,0.0,0.0,0.0,3.0,0.0,0.0,0.0
49,76007597.0,23.0,6.0,18.0,45.0,1.0,16.0,7.0,11.0,25.0,16.0,0.0,5.0,13.0,3.0,13.0,5.0,3.0,1.0,5.0,15.0,8.0,41.0,18.0,9.0,0.0,6.0,5.0,4.0,0.0,5.0,78.0,17.0,0.0,22.0,1.0,2.0,20.0,5.0,3.0,3.0,0.0,8.0,12.0,4.0,0.0,0.0,9.0,7.0,0.0,12.0,4.0,18.0,8.0,15.0,12.0,1.0,8.0,20.0,0.0,7.0,3.0,6.0,0.0,1.0,2.0,1.0,10.0,6.0,1.0,0.0,4.0
50,7.698731304960123e+17,41.0,14.0,27.0,40.0,5.0,27.0,7.0,31.0,62.0,51.0,0.0,1.0,16.0,9.0,13.0,19.0,9.0,11.0,18.0,19.0,29.0,48.0,28.0,28.0,4.0,21.0,15.0,21.0,3.0,25.0,39.0,38.0,0.0,14.0,0.0,23.0,42.0,5.0,13.0,18.0,0.0,16.0,20.0,11.0,4.0,0.0,20.0,2.0,12.0,0.0,11.0,20.0,14.0,43.0,34.0,0.0,25.0,57.0,5.0,33.0,17.0,22.0,2.0,1.0,5.0,3.0,36.0,18.0,5.0,1.0,10.0
51,777409789.0,27.0,15.0,30.0,21.0,8.0,34.0,7.0,43.0,68.0,46.0,0.0,1.0,11.0,10.0,10.0,22.0,5.0,9.0,9.0,19.0,34.0,52.0,14.0,49.0,4.0,24.0,31.0,23.0,3.0,19.0,33.0,46.0,2.0,7.0,0.0,14.0,33.0,1.0,3.0,15.0,0.0,34.0,14.0,9.0,2.0,0.0,23.0,0.0,4.0,11.0,0.0,23.0,5.0,55.0,52.0,2.0,31.0,49.0,7.0,33.0,24.0,39.0,1.0,2.0,4.0,4.0,40.0,16.0,4.0,1.0,24.0
52,7.817770928285409e+17,45.0,29.0,61.0,50.0,10.0,62.0,22.0,80.0,130.0,97.0,1.0,1.0,28.0,19.0,26.0,33.0,8.0,10.0,25.0,28.0,77.0,101.0,43.0,77.0,2.0,33.0,41.0,40.0,4.0,36.0,73.0,75.0,2.0,28.0,5.0,27.0,55.0,4.0,4.0,34.0,0.0,48.0,32.0,34.0,3.0,0.0,62.0,2.0,18.0,20.0,23.0,0.0,16.0,96.0,97.0,1.0,79.0,116.0,5.0,75.0,28.0,73.0,3.0,3.0,12.0,5.0,74.0,24.0,7.0,3.0,55.0
53,7.973449617421804e+17,18.0,7.0,13.0,24.0,1.0,15.0,12.0,18.0,31.0,17.0,1.0,1.0,23.0,6.0,18.0,11.0,1.0,12.0,2.0,11.0,11.0,34.0,36.0,16.0,1.0,10.0,4.0,7.0,2.0,11.0,14.0,18.0,0.0,16.0,0.0,3.0,19.0,2.0,4.0,7.0,0.0,2.0,18.0,3.0,2.0,0.0,6.0,1.0,8.0,14.0,5.0,16.0,0.0,17.0,21.0,1.0,17.0,24.0,3.0,13.0,8.0,11.0,1.0,6.0,3.0,3.0,18.0,18.0,3.0,0.0,2.0
54,7.985080907441275e+17,139.0,58.0,106.0,88.0,24.0,129.0,34.0,201.0,442.0,290.0,3.0,6.0,35.0,25.0,36.0,38.0,23.0,29.0,71.0,66.0,159.0,395.0,57.0,254.0,32.0,67.0,137.0,76.0,5.0,101.0,202.0,281.0,3.0,35.0,1.0,78.0,108.0,17.0,24.0,66.0,0.0,213.0,63.0,68.0,7.0,0.0,170.0,6.0,15.0,43.0,55.0,96.0,17.0,0.0,326.0,6.0,156.0,358.0,33.0,176.0,57.0,146.0,4.0,6.0,22.0,14.0,189.0,42.0,11.0,4.0,138.0
55,8.286148773464105e+17,102.0,57.0,99.0,83.0,21.0,124.0,26.0,198.0,433.0,259.0,3.0,3.0,42.0,26.0,25.0,54.0,25.0,30.0,84.0,67.0,153.0,362.0,66.0,262.0,23.0,67.0,147.0,90.0,4.0,93.0,196.0,286.0,3.0,24.0,2.0,72.0,118.0,9.0,16.0,61.0,0.0,181.0,70.0,65.0,11.0,0.0,155.0,3.0,12.0,34.0,52.0,97.0,21.0,326.0,0.0,3.0,137.0,358.0,36.0,177.0,67.0,160.0,5.0,5.0,22.0,14.0,180.0,46.0,10.0,3.0,135.0
56,835212421.0,5.0,1.0,7.0,6.0,1.0,2.0,7.0,7.0,11.0,14.0,0.0,5.0,6.0,0.0,9.0,1.0,0.0,0.0,2.0,1.0,3.0,18.0,12.0,2.0,2.0,2.0,2.0,0.0,0.0,8.0,13.0,7.0,0.0,7.0,0.0,0.0,0.0,10.0,0.0,1.0,0.0,1.0,14.0,4.0,0.0,0.0,9.0,0.0,1.0,0.0,2.0,1.0,1.0,6.0,3.0,0.0,5.0,8.0,0.0,3.0,1.0,2.0,0.0,2.0,0.0,6.0,3.0,2.0,0.0,0.0,4.0
57,8.362770598151496e+17,70.0,75.0,63.0,68.0,19.0,119.0,18.0,114.0,174.0,160.0,4.0,1.0,28.0,17.0,24.0,35.0,16.0,20.0,36.0,40.0,105.0,145.0,49.0,91.0,10.0,40.0,63.0,48.0,3.0,108.0,97.0,101.0,3.0,22.0,1.0,45.0,53.0,54.0,7.0,44.0,0.0,63.0,46.0,44.0,9.0,0.0,206.0,2.0,8.0,25.0,31.0,79.0,17.0,156.0,137.0,5.0,0.0,210.0,9.0,275.0,41.0,98.0,3.0,5.0,25.0,12.0,120.0,29.0,10.0,3.0,81.0
58,8.501980764928737e+17,178.0,70.0,106.0,105.0,32.0,172.0,41.0,237.0,482.0,417.0,3.0,2.0,64.0,31.0,51.0,56.0,43.0,40.0,86.0,65.0,188.0,455.0,79.0,254.0,23.0,75.0,147.0,100.0,5.0,135.0,332.0,277.0,4.0,46.0,1.0,96.0,129.0,22.0,28.0,100.0,0.0,165.0,76.0,92.0,14.0,0.0,259.0,3.0,20.0,57.0,49.0,116.0,24.0,358.0,358.0,8.0,210.0,0.0,31.0,231.0,64.0,171.0,3.0,8.0,28.0,19.0,244.0,48.0,11.0,4.0,162.0
59,8.538795521746862e+17,6.0,5.0,4.0,4.0,2.0,10.0,0.0,10.0,43.0,13.0,0.0,0.0,5.0,3.0,2.0,7.0,2.0,4.0,7.0,19.0,9.0,37.0,3.0,41.0,19.0,6.0,21.0,10.0,2.0,9.0,9.0,31.0,0.0,1.0,0.0,4.0,16.0,1.0,2.0,9.0,0.0,42.0,4.0,4.0,3.0,0.0,5.0,0.0,0.0,5.0,7.0,5.0,3.0,33.0,36.0,0.0,9.0,31.0,0.0,8.0,16.0,7.0,1.0,0.0,1.0,2.0,15.0,4.0,2.0,1.0,7.0
60,8.699298739213312e+17,75.0,108.0,68.0,61.0,24.0,150.0,13.0,142.0,194.0,191.0,0.0,1.0,20.0,19.0,17.0,38.0,16.0,27.0,60.0,39.0,129.0,180.0,43.0,113.0,12.0,41.0,82.0,52.0,4.0,172.0,124.0,133.0,4.0,16.0,6.0,52.0,72.0,33.0,13.0,50.0,0.0,70.0,47.0,54.0,9.0,0.0,267.0,1.0,7.0,33.0,33.0,75.0,13.0,176.0,177.0,3.0,275.0,231.0,8.0,0.0,46.0,125.0,3.0,3.0,28.0,9.0,133.0,33.0,5.0,2.0,95.0
61,9.005386877877453e+17,25.0,21.0,30.0,24.0,7.0,38.0,8.0,51.0,73.0,44.0,0.0,0.0,19.0,14.0,10.0,32.0,6.0,17.0,17.0,26.0,37.0,61.0,24.0,51.0,5.0,20.0,40.0,32.0,4.0,28.0,37.0,54.0,0.0,4.0,0.0,19.0,43.0,1.0,2.0,25.0,0.0,29.0,26.0,10.0,6.0,0.0,30.0,0.0,3.0,17.0,24.0,28.0,8.0,57.0,67.0,1.0,41.0,64.0,16.0,46.0,0.0,46.0,1.0,1.0,7.0,7.0,53.0,22.0,4.0,2.0,29.0
62,9.006108318423286e+17,67.0,53.0,65.0,54.0,13.0,96.0,13.0,132.0,186.0,152.0,4.0,0.0,30.0,25.0,19.0,44.0,14.0,21.0,50.0,47.0,100.0,153.0,40.0,118.0,8.0,48.0,80.0,53.0,5.0,79.0,101.0,119.0,3.0,11.0,1.0,49.0,70.0,9.0,5.0,46.0,0.0,67.0,49.0,36.0,8.0,0.0,99.0,0.0,6.0,22.0,39.0,73.0,11.0,146.0,160.0,2.0,98.0,171.0,7.0,125.0,46.0,0.0,1.0,4.0,22.0,14.0,119.0,43.0,11.0,1.0,92.0
63,915776413.0,3.0,1.0,3.0,6.0,0.0,3.0,3.0,2.0,5.0,4.0,0.0,3.0,2.0,1.0,1.0,1.0,0.0,0.0,0.0,1.0,2.0,6.0,5.0,2.0,1.0,0.0,1.0,3.0,1.0,3.0,7.0,4.0,0.0,3.0,0.0,1.0,4.0,0.0,1.0,1.0,0.0,1.0,4.0,0.0,1.0,0.0,1.0,2.0,0.0,2.0,1.0,3.0,1.0,4.0,5.0,0.0,3.0,3.0,1.0,3.0,1.0,1.0,0.0,0.0,0.0,1.0,1.0,2.0,0.0,0.0,0.0
64,9.335553864597012e+17,3.0,2.0,2.0,5.0,3.0,4.0,1.0,6.0,9.0,5.0,1.0,0.0,6.0,0.0,5.0,4.0,0.0,5.0,1.0,3.0,4.0,6.0,9.0,6.0,0.0,1.0,1.0,1.0,0.0,4.0,3.0,6.0,0.0,4.0,0.0,0.0,3.0,0.0,1.0,1.0,0.0,0.0,7.0,2.0,0.0,0.0,4.0,0.0,1.0,1.0,2.0,3.0,6.0,6.0,5.0,2.0,5.0,8.0,0.0,3.0,1.0,4.0,0.0,0.0,1.0,1.0,6.0,6.0,0.0,0.0,0.0
65,9.339859149545636e+17,15.0,17.0,11.0,11.0,3.0,22.0,0.0,18.0,21.0,25.0,1.0,0.0,3.0,2.0,4.0,6.0,5.0,4.0,8.0,8.0,19.0,13.0,3.0,17.0,0.0,9.0,10.0,12.0,0.0,20.0,9.0,16.0,1.0,2.0,0.0,10.0,15.0,3.0,3.0,10.0,0.0,15.0,3.0,10.0,1.0,0.0,23.0,0.0,2.0,5.0,4.0,12.0,3.0,22.0,22.0,0.0,25.0,28.0,1.0,28.0,7.0,22.0,0.0,1.0,0.0,0.0,23.0,4.0,0.0,0.0,13.0
66,9.365123150835794e+17,10.0,3.0,12.0,8.0,2.0,4.0,6.0,20.0,20.0,17.0,2.0,0.0,9.0,5.0,12.0,5.0,3.0,7.0,2.0,6.0,10.0,23.0,9.0,9.0,3.0,7.0,6.0,4.0,2.0,7.0,20.0,12.0,0.0,4.0,0.0,3.0,5.0,0.0,2.0,5.0,0.0,6.0,28.0,3.0,3.0,0.0,14.0,0.0,1.0,3.0,4.0,5.0,3.0,14.0,14.0,6.0,12.0,19.0,2.0,9.0,7.0,14.0,1.0,1.0,0.0,0.0,9.0,13.0,1.0,1.0,5.0
67,9.438973223536968e+17,83.0,52.0,67.0,59.0,20.0,98.0,20.0,134.0,253.0,189.0,2.0,0.0,37.0,23.0,23.0,43.0,20.0,23.0,48.0,36.0,154.0,196.0,40.0,138.0,11.0,54.0,86.0,58.0,5.0,91.0,106.0,164.0,4.0,12.0,3.0,71.0,83.0,10.0,16.0,62.0,0.0,90.0,43.0,87.0,8.0,0.0,118.0,0.0,10.0,36.0,40.0,74.0,18.0,189.0,180.0,3.0,120.0,244.0,15.0,133.0,53.0,119.0,1.0,6.0,23.0,9.0,0.0,51.0,11.0,3.0,83.0
68,9.45648692043776e+17,23.0,12.0,32.0,18.0,2.0,30.0,19.0,49.0,76.0,30.0,3.0,1.0,30.0,14.0,30.0,41.0,2.0,18.0,5.0,24.0,29.0,79.0,53.0,37.0,3.0,23.0,20.0,18.0,5.0,32.0,60.0,29.0,0.0,16.0,2.0,5.0,45.0,4.0,6.0,14.0,0.0,5.0,52.0,4.0,3.0,0.0,18.0,3.0,6.0,18.0,16.0,24.0,18.0,42.0,46.0,2.0,29.0,48.0,4.0,33.0,22.0,43.0,2.0,6.0,4.0,13.0,51.0,0.0,7.0,2.0,5.0
69,9.539247804234424e+17,3.0,3.0,6.0,2.0,1.0,10.0,4.0,5.0,12.0,6.0,1.0,0.0,4.0,5.0,2.0,6.0,2.0,3.0,3.0,6.0,6.0,4.0,5.0,12.0,1.0,6.0,3.0,4.0,1.0,5.0,5.0,5.0,0.0,2.0,0.0,2.0,6.0,0.0,1.0,5.0,0.0,1.0,6.0,1.0,2.0,0.0,2.0,0.0,1.0,5.0,4.0,7.0,3.0,11.0,10.0,0.0,10.0,11.0,2.0,5.0,4.0,11.0,0.0,0.0,0.0,1.0,11.0,7.0,0.0,1.0,0.0
70,9.554456365763748e+17,2.0,1.0,1.0,1.0,1.0,1.0,0.0,2.0,3.0,1.0,0.0,0.0,2.0,1.0,0.0,2.0,1.0,0.0,0.0,1.0,1.0,4.0,1.0,1.0,1.0,1.0,2.0,1.0,1.0,2.0,2.0,2.0,0.0,1.0,0.0,1.0,2.0,0.0,0.0,1.0,0.0,1.0,2.0,1.0,1.0,0.0,1.0,0.0,0.0,1.0,1.0,3.0,0.0,4.0,3.0,0.0,3.0,4.0,1.0,2.0,2.0,1.0,0.0,0.0,0.0,1.0,3.0,2.0,1.0,0.0,0.0
71,9.565519803772396e+17,59.0,25.0,53.0,49.0,12.0,57.0,8.0,126.0,152.0,161.0,0.0,0.0,3.0,6.0,8.0,10.0,10.0,11.0,48.0,30.0,90.0,106.0,10.0,80.0,7.0,35.0,58.0,39.0,0.0,41.0,85.0,119.0,1.0,7.0,0.0,51.0,40.0,6.0,6.0,26.0,0.0,62.0,10.0,38.0,3.0,0.0,99.0,0.0,4.0,10.0,24.0,55.0,2.0,138.0,135.0,4.0,81.0,162.0,7.0,95.0,29.0,92.0,0.0,0.0,13.0,5.0,83.0,5.0,0.0,0.0,0.0
