,0,1,2,3,4,5,6,7,8,9,10,11,12,13,14,15,16,17,18,19,20,21,22,23,24,25,26,27,28,29,30,31,32,33,34,35,36,37,38,39,40,41,42,43,44,45,46,47,48,49,50,51,52,53,54,55,56,57,58,59,60,61,62,63,64,65,66,67,68,69,70,71,72,73,74,75,76,77,78,79,80,81,82,83,84,85,86,87,88,89,90,91,92
0,-1.0,11277572.0,16166657.0,17682351.0,20263645.0,30368137.0,30709612.0,32792712.0,39953073.0,41507212.0,47870267.0,48959778.0,51035932.0,52077473.0,52915212.0,55169560.0,55837229.0,58430383.0,69583235.0,71207287.0,74120884.0,75055396.0,84669536.0,108021761.0,125343949.0,126130919.0,130104044.0,144105935.0,152988012.0,153992051.0,162151197.0,183138723.0,194920096.0,198093342.0,209651406.0,210824047.0,222816980.0,225185044.0,228637188.0,235097780.0,235683308.0,244042517.0,247247093.0,250373044.0,252991272.0,253601596.0,255107141.0,256927558.0,258536563.0,259337896.0,260883187.0,263022323.0,269244408.0,269680826.0,271344336.0,272259832.0,272308325.0,275115527.0,279154506.0,282636043.0,292447173.0,292999669.0,293967375.0,294523668.0,296148236.0,297864735.0,298112519.0,302144631.0,302481554.0,306072972.0,309930491.0,312169108.0,313124247.0,317262357.0,325774787.0,330994588.0,335473582.0,335508833.0,339034131.0,349146547.0,369028288.0,370501016.0,379047891.0,380198878.0,383455813.0,384671106.0,402037439.0,409731314.0,428556210.0,428999682.0,430530678.0,436267341.0,442439190.0
1,11277572.0,0.0,8.0,13.0,17.0,26.0,6.0,33.0,1.0,11.0,1.0,10.0,1.0,17.0,43.0,0.0,1.0,1.0,1.0,1.0,3.0,1.0,0.0,2.0,1.0,0.0,0.0,4.0,0.0,2.0,1.0,32.0,12.0,8.0,3.0,0.0,0.0,55.0,0.0,1.0,1.0,0.0,0.0,0.0,0.0,0.0,0.0,3.0,14.0,20.0,16.0,18.0,1.0,0.0,0.0,14.0,1.0,0.0,0.0,2.0,0.0,0.0,18.0,0.0,6.0,1.0,0.0,37.0,0.0,0.0,1.0,0.0,0.0,0.0,11.0,0.0,10.0,11.0,2.0,1.0,144.0,11.0,0.0,0.0,0.0,7.0,3.0,0.0,0.0,0.0,2.0,0.0,0.0
2,16166657.0,8.0,0.0,152.0,5.0,18.0,8.0,72.0,16.0,29.0,4.0,40.0,6.0,17.0,41.0,27.0,49.0,1.0,21.0,66.0,147.0,8.0,13.0,8.0,24.0,0.0,7.0,17.0,7.0,15.0,30.0,5.0,20.0,21.0,40.0,24.0,3.0,25.0,12.0,11.0,1.0,9.0,26.0,28.0,13.0,4.0,10.0,47.0,141.0,0.0,3.0,131.0,22.0,0.0,15.0,5.0,37.0,18.0,27.0,4.0,16.0,8.0,18.0,0.0,11.0,4.0,23.0,3.0,7.0,3.0,23.0,12.0,12.0,0.0,19.0,0.0,38.0,11.0,29.0,52.0,44.0,2.0,3.0,48.0,5.0,119.0,63.0,2.0,3.0,0.0,32.0,0.0,0.0
3,17682351.0,13.0,152.0,0.0,10.0,149.0,18.0,196.0,2.0,44.0,23.0,81.0,6.0,22.0,78.0,11.0,22.0,1.0,22.0,48.0,89.0,12.0,21.0,8.0,19.0,1.0,4.0,5.0,12.0,149.0,45.0,5.0,44.0,11.0,15.0,9.0,0.0,84.0,1.0,3.0,5.0,2.0,13.0,23.0,3.0,0.0,1.0,129.0,155.0,3.0,5.0,283.0,2.0,0.0,2.0,3.0,11.0,1.0,7.0,11.0,5.0,5.0,68.0,0.0,26.0,1.0,1.0,11.0,0.0,0.0,56.0,1.0,0.0,0.0,76.0,0.0,61.0,55.0,4.0,17.0,140.0,3.0,0.0,3.0,0.0,48.0,148.0,2.0,0.0,0.0,29.0,0.0,0.0
4,20263645.0,17.0,5.0,10.0,0.0,16.0,2.0,27.0,1.0,1.0,1.0,6.0,0.0,7.0,19.0,0.0,0.0,0.0,3.0,0.0,4.0,1.0,2.0,9.0,1.0,1.0,0.0,1.0,3.0,2.0,1.0,11.0,8.0,7.0,1.0,0.0,0.0,18.0,0.0,0.0,1.0,1.0,1.0,0.0,1.0,0.0,0.0,2.0,4.0,1.0,16.0,8.0,0.0,0.0,0.0,12.0,0.0,0.0,0.0,2.0,1.0,0.0,6.0,0.0,6.0,0.0,0.0,7.0,0.0,0.0,2.0,0.0,0.0,0.0,2.0,0.0,6.0,14.0,0.0,3.0,73.0,0.0,0.0,0.0,0.0,2.0,7.0,0.0,0.0,0.0,3.0,0.0,0.0
5,30368137.0,26.0,18.0,149.0,16.0,0.0,6.0,29.0,2.0,34.0,3.0,19.0,4.0,10.0,51.0,1.0,5.0,0.0,5.0,12.0,14.0,4.0,1.0,7.0,7.0,0.0,0.0,2.0,4.0,5.0,5.0,12.0,13.0,5.0,7.0,2.0,0.0,42.0,0.0,2.0,3.0,2.0,0.0,5.0,0.0,0.0,0.0,22.0,26.0,2.0,7.0,104.0,2.0,0.0,1.0,5.0,1.0,2.0,0.0,3.0,0.0,0.0,67.0,0.0,16.0,0.0,1.0,14.0,0.0,1.0,6.0,2.0,0.0,0.0,4.0,0.0,15.0,29.0,0.0,5.0,106.0,5.0,0.0,0.0,0.0,16.0,10.0,0.0,0.0,0.0,7.0,0.0,0.0
6,30709612.0,6.0,8.0,18.0,2.0,6.0,0.0,16.0,14.0,24.0,4.0,11.0,0.0,0.0,10.0,0.0,6.0,0.0,8.0,1.0,3.0,1.0,2.0,3.0,0.0,0.0,0.0,0.0,2.0,4.0,1.0,6.0,0.0,4.0,3.0,2.0,0.0,9.0,0.0,0.0,4.0,0.0,0.0,16.0,4.0,0.0,0.0,2.0,14.0,2.0,1.0,27.0,0.0,0.0,1.0,0.0,2.0,1.0,29.0,0.0,0.0,0.0,113.0,0.0,3.0,0.0,3.0,4.0,0.0,0.0,1.0,3.0,1.0,0.0,1.0,0.0,5.0,3.0,36.0,1.0,48.0,4.0,0.0,5.0,0.0,4.0,3.0,0.0,0.0,0.0,1.0,0.0,0.0
7,32792712.0,33.0,72.0,196.0,27.0,29.0,16.0,0.0,10.0,63.0,29.0,162.0,1.0,46.0,100.0,8.0,18.0,1.0,29.0,44.0,107.0,11.0,6.0,48.0,51.0,1.0,1.0,36.0,31.0,50.0,9.0,28.0,72.0,70.0,33.0,12.0,0.0,90.0,2.0,2.0,1.0,13.0,21.0,28.0,12.0,2.0,3.0,60.0,224.0,3.0,16.0,168.0,5.0,0.0,4.0,15.0,21.0,6.0,4.0,5.0,14.0,4.0,98.0,0.0,63.0,0.0,5.0,23.0,1.0,0.0,98.0,9.0,2.0,1.0,124.0,0.0,75.0,91.0,14.0,53.0,191.0,3.0,0.0,7.0,0.0,34.0,210.0,1.0,0.0,0.0,35.0,0.0,0.0
8,39953073.0,1.0,16.0,2.0,1.0,2.0,14.0,10.0,0.0,5.0,1.0,12.0,0.0,14.0,7.0,3.0,4.0,0.0,6.0,7.0,18.0,2.0,1.0,2.0,9.0,0.0,4.0,6.0,9.0,1.0,2.0,0.0,15.0,5.0,30.0,10.0,2.0,4.0,2.0,2.0,1.0,10.0,8.0,1.0,14.0,17.0,13.0,2.0,22.0,0.0,1.0,5.0,4.0,0.0,18.0,1.0,10.0,177.0,270.0,2.0,2.0,0.0,9.0,0.0,5.0,57.0,22.0,1.0,0.0,66.0,1.0,8.0,14.0,0.0,1.0,0.0,141.0,4.0,348.0,8.0,10.0,0.0,47.0,59.0,1.0,21.0,7.0,0.0,19.0,0.0,7.0,0.0,0.0
9,41507212.0,11.0,29.0,44.0,1.0,34.0,24.0,63.0,5.0,0.0,10.0,41.0,12.0,12.0,33.0,4.0,7.0,3.0,10.0,14.0,42.0,8.0,4.0,9.0,13.0,0.0,0.0,6.0,6.0,24.0,3.0,1.0,18.0,17.0,8.0,1.0,0.0,43.0,0.0,2.0,6.0,3.0,3.0,12.0,2.0,0.0,0.0,16.0,43.0,4.0,2.0,51.0,1.0,0.0,1.0,4.0,6.0,0.0,2.0,3.0,0.0,1.0,177.0,0.0,19.0,0.0,2.0,3.0,0.0,0.0,8.0,1.0,1.0,2.0,5.0,0.0,32.0,20.0,6.0,17.0,47.0,1.0,0.0,0.0,0.0,7.0,13.0,0.0,0.0,0.0,18.0,0.0,0.0
10,47870267.0,1.0,4.0,23.0,1.0,3.0,4.0,29.0,1.0,10.0,0.0,13.0,1.0,1.0,15.0,0.0,2.0,0.0,2.0,3.0,21.0,2.0,3.0,6.0,5.0,1.0,0.0,6.0,1.0,15.0,6.0,0.0,4.0,11.0,4.0,2.0,0.0,18.0,0.0,0.0,2.0,3.0,1.0,1.0,2.0,0.0,1.0,9.0,12.0,1.0,1.0,17.0,0.0,0.0,0.0,1.0,1.0,1.0,0.0,0.0,0.0,0.0,12.0,0.0,8.0,0.0,1.0,1.0,0.0,0.0,2.0,1.0,0.0,0.0,1.0,0.0,21.0,3.0,2.0,5.0,6.0,0.0,0.0,0.0,0.0,2.0,4.0,0.0,0.0,0.0,10.0,0.0,0.0
11,48959778.0,10.0,40.0,81.0,6.0,19.0,11.0,162.0,12.0,41.0,13.0,0.0,7.0,17.0,40.0,4.0,25.0,3.0,18.0,24.0,55.0,14.0,3.0,8.0,18.0,1.0,1.0,14.0,10.0,37.0,9.0,10.0,31.0,68.0,28.0,21.0,0.0,36.0,0.0,2.0,1.0,2.0,5.0,12.0,2.0,0.0,1.0,53.0,140.0,2.0,5.0,109.0,4.0,0.0,0.0,4.0,13.0,2.0,1.0,4.0,1.0,3.0,50.0,0.0,38.0,1.0,10.0,2.0,0.0,1.0,54.0,2.0,1.0,1.0,49.0,0.0,32.0,37.0,8.0,28.0,58.0,0.0,0.0,3.0,0.0,20.0,127.0,2.0,0.0,0.0,23.0,0.0,0.0
12,51035932.0,1.0,6.0,6.0,0.0,4.0,0.0,1.0,0.0,12.0,1.0,7.0,0.0,1.0,4.0,0.0,1.0,0.0,0.0,2.0,5.0,2.0,0.0,1.0,2.0,0.0,0.0,1.0,1.0,3.0,1.0,0.0,0.0,0.0,2.0,2.0,0.0,2.0,0.0,1.0,0.0,0.0,0.0,0.0,0.0,0.0,0.0,4.0,7.0,0.0,0.0,8.0,0.0,0.0,0.0,0.0,2.0,0.0,0.0,1.0,0.0,0.0,3.0,0.0,0.0,0.0,0.0,0.0,0.0,0.0,3.0,0.0,0.0,0.0,0.0,0.0,1.0,1.0,1.0,4.0,2.0,0.0,0.0,0.0,0.0,3.0,1.0,0.0,0.0,0.0,1.0,0.0,0.0
13,52077473.0,17.0,17.0,22.0,7.0,10.0,0.0,46.0,14.0,12.0,1.0,17.0,1.0,0.0,29.0,2.0,6.0,0.0,16.0,9.0,38.0,5.0,3.0,7.0,14.0,1.0,2.0,14.0,7.0,7.0,3.0,21.0,22.0,12.0,9.0,4.0,0.0,11.0,0.0,1.0,0.0,3.0,3.0,0.0,2.0,1.0,1.0,17.0,42.0,5.0,9.0,21.0,1.0,0.0,12.0,20.0,9.0,0.0,2.0,6.0,0.0,3.0,8.0,0.0,17.0,0.0,2.0,65.0,0.0,0.0,3.0,0.0,1.0,0.0,12.0,0.0,15.0,14.0,5.0,19.0,67.0,21.0,0.0,0.0,0.0,5.0,21.0,0.0,0.0,0.0,14.0,0.0,0.0
14,52915212.0,43.0,41.0,78.0,19.0,51.0,10.0,100.0,7.0,33.0,15.0,40.0,4.0,29.0,0.0,5.0,12.0,2.0,7.0,23.0,50.0,3.0,5.0,17.0,15.0,2.0,3.0,15.0,11.0,21.0,15.0,34.0,41.0,21.0,16.0,2.0,0.0,52.0,0.0,3.0,4.0,7.0,6.0,1.0,3.0,1.0,3.0,28.0,56.0,10.0,13.0,65.0,1.0,0.0,2.0,17.0,3.0,2.0,12.0,18.0,4.0,1.0,50.0,0.0,22.0,4.0,1.0,43.0,0.0,0.0,10.0,1.0,0.0,0.0,8.0,0.0,28.0,35.0,7.0,13.0,150.0,14.0,1.0,4.0,2.0,18.0,25.0,0.0,0.0,0.0,30.0,0.0,0.0
15,55169560.0,0.0,27.0,11.0,0.0,1.0,0.0,8.0,3.0,4.0,0.0,4.0,0.0,2.0,5.0,0.0,8.0,0.0,3.0,9.0,67.0,3.0,2.0,1.0,5.0,0.0,0.0,2.0,2.0,4.0,1.0,0.0,6.0,2.0,1.0,1.0,0.0,3.0,0.0,0.0,0.0,3.0,1.0,1.0,0.0,0.0,0.0,2.0,14.0,0.0,0.0,5.0,1.0,0.0,1.0,0.0,0.0,4.0,10.0,1.0,0.0,0.0,1.0,0.0,2.0,2.0,1.0,1.0,0.0,1.0,0.0,2.0,1.0,0.0,1.0,0.0,8.0,2.0,2.0,3.0,2.0,0.0,0.0,4.0,0.0,4.0,0.0,0.0,1.0,0.0,11.0,0.0,0.0
16,55837229.0,1.0,49.0,22.0,0.0,5.0,6.0,18.0,4.0,7.0,2.0,25.0,1.0,6.0,12.0,8.0,0.0,1.0,14.0,67.0,38.0,0.0,3.0,2.0,7.0,0.0,1.0,10.0,1.0,0.0,15.0,0.0,3.0,3.0,39.0,66.0,0.0,8.0,4.0,12.0,0.0,2.0,17.0,2.0,11.0,0.0,7.0,14.0,189.0,0.0,0.0,38.0,30.0,0.0,9.0,0.0,50.0,3.0,11.0,1.0,12.0,6.0,3.0,0.0,0.0,1.0,41.0,2.0,0.0,3.0,22.0,16.0,6.0,0.0,12.0,0.0,22.0,4.0,14.0,45.0,7.0,0.0,4.0,30.0,3.0,95.0,72.0,4.0,0.0,0.0,13.0,0.0,0.0
17,58430383.0,1.0,1.0,1.0,0.0,0.0,0.0,1.0,0.0,3.0,0.0,3.0,0.0,0.0,2.0,0.0,1.0,0.0,0.0,1.0,2.0,1.0,0.0,0.0,0.0,0.0,0.0,0.0,0.0,5.0,0.0,1.0,1.0,0.0,0.0,0.0,0.0,2.0,0.0,0.0,0.0,0.0,1.0,0.0,0.0,0.0,0.0,0.0,4.0,0.0,0.0,1.0,0.0,0.0,0.0,0.0,0.0,0.0,0.0,0.0,0.0,0.0,0.0,0.0,0.0,0.0,1.0,1.0,0.0,0.0,0.0,1.0,0.0,0.0,0.0,0.0,2.0,1.0,0.0,0.0,2.0,0.0,0.0,0.0,0.0,0.0,0.0,0.0,0.0,0.0,1.0,0.0,0.0
18,69583235.0,1.0,21.0,22.0,3.0,5.0,8.0,29.0,6.0,10.0,2.0,18.0,0.0,16.0,7.0,3.0,14.0,0.0,0.0,16.0,60.0,5.0,150.0,6.0,15.0,1.0,1.0,19.0,7.0,7.0,6.0,0.0,11.0,12.0,12.0,9.0,0.0,5.0,2.0,2.0,0.0,11.0,8.0,3.0,3.0,2.0,2.0,9.0,36.0,1.0,1.0,14.0,2.0,0.0,2.0,4.0,9.0,5.0,19.0,2.0,1.0,2.0,6.0,0.0,9.0,0.0,3.0,2.0,0.0,0.0,4.0,10.0,4.0,2.0,5.0,0.0,15.0,5.0,9.0,22.0,13.0,1.0,0.0,7.0,0.0,13.0,11.0,0.0,0.0,0.0,34.0,0.0,0.0
19,71207287.0,1.0,66.0,48.0,0.0,12.0,1.0,44.0,7.0,14.0,3.0,24.0,2.0,9.0,23.0,9.0,67.0,1.0,16.0,0.0,65.0,5.0,12.0,10.0,29.0,2.0,12.0,17.0,13.0,7.0,20.0,0.0,14.0,7.0,38.0,37.0,3.0,22.0,13.0,15.0,0.0,10.0,36.0,2.0,25.0,1.0,10.0,21.0,130.0,1.0,1.0,35.0,25.0,0.0,23.0,1.0,47.0,10.0,19.0,2.0,15.0,7.0,8.0,0.0,11.0,2.0,15.0,3.0,0.0,6.0,18.0,16.0,8.0,0.0,15.0,0.0,25.0,12.0,8.0,40.0,16.0,0.0,6.0,42.0,3.0,129.0,62.0,0.0,1.0,0.0,35.0,0.0,0.0
20,74120884.0,3.0,147.0,89.0,4.0,14.0,3.0,107.0,18.0,42.0,21.0,55.0,5.0,38.0,50.0,67.0,38.0,2.0,60.0,65.0,0.0,15.0,20.0,11.0,47.0,3.0,8.0,89.0,14.0,24.0,35.0,0.0,47.0,21.0,38.0,18.0,3.0,46.0,10.0,6.0,3.0,17.0,21.0,4.0,13.0,2.0,14.0,40.0,165.0,5.0,2.0,63.0,6.0,0.0,7.0,8.0,31.0,13.0,32.0,6.0,10.0,5.0,23.0,0.0,28.0,3.0,11.0,8.0,0.0,7.0,14.0,34.0,8.0,1.0,14.0,0.0,55.0,24.0,32.0,81.0,49.0,2.0,2.0,37.0,7.0,66.0,40.0,0.0,2.0,0.0,228.0,0.0,0.0
21,75055396.0,1.0,8.0,12.0,1.0,4.0,1.0,11.0,2.0,8.0,2.0,14.0,2.0,5.0,3.0,3.0,0.0,1.0,5.0,5.0,15.0,0.0,0.0,2.0,7.0,1.0,0.0,6.0,4.0,5.0,1.0,0.0,5.0,4.0,5.0,0.0,0.0,5.0,0.0,0.0,0.0,2.0,0.0,0.0,2.0,0.0,0.0,4.0,11.0,1.0,1.0,10.0,0.0,0.0,0.0,3.0,0.0,0.0,0.0,1.0,1.0,0.0,7.0,0.0,2.0,0.0,1.0,0.0,1.0,0.0,3.0,1.0,0.0,0.0,1.0,0.0,10.0,1.0,0.0,5.0,8.0,0.0,0.0,0.0,0.0,1.0,2.0,0.0,0.0,0.0,7.0,0.0,0.0
22,84669536.0,0.0,13.0,21.0,2.0,1.0,2.0,6.0,1.0,4.0,3.0,3.0,0.0,3.0,5.0,2.0,3.0,0.0,150.0,12.0,20.0,0.0,0.0,0.0,6.0,0.0,4.0,3.0,1.0,1.0,20.0,1.0,8.0,1.0,4.0,3.0,1.0,2.0,2.0,5.0,1.0,7.0,8.0,0.0,4.0,0.0,4.0,6.0,14.0,0.0,0.0,10.0,1.0,0.0,0.0,2.0,3.0,2.0,9.0,0.0,8.0,0.0,4.0,0.0,2.0,0.0,2.0,2.0,0.0,0.0,1.0,2.0,0.0,0.0,3.0,0.0,3.0,3.0,6.0,2.0,14.0,1.0,0.0,3.0,0.0,38.0,5.0,0.0,0.0,0.0,7.0,0.0,0.0
23,108021761.0,2.0,8.0,8.0,9.0,7.0,3.0,48.0,2.0,9.0,6.0,8.0,1.0,7.0,17.0,1.0,2.0,0.0,6.0,10.0,11.0,2.0,0.0,0.0,9.0,1.0,0.0,4.0,14.0,5.0,1.0,0.0,8.0,11.0,5.0,0.0,0.0,26.0,0.0,1.0,0.0,4.0,1.0,0.0,6.0,0.0,1.0,5.0,14.0,1.0,6.0,10.0,1.0,0.0,2.0,2.0,2.0,1.0,0.0,2.0,0.0,0.0,5.0,0.0,10.0,0.0,0.0,1.0,0.0,0.0,0.0,1.0,0.0,0.0,2.0,0.0,20.0,7.0,2.0,4.0,20.0,0.0,0.0,0.0,0.0,2.0,10.0,0.0,0.0,0.0,9.0,0.0,0.0
24,125343949.0,1.0,24.0,19.0,1.0,7.0,0.0,51.0,9.0,13.0,5.0,18.0,2.0,14.0,15.0,5.0,7.0,0.0,15.0,29.0,47.0,7.0,6.0,9.0,0.0,2.0,9.0,31.0,11.0,5.0,10.0,0.0,20.0,7.0,24.0,6.0,21.0,8.0,13.0,6.0,0.0,55.0,14.0,0.0,45.0,3.0,9.0,5.0,33.0,1.0,2.0,13.0,1.0,0.0,24.0,2.0,17.0,11.0,20.0,2.0,4.0,0.0,8.0,0.0,8.0,0.0,3.0,2.0,0.0,4.0,0.0,6.0,6.0,0.0,1.0,0.0,19.0,12.0,15.0,16.0,16.0,0.0,3.0,40.0,5.0,31.0,9.0,0.0,0.0,0.0,19.0,0.0,0.0
25,126130919.0,0.0,0.0,1.0,1.0,0.0,0.0,1.0,0.0,0.0,1.0,1.0,0.0,1.0,2.0,0.0,0.0,0.0,1.0,2.0,3.0,1.0,0.0,1.0,2.0,0.0,0.0,1.0,0.0,0.0,0.0,1.0,0.0,2.0,0.0,0.0,0.0,2.0,0.0,0.0,0.0,1.0,0.0,0.0,1.0,0.0,0.0,0.0,2.0,2.0,1.0,0.0,0.0,0.0,0.0,0.0,0.0,0.0,0.0,0.0,0.0,0.0,0.0,0.0,1.0,0.0,0.0,2.0,0.0,0.0,0.0,0.0,0.0,0.0,0.0,0.0,1.0,1.0,0.0,0.0,2.0,1.0,0.0,0.0,0.0,0.0,0.0,0.0,0.0,0.0,2.0,0.0,0.0
26,130104044.0,0.0,7.0,4.0,0.0,0.0,0.0,1.0,4.0,0.0,0.0,1.0,0.0,2.0,3.0,0.0,1.0,0.0,1.0,12.0,8.0,0.0,4.0,0.0,9.0,0.0,0.0,1.0,8.0,0.0,8.0,0.0,4.0,1.0,5.0,0.0,3.0,0.0,4.0,4.0,0.0,3.0,8.0,0.0,4.0,0.0,3.0,1.0,5.0,0.0,0.0,2.0,0.0,0.0,7.0,0.0,3.0,4.0,6.0,1.0,3.0,0.0,0.0,0.0,0.0,0.0,2.0,0.0,0.0,4.0,0.0,2.0,2.0,1.0,1.0,0.0,3.0,0.0,4.0,3.0,0.0,0.0,0.0,9.0,2.0,14.0,2.0,0.0,0.0,0.0,5.0,0.0,0.0
27,144105935.0,4.0,17.0,5.0,1.0,2.0,0.0,36.0,6.0,6.0,6.0,14.0,1.0,14.0,15.0,2.0,10.0,0.0,19.0,17.0,89.0,6.0,3.0,4.0,31.0,1.0,1.0,0.0,1.0,5.0,11.0,3.0,30.0,7.0,12.0,6.0,2.0,12.0,6.0,4.0,1.0,13.0,11.0,0.0,8.0,3.0,11.0,4.0,38.0,1.0,4.0,11.0,2.0,0.0,1.0,7.0,16.0,6.0,10.0,3.0,4.0,0.0,3.0,0.0,6.0,0.0,2.0,3.0,1.0,0.0,1.0,18.0,6.0,0.0,1.0,0.0,15.0,8.0,13.0,38.0,10.0,2.0,1.0,12.0,2.0,17.0,9.0,0.0,0.0,0.0,97.0,0.0,0.0
28,152988012.0,0.0,7.0,12.0,3.0,4.0,2.0,31.0,9.0,6.0,1.0,10.0,1.0,7.0,11.0,2.0,1.0,0.0,7.0,13.0,14.0,4.0,1.0,14.0,11.0,0.0,8.0,1.0,0.0,7.0,0.0,0.0,9.0,3.0,4.0,0.0,0.0,12.0,0.0,1.0,0.0,5.0,3.0,0.0,4.0,2.0,4.0,4.0,14.0,0.0,2.0,6.0,0.0,0.0,2.0,2.0,1.0,8.0,11.0,0.0,1.0,0.0,8.0,0.0,17.0,2.0,1.0,0.0,0.0,3.0,0.0,0.0,0.0,0.0,2.0,0.0,23.0,21.0,7.0,4.0,14.0,0.0,2.0,2.0,0.0,8.0,10.0,0.0,2.0,0.0,9.0,0.0,0.0
29,153992051.0,2.0,15.0,149.0,2.0,5.0,4.0,50.0,1.0,24.0,15.0,37.0,3.0,7.0,21.0,4.0,0.0,5.0,7.0,7.0,24.0,5.0,1.0,5.0,5.0,0.0,0.0,5.0,7.0,0.0,5.0,0.0,16.0,8.0,2.0,4.0,0.0,22.0,0.0,0.0,2.0,1.0,2.0,3.0,1.0,0.0,2.0,23.0,37.0,0.0,1.0,47.0,0.0,0.0,0.0,1.0,3.0,0.0,1.0,0.0,0.0,0.0,20.0,0.0,15.0,0.0,1.0,0.0,0.0,0.0,12.0,1.0,0.0,1.0,10.0,0.0,11.0,15.0,0.0,11.0,20.0,0.0,0.0,0.0,0.0,2.0,24.0,0.0,0.0,0.0,14.0,0.0,0.0
30,162151197.0,1.0,30.0,45.0,1.0,5.0,1.0,9.0,2.0,3.0,6.0,9.0,1.0,3.0,15.0,1.0,15.0,0.0,6.0,20.0,35.0,1.0,20.0,1.0,10.0,0.0,8.0,11.0,0.0,5.0,0.0,0.0,13.0,3.0,7.0,5.0,0.0,2.0,8.0,42.0,0.0,5.0,28.0,1.0,9.0,0.0,10.0,16.0,27.0,0.0,0.0,21.0,1.0,0.0,5.0,0.0,7.0,2.0,5.0,6.0,34.0,0.0,0.0,0.0,2.0,0.0,0.0,0.0,0.0,0.0,4.0,1.0,1.0,0.0,5.0,0.0,7.0,3.0,2.0,11.0,13.0,0.0,1.0,22.0,4.0,73.0,9.0,0.0,0.0,0.0,8.0,0.0,0.0
31,183138723.0,32.0,5.0,5.0,11.0,12.0,6.0,28.0,0.0,1.0,0.0,10.0,0.0,21.0,34.0,0.0,0.0,1.0,0.0,0.0,0.0,0.0,1.0,0.0,0.0,1.0,0.0,3.0,0.0,0.0,0.0,0.0,7.0,8.0,0.0,0.0,0.0,22.0,0.0,0.0,0.0,1.0,0.0,0.0,0.0,0.0,0.0,3.0,8.0,20.0,12.0,5.0,0.0,0.0,0.0,18.0,0.0,0.0,0.0,1.0,0.0,0.0,7.0,0.0,4.0,1.0,0.0,41.0,0.0,0.0,1.0,0.0,0.0,0.0,15.0,0.0,5.0,8.0,0.0,2.0,103.0,17.0,0.0,0.0,0.0,1.0,3.0,0.0,0.0,0.0,0.0,0.0,0.0
32,194920096.0,12.0,20.0,44.0,8.0,13.0,0.0,72.0,15.0,18.0,4.0,31.0,0.0,22.0,41.0,6.0,3.0,1.0,11.0,14.0,47.0,5.0,8.0,8.0,20.0,0.0,4.0,30.0,9.0,16.0,13.0,7.0,0.0,15.0,17.0,2.0,2.0,30.0,2.0,5.0,2.0,6.0,17.0,2.0,6.0,5.0,11.0,18.0,57.0,0.0,11.0,37.0,1.0,0.0,5.0,14.0,7.0,9.0,28.0,11.0,9.0,0.0,15.0,0.0,23.0,5.0,4.0,10.0,0.0,2.0,7.0,4.0,4.0,0.0,4.0,0.0,29.0,31.0,10.0,19.0,49.0,1.0,6.0,13.0,5.0,23.0,18.0,0.0,1.0,0.0,11.0,0.0,0.0
33,198093342.0,8.0,21.0,11.0,7.0,5.0,4.0,70.0,5.0,17.0,11.0,68.0,0.0,12.0,21.0,2.0,3.0,0.0,12.0,7.0,21.0,4.0,1.0,11.0,7.0,2.0,1.0,7.0,3.0,8.0,3.0,8.0,15.0,0.0,9.0,1.0,0.0,13.0,0.0,1.0,1.0,1.0,0.0,4.0,3.0,0.0,1.0,22.0,31.0,2.0,9.0,14.0,2.0,0.0,1.0,4.0,4.0,1.0,0.0,2.0,0.0,2.0,9.0,0.0,16.0,0.0,2.0,3.0,0.0,1.0,10.0,1.0,0.0,1.0,10.0,0.0,15.0,10.0,1.0,10.0,30.0,0.0,0.0,0.0,0.0,6.0,26.0,0.0,0.0,0.0,6.0,0.0,0.0
34,209651406.0,3.0,40.0,15.0,1.0,7.0,3.0,33.0,30.0,8.0,4.0,28.0,2.0,9.0,16.0,1.0,39.0,0.0,12.0,38.0,38.0,5.0,4.0,5.0,24.0,0.0,5.0,12.0,4.0,2.0,7.0,0.0,17.0,9.0,0.0,28.0,4.0,6.0,13.0,12.0,1.0,7.0,37.0,2.0,29.0,2.0,9.0,15.0,94.0,0.0,1.0,37.0,19.0,0.0,21.0,2.0,49.0,26.0,16.0,3.0,12.0,3.0,9.0,0.0,7.0,5.0,35.0,1.0,1.0,6.0,9.0,21.0,17.0,0.0,3.0,1.0,28.0,7.0,37.0,40.0,13.0,1.0,4.0,65.0,1.0,89.0,50.0,3.0,3.0,0.0,15.0,0.0,0.0
35,210824047.0,0.0,24.0,9.0,0.0,2.0,2.0,12.0,10.0,1.0,2.0,21.0,2.0,4.0,2.0,1.0,66.0,0.0,9.0,37.0,18.0,0.0,3.0,0.0,6.0,0.0,0.0,6.0,0.0,4.0,5.0,0.0,2.0,1.0,28.0,0.0,0.0,3.0,4.0,6.0,0.0,2.0,7.0,0.0,7.0,0.0,4.0,6.0,81.0,0.0,0.0,27.0,12.0,0.0,9.0,0.0,36.0,6.0,12.0,0.0,10.0,5.0,7.0,0.0,0.0,2.0,24.0,1.0,0.0,5.0,12.0,11.0,5.0,0.0,12.0,0.0,10.0,2.0,18.0,23.0,2.0,0.0,3.0,23.0,1.0,39.0,39.0,3.0,2.0,0.0,11.0,0.0,0.0
36,222816980.0,0.0,3.0,0.0,0.0,0.0,0.0,0.0,2.0,0.0,0.0,0.0,0.0,0.0,0.0,0.0,0.0,0.0,0.0,3.0,3.0,0.0,1.0,0.0,21.0,0.0,3.0,2.0,0.0,0.0,0.0,0.0,2.0,0.0,4.0,0.0,0.0,0.0,4.0,0.0,0.0,18.0,4.0,0.0,19.0,0.0,2.0,1.0,0.0,0.0,0.0,1.0,0.0,0.0,12.0,0.0,0.0,3.0,11.0,0.0,0.0,0.0,0.0,0.0,0.0,0.0,2.0,0.0,0.0,2.0,0.0,2.0,1.0,0.0,0.0,0.0,0.0,0.0,2.0,0.0,1.0,0.0,0.0,37.0,2.0,9.0,0.0,0.0,0.0,0.0,2.0,0.0,0.0
37,225185044.0,55.0,25.0,84.0,18.0,42.0,9.0,90.0,4.0,43.0,18.0,36.0,2.0,11.0,52.0,3.0,8.0,2.0,5.0,22.0,46.0,5.0,2.0,26.0,8.0,2.0,0.0,12.0,12.0,22.0,2.0,22.0,30.0,13.0,6.0,3.0,0.0,0.0,0.0,0.0,10.0,9.0,6.0,0.0,2.0,0.0,1.0,59.0,40.0,18.0,8.0,60.0,1.0,0.0,3.0,3.0,1.0,1.0,1.0,2.0,4.0,0.0,39.0,0.0,20.0,0.0,2.0,15.0,1.0,1.0,3.0,1.0,0.0,0.0,15.0,0.0,45.0,47.0,2.0,12.0,138.0,7.0,0.0,1.0,0.0,17.0,10.0,0.0,0.0,0.0,26.0,0.0,0.0
38,228637188.0,0.0,12.0,1.0,0.0,0.0,0.0,2.0,2.0,0.0,0.0,0.0,0.0,0.0,0.0,0.0,4.0,0.0,2.0,13.0,10.0,0.0,2.0,0.0,13.0,0.0,4.0,6.0,0.0,0.0,8.0,0.0,2.0,0.0,13.0,4.0,4.0,0.0,0.0,5.0,0.0,3.0,22.0,0.0,13.0,0.0,4.0,0.0,10.0,0.0,0.0,0.0,0.0,0.0,7.0,0.0,7.0,2.0,12.0,0.0,12.0,0.0,0.0,0.0,0.0,0.0,6.0,0.0,0.0,2.0,0.0,3.0,5.0,0.0,0.0,0.0,4.0,0.0,3.0,7.0,0.0,0.0,1.0,33.0,0.0,66.0,2.0,0.0,1.0,0.0,3.0,0.0,0.0
39,235097780.0,1.0,11.0,3.0,0.0,2.0,0.0,2.0,2.0,2.0,0.0,2.0,1.0,1.0,3.0,0.0,12.0,0.0,2.0,15.0,6.0,0.0,5.0,1.0,6.0,0.0,4.0,4.0,1.0,0.0,42.0,0.0,5.0,1.0,12.0,6.0,0.0,0.0,5.0,0.0,0.0,3.0,59.0,0.0,18.0,0.0,4.0,1.0,19.0,0.0,0.0,1.0,1.0,0.0,7.0,0.0,10.0,3.0,11.0,3.0,35.0,0.0,0.0,0.0,1.0,1.0,5.0,0.0,0.0,4.0,0.0,5.0,6.0,0.0,1.0,0.0,13.0,2.0,5.0,5.0,1.0,0.0,3.0,33.0,5.0,64.0,4.0,0.0,0.0,0.0,5.0,0.0,0.0
40,235683308.0,1.0,1.0,5.0,1.0,3.0,4.0,1.0,1.0,6.0,2.0,1.0,0.0,0.0,4.0,0.0,0.0,0.0,0.0,0.0,3.0,0.0,1.0,0.0,0.0,0.0,0.0,1.0,0.0,2.0,0.0,0.0,2.0,1.0,1.0,0.0,0.0,10.0,0.0,0.0,0.0,0.0,2.0,0.0,0.0,0.0,0.0,9.0,2.0,0.0,1.0,2.0,1.0,0.0,0.0,0.0,0.0,1.0,0.0,0.0,0.0,0.0,6.0,0.0,1.0,1.0,0.0,1.0,0.0,0.0,0.0,0.0,1.0,0.0,0.0,0.0,2.0,2.0,1.0,0.0,9.0,0.0,0.0,0.0,0.0,5.0,2.0,0.0,0.0,0.0,0.0,0.0,0.0
41,244042517.0,0.0,9.0,2.0,1.0,2.0,0.0,13.0,10.0,3.0,3.0,2.0,0.0,3.0,7.0,3.0,2.0,0.0,11.0,10.0,17.0,2.0,7.0,4.0,55.0,1.0,3.0,13.0,5.0,1.0,5.0,1.0,6.0,1.0,7.0,2.0,18.0,9.0,3.0,3.0,0.0,0.0,6.0,0.0,25.0,4.0,2.0,0.0,9.0,1.0,2.0,2.0,0.0,0.0,11.0,1.0,4.0,8.0,18.0,1.0,1.0,0.0,3.0,0.0,1.0,1.0,1.0,1.0,0.0,7.0,0.0,5.0,5.0,0.0,0.0,0.0,10.0,8.0,20.0,4.0,4.0,0.0,1.0,25.0,6.0,11.0,1.0,0.0,0.0,0.0,14.0,0.0,0.0
42,247247093.0,0.0,26.0,13.0,1.0,0.0,0.0,21.0,8.0,3.0,1.0,5.0,0.0,3.0,6.0,1.0,17.0,1.0,8.0,36.0,21.0,0.0,8.0,1.0,14.0,0.0,8.0,11.0,3.0,2.0,28.0,0.0,17.0,0.0,37.0,7.0,4.0,6.0,22.0,59.0,2.0,6.0,0.0,0.0,29.0,2.0,7.0,3.0,42.0,0.0,1.0,9.0,14.0,0.0,13.0,1.0,22.0,11.0,20.0,2.0,37.0,0.0,1.0,0.0,5.0,2.0,11.0,0.0,0.0,7.0,3.0,12.0,15.0,0.0,2.0,0.0,27.0,10.0,15.0,16.0,12.0,1.0,4.0,64.0,4.0,128.0,11.0,0.0,0.0,0.0,5.0,0.0,0.0
43,250373044.0,0.0,28.0,23.0,0.0,5.0,16.0,28.0,1.0,12.0,1.0,12.0,0.0,0.0,1.0,1.0,2.0,0.0,3.0,2.0,4.0,0.0,0.0,0.0,0.0,0.0,0.0,0.0,0.0,3.0,1.0,0.0,2.0,4.0,2.0,0.0,0.0,0.0,0.0,0.0,0.0,0.0,0.0,0.0,0.0,0.0,0.0,11.0,13.0,0.0,0.0,40.0,2.0,0.0,0.0,0.0,0.0,1.0,3.0,1.0,1.0,1.0,11.0,0.0,0.0,1.0,0.0,1.0,0.0,0.0,7.0,0.0,0.0,0.0,8.0,0.0,4.0,0.0,1.0,2.0,7.0,0.0,0.0,0.0,0.0,4.0,14.0,0.0,0.0,0.0,1.0,0.0,0.0
44,252991272.0,0.0,13.0,3.0,1.0,0.0,4.0,12.0,14.0,2.0,2.0,2.0,0.0,2.0,3.0,0.0,11.0,0.0,3.0,25.0,13.0,2.0,4.0,6.0,45.0,1.0,4.0,8.0,4.0,1.0,9.0,0.0,6.0,3.0,29.0,7.0,19.0,2.0,13.0,18.0,0.0,25.0,29.0,0.0,0.0,0.0,7.0,1.0,16.0,1.0,2.0,1.0,5.0,0.0,34.0,1.0,15.0,14.0,20.0,0.0,10.0,0.0,1.0,0.0,2.0,2.0,7.0,0.0,0.0,8.0,0.0,11.0,12.0,0.0,1.0,0.0,15.0,1.0,15.0,9.0,2.0,0.0,5.0,63.0,7.0,56.0,3.0,0.0,1.0,0.0,9.0,0.0,0.0
45,253601596.0,0.0,4.0,0.0,0.0,0.0,0.0,2.0,17.0,0.0,0.0,0.0,0.0,1.0,1.0,0.0,0.0,0.0,2.0,1.0,2.0,0.0,0.0,0.0,3.0,0.0,0.0,3.0,2.0,0.0,0.0,0.0,5.0,0.0,2.0,0.0,0.0,0.0,0.0,0.0,0.0,4.0,2.0,0.0,0.0,0.0,3.0,0.0,2.0,0.0,0.0,0.0,0.0,0.0,0.0,0.0,2.0,21.0,19.0,0.0,0.0,0.0,0.0,0.0,0.0,9.0,1.0,0.0,0.0,6.0,0.0,1.0,3.0,0.0,0.0,0.0,16.0,0.0,22.0,2.0,0.0,0.0,7.0,2.0,0.0,0.0,0.0,0.0,4.0,0.0,0.0,0.0,0.0
46,255107141.0,0.0,10.0,1.0,0.0,0.0,0.0,3.0,13.0,0.0,1.0,1.0,0.0,1.0,3.0,0.0,7.0,0.0,2.0,10.0,14.0,0.0,4.0,1.0,9.0,0.0,3.0,11.0,4.0,2.0,10.0,0.0,11.0,1.0,9.0,4.0,2.0,1.0,4.0,4.0,0.0,2.0,7.0,0.0,7.0,3.0,0.0,0.0,10.0,0.0,0.0,3.0,1.0,0.0,5.0,0.0,10.0,13.0,22.0,1.0,2.0,0.0,0.0,0.0,1.0,3.0,2.0,0.0,0.0,5.0,0.0,5.0,2.0,0.0,1.0,0.0,12.0,0.0,11.0,11.0,0.0,0.0,4.0,12.0,3.0,10.0,2.0,0.0,3.0,0.0,10.0,0.0,0.0
47,256927558.0,3.0,47.0,129.0,2.0,22.0,2.0,60.0,2.0,16.0,9.0,53.0,4.0,17.0,28.0,2.0,14.0,0.0,9.0,21.0,40.0,4.0,6.0,5.0,5.0,0.0,1.0,4.0,4.0,23.0,16.0,3.0,18.0,22.0,15.0,6.0,1.0,59.0,0.0,1.0,9.0,0.0,3.0,11.0,1.0,0.0,0.0,0.0,74.0,0.0,0.0,97.0,2.0,0.0,0.0,1.0,8.0,0.0,3.0,6.0,1.0,6.0,7.0,0.0,19.0,0.0,2.0,4.0,0.0,0.0,25.0,0.0,0.0,1.0,31.0,0.0,20.0,15.0,2.0,20.0,43.0,0.0,0.0,1.0,0.0,20.0,71.0,1.0,0.0,0.0,17.0,0.0,0.0
48,258536563.0,14.0,141.0,155.0,4.0,26.0,14.0,224.0,22.0,43.0,12.0,140.0,7.0,42.0,56.0,14.0,189.0,4.0,36.0,130.0,165.0,11.0,14.0,14.0,33.0,2.0,5.0,38.0,14.0,37.0,27.0,8.0,57.0,31.0,94.0,81.0,0.0,40.0,10.0,19.0,2.0,9.0,42.0,13.0,16.0,2.0,10.0,74.0,0.0,1.0,5.0,195.0,70.0,0.0,16.0,10.0,107.0,27.0,18.0,3.0,27.0,14.0,48.0,0.0,36.0,7.0,59.0,17.0,0.0,5.0,68.0,34.0,18.0,1.0,74.0,1.0,102.0,41.0,43.0,133.0,66.0,2.0,7.0,68.0,3.0,157.0,232.0,8.0,2.0,0.0,66.0,0.0,0.0
49,259337896.0,20.0,0.0,3.0,1.0,2.0,2.0,3.0,0.0,4.0,1.0,2.0,0.0,5.0,10.0,0.0,0.0,0.0,1.0,1.0,5.0,1.0,0.0,1.0,1.0,2.0,0.0,1.0,0.0,0.0,0.0,20.0,0.0,2.0,0.0,0.0,0.0,18.0,0.0,0.0,0.0,1.0,0.0,0.0,1.0,0.0,0.0,0.0,1.0,0.0,1.0,1.0,0.0,0.0,0.0,2.0,0.0,0.0,0.0,0.0,0.0,0.0,1.0,0.0,1.0,0.0,0.0,15.0,0.0,0.0,0.0,0.0,0.0,0.0,12.0,0.0,1.0,3.0,0.0,0.0,44.0,9.0,0.0,0.0,0.0,1.0,1.0,0.0,0.0,0.0,0.0,0.0,0.0
50,260883187.0,16.0,3.0,5.0,16.0,7.0,1.0,16.0,1.0,2.0,1.0,5.0,0.0,9.0,13.0,0.0,0.0,0.0,1.0,1.0,2.0,1.0,0.0,6.0,2.0,1.0,0.0,4.0,2.0,1.0,0.0,12.0,11.0,9.0,1.0,0.0,0.0,8.0,0.0,0.0,1.0,2.0,1.0,0.0,2.0,0.0,0.0,0.0,5.0,1.0,0.0,3.0,0.0,0.0,1.0,3.0,0.0,0.0,0.0,1.0,0.0,0.0,10.0,0.0,5.0,0.0,0.0,4.0,0.0,0.0,0.0,0.0,0.0,0.0,2.0,0.0,5.0,17.0,0.0,1.0,48.0,1.0,0.0,0.0,0.0,3.0,2.0,0.0,0.0,0.0,0.0,0.0,0.0
51,263022323.0,18.0,131.0,283.0,8.0,104.0,27.0,168.0,5.0,51.0,17.0,109.0,8.0,21.0,65.0,5.0,38.0,1.0,14.0,35.0,63.0,10.0,10.0,10.0,13.0,0.0,2.0,11.0,6.0,47.0,21.0,5.0,37.0,14.0,37.0,27.0,1.0,60.0,0.0,1.0,2.0,2.0,9.0,40.0,1.0,0.0,3.0,97.0,195.0,1.0,3.0,0.0,11.0,0.0,0.0,2.0,18.0,2.0,2.0,8.0,2.0,8.0,89.0,0.0,19.0,0.0,14.0,14.0,0.0,0.0,69.0,9.0,3.0,0.0,78.0,0.0,52.0,46.0,9.0,39.0,110.0,1.0,0.0,5.0,0.0,38.0,160.0,5.0,0.0,0.0,46.0,0.0,0.0
52,269244408.0,1.0,22.0,2.0,0.0,2.0,0.0,5.0,4.0,1.0,0.0,4.0,0.0,1.0,1.0,1.0,30.0,0.0,2.0,25.0,6.0,0.0,1.0,1.0,1.0,0.0,0.0,2.0,0.0,0.0,1.0,0.0,1.0,2.0,19.0,12.0,0.0,1.0,0.0,1.0,1.0,0.0,14.0,2.0,5.0,0.0,1.0,2.0,70.0,0.0,0.0,11.0,0.0,0.0,6.0,1.0,18.0,3.0,2.0,0.0,19.0,2.0,0.0,0.0,3.0,1.0,15.0,0.0,4.0,1.0,6.0,4.0,1.0,0.0,4.0,0.0,8.0,1.0,5.0,23.0,2.0,0.0,3.0,14.0,2.0,51.0,29.0,2.0,0.0,0.0,1.0,0.0,0.0
53,269680826.0,0.0,0.0,0.0,0.0,0.0,0.0,0.0,0.0,0.0,0.0,0.0,0.0,0.0,0.0,0.0,0.0,0.0,0.0,0.0,0.0,0.0,0.0,0.0,0.0,0.0,0.0,0.0,0.0,0.0,0.0,0.0,0.0,0.0,0.0,0.0,0.0,0.0,0.0,0.0,0.0,0.0,0.0,0.0,0.0,0.0,0.0,0.0,0.0,0.0,0.0,0.0,0.0,0.0,0.0,0.0,0.0,0.0,0.0,0.0,0.0,0.0,0.0,0.0,0.0,0.0,0.0,0.0,0.0,0.0,0.0,0.0,0.0,0.0,0.0,0.0,0.0,0.0,0.0,0.0,0.0,0.0,0.0,0.0,0.0,0.0,0.0,0.0,0.0,0.0,0.0,0.0,0.0
54,271344336.0,0.0,15.0,2.0,0.0,1.0,1.0,4.0,18.0,1.0,0.0,0.0,0.0,12.0,2.0,1.0,9.0,0.0,2.0,23.0,7.0,0.0,0.0,2.0,24.0,0.0,7.0,1.0,2.0,0.0,5.0,0.0,5.0,1.0,21.0,9.0,12.0,3.0,7.0,7.0,0.0,11.0,13.0,0.0,34.0,0.0,5.0,0.0,16.0,0.0,1.0,0.0,6.0,0.0,0.0,0.0,15.0,17.0,19.0,1.0,13.0,1.0,0.0,0.0,0.0,5.0,13.0,0.0,0.0,8.0,1.0,9.0,14.0,0.0,0.0,0.0,16.0,0.0,20.0,6.0,1.0,0.0,5.0,61.0,7.0,43.0,5.0,0.0,4.0,0.0,4.0,0.0,0.0
55,272259832.0,14.0,5.0,3.0,12.0,5.0,0.0,15.0,1.0,4.0,1.0,4.0,0.0,20.0,17.0,0.0,0.0,0.0,4.0,1.0,8.0,3.0,2.0,2.0,2.0,0.0,0.0,7.0,2.0,1.0,0.0,18.0,14.0,4.0,2.0,0.0,0.0,3.0,0.0,0.0,0.0,1.0,1.0,0.0,1.0,0.0,0.0,1.0,10.0,2.0,3.0,2.0,1.0,0.0,0.0,0.0,0.0,0.0,0.0,1.0,0.0,0.0,3.0,0.0,3.0,0.0,0.0,20.0,0.0,0.0,0.0,1.0,0.0,0.0,3.0,0.0,4.0,5.0,0.0,5.0,35.0,5.0,0.0,0.0,0.0,1.0,2.0,0.0,0.0,0.0,3.0,0.0,0.0
56,272308325.0,1.0,37.0,11.0,0.0,1.0,2.0,21.0,10.0,6.0,1.0,13.0,2.0,9.0,3.0,0.0,50.0,0.0,9.0,47.0,31.0,0.0,3.0,2.0,17.0,0.0,3.0,16.0,1.0,3.0,7.0,0.0,7.0,4.0,49.0,36.0,0.0,1.0,7.0,10.0,0.0,4.0,22.0,0.0,15.0,2.0,10.0,8.0,107.0,0.0,0.0,18.0,18.0,0.0,15.0,0.0,0.0,14.0,12.0,1.0,7.0,3.0,4.0,0.0,4.0,1.0,27.0,0.0,0.0,6.0,8.0,17.0,15.0,1.0,3.0,0.0,18.0,3.0,21.0,43.0,1.0,0.0,3.0,37.0,3.0,56.0,44.0,2.0,2.0,0.0,9.0,0.0,0.0
57,275115527.0,0.0,18.0,1.0,0.0,2.0,1.0,6.0,177.0,0.0,1.0,2.0,0.0,0.0,2.0,4.0,3.0,0.0,5.0,10.0,13.0,0.0,2.0,1.0,11.0,0.0,4.0,6.0,8.0,0.0,2.0,0.0,9.0,1.0,26.0,6.0,3.0,1.0,2.0,3.0,1.0,8.0,11.0,1.0,14.0,21.0,13.0,0.0,27.0,0.0,0.0,2.0,3.0,0.0,17.0,0.0,14.0,0.0,180.0,0.0,3.0,0.0,0.0,0.0,1.0,50.0,17.0,0.0,0.0,50.0,1.0,9.0,38.0,0.0,0.0,0.0,146.0,1.0,225.0,6.0,1.0,0.0,41.0,78.0,3.0,33.0,3.0,0.0,20.0,0.0,6.0,0.0,0.0
58,279154506.0,0.0,27.0,7.0,0.0,0.0,29.0,4.0,270.0,2.0,0.0,1.0,0.0,2.0,12.0,10.0,11.0,0.0,19.0,19.0,32.0,0.0,9.0,0.0,20.0,0.0,6.0,10.0,11.0,1.0,5.0,0.0,28.0,0.0,16.0,12.0,11.0,1.0,12.0,11.0,0.0,18.0,20.0,3.0,20.0,19.0,22.0,3.0,18.0,0.0,0.0,2.0,2.0,0.0,19.0,0.0,12.0,180.0,0.0,1.0,7.0,0.0,3.0,0.0,0.0,46.0,28.0,1.0,0.0,63.0,0.0,17.0,35.0,0.0,0.0,0.0,144.0,2.0,517.0,10.0,2.0,0.0,50.0,128.0,5.0,43.0,1.0,0.0,19.0,0.0,6.0,0.0,0.0
59,282636043.0,2.0,4.0,11.0,2.0,3.0,0.0,5.0,2.0,3.0,0.0,4.0,1.0,6.0,18.0,1.0,1.0,0.0,2.0,2.0,6.0,1.0,0.0,2.0,2.0,0.0,1.0,3.0,0.0,0.0,6.0,1.0,11.0,2.0,3.0,0.0,0.0,2.0,0.0,3.0,0.0,1.0,2.0,1.0,0.0,0.0,1.0,6.0,3.0,0.0,1.0,8.0,0.0,0.0,1.0,1.0,1.0,0.0,1.0,0.0,1.0,0.0,0.0,0.0,2.0,0.0,0.0,3.0,0.0,1.0,0.0,1.0,4.0,0.0,1.0,0.0,3.0,2.0,3.0,1.0,7.0,1.0,0.0,2.0,7.0,2.0,5.0,0.0,1.0,0.0,2.0,0.0,0.0
60,292447173.0,0.0,16.0,5.0,1.0,0.0,0.0,14.0,2.0,0.0,0.0,1.0,0.0,0.0,4.0,0.0,12.0,0.0,1.0,15.0,10.0,1.0,8.0,0.0,4.0,0.0,3.0,4.0,1.0,0.0,34.0,0.0,9.0,0.0,12.0,10.0,0.0,4.0,12.0,35.0,0.0,1.0,37.0,1.0,10.0,0.0,2.0,1.0,27.0,0.0,0.0,2.0,19.0,0.0,13.0,0.0,7.0,3.0,7.0,1.0,0.0,0.0,1.0,0.0,3.0,0.0,2.0,0.0,1.0,1.0,1.0,4.0,0.0,0.0,2.0,0.0,11.0,5.0,3.0,3.0,3.0,0.0,2.0,31.0,3.0,71.0,8.0,1.0,0.0,0.0,4.0,0.0,0.0
61,292999669.0,0.0,8.0,5.0,0.0,0.0,0.0,4.0,0.0,1.0,0.0,3.0,0.0,3.0,1.0,0.0,6.0,0.0,2.0,7.0,5.0,0.0,0.0,0.0,0.0,0.0,0.0,0.0,0.0,0.0,0.0,0.0,0.0,2.0,3.0,5.0,0.0,0.0,0.0,0.0,0.0,0.0,0.0,1.0,0.0,0.0,0.0,6.0,14.0,0.0,0.0,8.0,2.0,0.0,1.0,0.0,3.0,0.0,0.0,0.0,0.0,0.0,0.0,0.0,0.0,0.0,3.0,0.0,0.0,0.0,7.0,0.0,0.0,0.0,6.0,0.0,2.0,0.0,0.0,3.0,0.0,0.0,0.0,0.0,0.0,4.0,12.0,1.0,0.0,0.0,0.0,0.0,0.0
62,293967375.0,18.0,18.0,68.0,6.0,67.0,113.0,98.0,9.0,177.0,12.0,50.0,3.0,8.0,50.0,1.0,3.0,0.0,6.0,8.0,23.0,7.0,4.0,5.0,8.0,0.0,0.0,3.0,8.0,20.0,0.0,7.0,15.0,9.0,9.0,7.0,0.0,39.0,0.0,0.0,6.0,3.0,1.0,11.0,1.0,0.0,0.0,7.0,48.0,1.0,10.0,89.0,0.0,0.0,0.0,3.0,4.0,0.0,3.0,0.0,1.0,0.0,0.0,0.0,16.0,0.0,2.0,4.0,0.0,0.0,11.0,0.0,1.0,1.0,4.0,0.0,19.0,22.0,7.0,9.0,111.0,3.0,0.0,1.0,0.0,7.0,10.0,0.0,0.0,0.0,5.0,0.0,0.0
63,294523668.0,0.0,0.0,0.0,0.0,0.0,0.0,0.0,0.0,0.0,0.0,0.0,0.0,0.0,0.0,0.0,0.0,0.0,0.0,0.0,0.0,0.0,0.0,0.0,0.0,0.0,0.0,0.0,0.0,0.0,0.0,0.0,0.0,0.0,0.0,0.0,0.0,0.0,0.0,0.0,0.0,0.0,0.0,0.0,0.0,0.0,0.0,0.0,0.0,0.0,0.0,0.0,0.0,0.0,0.0,0.0,0.0,0.0,0.0,0.0,0.0,0.0,0.0,0.0,0.0,0.0,0.0,0.0,0.0,0.0,0.0,0.0,0.0,0.0,0.0,0.0,0.0,0.0,0.0,0.0,0.0,0.0,0.0,0.0,0.0,0.0,0.0,0.0,0.0,0.0,0.0,0.0,0.0
64,296148236.0,6.0,11.0,26.0,6.0,16.0,3.0,63.0,5.0,19.0,8.0,38.0,0.0,17.0,22.0,2.0,0.0,0.0,9.0,11.0,28.0,2.0,2.0,10.0,8.0,1.0,0.0,6.0,17.0,15.0,2.0,4.0,23.0,16.0,7.0,0.0,0.0,20.0,0.0,1.0,1.0,1.0,5.0,0.0,2.0,0.0,1.0,19.0,36.0,1.0,5.0,19.0,3.0,0.0,0.0,3.0,4.0,1.0,0.0,2.0,3.0,0.0,16.0,0.0,0.0,0.0,2.0,0.0,0.0,0.0,2.0,0.0,0.0,1.0,1.0,0.0,20.0,289.0,3.0,14.0,35.0,1.0,0.0,1.0,0.0,7.0,15.0,0.0,0.0,0.0,7.0,0.0,0.0
65,297864735.0,1.0,4.0,1.0,0.0,0.0,0.0,0.0,57.0,0.0,0.0,1.0,0.0,0.0,4.0,2.0,1.0,0.0,0.0,2.0,3.0,0.0,0.0,0.0,0.0,0.0,0.0,0.0,2.0,0.0,0.0,1.0,5.0,0.0,5.0,2.0,0.0,0.0,0.0,1.0,1.0,1.0,2.0,1.0,2.0,9.0,3.0,0.0,7.0,0.0,0.0,0.0,1.0,0.0,5.0,0.0,1.0,50.0,46.0,0.0,0.0,0.0,0.0,0.0,0.0,0.0,1.0,0.0,0.0,23.0,0.0,1.0,3.0,0.0,0.0,0.0,59.0,0.0,47.0,0.0,1.0,0.0,24.0,15.0,0.0,3.0,1.0,0.0,8.0,0.0,1.0,0.0,0.0
66,298112519.0,0.0,23.0,1.0,0.0,1.0,3.0,5.0,22.0,2.0,1.0,10.0,0.0,2.0,1.0,1.0,41.0,1.0,3.0,15.0,11.0,1.0,2.0,0.0,3.0,0.0,2.0,2.0,1.0,1.0,0.0,0.0,4.0,2.0,35.0,24.0,2.0,2.0,6.0,5.0,0.0,1.0,11.0,0.0,7.0,1.0,2.0,2.0,59.0,0.0,0.0,14.0,15.0,0.0,13.0,0.0,27.0,17.0,28.0,0.0,2.0,3.0,2.0,0.0,2.0,1.0,0.0,1.0,0.0,7.0,3.0,19.0,20.0,0.0,0.0,0.0,8.0,1.0,51.0,16.0,0.0,0.0,1.0,35.0,1.0,50.0,24.0,2.0,0.0,0.0,4.0,0.0,0.0
67,302144631.0,37.0,3.0,11.0,7.0,14.0,4.0,23.0,1.0,3.0,1.0,2.0,0.0,65.0,43.0,1.0,2.0,1.0,2.0,3.0,8.0,0.0,2.0,1.0,2.0,2.0,0.0,3.0,0.0,0.0,0.0,41.0,10.0,3.0,1.0,1.0,0.0,15.0,0.0,0.0,1.0,1.0,0.0,1.0,0.0,0.0,0.0,4.0,17.0,15.0,4.0,14.0,0.0,0.0,0.0,20.0,0.0,0.0,1.0,3.0,0.0,0.0,4.0,0.0,0.0,0.0,1.0,0.0,0.0,0.0,2.0,0.0,0.0,0.0,16.0,0.0,4.0,6.0,0.0,5.0,117.0,46.0,0.0,0.0,1.0,4.0,4.0,0.0,0.0,0.0,5.0,0.0,0.0
68,302481554.0,0.0,7.0,0.0,0.0,0.0,0.0,1.0,0.0,0.0,0.0,0.0,0.0,0.0,0.0,0.0,0.0,0.0,0.0,0.0,0.0,1.0,0.0,0.0,0.0,0.0,0.0,1.0,0.0,0.0,0.0,0.0,0.0,0.0,1.0,0.0,0.0,1.0,0.0,0.0,0.0,0.0,0.0,0.0,0.0,0.0,0.0,0.0,0.0,0.0,0.0,0.0,4.0,0.0,0.0,0.0,0.0,0.0,0.0,0.0,1.0,0.0,0.0,0.0,0.0,0.0,0.0,0.0,0.0,0.0,0.0,0.0,0.0,0.0,0.0,0.0,0.0,0.0,0.0,0.0,0.0,0.0,0.0,0.0,0.0,1.0,0.0,0.0,0.0,0.0,0.0,0.0,0.0
69,306072972.0,0.0,3.0,0.0,0.0,1.0,0.0,0.0,66.0,0.0,0.0,1.0,0.0,0.0,0.0,1.0,3.0,0.0,0.0,6.0,7.0,0.0,0.0,0.0,4.0,0.0,4.0,0.0,3.0,0.0,0.0,0.0,2.0,1.0,6.0,5.0,2.0,1.0,2.0,4.0,0.0,7.0,7.0,0.0,8.0,6.0,5.0,0.0,5.0,0.0,0.0,0.0,1.0,0.0,8.0,0.0,6.0,50.0,63.0,1.0,1.0,0.0,0.0,0.0,0.0,23.0,7.0,0.0,0.0,0.0,0.0,8.0,19.0,0.0,0.0,0.0,54.0,0.0,62.0,1.0,0.0,0.0,25.0,39.0,1.0,23.0,2.0,0.0,14.0,0.0,2.0,0.0,0.0
70,309930491.0,1.0,23.0,56.0,2.0,6.0,1.0,98.0,1.0,8.0,2.0,54.0,3.0,3.0,10.0,0.0,22.0,0.0,4.0,18.0,14.0,3.0,1.0,0.0,0.0,0.0,0.0,1.0,0.0,12.0,4.0,1.0,7.0,10.0,9.0,12.0,0.0,3.0,0.0,0.0,0.0,0.0,3.0,7.0,0.0,0.0,0.0,25.0,68.0,0.0,0.0,69.0,6.0,0.0,1.0,0.0,8.0,1.0,0.0,0.0,1.0,7.0,11.0,0.0,2.0,0.0,3.0,2.0,0.0,0.0,0.0,4.0,1.0,0.0,57.0,0.0,4.0,4.0,1.0,10.0,19.0,0.0,0.0,1.0,0.0,19.0,145.0,1.0,0.0,0.0,5.0,0.0,0.0
71,312169108.0,0.0,12.0,1.0,0.0,2.0,3.0,9.0,8.0,1.0,1.0,2.0,0.0,0.0,1.0,2.0,16.0,1.0,10.0,16.0,34.0,1.0,2.0,1.0,6.0,0.0,2.0,18.0,0.0,1.0,1.0,0.0,4.0,1.0,21.0,11.0,2.0,1.0,3.0,5.0,0.0,5.0,12.0,0.0,11.0,1.0,5.0,0.0,34.0,0.0,0.0,9.0,4.0,0.0,9.0,1.0,17.0,9.0,17.0,1.0,4.0,0.0,0.0,0.0,0.0,1.0,19.0,0.0,0.0,8.0,4.0,0.0,10.0,0.0,0.0,0.0,10.0,0.0,19.0,19.0,2.0,0.0,3.0,20.0,0.0,27.0,9.0,1.0,1.0,0.0,26.0,0.0,0.0
72,313124247.0,0.0,12.0,0.0,0.0,0.0,1.0,2.0,14.0,1.0,0.0,1.0,0.0,1.0,0.0,1.0,6.0,0.0,4.0,8.0,8.0,0.0,0.0,0.0,6.0,0.0,2.0,6.0,0.0,0.0,1.0,0.0,4.0,0.0,17.0,5.0,1.0,0.0,5.0,6.0,1.0,5.0,15.0,0.0,12.0,3.0,2.0,0.0,18.0,0.0,0.0,3.0,1.0,0.0,14.0,0.0,15.0,38.0,35.0,4.0,0.0,0.0,1.0,0.0,0.0,3.0,20.0,0.0,0.0,19.0,1.0,10.0,0.0,0.0,0.0,0.0,18.0,1.0,43.0,10.0,0.0,0.0,6.0,61.0,1.0,25.0,4.0,0.0,2.0,0.0,2.0,0.0,0.0
73,317262357.0,0.0,0.0,0.0,0.0,0.0,0.0,1.0,0.0,2.0,0.0,1.0,0.0,0.0,0.0,0.0,0.0,0.0,2.0,0.0,1.0,0.0,0.0,0.0,0.0,0.0,1.0,0.0,0.0,1.0,0.0,0.0,0.0,1.0,0.0,0.0,0.0,0.0,0.0,0.0,0.0,0.0,0.0,0.0,0.0,0.0,0.0,1.0,1.0,0.0,0.0,0.0,0.0,0.0,0.0,0.0,1.0,0.0,0.0,0.0,0.0,0.0,1.0,0.0,1.0,0.0,0.0,0.0,0.0,0.0,0.0,0.0,0.0,0.0,0.0,0.0,2.0,0.0,0.0,1.0,0.0,0.0,0.0,0.0,0.0,0.0,1.0,0.0,0.0,0.0,0.0,0.0,0.0
74,325774787.0,11.0,19.0,76.0,2.0,4.0,1.0,124.0,1.0,5.0,1.0,49.0,0.0,12.0,8.0,1.0,12.0,0.0,5.0,15.0,14.0,1.0,3.0,2.0,1.0,0.0,1.0,1.0,2.0,10.0,5.0,15.0,4.0,10.0,3.0,12.0,0.0,15.0,0.0,1.0,0.0,0.0,2.0,8.0,1.0,0.0,1.0,31.0,74.0,12.0,2.0,78.0,4.0,0.0,0.0,3.0,3.0,0.0,0.0,1.0,2.0,6.0,4.0,0.0,1.0,0.0,0.0,16.0,0.0,0.0,57.0,0.0,0.0,0.0,0.0,0.0,6.0,5.0,1.0,9.0,31.0,5.0,0.0,0.0,0.0,13.0,127.0,2.0,0.0,0.0,6.0,0.0,0.0
75,330994588.0,0.0,0.0,0.0,0.0,0.0,0.0,0.0,0.0,0.0,0.0,0.0,0.0,0.0,0.0,0.0,0.0,0.0,0.0,0.0,0.0,0.0,0.0,0.0,0.0,0.0,0.0,0.0,0.0,0.0,0.0,0.0,0.0,0.0,1.0,0.0,0.0,0.0,0.0,0.0,0.0,0.0,0.0,0.0,0.0,0.0,0.0,0.0,1.0,0.0,0.0,0.0,0.0,0.0,0.0,0.0,0.0,0.0,0.0,0.0,0.0,0.0,0.0,0.0,0.0,0.0,0.0,0.0,0.0,0.0,0.0,0.0,0.0,0.0,0.0,0.0,0.0,0.0,0.0,0.0,0.0,0.0,0.0,1.0,0.0,1.0,2.0,0.0,0.0,0.0,0.0,0.0,0.0
76,335473582.0,10.0,38.0,61.0,6.0,15.0,5.0,75.0,141.0,32.0,21.0,32.0,1.0,15.0,28.0,8.0,22.0,2.0,15.0,25.0,55.0,10.0,3.0,20.0,19.0,1.0,3.0,15.0,23.0,11.0,7.0,5.0,29.0,15.0,28.0,10.0,0.0,45.0,4.0,13.0,2.0,10.0,27.0,4.0,15.0,16.0,12.0,20.0,102.0,1.0,5.0,52.0,8.0,0.0,16.0,4.0,18.0,146.0,144.0,3.0,11.0,2.0,19.0,0.0,20.0,59.0,8.0,4.0,0.0,54.0,4.0,10.0,18.0,2.0,6.0,0.0,0.0,22.0,144.0,23.0,47.0,0.0,46.0,67.0,5.0,48.0,18.0,0.0,19.0,0.0,33.0,0.0,0.0
77,335508833.0,11.0,11.0,55.0,14.0,29.0,3.0,91.0,4.0,20.0,3.0,37.0,1.0,14.0,35.0,2.0,4.0,1.0,5.0,12.0,24.0,1.0,3.0,7.0,12.0,1.0,0.0,8.0,21.0,15.0,3.0,8.0,31.0,10.0,7.0,2.0,0.0,47.0,0.0,2.0,2.0,8.0,10.0,0.0,1.0,0.0,0.0,15.0,41.0,3.0,17.0,46.0,1.0,0.0,0.0,5.0,3.0,1.0,2.0,2.0,5.0,0.0,22.0,0.0,289.0,0.0,1.0,6.0,0.0,0.0,4.0,0.0,1.0,0.0,5.0,0.0,22.0,0.0,4.0,8.0,81.0,2.0,0.0,1.0,0.0,21.0,19.0,0.0,0.0,0.0,11.0,0.0,0.0
78,339034131.0,2.0,29.0,4.0,0.0,0.0,36.0,14.0,348.0,6.0,2.0,8.0,1.0,5.0,7.0,2.0,14.0,0.0,9.0,8.0,32.0,0.0,6.0,2.0,15.0,0.0,4.0,13.0,7.0,0.0,2.0,0.0,10.0,1.0,37.0,18.0,2.0,2.0,3.0,5.0,1.0,20.0,15.0,1.0,15.0,22.0,11.0,2.0,43.0,0.0,0.0,9.0,5.0,0.0,20.0,0.0,21.0,225.0,517.0,3.0,3.0,0.0,7.0,0.0,3.0,47.0,51.0,0.0,0.0,62.0,1.0,19.0,43.0,0.0,1.0,0.0,144.0,4.0,0.0,14.0,1.0,0.0,39.0,100.0,0.0,39.0,12.0,1.0,13.0,0.0,9.0,0.0,0.0
79,349146547.0,1.0,52.0,17.0,3.0,5.0,1.0,53.0,8.0,17.0,5.0,28.0,4.0,19.0,13.0,3.0,45.0,0.0,22.0,40.0,81.0,5.0,2.0,4.0,16.0,0.0,3.0,38.0,4.0,11.0,11.0,2.0,19.0,10.0,40.0,23.0,0.0,12.0,7.0,5.0,0.0,4.0,16.0,2.0,9.0,2.0,11.0,20.0,133.0,0.0,1.0,39.0,23.0,0.0,6.0,5.0,43.0,6.0,10.0,1.0,3.0,3.0,9.0,0.0,14.0,0.0,16.0,5.0,0.0,1.0,10.0,19.0,10.0,1.0,9.0,0.0,23.0,8.0,14.0,0.0,16.0,1.0,0.0,28.0,2.0,39.0,44.0,2.0,0.0,0.0,40.0,0.0,0.0
80,369028288.0,144.0,44.0,140.0,73.0,106.0,48.0,191.0,10.0,47.0,6.0,58.0,2.0,67.0,150.0,2.0,7.0,2.0,13.0,16.0,49.0,8.0,14.0,20.0,16.0,2.0,0.0,10.0,14.0,20.0,13.0,103.0,49.0,30.0,13.0,2.0,1.0,138.0,0.0,1.0,9.0,4.0,12.0,7.0,2.0,0.0,0.0,43.0,66.0,44.0,48.0,110.0,2.0,0.0,1.0,35.0,1.0,1.0,2.0,7.0,3.0,0.0,111.0,0.0,35.0,1.0,0.0,117.0,0.0,0.0,19.0,2.0,0.0,0.0,31.0,0.0,47.0,81.0,1.0,16.0,0.0,40.0,0.0,1.0,0.0,33.0,40.0,0.0,0.0,0.0,7.0,0.0,0.0
81,370501016.0,11.0,2.0,3.0,0.0,5.0,4.0,3.0,0.0,1.0,0.0,0.0,0.0,21.0,14.0,0.0,0.0,0.0,1.0,0.0,2.0,0.0,1.0,0.0,0.0,1.0,0.0,2.0,0.0,0.0,0.0,17.0,1.0,0.0,1.0,0.0,0.0,7.0,0.0,0.0,0.0,0.0,1.0,0.0,0.0,0.0,0.0,0.0,2.0,9.0,1.0,1.0,0.0,0.0,0.0,5.0,0.0,0.0,0.0,1.0,0.0,0.0,3.0,0.0,1.0,0.0,0.0,46.0,0.0,0.0,0.0,0.0,0.0,0.0,5.0,0.0,0.0,2.0,0.0,1.0,40.0,0.0,0.0,0.0,0.0,4.0,1.0,0.0,0.0,0.0,1.0,0.0,0.0
82,379047891.0,0.0,3.0,0.0,0.0,0.0,0.0,0.0,47.0,0.0,0.0,0.0,0.0,0.0,1.0,0.0,4.0,0.0,0.0,6.0,2.0,0.0,0.0,0.0,3.0,0.0,0.0,1.0,2.0,0.0,1.0,0.0,6.0,0.0,4.0,3.0,0.0,0.0,1.0,3.0,0.0,1.0,4.0,0.0,5.0,7.0,4.0,0.0,7.0,0.0,0.0,0.0,3.0,0.0,5.0,0.0,3.0,41.0,50.0,0.0,2.0,0.0,0.0,0.0,0.0,24.0,1.0,0.0,0.0,25.0,0.0,3.0,6.0,0.0,0.0,0.0,46.0,0.0,39.0,0.0,0.0,0.0,0.0,35.0,1.0,11.0,0.0,0.0,10.0,0.0,0.0,0.0,0.0
83,380198878.0,0.0,48.0,3.0,0.0,0.0,5.0,7.0,59.0,0.0,0.0,3.0,0.0,0.0,4.0,4.0,30.0,0.0,7.0,42.0,37.0,0.0,3.0,0.0,40.0,0.0,9.0,12.0,2.0,0.0,22.0,0.0,13.0,0.0,65.0,23.0,37.0,1.0,33.0,33.0,0.0,25.0,64.0,0.0,63.0,2.0,12.0,1.0,68.0,0.0,0.0,5.0,14.0,0.0,61.0,0.0,37.0,78.0,128.0,2.0,31.0,0.0,1.0,0.0,1.0,15.0,35.0,0.0,0.0,39.0,1.0,20.0,61.0,0.0,0.0,1.0,67.0,1.0,100.0,28.0,1.0,0.0,35.0,0.0,20.0,167.0,15.0,0.0,10.0,0.0,7.0,0.0,0.0
84,383455813.0,0.0,5.0,0.0,0.0,0.0,0.0,0.0,1.0,0.0,0.0,0.0,0.0,0.0,2.0,0.0,3.0,0.0,0.0,3.0,7.0,0.0,0.0,0.0,5.0,0.0,2.0,2.0,0.0,0.0,4.0,0.0,5.0,0.0,1.0,1.0,2.0,0.0,0.0,5.0,0.0,6.0,4.0,0.0,7.0,0.0,3.0,0.0,3.0,0.0,0.0,0.0,2.0,0.0,7.0,0.0,3.0,3.0,5.0,7.0,3.0,0.0,0.0,0.0,0.0,0.0,1.0,1.0,0.0,1.0,0.0,0.0,1.0,0.0,0.0,0.0,5.0,0.0,0.0,2.0,0.0,0.0,1.0,20.0,0.0,9.0,1.0,0.0,0.0,0.0,0.0,0.0,0.0
85,384671106.0,7.0,119.0,48.0,2.0,16.0,4.0,34.0,21.0,7.0,2.0,20.0,3.0,5.0,18.0,4.0,95.0,0.0,13.0,129.0,66.0,1.0,38.0,2.0,31.0,0.0,14.0,17.0,8.0,2.0,73.0,1.0,23.0,6.0,89.0,39.0,9.0,17.0,66.0,64.0,5.0,11.0,128.0,4.0,56.0,0.0,10.0,20.0,157.0,1.0,3.0,38.0,51.0,0.0,43.0,1.0,56.0,33.0,43.0,2.0,71.0,4.0,7.0,0.0,7.0,3.0,50.0,4.0,1.0,23.0,19.0,27.0,25.0,0.0,13.0,1.0,48.0,21.0,39.0,39.0,33.0,4.0,11.0,167.0,9.0,0.0,57.0,1.0,5.0,0.0,18.0,0.0,0.0
86,402037439.0,3.0,63.0,148.0,7.0,10.0,3.0,210.0,7.0,13.0,4.0,127.0,1.0,21.0,25.0,0.0,72.0,0.0,11.0,62.0,40.0,2.0,5.0,10.0,9.0,0.0,2.0,9.0,10.0,24.0,9.0,3.0,18.0,26.0,50.0,39.0,0.0,10.0,2.0,4.0,2.0,1.0,11.0,14.0,3.0,0.0,2.0,71.0,232.0,1.0,2.0,160.0,29.0,0.0,5.0,2.0,44.0,3.0,1.0,5.0,8.0,12.0,10.0,0.0,15.0,1.0,24.0,4.0,0.0,2.0,145.0,9.0,4.0,1.0,127.0,2.0,18.0,19.0,12.0,44.0,40.0,1.0,0.0,15.0,1.0,57.0,0.0,6.0,0.0,0.0,17.0,0.0,0.0
87,409731314.0,0.0,2.0,2.0,0.0,0.0,0.0,1.0,0.0,0.0,0.0,2.0,0.0,0.0,0.0,0.0,4.0,0.0,0.0,0.0,0.0,0.0,0.0,0.0,0.0,0.0,0.0,0.0,0.0,0.0,0.0,0.0,0.0,0.0,3.0,3.0,0.0,0.0,0.0,0.0,0.0,0.0,0.0,0.0,0.0,0.0,0.0,1.0,8.0,0.0,0.0,5.0,2.0,0.0,0.0,0.0,2.0,0.0,0.0,0.0,1.0,1.0,0.0,0.0,0.0,0.0,2.0,0.0,0.0,0.0,1.0,1.0,0.0,0.0,2.0,0.0,0.0,0.0,1.0,2.0,0.0,0.0,0.0,0.0,0.0,1.0,6.0,0.0,0.0,0.0,0.0,0.0,0.0
88,428556210.0,0.0,3.0,0.0,0.0,0.0,0.0,0.0,19.0,0.0,0.0,0.0,0.0,0.0,0.0,1.0,0.0,0.0,0.0,1.0,2.0,0.0,0.0,0.0,0.0,0.0,0.0,0.0,2.0,0.0,0.0,0.0,1.0,0.0,3.0,2.0,0.0,0.0,1.0,0.0,0.0,0.0,0.0,0.0,1.0,4.0,3.0,0.0,2.0,0.0,0.0,0.0,0.0,0.0,4.0,0.0,2.0,20.0,19.0,1.0,0.0,0.0,0.0,0.0,0.0,8.0,0.0,0.0,0.0,14.0,0.0,1.0,2.0,0.0,0.0,0.0,19.0,0.0,13.0,0.0,0.0,0.0,10.0,10.0,0.0,5.0,0.0,0.0,0.0,0.0,0.0,0.0,0.0
89,428999682.0,0.0,0.0,0.0,0.0,0.0,0.0,0.0,0.0,0.0,0.0,0.0,0.0,0.0,0.0,0.0,0.0,0.0,0.0,0.0,0.0,0.0,0.0,0.0,0.0,0.0,0.0,0.0,0.0,0.0,0.0,0.0,0.0,0.0,0.0,0.0,0.0,0.0,0.0,0.0,0.0,0.0,0.0,0.0,0.0,0.0,0.0,0.0,0.0,0.0,0.0,0.0,0.0,0.0,0.0,0.0,0.0,0.0,0.0,0.0,0.0,0.0,0.0,0.0,0.0,0.0,0.0,0.0,0.0,0.0,0.0,0.0,0.0,0.0,0.0,0.0,0.0,0.0,0.0,0.0,0.0,0.0,0.0,0.0,0.0,0.0,0.0,0.0,0.0,0.0,0.0,0.0,0.0
90,430530678.0,2.0,32.0,29.0,3.0,7.0,1.0,35.0,7.0,18.0,10.0,23.0,1.0,14.0,30.0,11.0,13.0,1.0,34.0,35.0,228.0,7.0,7.0,9.0,19.0,2.0,5.0,97.0,9.0,14.0,8.0,0.0,11.0,6.0,15.0,11.0,2.0,26.0,3.0,5.0,0.0,14.0,5.0,1.0,9.0,0.0,10.0,17.0,66.0,0.0,0.0,46.0,1.0,0.0,4.0,3.0,9.0,6.0,6.0,2.0,4.0,0.0,5.0,0.0,7.0,1.0,4.0,5.0,0.0,2.0,5.0,26.0,2.0,0.0,6.0,0.0,33.0,11.0,9.0,40.0,7.0,1.0,0.0,7.0,0.0,18.0,17.0,0.0,0.0,0.0,0.0,0.0,0.0
91,436267341.0,0.0,0.0,0.0,0.0,0.0,0.0,0.0,0.0,0.0,0.0,0.0,0.0,0.0,0.0,0.0,0.0,0.0,0.0,0.0,0.0,0.0,0.0,0.0,0.0,0.0,0.0,0.0,0.0,0.0,0.0,0.0,0.0,0.0,0.0,0.0,0.0,0.0,0.0,0.0,0.0,0.0,0.0,0.0,0.0,0.0,0.0,0.0,0.0,0.0,0.0,0.0,0.0,0.0,0.0,0.0,0.0,0.0,0.0,0.0,0.0,0.0,0.0,0.0,0.0,0.0,0.0,0.0,0.0,0.0,0.0,0.0,0.0,0.0,0.0,0.0,0.0,0.0,0.0,0.0,0.0,0.0,0.0,0.0,0.0,0.0,0.0,0.0,0.0,0.0,0.0,0.0,0.0
92,442439190.0,0.0,0.0,0.0,0.0,0.0,0.0,0.0,0.0,0.0,0.0,0.0,0.0,0.0,0.0,0.0,0.0,0.0,0.0,0.0,0.0,0.0,0.0,0.0,0.0,0.0,0.0,0.0,0.0,0.0,0.0,0.0,0.0,0.0,0.0,0.0,0.0,0.0,0.0,0.0,0.0,0.0,0.0,0.0,0.0,0.0,0.0,0.0,0.0,0.0,0.0,0.0,0.0,0.0,0.0,0.0,0.0,0.0,0.0,0.0,0.0,0.0,0.0,0.0,0.0,0.0,0.0,0.0,0.0,0.0,0.0,0.0,0.0,0.0,0.0,0.0,0.0,0.0,0.0,0.0,0.0,0.0,0.0,0.0,0.0,0.0,0.0,0.0,0.0,0.0,0.0,0.0,0.0
