,0,1,2,3,4,5,6,7,8,9,10,11,12,13,14,15,16,17,18,19,20,21,22,23,24,25,26,27,28,29,30,31,32,33,34,35,36,37,38,39,40,41,42,43,44,45,46,47,48,49,50,51,52,53,54,55,56,57,58,59,60,61,62,63,64,65,66,67
0,-1.0,15427580.0,43022178.0,48866020.0,55390633.0,83460945.0,141267304.0,170315949.0,194920096.0,209651406.0,210824047.0,231948749.0,241314646.0,243672286.0,252991272.0,253606493.0,253766102.0,260046126.0,263539634.0,264429719.0,265271594.0,272308325.0,274119514.0,275127529.0,275661557.0,277483604.0,279906429.0,282080237.0,283718439.0,284219535.0,285011055.0,285222307.0,294476644.0,295796393.0,298087938.0,298112519.0,301681004.0,305078782.0,308411684.0,310142736.0,315997012.0,316144548.0,317262357.0,319021106.0,325023202.0,327408048.0,328933147.0,336076027.0,338067793.0,339034131.0,339474731.0,346585747.0,347873395.0,349169217.0,349217591.0,350202078.0,359179176.0,363941842.0,369028288.0,371624190.0,374893717.0,379753339.0,380979829.0,384585132.0,406647184.0,412663554.0,428843595.0,436029388.0
1,15427580.0,0.0,6.0,3.0,0.0,29.0,50.0,74.0,34.0,16.0,7.0,4.0,106.0,8.0,3.0,2.0,6.0,19.0,10.0,3.0,1.0,11.0,20.0,0.0,12.0,1.0,2.0,22.0,3.0,1.0,2.0,0.0,0.0,1.0,11.0,4.0,1.0,4.0,11.0,44.0,1.0,1.0,1.0,1.0,8.0,12.0,5.0,20.0,1.0,10.0,3.0,0.0,17.0,59.0,0.0,2.0,15.0,1.0,40.0,19.0,5.0,0.0,1.0,6.0,1.0,5.0,0.0,22.0
2,43022178.0,6.0,0.0,0.0,0.0,3.0,4.0,10.0,5.0,1.0,0.0,2.0,12.0,1.0,0.0,1.0,0.0,0.0,2.0,1.0,0.0,1.0,2.0,0.0,2.0,1.0,0.0,2.0,2.0,0.0,0.0,0.0,0.0,0.0,3.0,1.0,0.0,2.0,2.0,0.0,0.0,0.0,0.0,0.0,2.0,1.0,3.0,7.0,0.0,1.0,1.0,0.0,0.0,7.0,0.0,0.0,1.0,0.0,36.0,0.0,1.0,0.0,0.0,0.0,0.0,1.0,0.0,3.0
3,48866020.0,3.0,0.0,0.0,0.0,9.0,3.0,0.0,10.0,25.0,9.0,0.0,11.0,2.0,13.0,84.0,82.0,2.0,2.0,60.0,33.0,17.0,153.0,5.0,1.0,65.0,119.0,53.0,0.0,65.0,34.0,1.0,0.0,1.0,2.0,19.0,22.0,1.0,84.0,2.0,0.0,3.0,0.0,64.0,3.0,4.0,3.0,1.0,13.0,180.0,0.0,0.0,2.0,2.0,0.0,167.0,6.0,68.0,3.0,90.0,0.0,0.0,67.0,30.0,0.0,1.0,0.0,3.0
4,55390633.0,0.0,0.0,0.0,0.0,0.0,0.0,0.0,0.0,0.0,0.0,0.0,1.0,0.0,0.0,0.0,0.0,0.0,0.0,0.0,0.0,0.0,0.0,0.0,0.0,0.0,0.0,0.0,0.0,0.0,0.0,0.0,0.0,0.0,0.0,0.0,0.0,0.0,1.0,0.0,0.0,0.0,0.0,0.0,0.0,0.0,0.0,0.0,0.0,1.0,0.0,0.0,0.0,0.0,0.0,0.0,0.0,0.0,0.0,0.0,0.0,0.0,0.0,0.0,0.0,0.0,0.0,0.0
5,83460945.0,29.0,3.0,9.0,0.0,0.0,19.0,34.0,14.0,9.0,1.0,19.0,20.0,3.0,3.0,6.0,22.0,6.0,3.0,8.0,1.0,2.0,38.0,0.0,2.0,8.0,8.0,21.0,3.0,8.0,4.0,0.0,0.0,1.0,3.0,1.0,1.0,0.0,16.0,5.0,0.0,0.0,1.0,3.0,1.0,3.0,2.0,12.0,3.0,33.0,0.0,2.0,11.0,26.0,0.0,10.0,11.0,3.0,33.0,26.0,0.0,0.0,6.0,31.0,1.0,2.0,0.0,17.0
6,141267304.0,50.0,4.0,3.0,0.0,19.0,0.0,45.0,18.0,5.0,1.0,8.0,23.0,3.0,2.0,0.0,3.0,6.0,2.0,0.0,0.0,3.0,8.0,0.0,2.0,2.0,1.0,15.0,3.0,1.0,1.0,1.0,0.0,0.0,4.0,1.0,0.0,0.0,5.0,13.0,0.0,1.0,1.0,0.0,0.0,8.0,0.0,16.0,0.0,3.0,0.0,2.0,7.0,22.0,0.0,0.0,5.0,0.0,30.0,9.0,0.0,0.0,2.0,0.0,1.0,1.0,0.0,18.0
7,170315949.0,74.0,10.0,0.0,0.0,34.0,45.0,0.0,37.0,14.0,4.0,10.0,55.0,0.0,6.0,1.0,2.0,15.0,5.0,0.0,0.0,2.0,20.0,0.0,1.0,1.0,0.0,15.0,2.0,0.0,3.0,0.0,0.0,0.0,1.0,3.0,1.0,0.0,7.0,22.0,1.0,2.0,0.0,0.0,0.0,3.0,0.0,32.0,0.0,4.0,0.0,2.0,19.0,85.0,0.0,0.0,17.0,0.0,97.0,15.0,0.0,1.0,0.0,1.0,0.0,5.0,0.0,52.0
8,194920096.0,34.0,5.0,10.0,0.0,14.0,18.0,37.0,0.0,17.0,2.0,6.0,103.0,13.0,6.0,12.0,8.0,8.0,23.0,5.0,4.0,7.0,31.0,0.0,34.0,23.0,9.0,13.0,5.0,8.0,18.0,1.0,0.0,19.0,36.0,4.0,8.0,27.0,32.0,19.0,1.0,1.0,0.0,2.0,28.0,5.0,43.0,18.0,2.0,10.0,13.0,3.0,6.0,28.0,2.0,7.0,9.0,6.0,49.0,20.0,22.0,0.0,5.0,5.0,3.0,3.0,0.0,17.0
9,209651406.0,16.0,1.0,25.0,0.0,9.0,5.0,14.0,17.0,0.0,28.0,4.0,31.0,2.0,29.0,24.0,12.0,19.0,4.0,10.0,13.0,49.0,49.0,2.0,4.0,30.0,27.0,9.0,1.0,9.0,15.0,0.0,0.0,1.0,3.0,35.0,25.0,3.0,59.0,35.0,0.0,2.0,0.0,6.0,1.0,8.0,7.0,7.0,5.0,37.0,0.0,0.0,6.0,12.0,0.0,40.0,19.0,18.0,13.0,35.0,1.0,0.0,11.0,3.0,0.0,6.0,0.0,10.0
10,210824047.0,7.0,0.0,9.0,0.0,1.0,1.0,4.0,2.0,28.0,0.0,1.0,9.0,1.0,7.0,7.0,7.0,11.0,0.0,0.0,2.0,36.0,19.0,3.0,0.0,5.0,9.0,6.0,0.0,4.0,1.0,0.0,0.0,0.0,0.0,24.0,11.0,1.0,17.0,45.0,0.0,1.0,0.0,2.0,1.0,6.0,2.0,2.0,1.0,18.0,0.0,1.0,2.0,2.0,0.0,10.0,18.0,7.0,2.0,5.0,0.0,0.0,4.0,1.0,1.0,7.0,0.0,3.0
11,231948749.0,4.0,2.0,0.0,0.0,19.0,8.0,10.0,6.0,4.0,1.0,0.0,3.0,0.0,1.0,0.0,3.0,1.0,0.0,0.0,0.0,0.0,3.0,0.0,0.0,0.0,0.0,1.0,3.0,0.0,1.0,0.0,0.0,0.0,0.0,0.0,0.0,0.0,3.0,1.0,0.0,1.0,0.0,0.0,0.0,0.0,0.0,7.0,0.0,2.0,0.0,1.0,1.0,6.0,0.0,0.0,2.0,0.0,37.0,1.0,0.0,0.0,0.0,1.0,1.0,1.0,0.0,7.0
12,241314646.0,106.0,12.0,11.0,1.0,20.0,23.0,55.0,103.0,31.0,9.0,3.0,0.0,40.0,15.0,24.0,11.0,17.0,56.0,7.0,0.0,17.0,44.0,1.0,117.0,45.0,13.0,30.0,1.0,4.0,12.0,0.0,0.0,53.0,155.0,7.0,15.0,91.0,72.0,44.0,0.0,1.0,0.0,3.0,147.0,44.0,123.0,30.0,0.0,19.0,49.0,1.0,16.0,68.0,27.0,12.0,19.0,13.0,83.0,28.0,61.0,0.0,5.0,4.0,1.0,4.0,0.0,18.0
13,243672286.0,8.0,1.0,2.0,0.0,3.0,3.0,0.0,13.0,2.0,1.0,0.0,40.0,0.0,0.0,2.0,2.0,1.0,7.0,1.0,0.0,0.0,3.0,0.0,29.0,5.0,2.0,2.0,0.0,1.0,0.0,0.0,0.0,15.0,27.0,0.0,0.0,21.0,2.0,1.0,0.0,0.0,0.0,0.0,24.0,1.0,16.0,2.0,0.0,0.0,9.0,0.0,1.0,6.0,2.0,0.0,1.0,0.0,3.0,1.0,16.0,0.0,1.0,1.0,0.0,0.0,0.0,1.0
14,252991272.0,3.0,0.0,13.0,0.0,3.0,2.0,6.0,6.0,29.0,7.0,1.0,15.0,0.0,0.0,29.0,6.0,2.0,1.0,4.0,5.0,15.0,33.0,1.0,0.0,25.0,13.0,5.0,1.0,7.0,6.0,3.0,0.0,1.0,0.0,7.0,32.0,1.0,49.0,7.0,0.0,0.0,0.0,4.0,1.0,4.0,7.0,0.0,2.0,15.0,0.0,0.0,0.0,2.0,0.0,23.0,2.0,10.0,2.0,12.0,0.0,0.0,16.0,1.0,0.0,3.0,0.0,2.0
15,253606493.0,2.0,1.0,84.0,0.0,6.0,0.0,1.0,12.0,24.0,7.0,0.0,24.0,2.0,29.0,0.0,47.0,1.0,4.0,38.0,21.0,12.0,100.0,5.0,4.0,55.0,79.0,67.0,0.0,38.0,20.0,2.0,0.0,5.0,8.0,9.0,25.0,7.0,69.0,3.0,0.0,0.0,0.0,28.0,5.0,4.0,8.0,0.0,5.0,121.0,1.0,0.0,1.0,4.0,0.0,84.0,2.0,46.0,1.0,67.0,4.0,0.0,45.0,17.0,0.0,0.0,0.0,1.0
16,253766102.0,6.0,0.0,82.0,0.0,22.0,3.0,2.0,8.0,12.0,7.0,3.0,11.0,2.0,6.0,47.0,0.0,4.0,1.0,42.0,27.0,12.0,135.0,1.0,1.0,52.0,75.0,45.0,0.0,46.0,29.0,0.0,0.0,2.0,2.0,3.0,16.0,3.0,67.0,4.0,0.0,1.0,0.0,51.0,3.0,3.0,7.0,2.0,14.0,114.0,2.0,0.0,6.0,6.0,0.0,103.0,6.0,49.0,2.0,76.0,0.0,0.0,54.0,41.0,0.0,1.0,0.0,6.0
17,260046126.0,19.0,0.0,2.0,0.0,6.0,6.0,15.0,8.0,19.0,11.0,1.0,17.0,1.0,2.0,1.0,4.0,0.0,0.0,0.0,1.0,9.0,15.0,0.0,0.0,1.0,1.0,5.0,1.0,0.0,1.0,0.0,0.0,0.0,2.0,3.0,2.0,2.0,8.0,36.0,0.0,3.0,1.0,1.0,0.0,4.0,0.0,4.0,2.0,4.0,0.0,0.0,5.0,19.0,0.0,0.0,10.0,0.0,12.0,6.0,0.0,0.0,1.0,2.0,0.0,4.0,0.0,13.0
18,263539634.0,10.0,2.0,2.0,0.0,3.0,2.0,5.0,23.0,4.0,0.0,0.0,56.0,7.0,1.0,4.0,1.0,0.0,0.0,1.0,1.0,4.0,10.0,0.0,24.0,7.0,1.0,7.0,1.0,0.0,4.0,0.0,0.0,16.0,34.0,1.0,1.0,24.0,10.0,3.0,0.0,0.0,0.0,0.0,35.0,0.0,30.0,4.0,1.0,4.0,23.0,1.0,2.0,10.0,7.0,1.0,2.0,0.0,8.0,7.0,20.0,0.0,2.0,1.0,0.0,0.0,0.0,3.0
19,264429719.0,3.0,1.0,60.0,0.0,8.0,0.0,0.0,5.0,10.0,0.0,0.0,7.0,1.0,4.0,38.0,42.0,0.0,1.0,0.0,20.0,4.0,69.0,0.0,2.0,33.0,63.0,28.0,0.0,35.0,18.0,0.0,0.0,1.0,4.0,4.0,4.0,1.0,50.0,2.0,0.0,0.0,0.0,37.0,1.0,2.0,2.0,0.0,5.0,80.0,0.0,0.0,1.0,3.0,0.0,85.0,1.0,36.0,0.0,49.0,0.0,0.0,39.0,22.0,0.0,0.0,0.0,0.0
20,265271594.0,1.0,0.0,33.0,0.0,1.0,0.0,0.0,4.0,13.0,2.0,0.0,0.0,0.0,5.0,21.0,27.0,1.0,1.0,20.0,0.0,6.0,40.0,0.0,0.0,21.0,28.0,10.0,0.0,16.0,16.0,2.0,0.0,0.0,1.0,6.0,6.0,0.0,27.0,1.0,0.0,1.0,0.0,16.0,1.0,2.0,3.0,0.0,4.0,37.0,0.0,0.0,0.0,1.0,0.0,42.0,2.0,22.0,0.0,31.0,0.0,0.0,20.0,7.0,0.0,2.0,0.0,0.0
21,272308325.0,11.0,1.0,17.0,0.0,2.0,3.0,2.0,7.0,49.0,36.0,0.0,17.0,0.0,15.0,12.0,12.0,9.0,4.0,4.0,6.0,0.0,36.0,0.0,0.0,21.0,19.0,6.0,1.0,9.0,10.0,0.0,0.0,0.0,1.0,27.0,20.0,6.0,38.0,34.0,0.0,3.0,1.0,8.0,1.0,7.0,9.0,3.0,8.0,21.0,1.0,0.0,1.0,4.0,0.0,25.0,24.0,14.0,1.0,19.0,1.0,0.0,7.0,0.0,0.0,4.0,0.0,4.0
22,274119514.0,20.0,2.0,153.0,0.0,38.0,8.0,20.0,31.0,49.0,19.0,3.0,44.0,3.0,33.0,100.0,135.0,15.0,10.0,69.0,40.0,36.0,0.0,6.0,6.0,140.0,142.0,117.0,0.0,88.0,50.0,4.0,0.0,3.0,7.0,32.0,43.0,4.0,190.0,33.0,0.0,2.0,1.0,74.0,5.0,9.0,16.0,9.0,19.0,430.0,3.0,0.0,8.0,20.0,1.0,248.0,14.0,88.0,20.0,136.0,4.0,0.0,77.0,63.0,0.0,4.0,2.0,15.0
23,275127529.0,0.0,0.0,5.0,0.0,0.0,0.0,0.0,0.0,2.0,3.0,0.0,1.0,0.0,1.0,5.0,1.0,0.0,0.0,0.0,0.0,0.0,6.0,0.0,0.0,3.0,4.0,1.0,0.0,2.0,1.0,48.0,0.0,0.0,0.0,8.0,6.0,0.0,17.0,0.0,0.0,0.0,0.0,2.0,0.0,0.0,0.0,0.0,0.0,24.0,0.0,0.0,0.0,0.0,0.0,11.0,0.0,0.0,0.0,0.0,0.0,0.0,3.0,0.0,0.0,0.0,0.0,0.0
24,275661557.0,12.0,2.0,1.0,0.0,2.0,2.0,1.0,34.0,4.0,0.0,0.0,117.0,29.0,0.0,4.0,1.0,0.0,24.0,2.0,0.0,0.0,6.0,0.0,0.0,10.0,2.0,4.0,0.0,0.0,0.0,0.0,0.0,28.0,78.0,2.0,0.0,38.0,5.0,1.0,0.0,0.0,0.0,0.0,60.0,0.0,54.0,1.0,0.0,0.0,29.0,0.0,2.0,17.0,9.0,0.0,1.0,1.0,3.0,3.0,38.0,0.0,0.0,1.0,0.0,0.0,0.0,0.0
25,277483604.0,1.0,1.0,65.0,0.0,8.0,2.0,1.0,23.0,30.0,5.0,0.0,45.0,5.0,25.0,55.0,52.0,1.0,7.0,33.0,21.0,21.0,140.0,3.0,10.0,0.0,64.0,42.0,0.0,42.0,33.0,1.0,0.0,8.0,12.0,17.0,29.0,14.0,103.0,4.0,0.0,1.0,0.0,25.0,13.0,7.0,28.0,2.0,6.0,106.0,6.0,0.0,1.0,5.0,0.0,71.0,5.0,56.0,1.0,74.0,5.0,0.0,42.0,22.0,0.0,2.0,0.0,3.0
26,279906429.0,2.0,0.0,119.0,0.0,8.0,1.0,0.0,9.0,27.0,9.0,0.0,13.0,2.0,13.0,79.0,75.0,1.0,1.0,63.0,28.0,19.0,142.0,4.0,2.0,64.0,0.0,39.0,0.0,62.0,34.0,1.0,0.0,1.0,5.0,13.0,25.0,3.0,89.0,4.0,0.0,1.0,0.0,58.0,1.0,5.0,8.0,0.0,9.0,159.0,0.0,0.0,2.0,2.0,0.0,158.0,5.0,75.0,1.0,77.0,0.0,0.0,74.0,23.0,0.0,3.0,0.0,1.0
27,282080237.0,22.0,2.0,53.0,0.0,21.0,15.0,15.0,13.0,9.0,6.0,1.0,30.0,2.0,5.0,67.0,45.0,5.0,7.0,28.0,10.0,6.0,117.0,1.0,4.0,42.0,39.0,0.0,1.0,36.0,17.0,1.0,0.0,1.0,4.0,6.0,5.0,4.0,53.0,11.0,0.0,0.0,0.0,19.0,4.0,4.0,6.0,3.0,4.0,151.0,1.0,0.0,5.0,15.0,0.0,57.0,4.0,35.0,6.0,59.0,1.0,0.0,29.0,31.0,0.0,3.0,0.0,9.0
28,283718439.0,3.0,2.0,0.0,0.0,3.0,3.0,2.0,5.0,1.0,0.0,3.0,1.0,0.0,1.0,0.0,0.0,1.0,1.0,0.0,0.0,1.0,0.0,0.0,0.0,0.0,0.0,1.0,0.0,0.0,1.0,0.0,0.0,0.0,0.0,0.0,0.0,0.0,2.0,0.0,0.0,0.0,0.0,0.0,0.0,0.0,0.0,6.0,0.0,1.0,0.0,1.0,1.0,3.0,0.0,0.0,1.0,0.0,6.0,1.0,0.0,0.0,0.0,0.0,1.0,1.0,0.0,3.0
29,284219535.0,1.0,0.0,65.0,0.0,8.0,1.0,0.0,8.0,9.0,4.0,0.0,4.0,1.0,7.0,38.0,46.0,0.0,0.0,35.0,16.0,9.0,88.0,2.0,0.0,42.0,62.0,36.0,0.0,0.0,32.0,0.0,0.0,2.0,0.0,6.0,13.0,0.0,47.0,3.0,0.0,0.0,0.0,33.0,1.0,3.0,1.0,0.0,5.0,85.0,0.0,0.0,1.0,3.0,0.0,76.0,1.0,41.0,1.0,57.0,0.0,0.0,37.0,30.0,0.0,1.0,0.0,0.0
30,285011055.0,2.0,0.0,34.0,0.0,4.0,1.0,3.0,18.0,15.0,1.0,1.0,12.0,0.0,6.0,20.0,29.0,1.0,4.0,18.0,16.0,10.0,50.0,1.0,0.0,33.0,34.0,17.0,1.0,32.0,0.0,0.0,0.0,0.0,1.0,7.0,9.0,2.0,33.0,1.0,0.0,1.0,0.0,17.0,1.0,3.0,4.0,1.0,7.0,38.0,0.0,0.0,1.0,5.0,0.0,45.0,2.0,20.0,0.0,31.0,1.0,0.0,20.0,7.0,0.0,2.0,0.0,6.0
31,285222307.0,0.0,0.0,1.0,0.0,0.0,1.0,0.0,1.0,0.0,0.0,0.0,0.0,0.0,3.0,2.0,0.0,0.0,0.0,0.0,2.0,0.0,4.0,48.0,0.0,1.0,1.0,1.0,0.0,0.0,0.0,0.0,0.0,0.0,0.0,1.0,5.0,0.0,5.0,0.0,0.0,0.0,0.0,0.0,0.0,0.0,0.0,0.0,0.0,5.0,0.0,0.0,0.0,0.0,0.0,1.0,0.0,1.0,0.0,0.0,0.0,0.0,1.0,0.0,0.0,0.0,0.0,0.0
32,294476644.0,0.0,0.0,0.0,0.0,0.0,0.0,0.0,0.0,0.0,0.0,0.0,0.0,0.0,0.0,0.0,0.0,0.0,0.0,0.0,0.0,0.0,0.0,0.0,0.0,0.0,0.0,0.0,0.0,0.0,0.0,0.0,0.0,0.0,0.0,0.0,0.0,0.0,0.0,0.0,0.0,0.0,0.0,0.0,0.0,0.0,0.0,0.0,0.0,0.0,0.0,0.0,0.0,0.0,0.0,0.0,0.0,0.0,0.0,0.0,0.0,0.0,0.0,0.0,0.0,0.0,0.0,0.0
33,295796393.0,1.0,0.0,1.0,0.0,1.0,0.0,0.0,19.0,1.0,0.0,0.0,53.0,15.0,1.0,5.0,2.0,0.0,16.0,1.0,0.0,0.0,3.0,0.0,28.0,8.0,1.0,1.0,0.0,2.0,0.0,0.0,0.0,0.0,43.0,1.0,1.0,32.0,5.0,0.0,0.0,0.0,0.0,0.0,42.0,0.0,27.0,0.0,0.0,0.0,25.0,0.0,0.0,3.0,4.0,1.0,1.0,0.0,1.0,1.0,21.0,0.0,0.0,1.0,0.0,1.0,0.0,0.0
34,298087938.0,11.0,3.0,2.0,0.0,3.0,4.0,1.0,36.0,3.0,0.0,0.0,155.0,27.0,0.0,8.0,2.0,2.0,34.0,4.0,1.0,1.0,7.0,0.0,78.0,12.0,5.0,4.0,0.0,0.0,1.0,0.0,0.0,43.0,0.0,2.0,2.0,54.0,10.0,3.0,0.0,1.0,0.0,1.0,114.0,7.0,76.0,3.0,1.0,3.0,49.0,0.0,1.0,16.0,19.0,2.0,1.0,2.0,5.0,4.0,53.0,0.0,1.0,2.0,0.0,0.0,0.0,0.0
35,298112519.0,4.0,1.0,19.0,0.0,1.0,1.0,3.0,4.0,35.0,24.0,0.0,7.0,0.0,7.0,9.0,3.0,3.0,1.0,4.0,6.0,27.0,32.0,8.0,2.0,17.0,13.0,6.0,0.0,6.0,7.0,1.0,0.0,1.0,2.0,0.0,5.0,0.0,30.0,21.0,0.0,0.0,0.0,5.0,1.0,1.0,0.0,0.0,3.0,51.0,0.0,0.0,2.0,3.0,0.0,40.0,10.0,6.0,0.0,20.0,1.0,0.0,5.0,3.0,0.0,4.0,0.0,0.0
36,301681004.0,1.0,0.0,22.0,0.0,1.0,0.0,1.0,8.0,25.0,11.0,0.0,15.0,0.0,32.0,25.0,16.0,2.0,1.0,4.0,6.0,20.0,43.0,6.0,0.0,29.0,25.0,5.0,0.0,13.0,9.0,5.0,0.0,1.0,2.0,5.0,0.0,3.0,68.0,9.0,0.0,1.0,0.0,9.0,1.0,5.0,4.0,0.0,2.0,17.0,1.0,0.0,0.0,1.0,0.0,39.0,4.0,24.0,0.0,14.0,1.0,0.0,15.0,1.0,0.0,3.0,1.0,1.0
37,305078782.0,4.0,2.0,1.0,0.0,0.0,0.0,0.0,27.0,3.0,1.0,0.0,91.0,21.0,1.0,7.0,3.0,2.0,24.0,1.0,0.0,6.0,4.0,0.0,38.0,14.0,3.0,4.0,0.0,0.0,2.0,0.0,0.0,32.0,54.0,0.0,3.0,0.0,13.0,1.0,0.0,1.0,0.0,1.0,54.0,5.0,57.0,2.0,0.0,1.0,27.0,0.0,0.0,8.0,9.0,1.0,1.0,4.0,3.0,7.0,33.0,0.0,1.0,1.0,0.0,1.0,0.0,0.0
38,308411684.0,11.0,2.0,84.0,1.0,16.0,5.0,7.0,32.0,59.0,17.0,3.0,72.0,2.0,49.0,69.0,67.0,8.0,10.0,50.0,27.0,38.0,190.0,17.0,5.0,103.0,89.0,53.0,2.0,47.0,33.0,5.0,0.0,5.0,10.0,30.0,68.0,13.0,0.0,24.0,0.0,2.0,1.0,38.0,9.0,12.0,27.0,2.0,9.0,191.0,5.0,0.0,6.0,10.0,1.0,118.0,13.0,49.0,6.0,75.0,6.0,0.0,59.0,29.0,0.0,5.0,1.0,7.0
39,310142736.0,44.0,0.0,2.0,0.0,5.0,13.0,22.0,19.0,35.0,45.0,1.0,44.0,1.0,7.0,3.0,4.0,36.0,3.0,2.0,1.0,34.0,33.0,0.0,1.0,4.0,4.0,11.0,0.0,3.0,1.0,0.0,0.0,0.0,3.0,21.0,9.0,1.0,24.0,0.0,0.0,3.0,0.0,1.0,1.0,3.0,0.0,15.0,1.0,10.0,0.0,0.0,3.0,16.0,0.0,3.0,20.0,1.0,52.0,7.0,2.0,0.0,1.0,2.0,0.0,7.0,0.0,10.0
40,315997012.0,1.0,0.0,0.0,0.0,0.0,0.0,1.0,1.0,0.0,0.0,0.0,0.0,0.0,0.0,0.0,0.0,0.0,0.0,0.0,0.0,0.0,0.0,0.0,0.0,0.0,0.0,0.0,0.0,0.0,0.0,0.0,0.0,0.0,0.0,0.0,0.0,0.0,0.0,0.0,0.0,0.0,0.0,0.0,0.0,0.0,0.0,0.0,0.0,0.0,0.0,0.0,2.0,0.0,0.0,0.0,0.0,0.0,0.0,0.0,0.0,0.0,0.0,0.0,1.0,0.0,0.0,1.0
41,316144548.0,1.0,0.0,3.0,0.0,0.0,1.0,2.0,1.0,2.0,1.0,1.0,1.0,0.0,0.0,0.0,1.0,3.0,0.0,0.0,1.0,3.0,2.0,0.0,0.0,1.0,1.0,0.0,0.0,0.0,1.0,0.0,0.0,0.0,1.0,0.0,1.0,1.0,2.0,3.0,0.0,0.0,0.0,1.0,0.0,0.0,0.0,0.0,2.0,2.0,0.0,0.0,0.0,1.0,0.0,1.0,2.0,1.0,0.0,1.0,0.0,0.0,1.0,0.0,0.0,1.0,0.0,1.0
42,317262357.0,1.0,0.0,0.0,0.0,1.0,1.0,0.0,0.0,0.0,0.0,0.0,0.0,0.0,0.0,0.0,0.0,1.0,0.0,0.0,0.0,1.0,1.0,0.0,0.0,0.0,0.0,0.0,0.0,0.0,0.0,0.0,0.0,0.0,0.0,0.0,0.0,0.0,1.0,0.0,0.0,0.0,0.0,0.0,0.0,0.0,0.0,0.0,0.0,0.0,0.0,0.0,0.0,1.0,0.0,0.0,1.0,0.0,0.0,0.0,0.0,0.0,0.0,0.0,0.0,0.0,0.0,0.0
43,319021106.0,1.0,0.0,64.0,0.0,3.0,0.0,0.0,2.0,6.0,2.0,0.0,3.0,0.0,4.0,28.0,51.0,1.0,0.0,37.0,16.0,8.0,74.0,2.0,0.0,25.0,58.0,19.0,0.0,33.0,17.0,0.0,0.0,0.0,1.0,5.0,9.0,1.0,38.0,1.0,0.0,1.0,0.0,0.0,0.0,0.0,0.0,0.0,6.0,83.0,1.0,0.0,0.0,1.0,0.0,84.0,0.0,31.0,0.0,37.0,0.0,0.0,32.0,14.0,0.0,1.0,0.0,0.0
44,325023202.0,8.0,2.0,3.0,0.0,1.0,0.0,0.0,28.0,1.0,1.0,0.0,147.0,24.0,1.0,5.0,3.0,0.0,35.0,1.0,1.0,1.0,5.0,0.0,60.0,13.0,1.0,4.0,0.0,1.0,1.0,0.0,0.0,42.0,114.0,1.0,1.0,54.0,9.0,1.0,0.0,0.0,0.0,0.0,0.0,1.0,87.0,1.0,1.0,1.0,64.0,0.0,0.0,8.0,28.0,2.0,1.0,0.0,5.0,2.0,41.0,0.0,1.0,2.0,0.0,0.0,0.0,0.0
45,327408048.0,12.0,1.0,4.0,0.0,3.0,8.0,3.0,5.0,8.0,6.0,0.0,44.0,1.0,4.0,4.0,3.0,4.0,0.0,2.0,2.0,7.0,9.0,0.0,0.0,7.0,5.0,4.0,0.0,3.0,3.0,0.0,0.0,0.0,7.0,1.0,5.0,5.0,12.0,3.0,0.0,0.0,0.0,0.0,1.0,0.0,3.0,0.0,0.0,1.0,0.0,0.0,2.0,3.0,0.0,5.0,4.0,1.0,3.0,3.0,1.0,0.0,2.0,1.0,0.0,2.0,0.0,4.0
46,328933147.0,5.0,3.0,3.0,0.0,2.0,0.0,0.0,43.0,7.0,2.0,0.0,123.0,16.0,7.0,8.0,7.0,0.0,30.0,2.0,3.0,9.0,16.0,0.0,54.0,28.0,8.0,6.0,0.0,1.0,4.0,0.0,0.0,27.0,76.0,0.0,4.0,57.0,27.0,0.0,0.0,0.0,0.0,0.0,87.0,3.0,0.0,3.0,1.0,9.0,35.0,0.0,1.0,9.0,14.0,3.0,2.0,7.0,4.0,14.0,37.0,0.0,4.0,2.0,0.0,1.0,0.0,1.0
47,336076027.0,20.0,7.0,1.0,0.0,12.0,16.0,32.0,18.0,7.0,2.0,7.0,30.0,2.0,0.0,0.0,2.0,4.0,4.0,0.0,0.0,3.0,9.0,0.0,1.0,2.0,0.0,3.0,6.0,0.0,1.0,0.0,0.0,0.0,3.0,0.0,0.0,2.0,2.0,15.0,0.0,0.0,0.0,0.0,1.0,0.0,3.0,0.0,1.0,2.0,0.0,5.0,10.0,22.0,0.0,0.0,8.0,0.0,175.0,7.0,1.0,0.0,0.0,2.0,10.0,2.0,0.0,21.0
48,338067793.0,1.0,0.0,13.0,0.0,3.0,0.0,0.0,2.0,5.0,1.0,0.0,0.0,0.0,2.0,5.0,14.0,2.0,1.0,5.0,4.0,8.0,19.0,0.0,0.0,6.0,9.0,4.0,0.0,5.0,7.0,0.0,0.0,0.0,1.0,3.0,2.0,0.0,9.0,1.0,0.0,2.0,0.0,6.0,1.0,0.0,1.0,1.0,0.0,11.0,0.0,0.0,0.0,0.0,0.0,13.0,2.0,4.0,0.0,9.0,0.0,0.0,5.0,7.0,0.0,1.0,0.0,1.0
49,339034131.0,10.0,1.0,180.0,1.0,33.0,3.0,4.0,10.0,37.0,18.0,2.0,19.0,0.0,15.0,121.0,114.0,4.0,4.0,80.0,37.0,21.0,430.0,24.0,0.0,106.0,159.0,151.0,1.0,85.0,38.0,5.0,0.0,0.0,3.0,51.0,17.0,1.0,191.0,10.0,0.0,2.0,0.0,83.0,1.0,1.0,9.0,2.0,11.0,0.0,2.0,0.0,4.0,11.0,0.0,264.0,12.0,62.0,1.0,128.0,0.0,0.0,91.0,67.0,0.0,2.0,0.0,5.0
50,339474731.0,3.0,1.0,0.0,0.0,0.0,0.0,0.0,13.0,0.0,0.0,0.0,49.0,9.0,0.0,1.0,2.0,0.0,23.0,0.0,0.0,1.0,3.0,0.0,29.0,6.0,0.0,1.0,0.0,0.0,0.0,0.0,0.0,25.0,49.0,0.0,1.0,27.0,5.0,0.0,0.0,0.0,0.0,1.0,64.0,0.0,35.0,0.0,0.0,2.0,0.0,0.0,0.0,5.0,16.0,1.0,0.0,0.0,2.0,1.0,23.0,0.0,0.0,1.0,0.0,0.0,0.0,1.0
51,346585747.0,0.0,0.0,0.0,0.0,2.0,2.0,2.0,3.0,0.0,1.0,1.0,1.0,0.0,0.0,0.0,0.0,0.0,1.0,0.0,0.0,0.0,0.0,0.0,0.0,0.0,0.0,0.0,1.0,0.0,0.0,0.0,0.0,0.0,0.0,0.0,0.0,0.0,0.0,0.0,0.0,0.0,0.0,0.0,0.0,0.0,0.0,5.0,0.0,0.0,0.0,0.0,19.0,0.0,0.0,0.0,0.0,0.0,16.0,0.0,0.0,0.0,0.0,0.0,21.0,0.0,0.0,0.0
52,347873395.0,17.0,0.0,2.0,0.0,11.0,7.0,19.0,6.0,6.0,2.0,1.0,16.0,1.0,0.0,1.0,6.0,5.0,2.0,1.0,0.0,1.0,8.0,0.0,2.0,1.0,2.0,5.0,1.0,1.0,1.0,0.0,0.0,0.0,1.0,2.0,0.0,0.0,6.0,3.0,2.0,0.0,0.0,0.0,0.0,2.0,1.0,10.0,0.0,4.0,0.0,19.0,0.0,13.0,0.0,0.0,8.0,0.0,12.0,9.0,0.0,0.0,1.0,1.0,17.0,2.0,0.0,13.0
53,349169217.0,59.0,7.0,2.0,0.0,26.0,22.0,85.0,28.0,12.0,2.0,6.0,68.0,6.0,2.0,4.0,6.0,19.0,10.0,3.0,1.0,4.0,20.0,0.0,17.0,5.0,2.0,15.0,3.0,3.0,5.0,0.0,0.0,3.0,16.0,3.0,1.0,8.0,10.0,16.0,0.0,1.0,1.0,1.0,8.0,3.0,9.0,22.0,0.0,11.0,5.0,0.0,13.0,0.0,1.0,4.0,14.0,1.0,57.0,18.0,4.0,0.0,1.0,8.0,1.0,3.0,0.0,35.0
54,349217591.0,0.0,0.0,0.0,0.0,0.0,0.0,0.0,2.0,0.0,0.0,0.0,27.0,2.0,0.0,0.0,0.0,0.0,7.0,0.0,0.0,0.0,1.0,0.0,9.0,0.0,0.0,0.0,0.0,0.0,0.0,0.0,0.0,4.0,19.0,0.0,0.0,9.0,1.0,0.0,0.0,0.0,0.0,0.0,28.0,0.0,14.0,0.0,0.0,0.0,16.0,0.0,0.0,1.0,0.0,0.0,0.0,0.0,0.0,0.0,10.0,0.0,0.0,0.0,0.0,0.0,0.0,0.0
55,350202078.0,2.0,0.0,167.0,0.0,10.0,0.0,0.0,7.0,40.0,10.0,0.0,12.0,0.0,23.0,84.0,103.0,0.0,1.0,85.0,42.0,25.0,248.0,11.0,0.0,71.0,158.0,57.0,0.0,76.0,45.0,1.0,0.0,1.0,2.0,40.0,39.0,1.0,118.0,3.0,0.0,1.0,0.0,84.0,2.0,5.0,3.0,0.0,13.0,264.0,1.0,0.0,0.0,4.0,0.0,0.0,7.0,82.0,0.0,101.0,0.0,0.0,95.0,40.0,0.0,3.0,1.0,0.0
56,359179176.0,15.0,1.0,6.0,0.0,11.0,5.0,17.0,9.0,19.0,18.0,2.0,19.0,1.0,2.0,2.0,6.0,10.0,2.0,1.0,2.0,24.0,14.0,0.0,1.0,5.0,5.0,4.0,1.0,1.0,2.0,0.0,0.0,1.0,1.0,10.0,4.0,1.0,13.0,20.0,0.0,2.0,1.0,0.0,1.0,4.0,2.0,8.0,2.0,12.0,0.0,0.0,8.0,14.0,0.0,7.0,0.0,4.0,10.0,7.0,0.0,0.0,2.0,2.0,0.0,4.0,0.0,7.0
57,363941842.0,1.0,0.0,68.0,0.0,3.0,0.0,0.0,6.0,18.0,7.0,0.0,13.0,0.0,10.0,46.0,49.0,0.0,0.0,36.0,22.0,14.0,88.0,0.0,1.0,56.0,75.0,35.0,0.0,41.0,20.0,1.0,0.0,0.0,2.0,6.0,24.0,4.0,49.0,1.0,0.0,1.0,0.0,31.0,0.0,1.0,7.0,0.0,4.0,62.0,0.0,0.0,0.0,1.0,0.0,82.0,4.0,0.0,0.0,49.0,1.0,0.0,37.0,10.0,0.0,2.0,0.0,0.0
58,369028288.0,40.0,36.0,3.0,0.0,33.0,30.0,97.0,49.0,13.0,2.0,37.0,83.0,3.0,2.0,1.0,2.0,12.0,8.0,0.0,0.0,1.0,20.0,0.0,3.0,1.0,1.0,6.0,6.0,1.0,0.0,0.0,0.0,1.0,5.0,0.0,0.0,3.0,6.0,52.0,0.0,0.0,0.0,0.0,5.0,3.0,4.0,175.0,0.0,1.0,2.0,16.0,12.0,57.0,0.0,0.0,10.0,0.0,0.0,3.0,4.0,0.0,1.0,4.0,9.0,4.0,0.0,35.0
59,371624190.0,19.0,0.0,90.0,0.0,26.0,9.0,15.0,20.0,35.0,5.0,1.0,28.0,1.0,12.0,67.0,76.0,6.0,7.0,49.0,31.0,19.0,136.0,0.0,3.0,74.0,77.0,59.0,1.0,57.0,31.0,0.0,0.0,1.0,4.0,20.0,14.0,7.0,75.0,7.0,0.0,1.0,0.0,37.0,2.0,3.0,14.0,7.0,9.0,128.0,1.0,0.0,9.0,18.0,0.0,101.0,7.0,49.0,3.0,0.0,1.0,0.0,42.0,39.0,0.0,4.0,0.0,12.0
60,374893717.0,5.0,1.0,0.0,0.0,0.0,0.0,0.0,22.0,1.0,0.0,0.0,61.0,16.0,0.0,4.0,0.0,0.0,20.0,0.0,0.0,1.0,4.0,0.0,38.0,5.0,0.0,1.0,0.0,0.0,1.0,0.0,0.0,21.0,53.0,1.0,1.0,33.0,6.0,2.0,0.0,0.0,0.0,0.0,41.0,1.0,37.0,1.0,0.0,0.0,23.0,0.0,0.0,4.0,10.0,0.0,0.0,1.0,4.0,1.0,0.0,0.0,0.0,1.0,0.0,0.0,0.0,0.0
61,379753339.0,0.0,0.0,0.0,0.0,0.0,0.0,1.0,0.0,0.0,0.0,0.0,0.0,0.0,0.0,0.0,0.0,0.0,0.0,0.0,0.0,0.0,0.0,0.0,0.0,0.0,0.0,0.0,0.0,0.0,0.0,0.0,0.0,0.0,0.0,0.0,0.0,0.0,0.0,0.0,0.0,0.0,0.0,0.0,0.0,0.0,0.0,0.0,0.0,0.0,0.0,0.0,0.0,0.0,0.0,0.0,0.0,0.0,0.0,0.0,0.0,0.0,0.0,0.0,0.0,0.0,0.0,0.0
62,380979829.0,1.0,0.0,67.0,0.0,6.0,2.0,0.0,5.0,11.0,4.0,0.0,5.0,1.0,16.0,45.0,54.0,1.0,2.0,39.0,20.0,7.0,77.0,3.0,0.0,42.0,74.0,29.0,0.0,37.0,20.0,1.0,0.0,0.0,1.0,5.0,15.0,1.0,59.0,1.0,0.0,1.0,0.0,32.0,1.0,2.0,4.0,0.0,5.0,91.0,0.0,0.0,1.0,1.0,0.0,95.0,2.0,37.0,1.0,42.0,0.0,0.0,0.0,11.0,0.0,2.0,1.0,3.0
63,384585132.0,6.0,0.0,30.0,0.0,31.0,0.0,1.0,5.0,3.0,1.0,1.0,4.0,1.0,1.0,17.0,41.0,2.0,1.0,22.0,7.0,0.0,63.0,0.0,1.0,22.0,23.0,31.0,0.0,30.0,7.0,0.0,0.0,1.0,2.0,3.0,1.0,1.0,29.0,2.0,0.0,0.0,0.0,14.0,2.0,1.0,2.0,2.0,7.0,67.0,1.0,0.0,1.0,8.0,0.0,40.0,2.0,10.0,4.0,39.0,1.0,0.0,11.0,0.0,0.0,0.0,0.0,2.0
64,406647184.0,1.0,0.0,0.0,0.0,1.0,1.0,0.0,3.0,0.0,1.0,1.0,1.0,0.0,0.0,0.0,0.0,0.0,0.0,0.0,0.0,0.0,0.0,0.0,0.0,0.0,0.0,0.0,1.0,0.0,0.0,0.0,0.0,0.0,0.0,0.0,0.0,0.0,0.0,0.0,1.0,0.0,0.0,0.0,0.0,0.0,0.0,10.0,0.0,0.0,0.0,21.0,17.0,1.0,0.0,0.0,0.0,0.0,9.0,0.0,0.0,0.0,0.0,0.0,0.0,0.0,0.0,0.0
65,412663554.0,5.0,1.0,1.0,0.0,2.0,1.0,5.0,3.0,6.0,7.0,1.0,4.0,0.0,3.0,0.0,1.0,4.0,0.0,0.0,2.0,4.0,4.0,0.0,0.0,2.0,3.0,3.0,1.0,1.0,2.0,0.0,0.0,1.0,0.0,4.0,3.0,1.0,5.0,7.0,0.0,1.0,0.0,1.0,0.0,2.0,1.0,2.0,1.0,2.0,0.0,0.0,2.0,3.0,0.0,3.0,4.0,2.0,4.0,4.0,0.0,0.0,2.0,0.0,0.0,0.0,0.0,3.0
66,428843595.0,0.0,0.0,0.0,0.0,0.0,0.0,0.0,0.0,0.0,0.0,0.0,0.0,0.0,0.0,0.0,0.0,0.0,0.0,0.0,0.0,0.0,2.0,0.0,0.0,0.0,0.0,0.0,0.0,0.0,0.0,0.0,0.0,0.0,0.0,0.0,1.0,0.0,1.0,0.0,0.0,0.0,0.0,0.0,0.0,0.0,0.0,0.0,0.0,0.0,0.0,0.0,0.0,0.0,0.0,1.0,0.0,0.0,0.0,0.0,0.0,0.0,1.0,0.0,0.0,0.0,0.0,0.0
67,436029388.0,22.0,3.0,3.0,0.0,17.0,18.0,52.0,17.0,10.0,3.0,7.0,18.0,1.0,2.0,1.0,6.0,13.0,3.0,0.0,0.0,4.0,15.0,0.0,0.0,3.0,1.0,9.0,3.0,0.0,6.0,0.0,0.0,0.0,0.0,0.0,1.0,0.0,7.0,10.0,1.0,1.0,0.0,0.0,0.0,4.0,1.0,21.0,1.0,5.0,1.0,0.0,13.0,35.0,0.0,0.0,7.0,0.0,35.0,12.0,0.0,0.0,3.0,2.0,0.0,3.0,0.0,0.0
