,0,1,2,3,4,5,6,7,8,9,10,11,12,13,14,15,16,17,18,19,20,21,22,23,24,25,26,27,28,29,30,31,32,33,34,35,36,37,38,39,40,41,42,43,44,45,46,47,48,49,50,51,52,53,54,55,56,57,58,59,60,61,62,63,64,65,66,67,68,69,70,71,72,73,74,75,76,77,78,79,80,81,82,83,84,85,86,87,88,89,90,91,92,93,94,95,96,97,98,99,100,101,102,103,104,105,106,107,108,109,110,111,112,113,114,115,116,117,118,119,120,121,122,123,124,125,126,127,128,129,130,131,132,133,134,135,136,137,138,139,140,141,142,143,144,145,146,147,148,149,150,151,152,153,154,155,156,157,158,159,160,161,162,163,164,165,166,167,168,169,170,171,172,173,174,175,176,177,178,179,180,181,182,183,184,185
0,-1.0,5242.0,2797701.0,17125133.0,17165610.0,17537467.0,17695016.0,17710543.0,18594520.0,20097381.0,21062787.0,22106639.0,25505674.0,26718847.0,26885409.0,29664243.0,29750612.0,34159280.0,36414339.0,39241509.0,39481928.0,40121481.0,44133782.0,46640967.0,47379932.0,47950082.0,48959778.0,49537340.0,50645038.0,51056700.0,55111323.0,56767791.0,56875693.0,57811254.0,58711646.0,62127738.0,63831819.0,64141011.0,65558029.0,70390263.0,72614742.0,72761871.0,73052821.0,74481416.0,75055396.0,77280496.0,78985632.0,80045234.0,80274550.0,81996479.0,86976234.0,88955642.0,91760984.0,92527685.0,96894552.0,98310966.0,102818182.0,106971476.0,107736469.0,108459932.0,108556027.0,109982213.0,110318285.0,113692058.0,116502194.0,122928586.0,124407978.0,125797024.0,126277098.0,127784944.0,132158439.0,140198531.0,142770380.0,144781564.0,145832580.0,150881077.0,156006854.0,157669973.0,163413842.0,178779512.0,192477353.0,193699640.0,194008664.0,194677466.0,197509029.0,211456485.0,215966785.0,218445164.0,227274347.0,229404676.0,230844017.0,230920600.0,234849540.0,238169051.0,239065881.0,239154848.0,245059632.0,245455196.0,246875675.0,247963674.0,250073523.0,250407177.0,251148773.0,251196980.0,252263830.0,253054342.0,255683222.0,256109543.0,258124716.0,258536563.0,259105109.0,260046126.0,260314188.0,261905897.0,262320091.0,262338851.0,263022323.0,263607988.0,264920413.0,265666291.0,267822363.0,268401683.0,271791007.0,272259832.0,274937626.0,274982664.0,279039469.0,279947636.0,280185619.0,281669464.0,282259323.0,283022885.0,283718439.0,284645097.0,288388335.0,290698882.0,293967375.0,294280010.0,295366074.0,296871972.0,302144631.0,304100388.0,304659133.0,309028829.0,309930491.0,313176788.0,313799444.0,320274657.0,329183691.0,330202139.0,336453503.0,338355113.0,339728383.0,340064107.0,347237225.0,349146547.0,353896685.0,361525299.0,362128744.0,367473622.0,367808555.0,370501016.0,388466657.0,389239423.0,390244807.0,394812390.0,396545563.0,396823485.0,397023397.0,397060902.0,402037439.0,405827508.0,406558256.0,411999037.0,414109253.0,415931947.0,416560795.0,420351613.0,420374069.0,421893795.0,423124604.0,424822889.0,425840443.0,434007647.0,438400242.0,443445021.0
1,5242.0,0.0,12.0,27.0,3.0,26.0,83.0,38.0,18.0,5.0,16.0,2.0,1.0,159.0,11.0,15.0,56.0,0.0,1.0,11.0,1.0,34.0,36.0,18.0,2.0,47.0,17.0,3.0,65.0,37.0,7.0,17.0,25.0,67.0,121.0,65.0,4.0,26.0,75.0,0.0,1.0,7.0,131.0,70.0,0.0,23.0,3.0,11.0,28.0,1.0,21.0,2.0,22.0,90.0,0.0,9.0,3.0,1.0,20.0,0.0,107.0,68.0,8.0,4.0,3.0,98.0,31.0,94.0,120.0,5.0,9.0,55.0,17.0,4.0,6.0,25.0,1.0,8.0,9.0,4.0,65.0,93.0,49.0,2.0,16.0,28.0,55.0,6.0,22.0,8.0,11.0,0.0,0.0,54.0,55.0,57.0,33.0,7.0,47.0,56.0,12.0,1.0,7.0,8.0,34.0,39.0,50.0,1.0,11.0,81.0,13.0,13.0,63.0,13.0,1.0,72.0,81.0,56.0,14.0,4.0,102.0,29.0,21.0,0.0,18.0,50.0,28.0,23.0,53.0,19.0,0.0,69.0,0.0,60.0,4.0,78.0,2.0,35.0,71.0,13.0,0.0,9.0,36.0,63.0,28.0,0.0,0.0,33.0,16.0,112.0,16.0,129.0,32.0,126.0,6.0,7.0,6.0,0.0,0.0,5.0,5.0,0.0,28.0,1.0,21.0,17.0,0.0,11.0,0.0,0.0,76.0,27.0,0.0,4.0,17.0,25.0,0.0,14.0,0.0,3.0,0.0,3.0,3.0,0.0,4.0,51.0
2,2797701.0,12.0,0.0,25.0,6.0,16.0,64.0,39.0,16.0,40.0,30.0,0.0,1.0,50.0,9.0,20.0,3.0,1.0,6.0,0.0,7.0,163.0,5.0,10.0,4.0,30.0,14.0,6.0,52.0,7.0,2.0,5.0,38.0,11.0,29.0,34.0,0.0,4.0,22.0,0.0,1.0,20.0,79.0,14.0,2.0,6.0,1.0,2.0,9.0,1.0,28.0,1.0,66.0,17.0,0.0,3.0,10.0,4.0,15.0,2.0,30.0,103.0,9.0,5.0,6.0,39.0,7.0,25.0,38.0,2.0,8.0,24.0,17.0,11.0,13.0,47.0,1.0,2.0,7.0,3.0,120.0,50.0,21.0,1.0,11.0,0.0,10.0,7.0,5.0,8.0,3.0,0.0,22.0,49.0,19.0,15.0,14.0,5.0,7.0,12.0,19.0,0.0,1.0,1.0,5.0,2.0,9.0,1.0,2.0,26.0,1.0,4.0,13.0,4.0,6.0,16.0,29.0,33.0,8.0,0.0,27.0,2.0,5.0,1.0,12.0,38.0,2.0,3.0,8.0,5.0,0.0,14.0,0.0,39.0,7.0,19.0,23.0,9.0,20.0,49.0,4.0,1.0,9.0,18.0,9.0,36.0,52.0,32.0,4.0,17.0,44.0,27.0,15.0,32.0,2.0,6.0,4.0,0.0,0.0,5.0,10.0,3.0,14.0,1.0,4.0,5.0,0.0,3.0,1.0,0.0,10.0,10.0,0.0,4.0,6.0,3.0,0.0,30.0,1.0,0.0,0.0,0.0,8.0,7.0,1.0,7.0
3,17125133.0,27.0,25.0,0.0,9.0,125.0,109.0,30.0,4.0,14.0,32.0,3.0,2.0,56.0,15.0,12.0,17.0,1.0,3.0,1.0,1.0,16.0,3.0,4.0,8.0,43.0,36.0,5.0,106.0,14.0,7.0,10.0,11.0,38.0,50.0,95.0,2.0,30.0,43.0,0.0,3.0,36.0,48.0,28.0,6.0,6.0,3.0,5.0,2.0,24.0,30.0,2.0,310.0,28.0,0.0,2.0,31.0,26.0,36.0,2.0,185.0,57.0,2.0,1.0,1.0,32.0,2.0,31.0,67.0,0.0,121.0,36.0,2.0,15.0,98.0,32.0,1.0,4.0,8.0,15.0,135.0,68.0,34.0,2.0,3.0,8.0,18.0,5.0,13.0,6.0,11.0,0.0,2.0,23.0,35.0,19.0,8.0,0.0,10.0,22.0,0.0,2.0,1.0,1.0,11.0,17.0,9.0,1.0,5.0,60.0,2.0,7.0,27.0,4.0,0.0,22.0,63.0,36.0,13.0,1.0,87.0,5.0,2.0,1.0,14.0,50.0,10.0,1.0,17.0,11.0,0.0,14.0,1.0,50.0,9.0,17.0,21.0,36.0,24.0,13.0,3.0,3.0,11.0,68.0,14.0,5.0,16.0,14.0,0.0,62.0,4.0,44.0,83.0,130.0,0.0,11.0,8.0,0.0,0.0,3.0,2.0,1.0,14.0,0.0,2.0,0.0,0.0,5.0,6.0,1.0,41.0,11.0,0.0,4.0,26.0,9.0,0.0,11.0,0.0,0.0,0.0,1.0,2.0,4.0,1.0,0.0
4,17165610.0,3.0,6.0,9.0,0.0,15.0,21.0,10.0,4.0,9.0,15.0,2.0,3.0,19.0,16.0,5.0,3.0,2.0,2.0,3.0,1.0,7.0,14.0,4.0,9.0,11.0,16.0,6.0,38.0,13.0,3.0,9.0,13.0,6.0,7.0,15.0,1.0,4.0,19.0,0.0,4.0,10.0,15.0,8.0,6.0,7.0,1.0,8.0,1.0,1.0,21.0,1.0,19.0,16.0,0.0,2.0,15.0,10.0,13.0,0.0,23.0,16.0,0.0,0.0,2.0,17.0,2.0,10.0,16.0,0.0,4.0,7.0,5.0,5.0,8.0,14.0,1.0,7.0,8.0,5.0,37.0,15.0,12.0,3.0,1.0,6.0,3.0,14.0,6.0,8.0,2.0,0.0,0.0,12.0,17.0,10.0,1.0,2.0,9.0,8.0,0.0,0.0,2.0,3.0,4.0,5.0,5.0,0.0,5.0,18.0,4.0,5.0,4.0,4.0,1.0,6.0,12.0,20.0,9.0,1.0,26.0,2.0,1.0,1.0,2.0,17.0,1.0,3.0,6.0,8.0,0.0,6.0,0.0,13.0,6.0,8.0,4.0,10.0,5.0,6.0,0.0,1.0,11.0,21.0,3.0,0.0,0.0,5.0,0.0,12.0,5.0,8.0,12.0,10.0,0.0,6.0,4.0,0.0,0.0,0.0,1.0,0.0,13.0,1.0,5.0,0.0,0.0,3.0,3.0,3.0,7.0,14.0,0.0,4.0,15.0,3.0,0.0,4.0,0.0,0.0,0.0,0.0,2.0,2.0,1.0,0.0
5,17537467.0,26.0,16.0,125.0,15.0,0.0,90.0,41.0,18.0,16.0,46.0,10.0,8.0,113.0,38.0,32.0,34.0,1.0,11.0,6.0,14.0,45.0,24.0,11.0,26.0,72.0,63.0,19.0,150.0,25.0,20.0,32.0,16.0,25.0,52.0,106.0,7.0,24.0,77.0,0.0,3.0,19.0,74.0,43.0,10.0,31.0,5.0,14.0,4.0,15.0,36.0,7.0,124.0,41.0,0.0,12.0,46.0,28.0,33.0,2.0,163.0,127.0,14.0,1.0,35.0,81.0,5.0,52.0,92.0,4.0,47.0,34.0,16.0,27.0,82.0,86.0,1.0,12.0,25.0,23.0,152.0,87.0,62.0,11.0,3.0,27.0,16.0,27.0,31.0,17.0,10.0,0.0,1.0,49.0,69.0,22.0,12.0,6.0,25.0,29.0,3.0,5.0,3.0,3.0,10.0,23.0,15.0,2.0,13.0,77.0,9.0,20.0,21.0,10.0,7.0,48.0,70.0,52.0,18.0,2.0,106.0,7.0,13.0,6.0,15.0,78.0,8.0,7.0,18.0,23.0,0.0,32.0,3.0,97.0,18.0,25.0,34.0,33.0,42.0,22.0,5.0,6.0,40.0,60.0,16.0,1.0,2.0,44.0,2.0,55.0,15.0,51.0,66.0,114.0,3.0,17.0,27.0,0.0,0.0,11.0,21.0,0.0,33.0,1.0,7.0,2.0,0.0,10.0,7.0,5.0,44.0,34.0,0.0,8.0,32.0,20.0,0.0,29.0,0.0,2.0,0.0,3.0,2.0,9.0,3.0,2.0
6,17695016.0,83.0,64.0,109.0,21.0,90.0,0.0,276.0,16.0,68.0,128.0,19.0,7.0,109.0,51.0,146.0,26.0,7.0,70.0,4.0,46.0,65.0,32.0,8.0,19.0,66.0,59.0,15.0,304.0,27.0,11.0,51.0,45.0,76.0,137.0,319.0,5.0,66.0,94.0,0.0,4.0,62.0,133.0,42.0,11.0,19.0,6.0,19.0,15.0,38.0,69.0,8.0,84.0,78.0,0.0,7.0,46.0,12.0,54.0,0.0,508.0,265.0,14.0,4.0,17.0,111.0,9.0,71.0,151.0,1.0,59.0,60.0,26.0,30.0,104.0,105.0,2.0,11.0,25.0,18.0,820.0,152.0,53.0,14.0,11.0,24.0,39.0,26.0,20.0,17.0,12.0,0.0,26.0,98.0,68.0,50.0,35.0,8.0,41.0,55.0,9.0,3.0,8.0,8.0,22.0,25.0,33.0,6.0,71.0,98.0,8.0,25.0,60.0,10.0,7.0,451.0,180.0,178.0,21.0,3.0,123.0,12.0,76.0,5.0,25.0,147.0,15.0,13.0,30.0,34.0,0.0,52.0,2.0,121.0,68.0,36.0,171.0,64.0,41.0,40.0,10.0,11.0,54.0,233.0,43.0,54.0,88.0,65.0,9.0,77.0,79.0,139.0,138.0,134.0,3.0,10.0,33.0,0.0,0.0,8.0,27.0,2.0,49.0,3.0,19.0,4.0,1.0,17.0,30.0,21.0,63.0,39.0,1.0,12.0,34.0,25.0,0.0,194.0,1.0,2.0,0.0,3.0,4.0,10.0,2.0,3.0
7,17710543.0,38.0,39.0,30.0,10.0,41.0,276.0,0.0,12.0,146.0,130.0,33.0,3.0,70.0,19.0,87.0,16.0,25.0,73.0,4.0,89.0,85.0,17.0,6.0,8.0,89.0,63.0,5.0,156.0,14.0,3.0,107.0,54.0,42.0,136.0,266.0,2.0,10.0,31.0,2.0,2.0,153.0,97.0,21.0,6.0,16.0,1.0,7.0,18.0,54.0,63.0,1.0,48.0,28.0,0.0,11.0,13.0,4.0,24.0,1.0,94.0,244.0,11.0,0.0,3.0,91.0,14.0,58.0,98.0,7.0,47.0,73.0,20.0,15.0,102.0,112.0,1.0,10.0,14.0,3.0,841.0,100.0,44.0,9.0,13.0,17.0,34.0,7.0,11.0,6.0,14.0,0.0,125.0,143.0,37.0,101.0,69.0,7.0,31.0,62.0,9.0,0.0,5.0,13.0,25.0,6.0,43.0,4.0,42.0,68.0,8.0,27.0,77.0,11.0,9.0,111.0,214.0,112.0,35.0,2.0,82.0,20.0,77.0,6.0,64.0,130.0,31.0,27.0,37.0,48.0,0.0,46.0,2.0,84.0,109.0,57.0,386.0,69.0,44.0,57.0,15.0,1.0,70.0,49.0,24.0,268.0,142.0,45.0,8.0,51.0,137.0,71.0,33.0,46.0,7.0,14.0,7.0,0.0,0.0,15.0,26.0,2.0,35.0,4.0,15.0,9.0,0.0,15.0,8.0,15.0,62.0,10.0,1.0,12.0,11.0,31.0,0.0,91.0,1.0,4.0,0.0,4.0,2.0,9.0,13.0,6.0
8,18594520.0,18.0,16.0,4.0,4.0,18.0,16.0,12.0,0.0,2.0,18.0,6.0,0.0,49.0,6.0,14.0,16.0,0.0,4.0,6.0,8.0,28.0,6.0,8.0,3.0,23.0,17.0,15.0,28.0,11.0,5.0,11.0,9.0,13.0,21.0,30.0,7.0,3.0,29.0,0.0,0.0,2.0,36.0,12.0,2.0,9.0,3.0,3.0,3.0,7.0,8.0,2.0,17.0,11.0,0.0,3.0,17.0,2.0,7.0,1.0,23.0,52.0,13.0,3.0,0.0,37.0,6.0,18.0,32.0,3.0,2.0,19.0,6.0,7.0,17.0,33.0,0.0,7.0,9.0,7.0,31.0,38.0,13.0,4.0,7.0,4.0,15.0,3.0,6.0,3.0,0.0,0.0,0.0,8.0,17.0,4.0,10.0,4.0,6.0,18.0,7.0,1.0,1.0,2.0,3.0,4.0,14.0,1.0,1.0,28.0,4.0,3.0,16.0,4.0,7.0,15.0,15.0,16.0,16.0,2.0,36.0,6.0,7.0,8.0,6.0,12.0,5.0,5.0,7.0,3.0,0.0,7.0,2.0,42.0,6.0,15.0,8.0,13.0,19.0,16.0,5.0,0.0,10.0,15.0,7.0,3.0,0.0,18.0,4.0,22.0,9.0,17.0,14.0,25.0,1.0,11.0,2.0,0.0,0.0,10.0,11.0,2.0,17.0,0.0,5.0,9.0,0.0,6.0,1.0,4.0,16.0,9.0,0.0,3.0,11.0,8.0,0.0,9.0,2.0,1.0,0.0,1.0,3.0,3.0,2.0,6.0
9,20097381.0,5.0,40.0,14.0,9.0,16.0,68.0,146.0,2.0,0.0,43.0,4.0,0.0,30.0,8.0,19.0,6.0,3.0,24.0,0.0,24.0,52.0,4.0,1.0,0.0,83.0,41.0,1.0,117.0,2.0,3.0,21.0,99.0,5.0,18.0,38.0,0.0,1.0,12.0,0.0,1.0,33.0,25.0,10.0,2.0,7.0,0.0,0.0,3.0,2.0,103.0,0.0,32.0,6.0,0.0,3.0,7.0,1.0,10.0,0.0,41.0,49.0,2.0,1.0,0.0,27.0,3.0,30.0,39.0,3.0,15.0,32.0,8.0,8.0,8.0,45.0,0.0,0.0,9.0,0.0,331.0,24.0,17.0,7.0,2.0,1.0,10.0,1.0,6.0,2.0,6.0,1.0,21.0,56.0,12.0,39.0,21.0,0.0,15.0,12.0,7.0,0.0,0.0,9.0,1.0,4.0,10.0,1.0,7.0,35.0,2.0,9.0,18.0,2.0,0.0,11.0,90.0,30.0,14.0,1.0,34.0,5.0,9.0,1.0,22.0,45.0,7.0,6.0,10.0,31.0,0.0,18.0,0.0,24.0,27.0,26.0,91.0,31.0,11.0,33.0,3.0,0.0,12.0,13.0,15.0,89.0,35.0,11.0,2.0,26.0,28.0,24.0,12.0,33.0,1.0,6.0,0.0,0.0,0.0,1.0,7.0,2.0,10.0,1.0,3.0,3.0,0.0,9.0,0.0,0.0,23.0,4.0,0.0,2.0,2.0,9.0,0.0,28.0,0.0,1.0,0.0,0.0,1.0,3.0,2.0,2.0
10,21062787.0,16.0,30.0,32.0,15.0,46.0,128.0,130.0,18.0,43.0,0.0,10.0,5.0,84.0,51.0,26.0,21.0,7.0,25.0,6.0,18.0,50.0,32.0,5.0,21.0,52.0,44.0,26.0,133.0,38.0,14.0,40.0,21.0,21.0,41.0,82.0,17.0,20.0,57.0,1.0,2.0,38.0,59.0,28.0,7.0,18.0,3.0,17.0,8.0,27.0,34.0,5.0,56.0,40.0,0.0,11.0,37.0,16.0,22.0,1.0,134.0,125.0,11.0,1.0,4.0,75.0,6.0,46.0,68.0,3.0,30.0,31.0,12.0,15.0,50.0,91.0,0.0,17.0,16.0,21.0,282.0,65.0,45.0,8.0,7.0,21.0,26.0,33.0,25.0,17.0,12.0,0.0,32.0,67.0,54.0,33.0,16.0,3.0,22.0,24.0,9.0,2.0,3.0,2.0,9.0,14.0,13.0,4.0,16.0,43.0,8.0,13.0,9.0,7.0,10.0,61.0,72.0,72.0,23.0,2.0,75.0,14.0,18.0,7.0,16.0,101.0,6.0,5.0,13.0,31.0,0.0,13.0,4.0,85.0,36.0,23.0,81.0,48.0,33.0,24.0,11.0,4.0,30.0,86.0,12.0,48.0,56.0,44.0,3.0,41.0,42.0,43.0,51.0,54.0,2.0,9.0,14.0,0.0,0.0,13.0,23.0,3.0,26.0,0.0,3.0,2.0,0.0,9.0,14.0,15.0,23.0,31.0,1.0,7.0,31.0,13.0,0.0,48.0,3.0,0.0,0.0,4.0,3.0,10.0,1.0,7.0
11,22106639.0,2.0,0.0,3.0,2.0,10.0,19.0,33.0,6.0,4.0,10.0,0.0,1.0,11.0,2.0,13.0,2.0,1.0,7.0,0.0,4.0,15.0,2.0,3.0,3.0,7.0,10.0,3.0,18.0,4.0,2.0,6.0,7.0,5.0,10.0,61.0,2.0,4.0,7.0,0.0,0.0,1.0,17.0,6.0,2.0,3.0,1.0,5.0,6.0,5.0,7.0,0.0,3.0,3.0,0.0,1.0,3.0,3.0,3.0,0.0,7.0,18.0,2.0,1.0,2.0,15.0,1.0,3.0,9.0,2.0,6.0,7.0,3.0,8.0,5.0,7.0,0.0,1.0,1.0,4.0,48.0,14.0,5.0,3.0,3.0,0.0,6.0,2.0,2.0,2.0,0.0,0.0,2.0,14.0,6.0,3.0,7.0,2.0,4.0,9.0,2.0,2.0,0.0,1.0,0.0,1.0,5.0,0.0,1.0,15.0,2.0,1.0,4.0,2.0,2.0,16.0,16.0,10.0,7.0,1.0,12.0,4.0,27.0,1.0,4.0,9.0,4.0,3.0,5.0,1.0,0.0,4.0,3.0,10.0,16.0,10.0,18.0,7.0,5.0,13.0,0.0,0.0,10.0,8.0,1.0,4.0,2.0,6.0,1.0,7.0,10.0,6.0,6.0,5.0,1.0,3.0,5.0,0.0,0.0,5.0,5.0,0.0,5.0,0.0,0.0,1.0,0.0,5.0,1.0,6.0,6.0,12.0,0.0,4.0,5.0,5.0,0.0,5.0,0.0,1.0,0.0,1.0,0.0,0.0,3.0,1.0
12,25505674.0,1.0,1.0,2.0,3.0,8.0,7.0,3.0,0.0,0.0,5.0,1.0,0.0,4.0,3.0,1.0,2.0,1.0,0.0,2.0,0.0,4.0,3.0,2.0,2.0,2.0,2.0,2.0,11.0,1.0,0.0,2.0,0.0,0.0,1.0,3.0,2.0,0.0,4.0,0.0,1.0,2.0,2.0,2.0,1.0,2.0,0.0,1.0,1.0,0.0,5.0,1.0,6.0,7.0,0.0,1.0,2.0,1.0,2.0,0.0,6.0,2.0,0.0,1.0,3.0,3.0,2.0,1.0,3.0,0.0,1.0,1.0,2.0,2.0,2.0,4.0,0.0,0.0,1.0,1.0,12.0,3.0,3.0,0.0,0.0,3.0,0.0,0.0,0.0,3.0,0.0,0.0,0.0,2.0,2.0,1.0,0.0,0.0,1.0,2.0,2.0,0.0,0.0,0.0,0.0,0.0,0.0,0.0,3.0,3.0,2.0,2.0,0.0,0.0,0.0,0.0,3.0,3.0,2.0,0.0,6.0,0.0,2.0,0.0,0.0,3.0,0.0,0.0,0.0,1.0,0.0,1.0,0.0,4.0,3.0,1.0,5.0,0.0,2.0,1.0,1.0,1.0,2.0,4.0,0.0,0.0,0.0,1.0,0.0,2.0,0.0,2.0,1.0,0.0,0.0,1.0,4.0,0.0,0.0,0.0,1.0,0.0,0.0,0.0,1.0,0.0,0.0,1.0,1.0,0.0,0.0,3.0,0.0,0.0,1.0,0.0,0.0,0.0,0.0,0.0,0.0,0.0,1.0,0.0,0.0,0.0
13,26718847.0,159.0,50.0,56.0,19.0,113.0,109.0,70.0,49.0,30.0,84.0,11.0,4.0,0.0,55.0,48.0,221.0,2.0,8.0,44.0,21.0,105.0,123.0,63.0,33.0,146.0,96.0,55.0,288.0,156.0,51.0,39.0,51.0,97.0,182.0,133.0,17.0,30.0,246.0,0.0,3.0,51.0,271.0,352.0,13.0,298.0,11.0,54.0,32.0,1.0,66.0,13.0,124.0,158.0,0.0,35.0,106.0,35.0,80.0,3.0,246.0,248.0,51.0,15.0,8.0,314.0,80.0,316.0,375.0,24.0,44.0,112.0,58.0,53.0,29.0,149.0,1.0,20.0,105.0,102.0,258.0,225.0,126.0,17.0,26.0,62.0,139.0,63.0,257.0,29.0,54.0,0.0,2.0,121.0,224.0,103.0,66.0,68.0,150.0,106.0,62.0,11.0,8.0,56.0,41.0,62.0,95.0,8.0,41.0,295.0,46.0,39.0,141.0,31.0,6.0,76.0,197.0,110.0,86.0,18.0,502.0,95.0,19.0,11.0,97.0,135.0,56.0,51.0,119.0,83.0,0.0,121.0,4.0,219.0,22.0,198.0,33.0,80.0,196.0,71.0,8.0,6.0,79.0,120.0,67.0,4.0,2.0,171.0,35.0,320.0,37.0,256.0,114.0,377.0,23.0,100.0,29.0,0.0,0.0,26.0,25.0,5.0,157.0,4.0,57.0,105.0,0.0,50.0,15.0,11.0,186.0,193.0,1.0,22.0,194.0,48.0,0.0,46.0,3.0,9.0,0.0,2.0,8.0,8.0,19.0,18.0
14,26885409.0,11.0,9.0,15.0,16.0,38.0,51.0,19.0,6.0,8.0,51.0,2.0,3.0,55.0,0.0,16.0,13.0,14.0,6.0,4.0,8.0,20.0,27.0,5.0,32.0,27.0,38.0,7.0,105.0,19.0,12.0,23.0,8.0,6.0,24.0,31.0,8.0,13.0,56.0,0.0,11.0,10.0,51.0,18.0,12.0,27.0,6.0,15.0,2.0,4.0,31.0,4.0,47.0,53.0,0.0,7.0,45.0,15.0,22.0,0.0,57.0,37.0,7.0,3.0,6.0,54.0,1.0,25.0,161.0,3.0,28.0,19.0,103.0,27.0,29.0,31.0,0.0,11.0,22.0,33.0,95.0,43.0,28.0,8.0,1.0,19.0,7.0,22.0,11.0,20.0,3.0,0.0,8.0,11.0,56.0,11.0,1.0,2.0,14.0,19.0,3.0,6.0,3.0,1.0,4.0,16.0,4.0,2.0,9.0,41.0,10.0,11.0,4.0,6.0,2.0,23.0,28.0,33.0,18.0,3.0,48.0,7.0,4.0,3.0,11.0,52.0,1.0,1.0,8.0,15.0,0.0,4.0,2.0,57.0,14.0,15.0,24.0,13.0,27.0,14.0,0.0,10.0,22.0,53.0,4.0,9.0,8.0,36.0,0.0,43.0,11.0,25.0,43.0,18.0,0.0,14.0,33.0,0.0,0.0,3.0,6.0,0.0,20.0,0.0,6.0,0.0,0.0,12.0,7.0,6.0,11.0,33.0,2.0,6.0,27.0,15.0,0.0,12.0,0.0,1.0,0.0,1.0,3.0,6.0,0.0,1.0
15,29664243.0,15.0,20.0,12.0,5.0,32.0,146.0,87.0,14.0,19.0,26.0,13.0,1.0,48.0,16.0,0.0,6.0,3.0,33.0,2.0,35.0,39.0,11.0,6.0,8.0,30.0,35.0,10.0,77.0,9.0,5.0,31.0,28.0,11.0,42.0,112.0,7.0,6.0,37.0,0.0,1.0,11.0,60.0,14.0,7.0,8.0,0.0,7.0,8.0,4.0,25.0,1.0,24.0,25.0,0.0,9.0,29.0,4.0,28.0,0.0,57.0,66.0,11.0,1.0,4.0,45.0,1.0,16.0,33.0,5.0,19.0,29.0,11.0,17.0,36.0,29.0,1.0,5.0,8.0,8.0,225.0,62.0,24.0,15.0,8.0,9.0,16.0,8.0,6.0,10.0,1.0,0.0,11.0,48.0,23.0,15.0,15.0,3.0,22.0,20.0,5.0,1.0,5.0,1.0,3.0,5.0,11.0,1.0,5.0,45.0,3.0,11.0,11.0,7.0,5.0,43.0,81.0,38.0,23.0,1.0,35.0,6.0,46.0,1.0,10.0,43.0,9.0,8.0,12.0,6.0,0.0,15.0,1.0,42.0,36.0,24.0,74.0,19.0,17.0,26.0,5.0,3.0,28.0,46.0,8.0,26.0,60.0,24.0,3.0,20.0,33.0,32.0,28.0,25.0,2.0,10.0,14.0,1.0,1.0,8.0,11.0,1.0,20.0,1.0,8.0,3.0,2.0,9.0,11.0,10.0,15.0,19.0,1.0,10.0,10.0,14.0,0.0,29.0,1.0,5.0,0.0,1.0,4.0,2.0,5.0,4.0
16,29750612.0,56.0,3.0,17.0,3.0,34.0,26.0,16.0,16.0,6.0,21.0,2.0,2.0,221.0,13.0,6.0,0.0,1.0,3.0,12.0,7.0,18.0,28.0,20.0,3.0,50.0,32.0,3.0,66.0,71.0,11.0,11.0,14.0,53.0,66.0,32.0,8.0,8.0,47.0,0.0,1.0,14.0,63.0,127.0,2.0,86.0,2.0,13.0,5.0,4.0,13.0,3.0,29.0,29.0,0.0,10.0,8.0,8.0,16.0,2.0,85.0,95.0,1.0,4.0,0.0,52.0,25.0,132.0,116.0,7.0,12.0,27.0,13.0,8.0,7.0,82.0,0.0,7.0,50.0,51.0,43.0,38.0,39.0,4.0,6.0,15.0,72.0,8.0,86.0,5.0,32.0,0.0,2.0,24.0,42.0,26.0,17.0,23.0,42.0,23.0,13.0,3.0,1.0,16.0,8.0,19.0,43.0,3.0,9.0,77.0,12.0,15.0,88.0,1.0,2.0,34.0,52.0,18.0,27.0,1.0,186.0,54.0,2.0,8.0,26.0,27.0,24.0,21.0,43.0,34.0,0.0,62.0,3.0,61.0,5.0,56.0,3.0,24.0,76.0,5.0,9.0,2.0,15.0,15.0,48.0,1.0,0.0,37.0,10.0,199.0,6.0,121.0,23.0,159.0,8.0,32.0,2.0,0.0,0.0,23.0,7.0,4.0,40.0,1.0,22.0,24.0,0.0,9.0,0.0,3.0,111.0,39.0,0.0,4.0,80.0,14.0,0.0,7.0,4.0,1.0,0.0,0.0,0.0,7.0,14.0,3.0
17,34159280.0,0.0,1.0,1.0,2.0,1.0,7.0,25.0,0.0,3.0,7.0,1.0,1.0,2.0,14.0,3.0,1.0,0.0,4.0,0.0,3.0,1.0,1.0,1.0,0.0,1.0,2.0,1.0,11.0,1.0,2.0,3.0,1.0,0.0,1.0,3.0,0.0,0.0,1.0,0.0,0.0,9.0,2.0,2.0,2.0,2.0,0.0,2.0,0.0,1.0,1.0,0.0,4.0,4.0,0.0,0.0,1.0,1.0,4.0,0.0,3.0,1.0,0.0,1.0,0.0,3.0,0.0,1.0,2.0,0.0,12.0,1.0,5.0,1.0,3.0,0.0,0.0,0.0,0.0,1.0,18.0,1.0,1.0,0.0,0.0,3.0,1.0,1.0,1.0,3.0,0.0,0.0,4.0,3.0,4.0,0.0,0.0,0.0,3.0,1.0,0.0,1.0,0.0,0.0,0.0,1.0,0.0,0.0,0.0,1.0,0.0,0.0,0.0,0.0,0.0,3.0,1.0,5.0,1.0,0.0,2.0,0.0,0.0,0.0,2.0,7.0,0.0,0.0,1.0,4.0,0.0,0.0,1.0,2.0,1.0,1.0,23.0,3.0,1.0,0.0,0.0,0.0,0.0,3.0,1.0,15.0,12.0,0.0,0.0,2.0,0.0,3.0,2.0,0.0,0.0,1.0,3.0,0.0,0.0,1.0,0.0,0.0,1.0,0.0,0.0,0.0,0.0,1.0,2.0,0.0,1.0,2.0,0.0,1.0,1.0,1.0,0.0,1.0,0.0,0.0,0.0,0.0,0.0,0.0,0.0,0.0
18,36414339.0,1.0,6.0,3.0,2.0,11.0,70.0,73.0,4.0,24.0,25.0,7.0,0.0,8.0,6.0,33.0,3.0,4.0,0.0,0.0,29.0,13.0,3.0,2.0,2.0,17.0,19.0,2.0,39.0,2.0,0.0,29.0,9.0,2.0,10.0,48.0,2.0,1.0,6.0,0.0,1.0,8.0,9.0,0.0,3.0,4.0,0.0,4.0,0.0,8.0,12.0,0.0,7.0,3.0,0.0,2.0,7.0,1.0,8.0,0.0,12.0,34.0,1.0,1.0,0.0,12.0,0.0,5.0,10.0,2.0,4.0,14.0,0.0,6.0,18.0,16.0,0.0,4.0,3.0,1.0,153.0,17.0,3.0,1.0,1.0,3.0,3.0,1.0,1.0,2.0,0.0,0.0,4.0,20.0,9.0,3.0,2.0,0.0,4.0,5.0,1.0,0.0,0.0,0.0,1.0,1.0,1.0,1.0,0.0,7.0,0.0,0.0,1.0,0.0,3.0,22.0,30.0,18.0,3.0,2.0,13.0,0.0,11.0,2.0,3.0,21.0,0.0,2.0,2.0,2.0,0.0,3.0,0.0,14.0,24.0,4.0,82.0,3.0,1.0,10.0,3.0,0.0,10.0,16.0,5.0,13.0,29.0,6.0,2.0,2.0,10.0,7.0,9.0,2.0,0.0,3.0,2.0,0.0,0.0,0.0,8.0,0.0,8.0,0.0,0.0,0.0,0.0,1.0,3.0,7.0,2.0,3.0,0.0,1.0,4.0,1.0,0.0,10.0,0.0,1.0,0.0,0.0,0.0,2.0,0.0,1.0
19,39241509.0,11.0,0.0,1.0,3.0,6.0,4.0,4.0,6.0,0.0,6.0,0.0,2.0,44.0,4.0,2.0,12.0,0.0,0.0,0.0,0.0,3.0,15.0,46.0,3.0,1.0,4.0,0.0,14.0,24.0,1.0,3.0,4.0,9.0,11.0,5.0,6.0,1.0,21.0,0.0,3.0,10.0,24.0,19.0,2.0,24.0,1.0,28.0,3.0,0.0,6.0,9.0,6.0,27.0,0.0,13.0,4.0,3.0,7.0,0.0,6.0,18.0,4.0,10.0,1.0,24.0,38.0,33.0,10.0,10.0,5.0,3.0,1.0,3.0,1.0,6.0,0.0,10.0,23.0,8.0,9.0,13.0,5.0,1.0,4.0,8.0,5.0,2.0,7.0,8.0,12.0,0.0,0.0,11.0,39.0,11.0,10.0,52.0,30.0,9.0,24.0,7.0,1.0,31.0,2.0,4.0,27.0,4.0,1.0,48.0,29.0,3.0,18.0,1.0,1.0,5.0,14.0,7.0,23.0,8.0,63.0,45.0,1.0,2.0,29.0,6.0,21.0,21.0,35.0,10.0,0.0,7.0,1.0,9.0,3.0,66.0,1.0,8.0,14.0,0.0,1.0,0.0,7.0,8.0,6.0,0.0,0.0,8.0,17.0,30.0,2.0,34.0,2.0,6.0,7.0,23.0,1.0,0.0,0.0,2.0,3.0,0.0,31.0,1.0,51.0,52.0,0.0,12.0,1.0,0.0,27.0,21.0,0.0,1.0,19.0,5.0,1.0,1.0,0.0,0.0,0.0,1.0,0.0,1.0,12.0,6.0
20,39481928.0,1.0,7.0,1.0,1.0,14.0,46.0,89.0,8.0,24.0,18.0,4.0,0.0,21.0,8.0,35.0,7.0,3.0,29.0,0.0,0.0,15.0,5.0,2.0,2.0,20.0,17.0,17.0,45.0,4.0,8.0,14.0,16.0,6.0,17.0,21.0,1.0,2.0,12.0,0.0,0.0,10.0,15.0,5.0,3.0,5.0,0.0,3.0,0.0,2.0,10.0,0.0,13.0,4.0,0.0,2.0,27.0,2.0,12.0,0.0,16.0,25.0,13.0,1.0,4.0,12.0,2.0,13.0,15.0,4.0,12.0,22.0,1.0,7.0,16.0,24.0,0.0,1.0,4.0,4.0,128.0,20.0,4.0,2.0,2.0,3.0,5.0,5.0,3.0,4.0,3.0,0.0,14.0,15.0,11.0,9.0,6.0,4.0,9.0,10.0,2.0,1.0,1.0,5.0,1.0,2.0,7.0,0.0,0.0,14.0,3.0,7.0,9.0,1.0,2.0,12.0,27.0,18.0,12.0,0.0,19.0,3.0,10.0,0.0,13.0,26.0,7.0,6.0,7.0,8.0,0.0,6.0,1.0,50.0,11.0,12.0,54.0,19.0,12.0,8.0,2.0,0.0,6.0,10.0,7.0,20.0,21.0,8.0,2.0,13.0,7.0,16.0,15.0,11.0,2.0,6.0,3.0,0.0,0.0,2.0,1.0,0.0,8.0,0.0,5.0,4.0,0.0,10.0,2.0,1.0,10.0,5.0,0.0,3.0,4.0,5.0,0.0,55.0,0.0,1.0,0.0,0.0,1.0,1.0,3.0,1.0
21,40121481.0,34.0,163.0,16.0,7.0,45.0,65.0,85.0,28.0,52.0,50.0,15.0,4.0,105.0,20.0,39.0,18.0,1.0,13.0,3.0,15.0,0.0,26.0,20.0,12.0,69.0,58.0,30.0,111.0,21.0,10.0,22.0,38.0,32.0,99.0,104.0,16.0,12.0,46.0,1.0,2.0,15.0,222.0,28.0,6.0,16.0,5.0,14.0,33.0,6.0,30.0,3.0,95.0,28.0,0.0,7.0,20.0,12.0,31.0,19.0,66.0,239.0,21.0,5.0,11.0,152.0,20.0,88.0,143.0,11.0,10.0,68.0,47.0,25.0,24.0,63.0,1.0,9.0,27.0,15.0,147.0,140.0,60.0,7.0,42.0,5.0,42.0,14.0,20.0,12.0,6.0,0.0,2.0,125.0,45.0,61.0,71.0,21.0,25.0,55.0,55.0,3.0,4.0,11.0,13.0,9.0,61.0,4.0,16.0,86.0,14.0,28.0,48.0,17.0,9.0,40.0,97.0,94.0,38.0,6.0,89.0,14.0,19.0,6.0,29.0,62.0,30.0,29.0,31.0,11.0,0.0,30.0,5.0,123.0,21.0,55.0,29.0,24.0,66.0,152.0,17.0,2.0,50.0,55.0,17.0,15.0,5.0,101.0,16.0,61.0,123.0,88.0,20.0,62.0,5.0,20.0,18.0,1.0,1.0,30.0,30.0,17.0,40.0,3.0,14.0,11.0,0.0,23.0,8.0,7.0,53.0,28.0,0.0,11.0,20.0,53.0,0.0,56.0,6.0,5.0,0.0,4.0,6.0,20.0,8.0,13.0
22,44133782.0,36.0,5.0,3.0,14.0,24.0,32.0,17.0,6.0,4.0,32.0,2.0,3.0,123.0,27.0,11.0,28.0,1.0,3.0,15.0,5.0,26.0,0.0,24.0,15.0,23.0,28.0,3.0,90.0,74.0,15.0,13.0,9.0,25.0,38.0,31.0,5.0,15.0,68.0,1.0,0.0,17.0,66.0,43.0,7.0,64.0,8.0,28.0,28.0,4.0,23.0,7.0,23.0,63.0,0.0,15.0,23.0,26.0,27.0,2.0,42.0,50.0,6.0,8.0,2.0,60.0,27.0,71.0,58.0,11.0,10.0,21.0,14.0,15.0,7.0,25.0,1.0,18.0,30.0,18.0,70.0,49.0,29.0,6.0,12.0,25.0,16.0,65.0,28.0,27.0,12.0,0.0,1.0,33.0,57.0,46.0,17.0,26.0,42.0,24.0,21.0,8.0,3.0,23.0,12.0,13.0,45.0,5.0,9.0,80.0,25.0,23.0,32.0,17.0,4.0,12.0,47.0,36.0,40.0,9.0,117.0,36.0,5.0,3.0,22.0,30.0,21.0,29.0,39.0,32.0,0.0,29.0,1.0,43.0,10.0,65.0,9.0,30.0,43.0,16.0,3.0,5.0,38.0,31.0,16.0,0.0,0.0,27.0,11.0,77.0,14.0,62.0,20.0,45.0,7.0,30.0,19.0,0.0,0.0,5.0,3.0,0.0,44.0,4.0,27.0,27.0,0.0,17.0,7.0,4.0,48.0,40.0,0.0,6.0,35.0,24.0,0.0,8.0,1.0,6.0,0.0,1.0,0.0,3.0,13.0,6.0
23,46640967.0,18.0,10.0,4.0,4.0,11.0,8.0,6.0,8.0,1.0,5.0,3.0,2.0,63.0,5.0,6.0,20.0,1.0,2.0,46.0,2.0,20.0,24.0,0.0,4.0,7.0,14.0,5.0,19.0,44.0,4.0,3.0,13.0,20.0,18.0,10.0,4.0,1.0,28.0,0.0,0.0,16.0,41.0,26.0,3.0,31.0,3.0,42.0,2.0,2.0,9.0,18.0,6.0,37.0,0.0,23.0,7.0,3.0,14.0,0.0,10.0,28.0,3.0,19.0,1.0,34.0,123.0,82.0,21.0,26.0,5.0,7.0,6.0,4.0,3.0,8.0,1.0,18.0,32.0,6.0,17.0,30.0,13.0,1.0,13.0,14.0,8.0,7.0,8.0,11.0,58.0,0.0,1.0,38.0,90.0,22.0,21.0,148.0,43.0,14.0,50.0,9.0,1.0,81.0,3.0,2.0,70.0,7.0,3.0,140.0,80.0,11.0,44.0,4.0,0.0,4.0,23.0,17.0,93.0,10.0,139.0,130.0,2.0,2.0,77.0,9.0,62.0,69.0,90.0,19.0,0.0,16.0,1.0,19.0,7.0,162.0,3.0,12.0,30.0,5.0,2.0,3.0,14.0,10.0,13.0,0.0,0.0,10.0,16.0,35.0,4.0,70.0,4.0,14.0,9.0,33.0,5.0,2.0,1.0,5.0,1.0,0.0,55.0,3.0,113.0,89.0,0.0,17.0,4.0,3.0,54.0,23.0,0.0,3.0,23.0,16.0,1.0,1.0,0.0,6.0,0.0,0.0,0.0,2.0,34.0,11.0
24,47379932.0,2.0,4.0,8.0,9.0,26.0,19.0,8.0,3.0,0.0,21.0,3.0,2.0,33.0,32.0,8.0,3.0,0.0,2.0,3.0,2.0,12.0,15.0,4.0,0.0,13.0,35.0,12.0,70.0,13.0,11.0,14.0,2.0,7.0,11.0,21.0,6.0,13.0,29.0,1.0,2.0,11.0,26.0,10.0,8.0,18.0,4.0,16.0,0.0,5.0,18.0,3.0,15.0,24.0,0.0,7.0,35.0,19.0,24.0,0.0,34.0,18.0,5.0,2.0,4.0,36.0,5.0,16.0,34.0,1.0,16.0,12.0,7.0,19.0,19.0,18.0,1.0,8.0,16.0,21.0,38.0,25.0,18.0,1.0,2.0,11.0,2.0,14.0,10.0,21.0,3.0,0.0,0.0,9.0,38.0,7.0,5.0,3.0,9.0,14.0,3.0,6.0,5.0,1.0,7.0,7.0,6.0,0.0,11.0,33.0,9.0,12.0,6.0,6.0,2.0,16.0,13.0,23.0,16.0,3.0,39.0,6.0,1.0,3.0,7.0,25.0,7.0,3.0,9.0,12.0,0.0,4.0,1.0,31.0,11.0,11.0,13.0,15.0,21.0,14.0,2.0,5.0,22.0,31.0,1.0,0.0,0.0,14.0,0.0,28.0,13.0,14.0,21.0,14.0,1.0,11.0,15.0,0.0,0.0,3.0,5.0,0.0,13.0,1.0,5.0,1.0,0.0,8.0,5.0,4.0,10.0,25.0,1.0,3.0,24.0,13.0,0.0,3.0,0.0,0.0,0.0,0.0,1.0,4.0,2.0,0.0
25,47950082.0,47.0,30.0,43.0,11.0,72.0,66.0,89.0,23.0,83.0,52.0,7.0,2.0,146.0,27.0,30.0,50.0,1.0,17.0,1.0,20.0,69.0,23.0,7.0,13.0,0.0,93.0,8.0,201.0,30.0,13.0,43.0,66.0,55.0,105.0,78.0,6.0,16.0,59.0,0.0,2.0,14.0,119.0,54.0,5.0,23.0,2.0,9.0,13.0,3.0,67.0,6.0,65.0,27.0,0.0,1.0,26.0,13.0,22.0,3.0,157.0,125.0,8.0,1.0,1.0,113.0,15.0,112.0,191.0,7.0,13.0,80.0,30.0,22.0,37.0,96.0,1.0,5.0,30.0,22.0,262.0,116.0,78.0,15.0,12.0,6.0,73.0,20.0,32.0,10.0,19.0,0.0,3.0,82.0,41.0,51.0,33.0,6.0,36.0,51.0,10.0,3.0,3.0,7.0,24.0,21.0,39.0,0.0,10.0,84.0,9.0,24.0,95.0,16.0,5.0,59.0,130.0,58.0,24.0,2.0,105.0,20.0,17.0,1.0,26.0,79.0,16.0,16.0,32.0,29.0,0.0,56.0,1.0,117.0,16.0,51.0,44.0,42.0,76.0,43.0,3.0,3.0,38.0,58.0,42.0,12.0,2.0,54.0,5.0,119.0,42.0,100.0,37.0,164.0,3.0,20.0,8.0,0.0,0.0,15.0,5.0,3.0,39.0,2.0,9.0,5.0,1.0,16.0,1.0,3.0,105.0,33.0,0.0,9.0,23.0,22.0,0.0,32.0,1.0,2.0,0.0,0.0,5.0,10.0,6.0,2.0
26,48959778.0,17.0,14.0,36.0,16.0,63.0,59.0,63.0,17.0,41.0,44.0,10.0,2.0,96.0,38.0,35.0,32.0,2.0,19.0,4.0,17.0,58.0,28.0,14.0,35.0,93.0,0.0,13.0,157.0,29.0,17.0,42.0,27.0,61.0,54.0,82.0,6.0,25.0,59.0,0.0,4.0,30.0,84.0,46.0,14.0,29.0,4.0,23.0,1.0,5.0,52.0,10.0,60.0,47.0,0.0,9.0,48.0,21.0,45.0,2.0,136.0,121.0,14.0,4.0,6.0,76.0,22.0,88.0,119.0,8.0,28.0,54.0,13.0,31.0,27.0,56.0,1.0,14.0,36.0,33.0,178.0,109.0,65.0,10.0,18.0,13.0,21.0,22.0,29.0,19.0,28.0,3.0,11.0,63.0,72.0,62.0,46.0,13.0,45.0,37.0,9.0,6.0,7.0,19.0,6.0,17.0,46.0,6.0,15.0,140.0,26.0,52.0,104.0,14.0,6.0,33.0,109.0,53.0,72.0,9.0,146.0,25.0,14.0,4.0,54.0,79.0,44.0,28.0,54.0,73.0,0.0,51.0,4.0,82.0,23.0,72.0,50.0,72.0,58.0,37.0,2.0,6.0,60.0,70.0,53.0,6.0,3.0,31.0,10.0,119.0,25.0,105.0,55.0,82.0,8.0,28.0,20.0,1.0,1.0,9.0,13.0,0.0,63.0,7.0,18.0,10.0,0.0,27.0,7.0,8.0,126.0,45.0,0.0,10.0,44.0,43.0,0.0,14.0,0.0,5.0,0.0,3.0,3.0,6.0,18.0,2.0
27,49537340.0,3.0,6.0,5.0,6.0,19.0,15.0,5.0,15.0,1.0,26.0,3.0,2.0,55.0,7.0,10.0,3.0,1.0,2.0,0.0,17.0,30.0,3.0,5.0,12.0,8.0,13.0,0.0,51.0,9.0,73.0,8.0,1.0,4.0,14.0,11.0,0.0,4.0,37.0,0.0,1.0,6.0,23.0,6.0,3.0,10.0,0.0,6.0,1.0,3.0,7.0,1.0,16.0,27.0,0.0,3.0,98.0,5.0,7.0,2.0,30.0,31.0,153.0,2.0,1.0,36.0,4.0,65.0,17.0,1.0,11.0,9.0,9.0,11.0,8.0,13.0,0.0,8.0,10.0,11.0,38.0,24.0,8.0,0.0,13.0,8.0,3.0,5.0,4.0,7.0,8.0,0.0,2.0,4.0,20.0,4.0,5.0,2.0,6.0,12.0,2.0,3.0,1.0,0.0,0.0,4.0,3.0,2.0,5.0,23.0,7.0,5.0,3.0,1.0,2.0,12.0,10.0,28.0,7.0,2.0,35.0,5.0,1.0,0.0,5.0,38.0,1.0,2.0,5.0,6.0,0.0,3.0,1.0,79.0,7.0,8.0,3.0,18.0,20.0,8.0,0.0,1.0,6.0,22.0,0.0,0.0,0.0,16.0,0.0,12.0,3.0,17.0,31.0,73.0,1.0,5.0,6.0,0.0,0.0,6.0,4.0,1.0,7.0,0.0,2.0,2.0,0.0,10.0,2.0,1.0,11.0,9.0,0.0,6.0,13.0,14.0,0.0,40.0,0.0,0.0,0.0,0.0,1.0,3.0,2.0,0.0
28,50645038.0,65.0,52.0,106.0,38.0,150.0,304.0,156.0,28.0,117.0,133.0,18.0,11.0,288.0,105.0,77.0,66.0,11.0,39.0,14.0,45.0,111.0,90.0,19.0,70.0,201.0,157.0,51.0,0.0,51.0,34.0,272.0,119.0,106.0,164.0,217.0,19.0,56.0,161.0,2.0,7.0,72.0,201.0,85.0,22.0,63.0,10.0,38.0,14.0,11.0,156.0,8.0,161.0,115.0,0.0,19.0,143.0,56.0,173.0,2.0,472.0,211.0,36.0,10.0,14.0,185.0,13.0,149.0,259.0,13.0,84.0,87.0,41.0,76.0,89.0,145.0,1.0,11.0,62.0,57.0,661.0,233.0,129.0,32.0,11.0,56.0,49.0,87.0,44.0,55.0,24.0,0.0,9.0,167.0,159.0,119.0,57.0,16.0,56.0,90.0,10.0,7.0,24.0,13.0,29.0,41.0,52.0,6.0,33.0,202.0,24.0,39.0,116.0,34.0,5.0,141.0,261.0,158.0,60.0,7.0,254.0,28.0,38.0,3.0,45.0,210.0,36.0,27.0,51.0,71.0,0.0,61.0,2.0,215.0,47.0,83.0,129.0,81.0,104.0,83.0,10.0,11.0,116.0,208.0,59.0,52.0,24.0,100.0,11.0,168.0,58.0,132.0,185.0,274.0,6.0,51.0,44.0,0.0,0.0,18.0,32.0,1.0,80.0,2.0,27.0,12.0,1.0,38.0,19.0,17.0,95.0,89.0,1.0,21.0,71.0,43.0,0.0,84.0,0.0,5.0,0.0,2.0,8.0,10.0,12.0,7.0
29,51056700.0,37.0,7.0,14.0,13.0,25.0,27.0,14.0,11.0,2.0,38.0,4.0,1.0,156.0,19.0,9.0,71.0,1.0,2.0,24.0,4.0,21.0,74.0,44.0,13.0,30.0,29.0,9.0,51.0,0.0,12.0,11.0,9.0,43.0,44.0,23.0,4.0,17.0,65.0,4.0,1.0,10.0,60.0,109.0,6.0,78.0,4.0,27.0,3.0,2.0,14.0,10.0,21.0,42.0,0.0,12.0,16.0,28.0,15.0,2.0,55.0,43.0,11.0,5.0,2.0,60.0,45.0,79.0,67.0,12.0,9.0,18.0,8.0,12.0,8.0,26.0,2.0,23.0,31.0,24.0,49.0,45.0,35.0,1.0,15.0,13.0,22.0,56.0,68.0,12.0,29.0,0.0,2.0,34.0,47.0,52.0,22.0,41.0,46.0,34.0,42.0,8.0,2.0,25.0,11.0,7.0,46.0,3.0,9.0,91.0,32.0,15.0,48.0,13.0,2.0,24.0,35.0,25.0,35.0,6.0,137.0,63.0,5.0,4.0,41.0,40.0,34.0,34.0,60.0,38.0,0.0,41.0,2.0,36.0,7.0,78.0,4.0,42.0,41.0,11.0,3.0,2.0,34.0,30.0,32.0,0.0,1.0,30.0,10.0,84.0,16.0,68.0,23.0,60.0,5.0,39.0,9.0,0.0,0.0,6.0,4.0,1.0,53.0,2.0,44.0,42.0,0.0,20.0,3.0,2.0,70.0,56.0,0.0,5.0,69.0,25.0,0.0,10.0,0.0,3.0,0.0,0.0,0.0,5.0,14.0,6.0
30,55111323.0,7.0,2.0,7.0,3.0,20.0,11.0,3.0,5.0,3.0,14.0,2.0,0.0,51.0,12.0,5.0,11.0,2.0,0.0,1.0,8.0,10.0,15.0,4.0,11.0,13.0,17.0,73.0,34.0,12.0,0.0,7.0,2.0,9.0,17.0,7.0,1.0,6.0,27.0,0.0,1.0,2.0,21.0,11.0,3.0,15.0,2.0,7.0,2.0,1.0,5.0,4.0,12.0,28.0,0.0,1.0,48.0,5.0,6.0,1.0,33.0,26.0,31.0,1.0,0.0,23.0,1.0,58.0,20.0,1.0,6.0,10.0,2.0,11.0,6.0,9.0,0.0,3.0,11.0,16.0,28.0,14.0,13.0,1.0,5.0,9.0,14.0,7.0,10.0,8.0,7.0,0.0,0.0,3.0,23.0,5.0,2.0,1.0,10.0,12.0,0.0,4.0,0.0,1.0,0.0,8.0,2.0,0.0,3.0,24.0,7.0,5.0,6.0,1.0,0.0,12.0,9.0,21.0,7.0,4.0,36.0,4.0,2.0,0.0,10.0,25.0,2.0,1.0,5.0,4.0,0.0,7.0,1.0,45.0,3.0,11.0,3.0,17.0,24.0,7.0,1.0,2.0,9.0,12.0,3.0,1.0,1.0,13.0,1.0,22.0,6.0,22.0,25.0,53.0,0.0,6.0,7.0,0.0,0.0,8.0,2.0,1.0,8.0,1.0,1.0,5.0,0.0,8.0,0.0,0.0,16.0,10.0,0.0,2.0,15.0,3.0,0.0,12.0,0.0,0.0,0.0,1.0,0.0,2.0,1.0,1.0
31,56767791.0,17.0,5.0,10.0,9.0,32.0,51.0,107.0,11.0,21.0,40.0,6.0,2.0,39.0,23.0,31.0,11.0,3.0,29.0,3.0,14.0,22.0,13.0,3.0,14.0,43.0,42.0,8.0,272.0,11.0,7.0,0.0,19.0,5.0,61.0,71.0,2.0,6.0,26.0,1.0,2.0,20.0,40.0,12.0,10.0,19.0,0.0,9.0,3.0,9.0,16.0,2.0,19.0,20.0,0.0,3.0,24.0,7.0,67.0,0.0,64.0,77.0,3.0,1.0,1.0,51.0,6.0,27.0,74.0,3.0,11.0,31.0,9.0,21.0,26.0,22.0,0.0,7.0,17.0,11.0,149.0,53.0,26.0,11.0,5.0,10.0,15.0,12.0,8.0,18.0,5.0,1.0,1.0,50.0,26.0,31.0,20.0,5.0,16.0,20.0,0.0,2.0,12.0,1.0,9.0,7.0,5.0,5.0,13.0,34.0,4.0,10.0,25.0,12.0,4.0,52.0,83.0,33.0,13.0,2.0,35.0,6.0,26.0,1.0,8.0,41.0,5.0,3.0,8.0,15.0,0.0,16.0,1.0,38.0,26.0,18.0,26.0,26.0,19.0,23.0,2.0,1.0,36.0,45.0,8.0,8.0,3.0,23.0,6.0,28.0,24.0,36.0,20.0,32.0,1.0,8.0,7.0,0.0,0.0,7.0,7.0,0.0,20.0,0.0,7.0,1.0,0.0,9.0,7.0,6.0,18.0,15.0,0.0,9.0,12.0,12.0,0.0,33.0,0.0,4.0,0.0,1.0,3.0,3.0,1.0,2.0
32,56875693.0,25.0,38.0,11.0,13.0,16.0,45.0,54.0,9.0,99.0,21.0,7.0,0.0,51.0,8.0,28.0,14.0,1.0,9.0,4.0,16.0,38.0,9.0,13.0,2.0,66.0,27.0,1.0,119.0,9.0,2.0,19.0,0.0,27.0,48.0,32.0,3.0,4.0,11.0,0.0,1.0,13.0,45.0,18.0,2.0,11.0,0.0,6.0,5.0,0.0,109.0,0.0,13.0,7.0,0.0,10.0,9.0,3.0,17.0,0.0,54.0,45.0,2.0,1.0,2.0,35.0,17.0,35.0,41.0,9.0,15.0,32.0,7.0,9.0,7.0,21.0,0.0,0.0,8.0,5.0,119.0,57.0,26.0,15.0,6.0,3.0,15.0,4.0,5.0,2.0,14.0,0.0,3.0,83.0,24.0,39.0,19.0,14.0,25.0,17.0,3.0,2.0,3.0,14.0,5.0,8.0,31.0,0.0,2.0,54.0,13.0,8.0,35.0,13.0,2.0,15.0,68.0,39.0,25.0,1.0,35.0,12.0,18.0,0.0,16.0,32.0,21.0,23.0,31.0,15.0,0.0,25.0,1.0,33.0,7.0,45.0,14.0,15.0,26.0,14.0,4.0,0.0,16.0,28.0,13.0,11.0,6.0,8.0,10.0,34.0,15.0,48.0,12.0,43.0,4.0,13.0,3.0,0.0,0.0,8.0,5.0,0.0,12.0,0.0,18.0,9.0,3.0,9.0,1.0,0.0,37.0,8.0,0.0,5.0,3.0,14.0,0.0,7.0,0.0,2.0,0.0,0.0,3.0,0.0,9.0,1.0
33,57811254.0,67.0,11.0,38.0,6.0,25.0,76.0,42.0,13.0,5.0,21.0,5.0,0.0,97.0,6.0,11.0,53.0,0.0,2.0,9.0,6.0,32.0,25.0,20.0,7.0,55.0,61.0,4.0,106.0,43.0,9.0,5.0,27.0,0.0,151.0,55.0,7.0,36.0,42.0,1.0,1.0,9.0,112.0,54.0,1.0,10.0,3.0,10.0,7.0,0.0,27.0,6.0,35.0,20.0,0.0,10.0,14.0,11.0,38.0,0.0,190.0,88.0,8.0,0.0,2.0,51.0,28.0,98.0,117.0,7.0,11.0,47.0,13.0,3.0,7.0,38.0,1.0,10.0,18.0,10.0,92.0,109.0,56.0,4.0,20.0,5.0,36.0,5.0,24.0,4.0,26.0,0.0,3.0,67.0,32.0,75.0,71.0,10.0,43.0,77.0,7.0,0.0,5.0,18.0,48.0,10.0,72.0,3.0,31.0,96.0,18.0,23.0,180.0,7.0,2.0,86.0,115.0,64.0,33.0,2.0,108.0,36.0,7.0,2.0,26.0,78.0,50.0,42.0,77.0,21.0,0.0,70.0,1.0,60.0,3.0,80.0,7.0,70.0,61.0,10.0,3.0,1.0,78.0,68.0,74.0,0.0,0.0,25.0,13.0,127.0,27.0,146.0,63.0,125.0,9.0,16.0,7.0,0.0,0.0,3.0,2.0,0.0,37.0,3.0,26.0,8.0,0.0,23.0,3.0,3.0,163.0,21.0,1.0,6.0,12.0,29.0,0.0,22.0,0.0,2.0,0.0,0.0,3.0,3.0,13.0,2.0
34,58711646.0,121.0,29.0,50.0,7.0,52.0,137.0,136.0,21.0,18.0,41.0,10.0,1.0,182.0,24.0,42.0,66.0,1.0,10.0,11.0,17.0,99.0,38.0,18.0,11.0,105.0,54.0,14.0,164.0,44.0,17.0,61.0,48.0,151.0,0.0,142.0,8.0,26.0,69.0,1.0,2.0,12.0,233.0,54.0,4.0,30.0,5.0,15.0,37.0,3.0,42.0,3.0,53.0,26.0,0.0,8.0,34.0,12.0,52.0,0.0,220.0,154.0,22.0,2.0,3.0,153.0,21.0,139.0,294.0,11.0,18.0,102.0,24.0,14.0,23.0,73.0,1.0,10.0,21.0,15.0,199.0,177.0,83.0,12.0,17.0,8.0,87.0,19.0,30.0,9.0,21.0,0.0,2.0,186.0,53.0,131.0,154.0,23.0,58.0,232.0,15.0,2.0,8.0,15.0,179.0,28.0,82.0,3.0,200.0,127.0,11.0,29.0,264.0,16.0,7.0,126.0,234.0,79.0,43.0,2.0,107.0,30.0,30.0,3.0,26.0,109.0,55.0,32.0,63.0,20.0,0.0,85.0,2.0,117.0,19.0,128.0,19.0,63.0,114.0,34.0,13.0,0.0,198.0,99.0,43.0,2.0,4.0,63.0,16.0,135.0,39.0,174.0,84.0,227.0,8.0,28.0,11.0,0.0,0.0,9.0,14.0,2.0,42.0,3.0,26.0,16.0,0.0,32.0,4.0,8.0,149.0,24.0,0.0,11.0,16.0,38.0,0.0,52.0,1.0,2.0,0.0,0.0,7.0,4.0,16.0,5.0
35,62127738.0,65.0,34.0,95.0,15.0,106.0,319.0,266.0,30.0,38.0,82.0,61.0,3.0,133.0,31.0,112.0,32.0,3.0,48.0,5.0,21.0,104.0,31.0,10.0,21.0,78.0,82.0,11.0,217.0,23.0,7.0,71.0,32.0,55.0,142.0,0.0,9.0,36.0,85.0,0.0,1.0,29.0,183.0,46.0,14.0,22.0,6.0,21.0,46.0,66.0,50.0,4.0,110.0,53.0,0.0,12.0,37.0,21.0,50.0,0.0,254.0,261.0,15.0,3.0,9.0,144.0,9.0,67.0,176.0,6.0,90.0,78.0,32.0,33.0,150.0,111.0,2.0,14.0,18.0,17.0,476.0,160.0,78.0,11.0,16.0,21.0,53.0,18.0,23.0,19.0,7.0,0.0,4.0,105.0,79.0,50.0,64.0,8.0,33.0,56.0,11.0,1.0,7.0,7.0,23.0,13.0,44.0,2.0,11.0,109.0,13.0,24.0,54.0,22.0,11.0,200.0,222.0,125.0,31.0,4.0,110.0,14.0,130.0,6.0,30.0,132.0,18.0,13.0,36.0,20.0,0.0,47.0,3.0,133.0,91.0,56.0,144.0,45.0,72.0,64.0,18.0,6.0,71.0,168.0,22.0,14.0,12.0,87.0,15.0,80.0,117.0,105.0,96.0,108.0,2.0,21.0,25.0,0.0,0.0,15.0,37.0,3.0,47.0,0.0,17.0,4.0,0.0,18.0,31.0,30.0,58.0,36.0,0.0,13.0,35.0,32.0,0.0,99.0,3.0,4.0,0.0,4.0,1.0,19.0,4.0,6.0
36,63831819.0,4.0,0.0,2.0,1.0,7.0,5.0,2.0,7.0,0.0,17.0,2.0,2.0,17.0,8.0,7.0,8.0,0.0,2.0,6.0,1.0,16.0,5.0,4.0,6.0,6.0,6.0,0.0,19.0,4.0,1.0,2.0,3.0,7.0,8.0,9.0,0.0,4.0,11.0,0.0,1.0,7.0,10.0,3.0,1.0,5.0,3.0,6.0,0.0,5.0,5.0,2.0,7.0,16.0,0.0,13.0,9.0,5.0,6.0,0.0,12.0,41.0,2.0,3.0,2.0,12.0,0.0,5.0,11.0,2.0,1.0,6.0,1.0,8.0,8.0,31.0,1.0,2.0,5.0,5.0,19.0,16.0,6.0,1.0,0.0,5.0,2.0,2.0,2.0,4.0,1.0,0.0,0.0,8.0,17.0,5.0,4.0,4.0,6.0,7.0,3.0,0.0,0.0,2.0,3.0,3.0,4.0,0.0,3.0,21.0,6.0,3.0,11.0,0.0,7.0,8.0,12.0,7.0,11.0,3.0,20.0,3.0,5.0,10.0,5.0,13.0,3.0,3.0,6.0,2.0,0.0,5.0,5.0,18.0,9.0,16.0,5.0,6.0,8.0,3.0,53.0,2.0,11.0,12.0,1.0,0.0,1.0,8.0,3.0,17.0,5.0,10.0,7.0,11.0,1.0,6.0,3.0,1.0,1.0,50.0,44.0,27.0,9.0,0.0,9.0,5.0,2.0,2.0,6.0,3.0,9.0,13.0,1.0,1.0,9.0,3.0,0.0,2.0,22.0,2.0,0.0,6.0,5.0,3.0,0.0,4.0
37,64141011.0,26.0,4.0,30.0,4.0,24.0,66.0,10.0,3.0,1.0,20.0,4.0,0.0,30.0,13.0,6.0,8.0,0.0,1.0,1.0,2.0,12.0,15.0,1.0,13.0,16.0,25.0,4.0,56.0,17.0,6.0,6.0,4.0,36.0,26.0,36.0,4.0,0.0,27.0,0.0,2.0,4.0,37.0,11.0,6.0,10.0,3.0,8.0,0.0,3.0,16.0,1.0,19.0,17.0,0.0,3.0,20.0,12.0,20.0,0.0,97.0,27.0,4.0,0.0,2.0,23.0,1.0,13.0,34.0,1.0,5.0,13.0,5.0,14.0,14.0,18.0,1.0,6.0,9.0,15.0,73.0,27.0,24.0,1.0,2.0,6.0,6.0,7.0,8.0,12.0,2.0,0.0,0.0,6.0,23.0,8.0,5.0,5.0,11.0,15.0,2.0,3.0,2.0,1.0,6.0,8.0,7.0,0.0,4.0,31.0,5.0,7.0,13.0,7.0,6.0,40.0,19.0,30.0,10.0,2.0,38.0,4.0,5.0,3.0,7.0,33.0,4.0,4.0,10.0,7.0,0.0,8.0,2.0,33.0,9.0,13.0,9.0,27.0,12.0,11.0,1.0,1.0,16.0,58.0,9.0,0.0,0.0,10.0,0.0,25.0,13.0,25.0,47.0,28.0,2.0,8.0,8.0,0.0,0.0,4.0,5.0,0.0,15.0,0.0,6.0,1.0,0.0,5.0,3.0,6.0,18.0,14.0,0.0,3.0,17.0,12.0,0.0,6.0,0.0,0.0,0.0,1.0,0.0,2.0,2.0,1.0
38,65558029.0,75.0,22.0,43.0,19.0,77.0,94.0,31.0,29.0,12.0,57.0,7.0,4.0,246.0,56.0,37.0,47.0,1.0,6.0,21.0,12.0,46.0,68.0,28.0,29.0,59.0,59.0,37.0,161.0,65.0,27.0,26.0,11.0,42.0,69.0,85.0,11.0,27.0,0.0,0.0,2.0,16.0,128.0,92.0,16.0,81.0,10.0,32.0,5.0,3.0,62.0,7.0,73.0,130.0,0.0,21.0,96.0,22.0,69.0,1.0,157.0,98.0,29.0,10.0,8.0,145.0,17.0,87.0,126.0,9.0,26.0,49.0,18.0,36.0,35.0,58.0,0.0,16.0,35.0,56.0,165.0,116.0,68.0,10.0,7.0,46.0,29.0,40.0,56.0,30.0,9.0,0.0,1.0,38.0,119.0,40.0,15.0,29.0,68.0,57.0,22.0,11.0,5.0,21.0,14.0,22.0,28.0,1.0,12.0,175.0,21.0,21.0,34.0,20.0,5.0,25.0,79.0,86.0,45.0,14.0,206.0,36.0,9.0,6.0,39.0,107.0,16.0,13.0,39.0,37.0,0.0,33.0,3.0,127.0,18.0,73.0,23.0,49.0,84.0,29.0,3.0,8.0,50.0,112.0,20.0,3.0,4.0,53.0,6.0,98.0,21.0,73.0,98.0,102.0,6.0,49.0,29.0,0.0,0.0,7.0,10.0,0.0,72.0,0.0,21.0,45.0,1.0,28.0,14.0,5.0,43.0,101.0,2.0,18.0,88.0,30.0,0.0,20.0,1.0,6.0,0.0,2.0,4.0,5.0,5.0,17.0
39,70390263.0,0.0,0.0,0.0,0.0,0.0,0.0,2.0,0.0,0.0,1.0,0.0,0.0,0.0,0.0,0.0,0.0,0.0,0.0,0.0,0.0,1.0,1.0,0.0,1.0,0.0,0.0,0.0,2.0,4.0,0.0,1.0,0.0,1.0,1.0,0.0,0.0,0.0,0.0,0.0,0.0,0.0,1.0,0.0,0.0,0.0,0.0,0.0,0.0,0.0,0.0,0.0,0.0,0.0,0.0,0.0,0.0,0.0,0.0,0.0,0.0,0.0,0.0,0.0,0.0,1.0,0.0,0.0,1.0,0.0,0.0,0.0,0.0,0.0,0.0,1.0,0.0,0.0,0.0,0.0,0.0,1.0,0.0,0.0,0.0,0.0,0.0,3.0,0.0,0.0,0.0,0.0,0.0,3.0,0.0,1.0,2.0,0.0,0.0,1.0,0.0,0.0,0.0,0.0,1.0,0.0,0.0,0.0,1.0,0.0,0.0,1.0,1.0,0.0,0.0,1.0,1.0,0.0,0.0,0.0,0.0,0.0,0.0,0.0,0.0,0.0,1.0,0.0,0.0,0.0,0.0,0.0,0.0,0.0,0.0,0.0,0.0,0.0,0.0,0.0,0.0,0.0,4.0,0.0,0.0,0.0,0.0,0.0,0.0,0.0,0.0,0.0,0.0,0.0,0.0,0.0,0.0,0.0,0.0,0.0,2.0,0.0,0.0,0.0,1.0,0.0,0.0,0.0,0.0,0.0,1.0,0.0,0.0,0.0,0.0,0.0,0.0,0.0,0.0,0.0,0.0,0.0,0.0,0.0,0.0,0.0
40,72614742.0,1.0,1.0,3.0,4.0,3.0,4.0,2.0,0.0,1.0,2.0,0.0,1.0,3.0,11.0,1.0,1.0,0.0,1.0,3.0,0.0,2.0,0.0,0.0,2.0,2.0,4.0,1.0,7.0,1.0,1.0,2.0,1.0,1.0,2.0,1.0,1.0,2.0,2.0,0.0,0.0,3.0,5.0,0.0,0.0,3.0,1.0,2.0,0.0,0.0,7.0,0.0,5.0,5.0,0.0,0.0,3.0,2.0,3.0,0.0,2.0,3.0,0.0,0.0,0.0,3.0,0.0,1.0,3.0,0.0,10.0,2.0,1.0,1.0,1.0,2.0,0.0,2.0,3.0,2.0,6.0,5.0,2.0,1.0,0.0,0.0,1.0,2.0,1.0,1.0,0.0,0.0,0.0,2.0,4.0,2.0,0.0,0.0,0.0,1.0,0.0,0.0,0.0,0.0,0.0,1.0,0.0,0.0,1.0,2.0,1.0,1.0,2.0,0.0,0.0,2.0,2.0,2.0,1.0,1.0,4.0,0.0,0.0,0.0,1.0,3.0,0.0,1.0,1.0,0.0,0.0,0.0,0.0,2.0,2.0,2.0,0.0,1.0,1.0,2.0,0.0,0.0,1.0,4.0,0.0,0.0,0.0,4.0,0.0,1.0,1.0,1.0,1.0,0.0,0.0,2.0,2.0,0.0,0.0,0.0,0.0,0.0,2.0,0.0,0.0,0.0,0.0,1.0,1.0,1.0,1.0,3.0,0.0,0.0,3.0,0.0,0.0,0.0,0.0,0.0,0.0,1.0,1.0,1.0,0.0,0.0
41,72761871.0,7.0,20.0,36.0,10.0,19.0,62.0,153.0,2.0,33.0,38.0,1.0,2.0,51.0,10.0,11.0,14.0,9.0,8.0,10.0,10.0,15.0,17.0,16.0,11.0,14.0,30.0,6.0,72.0,10.0,2.0,20.0,13.0,9.0,12.0,29.0,7.0,4.0,16.0,0.0,3.0,0.0,15.0,16.0,4.0,22.0,1.0,18.0,0.0,1.0,18.0,2.0,46.0,34.0,0.0,2.0,17.0,6.0,13.0,1.0,21.0,58.0,3.0,5.0,2.0,26.0,18.0,44.0,38.0,10.0,27.0,17.0,7.0,7.0,9.0,26.0,1.0,4.0,20.0,5.0,179.0,21.0,72.0,14.0,4.0,14.0,3.0,5.0,7.0,8.0,10.0,2.0,46.0,28.0,33.0,24.0,11.0,21.0,23.0,9.0,11.0,1.0,3.0,16.0,1.0,3.0,17.0,1.0,4.0,61.0,9.0,13.0,18.0,2.0,2.0,18.0,41.0,27.0,28.0,4.0,99.0,14.0,6.0,3.0,37.0,43.0,14.0,13.0,24.0,29.0,0.0,13.0,2.0,19.0,8.0,35.0,53.0,21.0,13.0,15.0,11.0,1.0,13.0,40.0,10.0,102.0,49.0,9.0,5.0,36.0,7.0,38.0,32.0,29.0,4.0,16.0,5.0,0.0,0.0,14.0,17.0,4.0,33.0,4.0,13.0,23.0,1.0,12.0,4.0,6.0,27.0,19.0,1.0,2.0,21.0,8.0,0.0,10.0,2.0,1.0,0.0,1.0,2.0,1.0,10.0,1.0
42,73052821.0,131.0,79.0,48.0,15.0,74.0,133.0,97.0,36.0,25.0,59.0,17.0,2.0,271.0,51.0,60.0,63.0,2.0,9.0,24.0,15.0,222.0,66.0,41.0,26.0,119.0,84.0,23.0,201.0,60.0,21.0,40.0,45.0,112.0,233.0,183.0,10.0,37.0,128.0,1.0,5.0,15.0,0.0,96.0,12.0,50.0,11.0,37.0,108.0,6.0,64.0,8.0,116.0,70.0,0.0,24.0,60.0,20.0,71.0,1.0,206.0,225.0,27.0,13.0,5.0,290.0,36.0,161.0,359.0,19.0,22.0,98.0,40.0,44.0,32.0,89.0,0.0,19.0,42.0,41.0,229.0,254.0,126.0,16.0,37.0,25.0,140.0,25.0,41.0,27.0,16.0,0.0,0.0,160.0,139.0,87.0,113.0,44.0,80.0,125.0,61.0,13.0,10.0,35.0,51.0,26.0,113.0,10.0,33.0,196.0,30.0,30.0,113.0,28.0,5.0,108.0,177.0,123.0,62.0,8.0,195.0,37.0,34.0,5.0,51.0,135.0,54.0,43.0,84.0,24.0,0.0,77.0,2.0,196.0,20.0,154.0,31.0,64.0,158.0,102.0,6.0,9.0,79.0,143.0,47.0,4.0,0.0,151.0,30.0,179.0,99.0,200.0,94.0,203.0,13.0,51.0,32.0,0.0,0.0,15.0,16.0,5.0,83.0,0.0,35.0,27.0,0.0,33.0,16.0,12.0,120.0,77.0,2.0,23.0,46.0,56.0,0.0,51.0,1.0,8.0,0.0,1.0,6.0,14.0,17.0,13.0
43,74481416.0,70.0,14.0,28.0,8.0,43.0,42.0,21.0,12.0,10.0,28.0,6.0,2.0,352.0,18.0,14.0,127.0,2.0,0.0,19.0,5.0,28.0,43.0,26.0,10.0,54.0,46.0,6.0,85.0,109.0,11.0,12.0,18.0,54.0,54.0,46.0,3.0,11.0,92.0,0.0,0.0,16.0,96.0,0.0,6.0,208.0,4.0,29.0,11.0,1.0,16.0,11.0,47.0,65.0,0.0,18.0,13.0,6.0,24.0,1.0,106.0,88.0,6.0,4.0,5.0,87.0,43.0,123.0,99.0,11.0,17.0,32.0,18.0,12.0,7.0,80.0,1.0,12.0,29.0,49.0,63.0,94.0,62.0,3.0,19.0,27.0,50.0,15.0,242.0,13.0,26.0,0.0,0.0,37.0,71.0,48.0,31.0,17.0,79.0,39.0,10.0,6.0,3.0,29.0,17.0,28.0,47.0,3.0,2.0,116.0,23.0,17.0,72.0,11.0,0.0,31.0,64.0,32.0,27.0,7.0,183.0,45.0,5.0,7.0,51.0,41.0,37.0,27.0,66.0,53.0,0.0,76.0,1.0,69.0,7.0,82.0,9.0,41.0,62.0,9.0,5.0,5.0,32.0,37.0,47.0,0.0,0.0,45.0,13.0,171.0,17.0,118.0,39.0,136.0,7.0,47.0,13.0,0.0,0.0,8.0,6.0,3.0,53.0,2.0,27.0,41.0,0.0,22.0,6.0,1.0,95.0,125.0,0.0,8.0,176.0,29.0,0.0,14.0,0.0,4.0,0.0,1.0,1.0,1.0,11.0,4.0
