,0,1,2,3,4,5,6,7,8,9,10,11,12,13,14,15,16,17,18,19,20,21,22,23,24,25,26,27,28,29,30,31,32,33,34,35,36,37,38,39,40,41,42,43,44,45,46,47,48,49,50,51,52,53,54,55,56,57,58,59,60,61,62,63,64,65,66,67,68,69,70,71,72,73,74,75,76,77,78,79,80,81,82,83,84,85,86,87,88,89,90,91,92,93,94,95,96,97,98,99,100,101,102,103,104,105,106,107,108,109,110,111,112,113,114,115,116,117,118,119,120,121,122,123,124,125,126,127,128,129,130,131,132,133,134,135,136
0,-1.0,29283.0,9624742.0,15156219.0,15270176.0,16542687.0,16661776.0,17125133.0,18086309.0,19110628.0,20801977.0,27660598.0,28343595.0,36414339.0,39066856.0,41079136.0,41197792.0,48495906.0,48983320.0,50645038.0,53223847.0,59587240.0,69445657.0,73938917.0,86976234.0,98730352.0,101824385.0,103144765.0,111950228.0,132158439.0,145594058.0,145746533.0,150881077.0,150900080.0,151919653.0,161980094.0,173591614.0,192477353.0,193964230.0,207320806.0,212825417.0,219225568.0,227653209.0,232823702.0,235017564.0,235023116.0,235035889.0,235038511.0,235239044.0,235252116.0,235327570.0,235381655.0,235396430.0,235426208.0,235431252.0,235571847.0,235572234.0,235573221.0,235573919.0,235576757.0,235589107.0,235590945.0,235593353.0,235600112.0,235600534.0,235604645.0,235605735.0,235622077.0,235629053.0,235629274.0,235630503.0,235636649.0,235642668.0,235646348.0,235653830.0,235657683.0,235659706.0,235660698.0,235663710.0,235674459.0,235675462.0,235679167.0,235685482.0,235691456.0,235693981.0,235698786.0,235699108.0,235700121.0,235701489.0,235704188.0,237519969.0,246698340.0,247494866.0,249319247.0,249677516.0,251975467.0,253890776.0,254518795.0,260724365.0,268184418.0,268229867.0,269680826.0,270373602.0,279358548.0,280596525.0,282552711.0,285981083.0,288824828.0,293024657.0,296558502.0,300644196.0,301387285.0,304181609.0,307216925.0,311310026.0,311340378.0,315377722.0,323559063.0,323991512.0,329409390.0,335432912.0,344172926.0,351120282.0,357834420.0,375451125.0,376797204.0,377067103.0,394285779.0,402037439.0,402892880.0,410993099.0,417758486.0,418992848.0,420885864.0,425580734.0,430530678.0,432225857.0
1,29283.0,0.0,28.0,70.0,146.0,122.0,376.0,170.0,1262.0,195.0,488.0,219.0,350.0,51.0,67.0,0.0,4.0,332.0,6.0,455.0,62.0,148.0,19.0,443.0,135.0,55.0,2.0,17.0,128.0,67.0,4.0,92.0,166.0,47.0,516.0,73.0,437.0,1079.0,33.0,178.0,53.0,165.0,201.0,0.0,0.0,0.0,0.0,1.0,0.0,0.0,0.0,2.0,0.0,1.0,0.0,0.0,0.0,0.0,0.0,0.0,0.0,0.0,0.0,0.0,0.0,0.0,0.0,0.0,0.0,0.0,0.0,1.0,1.0,2.0,1.0,1.0,0.0,0.0,0.0,0.0,0.0,0.0,0.0,0.0,0.0,0.0,0.0,0.0,0.0,0.0,171.0,89.0,37.0,807.0,176.0,2.0,121.0,8.0,295.0,7.0,7.0,0.0,6.0,520.0,29.0,3.0,1.0,0.0,5.0,90.0,62.0,0.0,36.0,6.0,2.0,90.0,113.0,9.0,0.0,78.0,28.0,2.0,496.0,8.0,20.0,295.0,156.0,93.0,138.0,0.0,0.0,6.0,4.0,0.0,501.0,52.0,0.0
2,9624742.0,28.0,0.0,15.0,22.0,3.0,3.0,14.0,10.0,13.0,30.0,2.0,10.0,0.0,2.0,0.0,1.0,2.0,0.0,39.0,0.0,3.0,1.0,60.0,5.0,21.0,0.0,0.0,2.0,16.0,0.0,22.0,2.0,12.0,49.0,8.0,55.0,61.0,0.0,72.0,0.0,5.0,44.0,0.0,0.0,0.0,0.0,0.0,0.0,0.0,0.0,0.0,0.0,0.0,0.0,0.0,0.0,0.0,0.0,0.0,0.0,0.0,0.0,0.0,0.0,0.0,0.0,0.0,0.0,0.0,0.0,0.0,0.0,0.0,0.0,0.0,0.0,0.0,0.0,0.0,0.0,0.0,0.0,0.0,0.0,0.0,0.0,0.0,0.0,0.0,0.0,0.0,1.0,43.0,317.0,1.0,6.0,0.0,3.0,0.0,0.0,0.0,0.0,6.0,10.0,0.0,0.0,0.0,0.0,9.0,6.0,1.0,1.0,0.0,0.0,15.0,18.0,1.0,0.0,0.0,4.0,0.0,60.0,0.0,1.0,2.0,13.0,2.0,0.0,0.0,0.0,0.0,0.0,0.0,14.0,10.0,0.0
3,15156219.0,70.0,15.0,0.0,20.0,37.0,23.0,22.0,47.0,39.0,66.0,8.0,62.0,4.0,3.0,0.0,0.0,54.0,0.0,91.0,12.0,123.0,14.0,34.0,24.0,23.0,0.0,1.0,39.0,17.0,1.0,202.0,18.0,18.0,57.0,22.0,29.0,206.0,2.0,53.0,2.0,70.0,253.0,0.0,0.0,0.0,0.0,0.0,0.0,0.0,0.0,0.0,0.0,0.0,0.0,0.0,0.0,0.0,0.0,0.0,0.0,0.0,0.0,0.0,0.0,0.0,0.0,0.0,0.0,0.0,0.0,0.0,1.0,0.0,0.0,0.0,0.0,0.0,0.0,0.0,0.0,0.0,0.0,0.0,0.0,0.0,0.0,0.0,0.0,0.0,45.0,51.0,14.0,23.0,153.0,0.0,34.0,8.0,12.0,0.0,6.0,0.0,7.0,21.0,41.0,3.0,0.0,0.0,4.0,13.0,6.0,0.0,18.0,2.0,2.0,5.0,11.0,4.0,0.0,2.0,8.0,0.0,100.0,8.0,3.0,5.0,61.0,16.0,22.0,0.0,0.0,1.0,3.0,0.0,48.0,15.0,0.0
4,15270176.0,146.0,22.0,20.0,0.0,21.0,41.0,84.0,119.0,52.0,85.0,25.0,54.0,3.0,18.0,0.0,0.0,38.0,0.0,111.0,7.0,32.0,1.0,98.0,51.0,41.0,0.0,3.0,22.0,33.0,1.0,20.0,17.0,28.0,102.0,45.0,131.0,157.0,11.0,58.0,8.0,37.0,84.0,0.0,0.0,0.0,0.0,0.0,0.0,0.0,0.0,0.0,0.0,0.0,0.0,0.0,0.0,0.0,2.0,0.0,0.0,0.0,0.0,1.0,0.0,0.0,0.0,0.0,0.0,0.0,0.0,0.0,1.0,0.0,1.0,0.0,0.0,0.0,0.0,0.0,0.0,0.0,0.0,0.0,0.0,0.0,0.0,0.0,0.0,0.0,22.0,5.0,6.0,103.0,81.0,0.0,53.0,2.0,36.0,2.0,0.0,0.0,0.0,66.0,19.0,0.0,1.0,0.0,0.0,55.0,12.0,0.0,14.0,6.0,1.0,47.0,56.0,11.0,0.0,4.0,18.0,0.0,174.0,4.0,1.0,22.0,33.0,19.0,16.0,0.0,0.0,1.0,1.0,0.0,79.0,34.0,0.0
5,16542687.0,122.0,3.0,37.0,21.0,0.0,13.0,16.0,72.0,55.0,137.0,7.0,34.0,13.0,7.0,0.0,0.0,128.0,19.0,130.0,116.0,165.0,19.0,52.0,111.0,23.0,1.0,5.0,44.0,15.0,1.0,32.0,32.0,6.0,36.0,13.0,25.0,256.0,5.0,19.0,44.0,45.0,30.0,0.0,1.0,3.0,0.0,0.0,1.0,1.0,2.0,2.0,0.0,1.0,0.0,2.0,0.0,0.0,1.0,1.0,3.0,0.0,0.0,1.0,0.0,0.0,2.0,0.0,1.0,0.0,1.0,1.0,1.0,2.0,3.0,1.0,1.0,0.0,4.0,1.0,0.0,0.0,1.0,1.0,0.0,0.0,0.0,1.0,0.0,0.0,50.0,9.0,27.0,31.0,22.0,2.0,16.0,2.0,35.0,4.0,2.0,0.0,2.0,38.0,6.0,1.0,0.0,0.0,1.0,6.0,4.0,0.0,10.0,0.0,1.0,16.0,7.0,1.0,0.0,2.0,8.0,0.0,53.0,1.0,1.0,9.0,23.0,7.0,12.0,0.0,0.0,1.0,0.0,0.0,106.0,12.0,0.0
6,16661776.0,376.0,3.0,23.0,41.0,13.0,0.0,28.0,465.0,95.0,165.0,112.0,126.0,14.0,30.0,0.0,1.0,140.0,0.0,133.0,23.0,36.0,8.0,103.0,37.0,15.0,2.0,13.0,66.0,15.0,2.0,26.0,43.0,22.0,132.0,35.0,166.0,294.0,11.0,41.0,22.0,90.0,70.0,0.0,0.0,0.0,0.0,0.0,0.0,0.0,0.0,0.0,0.0,0.0,0.0,0.0,0.0,0.0,0.0,0.0,0.0,0.0,0.0,0.0,0.0,0.0,0.0,0.0,0.0,0.0,0.0,0.0,1.0,1.0,1.0,0.0,0.0,0.0,0.0,0.0,0.0,0.0,0.0,0.0,0.0,0.0,0.0,0.0,0.0,0.0,52.0,22.0,14.0,250.0,35.0,1.0,38.0,3.0,73.0,4.0,1.0,0.0,2.0,258.0,16.0,1.0,0.0,0.0,0.0,31.0,35.0,0.0,16.0,4.0,1.0,7.0,43.0,5.0,0.0,26.0,18.0,1.0,129.0,7.0,4.0,99.0,56.0,62.0,82.0,0.0,1.0,2.0,2.0,0.0,183.0,18.0,0.0
7,17125133.0,170.0,14.0,22.0,84.0,16.0,28.0,0.0,106.0,45.0,101.0,14.0,47.0,3.0,9.0,0.0,4.0,68.0,0.0,106.0,3.0,19.0,2.0,49.0,30.0,88.0,0.0,25.0,18.0,121.0,0.0,34.0,32.0,19.0,161.0,21.0,62.0,135.0,23.0,67.0,15.0,37.0,73.0,0.0,0.0,0.0,0.0,0.0,0.0,0.0,0.0,2.0,0.0,0.0,0.0,0.0,0.0,0.0,0.0,0.0,0.0,0.0,0.0,1.0,0.0,0.0,0.0,0.0,0.0,0.0,0.0,1.0,0.0,0.0,1.0,1.0,0.0,0.0,2.0,0.0,0.0,0.0,0.0,0.0,0.0,0.0,0.0,0.0,0.0,0.0,10.0,6.0,10.0,71.0,61.0,0.0,32.0,0.0,19.0,2.0,0.0,0.0,0.0,41.0,10.0,0.0,0.0,0.0,0.0,26.0,16.0,0.0,3.0,0.0,0.0,549.0,14.0,12.0,0.0,2.0,4.0,0.0,607.0,0.0,4.0,11.0,58.0,20.0,41.0,0.0,0.0,0.0,0.0,0.0,68.0,8.0,0.0
8,18086309.0,1262.0,10.0,47.0,119.0,72.0,465.0,106.0,0.0,125.0,346.0,526.0,195.0,43.0,44.0,0.0,0.0,237.0,1.0,389.0,50.0,159.0,19.0,578.0,77.0,40.0,2.0,17.0,90.0,38.0,3.0,91.0,113.0,33.0,379.0,64.0,674.0,2282.0,48.0,109.0,1839.0,146.0,142.0,0.0,0.0,0.0,0.0,0.0,1.0,0.0,0.0,1.0,0.0,0.0,0.0,0.0,0.0,0.0,0.0,0.0,0.0,0.0,0.0,0.0,0.0,0.0,0.0,0.0,0.0,0.0,0.0,1.0,1.0,0.0,1.0,0.0,0.0,0.0,0.0,0.0,0.0,0.0,0.0,0.0,0.0,0.0,0.0,0.0,0.0,0.0,111.0,67.0,47.0,866.0,95.0,0.0,62.0,6.0,624.0,4.0,7.0,0.0,3.0,1615.0,26.0,3.0,1.0,0.0,2.0,52.0,60.0,0.0,22.0,3.0,2.0,69.0,68.0,8.0,0.0,31.0,19.0,2.0,302.0,12.0,12.0,254.0,109.0,57.0,119.0,0.0,1.0,1.0,4.0,0.0,871.0,34.0,0.0
9,19110628.0,195.0,13.0,39.0,52.0,55.0,95.0,45.0,125.0,0.0,197.0,36.0,123.0,22.0,12.0,0.0,1.0,147.0,4.0,196.0,44.0,137.0,22.0,93.0,64.0,29.0,2.0,19.0,80.0,29.0,0.0,40.0,49.0,23.0,100.0,44.0,72.0,244.0,5.0,43.0,21.0,126.0,86.0,0.0,0.0,0.0,0.0,0.0,1.0,0.0,0.0,0.0,0.0,0.0,0.0,1.0,0.0,0.0,0.0,0.0,1.0,1.0,1.0,0.0,0.0,0.0,0.0,0.0,0.0,0.0,0.0,0.0,0.0,0.0,0.0,0.0,0.0,0.0,0.0,0.0,0.0,0.0,0.0,0.0,0.0,0.0,0.0,0.0,0.0,0.0,68.0,21.0,18.0,74.0,63.0,1.0,55.0,13.0,58.0,4.0,14.0,0.0,10.0,64.0,26.0,6.0,0.0,0.0,5.0,37.0,20.0,1.0,37.0,4.0,5.0,29.0,29.0,36.0,0.0,15.0,19.0,0.0,122.0,2.0,11.0,38.0,54.0,61.0,71.0,0.0,0.0,3.0,2.0,0.0,122.0,32.0,0.0
10,20801977.0,488.0,30.0,66.0,85.0,137.0,165.0,101.0,346.0,197.0,0.0,73.0,277.0,25.0,18.0,0.0,3.0,436.0,12.0,386.0,102.0,238.0,23.0,148.0,148.0,128.0,0.0,15.0,161.0,63.0,1.0,87.0,91.0,24.0,337.0,103.0,173.0,585.0,7.0,88.0,44.0,273.0,152.0,0.0,0.0,0.0,0.0,0.0,1.0,0.0,0.0,1.0,1.0,0.0,0.0,0.0,1.0,0.0,1.0,0.0,0.0,0.0,1.0,1.0,1.0,0.0,1.0,0.0,0.0,0.0,0.0,1.0,1.0,1.0,0.0,1.0,1.0,1.0,0.0,0.0,1.0,0.0,0.0,1.0,0.0,1.0,0.0,0.0,1.0,1.0,160.0,70.0,116.0,204.0,112.0,4.0,86.0,11.0,111.0,14.0,5.0,0.0,6.0,153.0,24.0,4.0,1.0,0.0,3.0,62.0,73.0,2.0,39.0,6.0,4.0,31.0,38.0,11.0,0.0,22.0,49.0,0.0,268.0,2.0,6.0,51.0,126.0,130.0,312.0,0.0,2.0,3.0,12.0,0.0,242.0,30.0,0.0
11,27660598.0,219.0,2.0,8.0,25.0,7.0,112.0,14.0,526.0,36.0,73.0,0.0,38.0,16.0,13.0,0.0,1.0,43.0,0.0,85.0,5.0,24.0,5.0,131.0,13.0,7.0,0.0,12.0,16.0,5.0,1.0,7.0,20.0,8.0,70.0,15.0,148.0,328.0,12.0,24.0,149.0,22.0,24.0,0.0,0.0,0.0,0.0,0.0,0.0,0.0,0.0,0.0,0.0,1.0,0.0,0.0,0.0,0.0,0.0,0.0,0.0,0.0,1.0,0.0,0.0,0.0,0.0,0.0,0.0,0.0,0.0,0.0,1.0,0.0,1.0,0.0,0.0,0.0,0.0,0.0,0.0,0.0,0.0,0.0,0.0,0.0,0.0,0.0,0.0,0.0,21.0,9.0,6.0,164.0,16.0,0.0,18.0,2.0,115.0,0.0,0.0,0.0,0.0,259.0,6.0,0.0,0.0,0.0,0.0,12.0,14.0,0.0,5.0,2.0,0.0,11.0,27.0,0.0,0.0,10.0,1.0,1.0,59.0,2.0,1.0,67.0,22.0,14.0,15.0,0.0,0.0,0.0,2.0,0.0,230.0,7.0,0.0
12,28343595.0,350.0,10.0,62.0,54.0,34.0,126.0,47.0,195.0,123.0,277.0,38.0,0.0,7.0,13.0,0.0,3.0,195.0,0.0,168.0,54.0,85.0,16.0,81.0,73.0,42.0,0.0,11.0,103.0,34.0,2.0,62.0,73.0,32.0,186.0,85.0,78.0,255.0,4.0,68.0,8.0,162.0,131.0,0.0,0.0,0.0,0.0,0.0,0.0,0.0,0.0,0.0,0.0,0.0,0.0,0.0,0.0,0.0,0.0,0.0,0.0,0.0,0.0,0.0,0.0,0.0,0.0,0.0,0.0,0.0,0.0,0.0,0.0,0.0,0.0,0.0,0.0,0.0,0.0,0.0,0.0,0.0,0.0,0.0,0.0,0.0,0.0,0.0,0.0,0.0,112.0,43.0,23.0,109.0,60.0,10.0,79.0,17.0,50.0,19.0,8.0,0.0,10.0,93.0,29.0,5.0,1.0,0.0,6.0,42.0,42.0,3.0,42.0,6.0,2.0,18.0,31.0,16.0,1.0,17.0,45.0,0.0,159.0,5.0,11.0,42.0,81.0,104.0,138.0,0.0,4.0,4.0,3.0,0.0,122.0,46.0,0.0
13,36414339.0,51.0,0.0,4.0,3.0,13.0,14.0,3.0,43.0,22.0,25.0,16.0,7.0,0.0,4.0,0.0,0.0,7.0,0.0,39.0,11.0,39.0,5.0,98.0,12.0,1.0,0.0,18.0,9.0,4.0,0.0,6.0,16.0,1.0,7.0,6.0,22.0,153.0,2.0,4.0,40.0,17.0,7.0,0.0,0.0,1.0,0.0,0.0,1.0,0.0,0.0,0.0,0.0,0.0,0.0,0.0,0.0,0.0,0.0,0.0,0.0,0.0,0.0,0.0,0.0,0.0,0.0,0.0,0.0,0.0,0.0,0.0,0.0,0.0,0.0,0.0,0.0,0.0,0.0,0.0,0.0,0.0,0.0,0.0,0.0,0.0,0.0,0.0,0.0,0.0,20.0,2.0,13.0,22.0,3.0,0.0,9.0,0.0,109.0,0.0,0.0,0.0,0.0,31.0,2.0,0.0,0.0,0.0,0.0,3.0,2.0,0.0,2.0,0.0,0.0,2.0,7.0,0.0,0.0,3.0,2.0,0.0,13.0,0.0,2.0,28.0,6.0,1.0,2.0,0.0,0.0,1.0,0.0,0.0,78.0,3.0,0.0
14,39066856.0,67.0,2.0,3.0,18.0,7.0,30.0,9.0,44.0,12.0,18.0,13.0,13.0,4.0,0.0,0.0,1.0,9.0,0.0,41.0,1.0,4.0,0.0,23.0,11.0,8.0,3.0,2.0,4.0,10.0,2.0,6.0,8.0,15.0,29.0,14.0,38.0,49.0,4.0,23.0,1.0,16.0,17.0,0.0,0.0,0.0,0.0,0.0,0.0,0.0,0.0,0.0,0.0,0.0,0.0,0.0,0.0,0.0,0.0,0.0,0.0,0.0,0.0,0.0,0.0,0.0,0.0,0.0,0.0,0.0,0.0,0.0,1.0,0.0,0.0,0.0,0.0,0.0,0.0,0.0,0.0,0.0,0.0,0.0,0.0,0.0,0.0,0.0,0.0,0.0,5.0,2.0,0.0,71.0,19.0,0.0,20.0,1.0,12.0,2.0,0.0,0.0,0.0,46.0,3.0,0.0,0.0,0.0,0.0,21.0,10.0,0.0,4.0,1.0,0.0,1.0,26.0,2.0,0.0,1.0,1.0,1.0,42.0,3.0,2.0,27.0,11.0,6.0,8.0,0.0,0.0,1.0,0.0,0.0,44.0,14.0,0.0
15,41079136.0,0.0,0.0,0.0,0.0,0.0,0.0,0.0,0.0,0.0,0.0,0.0,0.0,0.0,0.0,0.0,0.0,0.0,0.0,0.0,0.0,0.0,0.0,0.0,0.0,0.0,0.0,0.0,0.0,0.0,0.0,0.0,0.0,0.0,0.0,0.0,0.0,0.0,0.0,0.0,0.0,0.0,0.0,0.0,0.0,0.0,0.0,0.0,0.0,0.0,0.0,0.0,0.0,0.0,0.0,0.0,0.0,0.0,0.0,0.0,0.0,0.0,0.0,0.0,0.0,0.0,0.0,0.0,0.0,0.0,0.0,0.0,0.0,0.0,0.0,0.0,0.0,0.0,0.0,0.0,0.0,0.0,0.0,0.0,0.0,0.0,0.0,0.0,0.0,0.0,0.0,0.0,0.0,0.0,0.0,0.0,0.0,0.0,0.0,0.0,0.0,0.0,0.0,0.0,0.0,0.0,0.0,0.0,0.0,0.0,0.0,0.0,0.0,0.0,0.0,0.0,0.0,0.0,0.0,0.0,0.0,0.0,0.0,0.0,0.0,0.0,0.0,0.0,0.0,0.0,0.0,0.0,0.0,0.0,0.0,0.0,0.0
16,41197792.0,4.0,1.0,0.0,0.0,0.0,1.0,4.0,0.0,1.0,3.0,1.0,3.0,0.0,1.0,0.0,0.0,3.0,0.0,4.0,0.0,0.0,0.0,1.0,1.0,1.0,0.0,0.0,1.0,4.0,0.0,1.0,2.0,3.0,2.0,1.0,2.0,3.0,0.0,5.0,0.0,1.0,2.0,0.0,0.0,0.0,0.0,0.0,0.0,0.0,0.0,0.0,0.0,0.0,0.0,0.0,0.0,0.0,0.0,0.0,0.0,0.0,0.0,0.0,0.0,0.0,0.0,0.0,0.0,0.0,0.0,0.0,0.0,0.0,0.0,0.0,0.0,0.0,0.0,0.0,0.0,0.0,0.0,0.0,0.0,0.0,0.0,0.0,0.0,0.0,1.0,0.0,0.0,3.0,3.0,0.0,2.0,0.0,2.0,0.0,0.0,0.0,0.0,3.0,0.0,0.0,0.0,0.0,0.0,1.0,2.0,0.0,0.0,0.0,0.0,0.0,1.0,0.0,0.0,0.0,0.0,0.0,2.0,0.0,0.0,1.0,3.0,1.0,0.0,0.0,0.0,0.0,0.0,0.0,2.0,0.0,0.0
17,48495906.0,332.0,2.0,54.0,38.0,128.0,140.0,68.0,237.0,147.0,436.0,43.0,195.0,7.0,9.0,0.0,3.0,0.0,23.0,306.0,102.0,176.0,35.0,55.0,119.0,83.0,1.0,8.0,176.0,54.0,1.0,36.0,73.0,18.0,207.0,82.0,77.0,261.0,3.0,48.0,9.0,243.0,113.0,0.0,0.0,0.0,0.0,0.0,0.0,0.0,0.0,0.0,0.0,0.0,0.0,0.0,0.0,0.0,0.0,0.0,0.0,0.0,0.0,0.0,0.0,0.0,0.0,0.0,0.0,0.0,0.0,0.0,0.0,0.0,0.0,0.0,0.0,0.0,0.0,0.0,0.0,0.0,0.0,0.0,0.0,0.0,0.0,0.0,0.0,0.0,119.0,59.0,73.0,85.0,38.0,3.0,59.0,8.0,32.0,26.0,6.0,0.0,8.0,89.0,18.0,3.0,0.0,0.0,3.0,31.0,63.0,0.0,32.0,6.0,3.0,27.0,13.0,7.0,0.0,16.0,65.0,0.0,153.0,1.0,12.0,28.0,84.0,171.0,305.0,0.0,5.0,4.0,12.0,0.0,133.0,22.0,0.0
18,48983320.0,6.0,0.0,0.0,0.0,19.0,0.0,0.0,1.0,4.0,12.0,0.0,0.0,0.0,0.0,0.0,0.0,23.0,0.0,14.0,16.0,11.0,1.0,0.0,14.0,2.0,0.0,0.0,7.0,1.0,0.0,0.0,0.0,0.0,0.0,0.0,0.0,11.0,0.0,0.0,0.0,2.0,2.0,0.0,0.0,0.0,0.0,0.0,0.0,0.0,0.0,0.0,0.0,0.0,0.0,0.0,0.0,0.0,0.0,0.0,0.0,0.0,0.0,0.0,0.0,0.0,0.0,0.0,0.0,0.0,0.0,0.0,0.0,0.0,0.0,0.0,0.0,0.0,0.0,0.0,0.0,0.0,0.0,0.0,0.0,0.0,0.0,0.0,0.0,0.0,3.0,0.0,1.0,0.0,0.0,0.0,0.0,0.0,1.0,0.0,0.0,0.0,0.0,1.0,0.0,0.0,0.0,0.0,0.0,0.0,0.0,0.0,0.0,0.0,0.0,0.0,0.0,0.0,0.0,0.0,0.0,0.0,0.0,0.0,0.0,0.0,0.0,0.0,1.0,0.0,0.0,0.0,0.0,0.0,2.0,0.0,0.0
19,50645038.0,455.0,39.0,91.0,111.0,130.0,133.0,106.0,389.0,196.0,386.0,85.0,168.0,39.0,41.0,0.0,4.0,306.0,14.0,0.0,78.0,248.0,43.0,267.0,156.0,84.0,16.0,24.0,145.0,84.0,7.0,136.0,145.0,66.0,326.0,79.0,332.0,661.0,12.0,135.0,78.0,196.0,340.0,0.0,0.0,0.0,0.0,0.0,0.0,0.0,0.0,0.0,0.0,0.0,0.0,0.0,0.0,0.0,0.0,0.0,2.0,0.0,0.0,0.0,0.0,0.0,0.0,0.0,0.0,0.0,0.0,0.0,1.0,0.0,1.0,0.0,0.0,0.0,0.0,0.0,0.0,0.0,0.0,0.0,0.0,0.0,0.0,0.0,0.0,0.0,155.0,41.0,76.0,237.0,160.0,5.0,146.0,8.0,185.0,10.0,7.0,0.0,6.0,192.0,117.0,5.0,1.0,0.0,2.0,85.0,65.0,2.0,42.0,5.0,4.0,51.0,76.0,21.0,1.0,17.0,32.0,2.0,402.0,7.0,14.0,71.0,109.0,63.0,95.0,0.0,1.0,5.0,5.0,0.0,530.0,75.0,0.0
20,53223847.0,62.0,0.0,12.0,7.0,116.0,23.0,3.0,50.0,44.0,102.0,5.0,54.0,11.0,1.0,0.0,0.0,102.0,16.0,78.0,0.0,114.0,15.0,17.0,91.0,10.0,0.0,5.0,42.0,7.0,2.0,9.0,63.0,0.0,16.0,8.0,5.0,150.0,0.0,8.0,23.0,41.0,8.0,0.0,0.0,0.0,0.0,0.0,0.0,1.0,2.0,1.0,0.0,0.0,0.0,0.0,0.0,0.0,0.0,0.0,1.0,0.0,0.0,0.0,0.0,0.0,1.0,0.0,1.0,0.0,1.0,0.0,0.0,0.0,1.0,1.0,0.0,0.0,0.0,0.0,0.0,0.0,1.0,0.0,0.0,0.0,0.0,0.0,0.0,0.0,32.0,7.0,17.0,6.0,6.0,0.0,8.0,0.0,21.0,4.0,1.0,0.0,1.0,15.0,4.0,0.0,0.0,0.0,0.0,4.0,5.0,0.0,2.0,0.0,0.0,6.0,0.0,2.0,0.0,3.0,1.0,0.0,14.0,0.0,5.0,8.0,17.0,8.0,15.0,0.0,0.0,1.0,0.0,0.0,78.0,4.0,0.0
21,59587240.0,148.0,3.0,123.0,32.0,165.0,36.0,19.0,159.0,137.0,238.0,24.0,85.0,39.0,4.0,0.0,0.0,176.0,11.0,248.0,114.0,0.0,32.0,186.0,131.0,65.0,0.0,12.0,101.0,41.0,1.0,108.0,53.0,14.0,62.0,25.0,49.0,844.0,8.0,53.0,90.0,188.0,89.0,0.0,0.0,1.0,0.0,0.0,2.0,0.0,0.0,1.0,0.0,0.0,0.0,0.0,0.0,0.0,0.0,0.0,1.0,0.0,0.0,0.0,0.0,0.0,0.0,0.0,0.0,0.0,0.0,1.0,1.0,0.0,0.0,1.0,0.0,0.0,0.0,0.0,0.0,0.0,0.0,0.0,0.0,0.0,0.0,0.0,0.0,0.0,105.0,32.0,98.0,49.0,76.0,2.0,50.0,3.0,211.0,2.0,3.0,0.0,1.0,73.0,38.0,1.0,0.0,0.0,0.0,12.0,10.0,0.0,16.0,2.0,0.0,33.0,8.0,6.0,0.0,7.0,16.0,0.0,95.0,6.0,3.0,46.0,73.0,15.0,30.0,0.0,0.0,2.0,2.0,0.0,252.0,15.0,0.0
22,69445657.0,19.0,1.0,14.0,1.0,19.0,8.0,2.0,19.0,22.0,23.0,5.0,16.0,5.0,0.0,0.0,0.0,35.0,1.0,43.0,15.0,32.0,0.0,13.0,6.0,6.0,0.0,2.0,13.0,7.0,0.0,6.0,10.0,0.0,28.0,0.0,3.0,64.0,0.0,4.0,12.0,17.0,15.0,0.0,0.0,0.0,0.0,0.0,0.0,0.0,0.0,0.0,0.0,1.0,0.0,0.0,0.0,0.0,0.0,0.0,0.0,0.0,1.0,0.0,0.0,0.0,0.0,0.0,0.0,0.0,0.0,0.0,0.0,0.0,0.0,0.0,0.0,0.0,0.0,0.0,0.0,0.0,0.0,0.0,0.0,0.0,0.0,0.0,0.0,0.0,10.0,4.0,12.0,5.0,4.0,0.0,1.0,0.0,8.0,0.0,1.0,0.0,0.0,4.0,10.0,0.0,0.0,0.0,0.0,0.0,3.0,0.0,0.0,0.0,0.0,5.0,0.0,2.0,0.0,0.0,1.0,0.0,15.0,0.0,1.0,2.0,7.0,2.0,8.0,0.0,0.0,0.0,1.0,0.0,20.0,0.0,0.0
23,73938917.0,443.0,60.0,34.0,98.0,52.0,103.0,49.0,578.0,93.0,148.0,131.0,81.0,98.0,23.0,0.0,1.0,55.0,0.0,267.0,17.0,186.0,13.0,0.0,58.0,35.0,0.0,31.0,40.0,34.0,2.0,66.0,98.0,41.0,189.0,43.0,393.0,1217.0,25.0,83.0,427.0,84.0,115.0,0.0,0.0,0.0,0.0,0.0,1.0,0.0,1.0,0.0,0.0,1.0,0.0,0.0,0.0,0.0,0.0,0.0,0.0,1.0,1.0,0.0,0.0,0.0,1.0,0.0,0.0,0.0,0.0,0.0,1.0,1.0,2.0,0.0,0.0,0.0,0.0,0.0,0.0,0.0,0.0,0.0,0.0,0.0,0.0,0.0,0.0,0.0,34.0,23.0,63.0,287.0,186.0,0.0,59.0,1.0,955.0,3.0,0.0,0.0,0.0,630.0,27.0,0.0,0.0,0.0,0.0,69.0,22.0,0.0,14.0,3.0,1.0,66.0,87.0,11.0,0.0,29.0,16.0,0.0,185.0,3.0,10.0,152.0,68.0,23.0,31.0,0.0,0.0,1.0,2.0,0.0,877.0,42.0,0.0
24,86976234.0,135.0,5.0,24.0,51.0,111.0,37.0,30.0,77.0,64.0,148.0,13.0,73.0,12.0,11.0,0.0,1.0,119.0,14.0,156.0,91.0,131.0,6.0,58.0,0.0,36.0,0.0,4.0,55.0,26.0,1.0,31.0,19.0,24.0,65.0,39.0,51.0,217.0,2.0,45.0,26.0,62.0,65.0,0.0,0.0,0.0,0.0,0.0,0.0,0.0,0.0,0.0,0.0,0.0,0.0,0.0,0.0,0.0,0.0,0.0,0.0,0.0,0.0,0.0,0.0,0.0,0.0,0.0,0.0,0.0,0.0,0.0,1.0,0.0,0.0,0.0,1.0,0.0,0.0,0.0,0.0,0.0,0.0,0.0,0.0,0.0,0.0,0.0,0.0,0.0,47.0,11.0,9.0,56.0,51.0,2.0,50.0,1.0,28.0,3.0,1.0,0.0,0.0,51.0,17.0,0.0,0.0,0.0,0.0,41.0,8.0,0.0,12.0,7.0,1.0,12.0,22.0,5.0,0.0,6.0,17.0,0.0,90.0,4.0,3.0,13.0,31.0,23.0,22.0,0.0,0.0,1.0,2.0,0.0,79.0,27.0,0.0
25,98730352.0,55.0,21.0,23.0,41.0,23.0,15.0,88.0,40.0,29.0,128.0,7.0,42.0,1.0,8.0,0.0,1.0,83.0,2.0,84.0,10.0,65.0,6.0,35.0,36.0,0.0,3.0,4.0,37.0,109.0,0.0,29.0,17.0,17.0,87.0,43.0,36.0,141.0,1.0,44.0,3.0,58.0,48.0,0.0,0.0,0.0,0.0,0.0,0.0,0.0,1.0,0.0,0.0,0.0,0.0,0.0,0.0,0.0,0.0,0.0,0.0,0.0,0.0,0.0,0.0,0.0,0.0,0.0,0.0,0.0,0.0,0.0,0.0,0.0,0.0,0.0,0.0,0.0,0.0,0.0,0.0,0.0,0.0,0.0,0.0,0.0,0.0,0.0,0.0,0.0,19.0,4.0,50.0,18.0,54.0,5.0,25.0,0.0,14.0,9.0,0.0,0.0,0.0,22.0,13.0,0.0,0.0,0.0,0.0,25.0,32.0,10.0,7.0,2.0,1.0,58.0,21.0,7.0,7.0,2.0,32.0,0.0,146.0,0.0,3.0,8.0,20.0,31.0,69.0,0.0,2.0,0.0,6.0,0.0,35.0,22.0,0.0
26,101824385.0,2.0,0.0,0.0,0.0,1.0,2.0,0.0,2.0,2.0,0.0,0.0,0.0,0.0,3.0,0.0,0.0,1.0,0.0,16.0,0.0,0.0,0.0,0.0,0.0,3.0,0.0,0.0,0.0,2.0,1.0,4.0,1.0,0.0,7.0,0.0,9.0,3.0,0.0,1.0,0.0,0.0,6.0,0.0,0.0,0.0,0.0,0.0,0.0,0.0,0.0,0.0,0.0,0.0,0.0,0.0,0.0,0.0,0.0,0.0,0.0,0.0,0.0,0.0,0.0,0.0,0.0,0.0,0.0,0.0,0.0,0.0,0.0,0.0,0.0,0.0,0.0,0.0,0.0,0.0,0.0,0.0,0.0,1.0,0.0,0.0,0.0,0.0,0.0,0.0,1.0,0.0,0.0,3.0,1.0,0.0,0.0,0.0,0.0,0.0,0.0,0.0,0.0,2.0,5.0,0.0,0.0,0.0,0.0,0.0,1.0,0.0,0.0,0.0,0.0,0.0,3.0,1.0,0.0,0.0,0.0,0.0,12.0,0.0,0.0,0.0,1.0,0.0,0.0,0.0,0.0,0.0,0.0,0.0,7.0,1.0,0.0
27,103144765.0,17.0,0.0,1.0,3.0,5.0,13.0,25.0,17.0,19.0,15.0,12.0,11.0,18.0,2.0,0.0,0.0,8.0,0.0,24.0,5.0,12.0,2.0,31.0,4.0,4.0,0.0,0.0,2.0,7.0,0.0,2.0,24.0,2.0,11.0,3.0,12.0,81.0,0.0,4.0,33.0,7.0,5.0,0.0,0.0,4.0,2.0,0.0,0.0,0.0,0.0,0.0,0.0,0.0,0.0,1.0,1.0,0.0,1.0,0.0,0.0,0.0,0.0,0.0,1.0,0.0,1.0,1.0,0.0,0.0,0.0,2.0,3.0,0.0,0.0,0.0,0.0,1.0,0.0,0.0,2.0,1.0,0.0,0.0,0.0,2.0,0.0,1.0,0.0,0.0,4.0,0.0,8.0,7.0,3.0,0.0,4.0,0.0,35.0,1.0,0.0,0.0,0.0,23.0,2.0,0.0,0.0,0.0,0.0,3.0,0.0,0.0,0.0,0.0,0.0,38.0,1.0,1.0,0.0,2.0,1.0,0.0,15.0,0.0,6.0,20.0,6.0,5.0,3.0,0.0,0.0,0.0,0.0,0.0,61.0,3.0,0.0
28,111950228.0,128.0,2.0,39.0,22.0,44.0,66.0,18.0,90.0,80.0,161.0,16.0,103.0,9.0,4.0,0.0,1.0,176.0,7.0,145.0,42.0,101.0,13.0,40.0,55.0,37.0,0.0,2.0,0.0,39.0,0.0,27.0,23.0,11.0,46.0,41.0,31.0,152.0,1.0,27.0,9.0,113.0,53.0,0.0,0.0,0.0,0.0,0.0,0.0,0.0,0.0,0.0,0.0,0.0,0.0,0.0,0.0,0.0,0.0,0.0,0.0,0.0,1.0,0.0,0.0,0.0,0.0,0.0,0.0,0.0,0.0,0.0,0.0,0.0,0.0,0.0,0.0,0.0,0.0,0.0,0.0,0.0,0.0,0.0,0.0,0.0,0.0,0.0,0.0,0.0,98.0,18.0,33.0,31.0,26.0,1.0,38.0,9.0,34.0,11.0,5.0,0.0,4.0,30.0,18.0,3.0,0.0,0.0,3.0,16.0,26.0,0.0,19.0,2.0,1.0,7.0,8.0,3.0,0.0,14.0,30.0,0.0,67.0,1.0,4.0,16.0,44.0,64.0,85.0,0.0,2.0,3.0,4.0,0.0,50.0,10.0,0.0
29,132158439.0,67.0,16.0,17.0,33.0,15.0,15.0,121.0,38.0,29.0,63.0,5.0,34.0,4.0,10.0,0.0,4.0,54.0,1.0,84.0,7.0,41.0,7.0,34.0,26.0,109.0,2.0,7.0,39.0,0.0,1.0,15.0,12.0,25.0,52.0,19.0,27.0,112.0,11.0,111.0,16.0,25.0,34.0,0.0,0.0,1.0,0.0,0.0,0.0,0.0,1.0,0.0,0.0,0.0,0.0,1.0,0.0,0.0,0.0,0.0,0.0,0.0,1.0,0.0,0.0,0.0,1.0,0.0,0.0,0.0,0.0,0.0,1.0,0.0,0.0,0.0,0.0,0.0,0.0,0.0,0.0,0.0,0.0,0.0,0.0,0.0,0.0,0.0,0.0,0.0,23.0,1.0,23.0,31.0,38.0,0.0,29.0,0.0,27.0,4.0,0.0,0.0,0.0,21.0,6.0,0.0,0.0,0.0,0.0,24.0,13.0,0.0,4.0,1.0,0.0,88.0,19.0,7.0,0.0,2.0,10.0,0.0,143.0,1.0,2.0,11.0,16.0,16.0,20.0,0.0,1.0,0.0,1.0,0.0,65.0,17.0,0.0
30,145594058.0,4.0,0.0,1.0,1.0,1.0,2.0,0.0,3.0,0.0,1.0,1.0,2.0,0.0,2.0,0.0,0.0,1.0,0.0,7.0,2.0,1.0,0.0,2.0,1.0,0.0,1.0,0.0,0.0,1.0,0.0,1.0,1.0,2.0,21.0,2.0,3.0,5.0,1.0,2.0,1.0,2.0,2.0,0.0,0.0,0.0,0.0,0.0,0.0,0.0,0.0,0.0,0.0,0.0,0.0,0.0,0.0,0.0,0.0,0.0,0.0,0.0,0.0,0.0,0.0,0.0,0.0,0.0,0.0,0.0,0.0,0.0,1.0,0.0,0.0,0.0,0.0,0.0,0.0,0.0,0.0,0.0,0.0,0.0,0.0,0.0,0.0,0.0,0.0,0.0,2.0,0.0,1.0,2.0,1.0,0.0,2.0,0.0,0.0,1.0,0.0,0.0,0.0,2.0,0.0,0.0,0.0,0.0,0.0,1.0,4.0,0.0,1.0,0.0,0.0,0.0,2.0,0.0,0.0,0.0,1.0,0.0,3.0,1.0,0.0,1.0,1.0,0.0,1.0,0.0,0.0,0.0,0.0,0.0,3.0,2.0,0.0
31,145746533.0,92.0,22.0,202.0,20.0,32.0,26.0,34.0,91.0,40.0,87.0,7.0,62.0,6.0,6.0,0.0,1.0,36.0,0.0,136.0,9.0,108.0,6.0,66.0,31.0,29.0,4.0,2.0,27.0,15.0,1.0,0.0,27.0,29.0,111.0,21.0,84.0,246.0,1.0,101.0,4.0,110.0,377.0,0.0,0.0,1.0,0.0,0.0,0.0,0.0,0.0,0.0,0.0,0.0,0.0,0.0,0.0,0.0,0.0,0.0,0.0,0.0,0.0,0.0,0.0,0.0,0.0,0.0,0.0,0.0,0.0,0.0,1.0,0.0,0.0,0.0,0.0,0.0,0.0,0.0,0.0,0.0,0.0,0.0,0.0,0.0,0.0,0.0,0.0,0.0,20.0,21.0,17.0,54.0,244.0,0.0,31.0,1.0,32.0,0.0,1.0,0.0,0.0,28.0,33.0,0.0,0.0,0.0,0.0,18.0,19.0,0.0,8.0,1.0,0.0,5.0,13.0,4.0,0.0,0.0,9.0,0.0,160.0,5.0,5.0,9.0,70.0,12.0,40.0,0.0,0.0,1.0,2.0,0.0,54.0,33.0,0.0
32,150881077.0,166.0,2.0,18.0,17.0,32.0,43.0,32.0,113.0,49.0,91.0,20.0,73.0,16.0,8.0,0.0,2.0,73.0,0.0,145.0,63.0,53.0,10.0,98.0,19.0,17.0,1.0,24.0,23.0,12.0,1.0,27.0,0.0,21.0,144.0,24.0,58.0,175.0,4.0,31.0,31.0,63.0,64.0,0.0,0.0,0.0,0.0,0.0,1.0,0.0,0.0,0.0,0.0,0.0,0.0,0.0,0.0,0.0,0.0,0.0,0.0,0.0,1.0,0.0,0.0,0.0,0.0,0.0,0.0,0.0,0.0,0.0,1.0,1.0,0.0,0.0,0.0,0.0,0.0,0.0,0.0,0.0,0.0,0.0,0.0,0.0,0.0,0.0,0.0,0.0,30.0,27.0,27.0,41.0,35.0,0.0,46.0,5.0,117.0,1.0,2.0,0.0,2.0,38.0,13.0,1.0,0.0,0.0,2.0,31.0,17.0,0.0,16.0,0.0,1.0,16.0,13.0,15.0,0.0,3.0,6.0,0.0,121.0,1.0,103.0,44.0,50.0,23.0,58.0,0.0,1.0,5.0,1.0,0.0,214.0,27.0,0.0
33,150900080.0,47.0,12.0,18.0,28.0,6.0,22.0,19.0,33.0,23.0,24.0,8.0,32.0,1.0,15.0,0.0,3.0,18.0,0.0,66.0,0.0,14.0,0.0,41.0,24.0,17.0,0.0,2.0,11.0,25.0,2.0,29.0,21.0,0.0,55.0,26.0,57.0,75.0,5.0,58.0,3.0,28.0,57.0,0.0,0.0,0.0,0.0,0.0,1.0,0.0,0.0,0.0,0.0,0.0,0.0,0.0,0.0,0.0,0.0,0.0,0.0,0.0,0.0,0.0,0.0,0.0,0.0,0.0,0.0,0.0,0.0,0.0,1.0,0.0,0.0,0.0,0.0,0.0,0.0,0.0,0.0,0.0,0.0,0.0,0.0,0.0,0.0,0.0,0.0,0.0,7.0,1.0,10.0,49.0,57.0,0.0,29.0,1.0,9.0,1.0,0.0,0.0,0.0,34.0,19.0,0.0,0.0,0.0,0.0,37.0,16.0,0.0,8.0,3.0,0.0,4.0,26.0,6.0,0.0,1.0,10.0,0.0,82.0,5.0,4.0,9.0,23.0,7.0,6.0,0.0,0.0,0.0,1.0,0.0,39.0,31.0,0.0
34,151919653.0,516.0,49.0,57.0,102.0,36.0,132.0,161.0,379.0,100.0,337.0,70.0,186.0,7.0,29.0,0.0,2.0,207.0,0.0,326.0,16.0,62.0,28.0,189.0,65.0,87.0,7.0,11.0,46.0,52.0,21.0,111.0,144.0,55.0,0.0,84.0,226.0,341.0,13.0,156.0,9.0,122.0,239.0,0.0,0.0,0.0,0.0,0.0,0.0,0.0,0.0,0.0,0.0,0.0,0.0,0.0,0.0,0.0,0.0,0.0,0.0,0.0,0.0,0.0,0.0,0.0,0.0,0.0,0.0,0.0,0.0,0.0,1.0,1.0,1.0,0.0,0.0,0.0,0.0,0.0,0.0,0.0,0.0,0.0,0.0,0.0,0.0,0.0,0.0,0.0,40.0,49.0,26.0,325.0,178.0,1.0,97.0,3.0,73.0,5.0,2.0,0.0,2.0,173.0,56.0,1.0,1.0,0.0,2.0,92.0,69.0,0.0,23.0,6.0,2.0,68.0,70.0,16.0,0.0,9.0,32.0,1.0,457.0,3.0,18.0,39.0,127.0,63.0,168.0,0.0,0.0,4.0,6.0,0.0,213.0,50.0,0.0
35,161980094.0,73.0,8.0,22.0,45.0,13.0,35.0,21.0,64.0,44.0,103.0,15.0,85.0,6.0,14.0,0.0,1.0,82.0,0.0,79.0,8.0,25.0,0.0,43.0,39.0,43.0,0.0,3.0,41.0,19.0,2.0,21.0,24.0,26.0,84.0,0.0,53.0,86.0,2.0,40.0,1.0,62.0,62.0,0.0,0.0,0.0,0.0,0.0,0.0,0.0,0.0,0.0,0.0,0.0,0.0,0.0,0.0,0.0,0.0,0.0,0.0,0.0,0.0,0.0,0.0,0.0,0.0,0.0,0.0,0.0,0.0,0.0,1.0,0.0,0.0,0.0,0.0,0.0,0.0,0.0,0.0,0.0,0.0,0.0,0.0,0.0,0.0,0.0,0.0,0.0,29.0,9.0,10.0,43.0,40.0,7.0,44.0,6.0,25.0,16.0,2.0,0.0,4.0,36.0,16.0,1.0,2.0,0.0,0.0,42.0,29.0,3.0,20.0,8.0,1.0,2.0,28.0,17.0,0.0,8.0,61.0,0.0,84.0,3.0,5.0,14.0,28.0,63.0,67.0,0.0,8.0,3.0,6.0,0.0,51.0,31.0,0.0
36,173591614.0,437.0,55.0,29.0,131.0,25.0,166.0,62.0,674.0,72.0,173.0,148.0,78.0,22.0,38.0,0.0,2.0,77.0,0.0,332.0,5.0,49.0,3.0,393.0,51.0,36.0,9.0,12.0,31.0,27.0,3.0,84.0,58.0,57.0,226.0,53.0,0.0,618.0,13.0,105.0,93.0,70.0,140.0,0.0,0.0,0.0,1.0,0.0,0.0,0.0,0.0,0.0,0.0,0.0,0.0,0.0,0.0,0.0,0.0,1.0,0.0,0.0,0.0,0.0,0.0,0.0,1.0,0.0,0.0,0.0,0.0,0.0,2.0,0.0,0.0,0.0,0.0,1.0,1.0,1.0,1.0,0.0,0.0,0.0,0.0,1.0,0.0,0.0,0.0,0.0,32.0,20.0,17.0,432.0,181.0,0.0,79.0,2.0,185.0,3.0,1.0,0.0,0.0,352.0,42.0,0.0,1.0,0.0,0.0,76.0,44.0,0.0,13.0,4.0,0.0,33.0,104.0,10.0,0.0,12.0,15.0,1.0,266.0,6.0,6.0,69.0,71.0,23.0,22.0,0.0,0.0,1.0,1.0,0.0,499.0,40.0,0.0
37,192477353.0,1079.0,61.0,206.0,157.0,256.0,294.0,135.0,2282.0,244.0,585.0,328.0,255.0,153.0,49.0,0.0,3.0,261.0,11.0,661.0,150.0,844.0,64.0,1217.0,217.0,141.0,3.0,81.0,152.0,112.0,5.0,246.0,175.0,75.0,341.0,86.0,618.0,0.0,55.0,188.0,1254.0,361.0,305.0,0.0,19.0,47.0,50.0,3.0,19.0,19.0,5.0,12.0,32.0,17.0,0.0,8.0,48.0,32.0,49.0,0.0,6.0,0.0,10.0,28.0,3.0,32.0,45.0,41.0,0.0,19.0,0.0,49.0,10.0,7.0,9.0,32.0,39.0,50.0,9.0,0.0,50.0,46.0,0.0,22.0,29.0,45.0,6.0,45.0,0.0,0.0,196.0,70.0,240.0,655.0,309.0,6.0,167.0,9.0,1205.0,8.0,17.0,0.0,9.0,1352.0,71.0,7.0,1.0,0.0,7.0,89.0,56.0,5.0,42.0,6.0,6.0,144.0,108.0,14.0,0.0,47.0,41.0,1.0,414.0,14.0,16.0,303.0,237.0,57.0,95.0,0.0,1.0,4.0,7.0,0.0,1401.0,59.0,0.0
38,193964230.0,33.0,0.0,2.0,11.0,5.0,11.0,23.0,48.0,5.0,7.0,12.0,4.0,2.0,4.0,0.0,0.0,3.0,0.0,12.0,0.0,8.0,0.0,25.0,2.0,1.0,0.0,0.0,1.0,11.0,1.0,1.0,4.0,5.0,13.0,2.0,13.0,55.0,0.0,6.0,20.0,2.0,5.0,0.0,0.0,0.0,0.0,0.0,0.0,0.0,0.0,1.0,0.0,0.0,0.0,0.0,0.0,0.0,0.0,0.0,0.0,0.0,0.0,0.0,0.0,0.0,0.0,0.0,0.0,0.0,0.0,0.0,1.0,0.0,0.0,0.0,0.0,0.0,0.0,0.0,0.0,0.0,0.0,0.0,0.0,0.0,0.0,0.0,0.0,0.0,0.0,0.0,2.0,17.0,3.0,0.0,2.0,0.0,18.0,0.0,0.0,0.0,0.0,49.0,0.0,0.0,0.0,0.0,0.0,6.0,3.0,0.0,1.0,0.0,0.0,26.0,7.0,0.0,0.0,0.0,1.0,0.0,41.0,2.0,2.0,9.0,3.0,1.0,2.0,0.0,0.0,0.0,1.0,0.0,27.0,2.0,0.0
39,207320806.0,178.0,72.0,53.0,58.0,19.0,41.0,67.0,109.0,43.0,88.0,24.0,68.0,4.0,23.0,0.0,5.0,48.0,0.0,135.0,8.0,53.0,4.0,83.0,45.0,44.0,1.0,4.0,27.0,111.0,2.0,101.0,31.0,58.0,156.0,40.0,105.0,188.0,6.0,0.0,5.0,61.0,156.0,0.0,0.0,0.0,0.0,0.0,1.0,0.0,0.0,0.0,0.0,0.0,0.0,0.0,0.0,0.0,0.0,0.0,0.0,0.0,0.0,0.0,0.0,0.0,0.0,0.0,0.0,0.0,0.0,0.0,1.0,0.0,0.0,0.0,0.0,0.0,0.0,0.0,0.0,0.0,0.0,0.0,0.0,0.0,0.0,0.0,0.0,0.0,19.0,6.0,12.0,115.0,204.0,1.0,58.0,2.0,29.0,1.0,0.0,0.0,0.0,75.0,29.0,0.0,0.0,0.0,0.0,49.0,20.0,0.0,10.0,2.0,0.0,20.0,46.0,8.0,0.0,2.0,13.0,0.0,192.0,4.0,3.0,18.0,63.0,13.0,20.0,0.0,0.0,0.0,1.0,0.0,89.0,36.0,0.0
40,212825417.0,53.0,0.0,2.0,8.0,44.0,22.0,15.0,1839.0,21.0,44.0,149.0,8.0,40.0,1.0,0.0,0.0,9.0,0.0,78.0,23.0,90.0,12.0,427.0,26.0,3.0,0.0,33.0,9.0,16.0,1.0,4.0,31.0,3.0,9.0,1.0,93.0,1254.0,20.0,5.0,0.0,19.0,1.0,0.0,2.0,8.0,1.0,0.0,3.0,0.0,5.0,6.0,0.0,2.0,0.0,3.0,0.0,0.0,2.0,1.0,3.0,0.0,2.0,3.0,0.0,0.0,1.0,0.0,0.0,0.0,0.0,4.0,3.0,1.0,7.0,3.0,1.0,0.0,2.0,0.0,1.0,0.0,0.0,0.0,0.0,0.0,4.0,1.0,0.0,0.0,4.0,0.0,77.0,33.0,3.0,0.0,4.0,0.0,525.0,0.0,0.0,0.0,0.0,737.0,4.0,0.0,0.0,0.0,0.0,9.0,2.0,1.0,1.0,0.0,0.0,36.0,4.0,0.0,0.0,21.0,2.0,0.0,17.0,1.0,2.0,85.0,7.0,1.0,1.0,0.0,0.0,0.0,1.0,0.0,582.0,1.0,0.0
41,219225568.0,165.0,5.0,70.0,37.0,45.0,90.0,37.0,146.0,126.0,273.0,22.0,162.0,17.0,16.0,0.0,1.0,243.0,2.0,196.0,41.0,188.0,17.0,84.0,62.0,58.0,0.0,7.0,113.0,25.0,2.0,110.0,63.0,28.0,122.0,62.0,70.0,361.0,2.0,61.0,19.0,0.0,128.0,0.0,0.0,0.0,0.0,0.0,1.0,0.0,1.0,0.0,0.0,0.0,0.0,0.0,0.0,0.0,0.0,0.0,0.0,0.0,0.0,0.0,0.0,0.0,0.0,0.0,0.0,0.0,0.0,1.0,1.0,0.0,0.0,0.0,0.0,0.0,0.0,0.0,0.0,0.0,0.0,0.0,0.0,0.0,0.0,0.0,0.0,0.0,106.0,38.0,59.0,46.0,86.0,2.0,64.0,9.0,68.0,8.0,7.0,0.0,6.0,58.0,25.0,3.0,0.0,0.0,5.0,35.0,45.0,0.0,31.0,4.0,2.0,11.0,22.0,10.0,0.0,11.0,35.0,0.0,114.0,4.0,10.0,26.0,94.0,83.0,146.0,0.0,1.0,3.0,3.0,0.0,129.0,33.0,0.0
42,227653209.0,201.0,44.0,253.0,84.0,30.0,70.0,73.0,142.0,86.0,152.0,24.0,131.0,7.0,17.0,0.0,2.0,113.0,2.0,340.0,8.0,89.0,15.0,115.0,65.0,48.0,6.0,5.0,53.0,34.0,2.0,377.0,64.0,57.0,239.0,62.0,140.0,305.0,5.0,156.0,1.0,128.0,0.0,0.0,0.0,0.0,0.0,0.0,0.0,0.0,0.0,0.0,0.0,0.0,0.0,0.0,0.0,0.0,0.0,0.0,0.0,0.0,0.0,0.0,0.0,0.0,0.0,0.0,0.0,0.0,0.0,0.0,1.0,0.0,0.0,0.0,0.0,0.0,1.0,0.0,0.0,0.0,0.0,0.0,0.0,0.0,0.0,0.0,0.0,0.0,47.0,23.0,14.0,118.0,330.0,2.0,92.0,3.0,46.0,5.0,0.0,0.0,0.0,72.0,108.0,0.0,1.0,0.0,0.0,73.0,32.0,1.0,21.0,6.0,1.0,24.0,43.0,13.0,1.0,6.0,23.0,0.0,315.0,5.0,11.0,19.0,112.0,46.0,61.0,0.0,1.0,2.0,2.0,0.0,110.0,51.0,0.0
43,232823702.0,0.0,0.0,0.0,0.0,0.0,0.0,0.0,0.0,0.0,0.0,0.0,0.0,0.0,0.0,0.0,0.0,0.0,0.0,0.0,0.0,0.0,0.0,0.0,0.0,0.0,0.0,0.0,0.0,0.0,0.0,0.0,0.0,0.0,0.0,0.0,0.0,0.0,0.0,0.0,0.0,0.0,0.0,0.0,0.0,0.0,0.0,0.0,0.0,0.0,0.0,0.0,0.0,0.0,0.0,0.0,0.0,0.0,0.0,0.0,0.0,0.0,0.0,0.0,0.0,0.0,0.0,0.0,0.0,0.0,0.0,0.0,0.0,0.0,0.0,0.0,0.0,0.0,0.0,0.0,0.0,0.0,0.0,0.0,0.0,0.0,0.0,0.0,0.0,0.0,0.0,0.0,0.0,0.0,0.0,0.0,0.0,0.0,0.0,0.0,0.0,0.0,0.0,0.0,0.0,0.0,0.0,0.0,0.0,0.0,0.0,0.0,0.0,0.0,0.0,0.0,0.0,0.0,0.0,0.0,0.0,0.0,0.0,0.0,0.0,0.0,0.0,0.0,0.0,0.0,0.0,0.0,0.0,0.0,0.0,0.0,0.0
44,235017564.0,0.0,0.0,0.0,0.0,1.0,0.0,0.0,0.0,0.0,0.0,0.0,0.0,0.0,0.0,0.0,0.0,0.0,0.0,0.0,0.0,0.0,0.0,0.0,0.0,0.0,0.0,0.0,0.0,0.0,0.0,0.0,0.0,0.0,0.0,0.0,0.0,19.0,0.0,0.0,2.0,0.0,0.0,0.0,0.0,107.0,106.0,2.0,15.0,82.0,7.0,3.0,113.0,9.0,0.0,4.0,124.0,112.0,126.0,2.0,3.0,1.0,2.0,100.0,0.0,111.0,111.0,108.0,4.0,47.0,3.0,115.0,3.0,3.0,4.0,99.0,100.0,119.0,3.0,0.0,120.0,122.0,4.0,61.0,103.0,99.0,1.0,121.0,0.0,0.0,0.0,0.0,0.0,0.0,0.0,0.0,0.0,0.0,0.0,0.0,0.0,0.0,0.0,0.0,0.0,0.0,0.0,0.0,0.0,0.0,0.0,0.0,0.0,0.0,0.0,0.0,0.0,0.0,0.0,0.0,0.0,0.0,0.0,0.0,0.0,0.0,0.0,0.0,0.0,0.0,0.0,0.0,0.0,0.0,2.0,0.0,0.0
45,235023116.0,0.0,0.0,0.0,0.0,3.0,0.0,0.0,0.0,0.0,0.0,0.0,0.0,1.0,0.0,0.0,0.0,0.0,0.0,0.0,0.0,1.0,0.0,0.0,0.0,0.0,0.0,4.0,0.0,1.0,0.0,1.0,0.0,0.0,0.0,0.0,0.0,47.0,0.0,0.0,8.0,0.0,0.0,0.0,107.0,0.0,415.0,4.0,28.0,160.0,15.0,11.0,477.0,20.0,0.0,26.0,462.0,475.0,495.0,8.0,12.0,10.0,8.0,226.0,9.0,487.0,394.0,446.0,2.0,68.0,3.0,395.0,18.0,15.0,8.0,187.0,218.0,488.0,15.0,1.0,450.0,463.0,3.0,93.0,342.0,400.0,9.0,463.0,0.0,2.0,0.0,0.0,0.0,1.0,0.0,0.0,0.0,0.0,2.0,0.0,0.0,0.0,0.0,1.0,0.0,0.0,0.0,0.0,0.0,0.0,0.0,0.0,0.0,0.0,0.0,0.0,0.0,0.0,0.0,0.0,0.0,0.0,0.0,0.0,0.0,0.0,0.0,0.0,0.0,0.0,0.0,0.0,0.0,0.0,4.0,0.0,0.0
46,235035889.0,0.0,0.0,0.0,0.0,0.0,0.0,0.0,0.0,0.0,0.0,0.0,0.0,0.0,0.0,0.0,0.0,0.0,0.0,0.0,0.0,0.0,0.0,0.0,0.0,0.0,0.0,2.0,0.0,0.0,0.0,0.0,0.0,0.0,0.0,0.0,1.0,50.0,0.0,0.0,1.0,0.0,0.0,0.0,106.0,415.0,0.0,13.0,38.0,156.0,15.0,6.0,468.0,43.0,0.0,34.0,1121.0,523.0,1078.0,15.0,12.0,26.0,3.0,216.0,30.0,443.0,1205.0,1155.0,7.0,61.0,11.0,1165.0,22.0,14.0,15.0,179.0,207.0,1314.0,5.0,0.0,1326.0,1030.0,18.0,95.0,304.0,985.0,14.0,1102.0,0.0,9.0,0.0,0.0,0.0,0.0,0.0,0.0,0.0,0.0,0.0,0.0,0.0,0.0,0.0,0.0,0.0,0.0,0.0,0.0,0.0,0.0,0.0,0.0,0.0,0.0,0.0,0.0,0.0,0.0,0.0,0.0,0.0,0.0,0.0,0.0,0.0,0.0,0.0,0.0,0.0,0.0,0.0,0.0,0.0,0.0,2.0,0.0,0.0
47,235038511.0,1.0,0.0,0.0,0.0,0.0,0.0,0.0,0.0,0.0,0.0,0.0,0.0,0.0,0.0,0.0,0.0,0.0,0.0,0.0,0.0,0.0,0.0,0.0,0.0,0.0,0.0,0.0,0.0,0.0,0.0,0.0,0.0,0.0,0.0,0.0,0.0,3.0,0.0,0.0,0.0,0.0,0.0,0.0,2.0,4.0,13.0,0.0,2.0,6.0,8.0,3.0,6.0,5.0,0.0,3.0,16.0,7.0,15.0,0.0,4.0,2.0,0.0,5.0,0.0,5.0,17.0,15.0,4.0,0.0,5.0,19.0,0.0,3.0,7.0,4.0,7.0,16.0,6.0,0.0,12.0,18.0,5.0,0.0,3.0,11.0,1.0,20.0,0.0,0.0,0.0,0.0,0.0,0.0,0.0,0.0,0.0,0.0,0.0,0.0,0.0,0.0,0.0,0.0,0.0,0.0,0.0,0.0,0.0,0.0,0.0,0.0,0.0,0.0,0.0,0.0,0.0,0.0,0.0,0.0,0.0,0.0,0.0,0.0,0.0,0.0,0.0,0.0,0.0,0.0,0.0,0.0,0.0,0.0,0.0,0.0,0.0
48,235239044.0,0.0,0.0,0.0,0.0,1.0,0.0,0.0,1.0,1.0,1.0,0.0,0.0,1.0,0.0,0.0,0.0,0.0,0.0,0.0,0.0,2.0,0.0,1.0,0.0,0.0,0.0,0.0,0.0,0.0,0.0,0.0,1.0,1.0,0.0,0.0,0.0,19.0,0.0,1.0,3.0,1.0,0.0,0.0,15.0,28.0,38.0,2.0,0.0,30.0,22.0,8.0,22.0,23.0,0.0,24.0,45.0,24.0,42.0,0.0,22.0,11.0,5.0,42.0,17.0,21.0,41.0,40.0,21.0,12.0,19.0,41.0,29.0,7.0,21.0,47.0,31.0,41.0,9.0,2.0,44.0,40.0,26.0,15.0,32.0,42.0,4.0,40.0,0.0,4.0,0.0,0.0,1.0,0.0,0.0,0.0,0.0,0.0,1.0,0.0,0.0,0.0,0.0,2.0,1.0,0.0,0.0,0.0,0.0,0.0,0.0,0.0,0.0,0.0,0.0,1.0,0.0,0.0,0.0,0.0,0.0,0.0,0.0,0.0,0.0,0.0,0.0,0.0,0.0,0.0,0.0,0.0,0.0,0.0,2.0,0.0,0.0
49,235252116.0,0.0,0.0,0.0,0.0,1.0,0.0,0.0,0.0,0.0,0.0,0.0,0.0,0.0,0.0,0.0,0.0,0.0,0.0,0.0,1.0,0.0,0.0,0.0,0.0,0.0,0.0,0.0,0.0,0.0,0.0,0.0,0.0,0.0,0.0,0.0,0.0,19.0,0.0,0.0,0.0,0.0,0.0,0.0,82.0,160.0,156.0,6.0,30.0,0.0,569.0,8.0,167.0,25.0,0.0,35.0,163.0,185.0,170.0,19.0,365.0,14.0,4.0,488.0,47.0,175.0,156.0,157.0,530.0,44.0,560.0,172.0,98.0,10.0,545.0,489.0,247.0,176.0,3.0,0.0,283.0,186.0,551.0,75.0,442.0,224.0,5.0,161.0,0.0,8.0,0.0,0.0,0.0,0.0,0.0,0.0,0.0,0.0,0.0,0.0,0.0,0.0,0.0,0.0,0.0,0.0,0.0,0.0,0.0,1.0,0.0,0.0,0.0,0.0,0.0,0.0,0.0,0.0,0.0,0.0,0.0,0.0,0.0,0.0,0.0,0.0,0.0,0.0,0.0,0.0,0.0,0.0,0.0,0.0,1.0,0.0,0.0
50,235327570.0,0.0,0.0,0.0,0.0,2.0,0.0,0.0,0.0,0.0,0.0,0.0,0.0,0.0,0.0,0.0,0.0,0.0,0.0,0.0,2.0,0.0,0.0,1.0,0.0,1.0,0.0,0.0,0.0,1.0,0.0,0.0,0.0,0.0,0.0,0.0,0.0,5.0,0.0,0.0,5.0,1.0,0.0,0.0,7.0,15.0,15.0,8.0,22.0,569.0,0.0,23.0,4.0,21.0,0.0,22.0,13.0,5.0,12.0,16.0,360.0,7.0,8.0,320.0,33.0,9.0,24.0,25.0,748.0,1.0,783.0,40.0,99.0,18.0,736.0,325.0,131.0,20.0,15.0,2.0,131.0,34.0,744.0,10.0,293.0,102.0,8.0,14.0,0.0,2.0,0.0,0.0,0.0,1.0,0.0,0.0,0.0,0.0,0.0,0.0,0.0,0.0,0.0,1.0,0.0,0.0,0.0,0.0,0.0,1.0,0.0,0.0,0.0,0.0,0.0,0.0,0.0,0.0,0.0,0.0,0.0,0.0,0.0,0.0,0.0,0.0,0.0,0.0,0.0,0.0,0.0,0.0,0.0,0.0,3.0,0.0,0.0
51,235381655.0,2.0,0.0,0.0,0.0,2.0,0.0,2.0,1.0,0.0,1.0,0.0,0.0,0.0,0.0,0.0,0.0,0.0,0.0,0.0,1.0,1.0,0.0,0.0,0.0,0.0,0.0,0.0,0.0,0.0,0.0,0.0,0.0,0.0,0.0,0.0,0.0,12.0,1.0,0.0,6.0,0.0,0.0,0.0,3.0,11.0,6.0,3.0,8.0,8.0,23.0,0.0,2.0,13.0,0.0,18.0,5.0,2.0,7.0,13.0,9.0,0.0,6.0,11.0,14.0,2.0,22.0,19.0,8.0,0.0,8.0,17.0,16.0,11.0,14.0,10.0,23.0,8.0,15.0,1.0,19.0,6.0,8.0,4.0,7.0,6.0,3.0,12.0,0.0,0.0,0.0,0.0,0.0,1.0,0.0,0.0,0.0,0.0,0.0,0.0,0.0,0.0,0.0,0.0,0.0,0.0,0.0,0.0,0.0,0.0,0.0,0.0,0.0,0.0,0.0,3.0,0.0,0.0,0.0,0.0,0.0,0.0,2.0,0.0,0.0,0.0,0.0,0.0,0.0,0.0,0.0,0.0,0.0,0.0,5.0,0.0,0.0
52,235396430.0,0.0,0.0,0.0,0.0,0.0,0.0,0.0,0.0,0.0,1.0,0.0,0.0,0.0,0.0,0.0,0.0,0.0,0.0,0.0,0.0,0.0,0.0,0.0,0.0,0.0,0.0,0.0,0.0,0.0,0.0,0.0,0.0,0.0,0.0,0.0,0.0,32.0,0.0,0.0,0.0,0.0,0.0,0.0,113.0,477.0,468.0,6.0,22.0,167.0,4.0,2.0,0.0,9.0,0.0,13.0,530.0,560.0,568.0,7.0,0.0,10.0,3.0,234.0,11.0,529.0,445.0,512.0,1.0,71.0,2.0,443.0,12.0,8.0,1.0,192.0,223.0,566.0,3.0,0.0,501.0,528.0,1.0,99.0,355.0,450.0,7.0,513.0,1.0,2.0,0.0,0.0,0.0,0.0,0.0,0.0,0.0,0.0,0.0,0.0,0.0,0.0,0.0,0.0,0.0,0.0,0.0,0.0,0.0,0.0,0.0,0.0,0.0,0.0,0.0,0.0,0.0,0.0,0.0,0.0,0.0,0.0,0.0,0.0,0.0,0.0,1.0,0.0,0.0,0.0,0.0,0.0,0.0,0.0,1.0,0.0,0.0
53,235426208.0,1.0,0.0,0.0,0.0,1.0,0.0,0.0,0.0,0.0,0.0,1.0,0.0,0.0,0.0,0.0,0.0,0.0,0.0,0.0,0.0,0.0,1.0,1.0,0.0,0.0,0.0,0.0,0.0,0.0,0.0,0.0,0.0,0.0,0.0,0.0,0.0,17.0,0.0,0.0,2.0,0.0,0.0,0.0,9.0,20.0,43.0,5.0,23.0,25.0,21.0,13.0,9.0,0.0,0.0,15.0,41.0,12.0,35.0,3.0,18.0,12.0,9.0,24.0,6.0,11.0,57.0,45.0,22.0,3.0,21.0,45.0,20.0,10.0,22.0,20.0,17.0,39.0,13.0,3.0,44.0,34.0,22.0,5.0,19.0,37.0,9.0,51.0,0.0,2.0,0.0,0.0,0.0,0.0,0.0,0.0,0.0,0.0,0.0,0.0,0.0,0.0,0.0,0.0,0.0,0.0,0.0,0.0,0.0,0.0,0.0,0.0,0.0,0.0,0.0,1.0,0.0,0.0,0.0,0.0,0.0,0.0,0.0,0.0,0.0,0.0,0.0,0.0,0.0,0.0,0.0,0.0,0.0,0.0,1.0,0.0,0.0
54,235431252.0,0.0,0.0,0.0,0.0,0.0,0.0,0.0,0.0,0.0,0.0,0.0,0.0,0.0,0.0,0.0,0.0,0.0,0.0,0.0,0.0,0.0,0.0,0.0,0.0,0.0,0.0,0.0,0.0,0.0,0.0,0.0,0.0,0.0,0.0,0.0,0.0,0.0,0.0,0.0,0.0,0.0,0.0,0.0,0.0,0.0,0.0,0.0,0.0,0.0,0.0,0.0,0.0,0.0,0.0,0.0,0.0,0.0,0.0,0.0,0.0,0.0,0.0,0.0,0.0,0.0,0.0,0.0,0.0,0.0,0.0,0.0,0.0,0.0,0.0,0.0,0.0,0.0,0.0,0.0,0.0,0.0,0.0,0.0,0.0,0.0,0.0,0.0,0.0,0.0,0.0,0.0,0.0,0.0,0.0,0.0,0.0,0.0,0.0,0.0,0.0,0.0,0.0,0.0,0.0,0.0,0.0,0.0,0.0,0.0,0.0,0.0,0.0,0.0,0.0,0.0,0.0,0.0,0.0,0.0,0.0,0.0,0.0,0.0,0.0,0.0,0.0,0.0,0.0,0.0,0.0,0.0,0.0,0.0,0.0,0.0,0.0
55,235571847.0,0.0,0.0,0.0,0.0,2.0,0.0,0.0,0.0,1.0,0.0,0.0,0.0,0.0,0.0,0.0,0.0,0.0,0.0,0.0,0.0,0.0,0.0,0.0,0.0,0.0,0.0,1.0,0.0,1.0,0.0,0.0,0.0,0.0,0.0,0.0,0.0,8.0,0.0,0.0,3.0,0.0,0.0,0.0,4.0,26.0,34.0,3.0,24.0,35.0,22.0,18.0,13.0,15.0,0.0,0.0,31.0,18.0,33.0,3.0,23.0,6.0,9.0,32.0,13.0,16.0,36.0,29.0,18.0,2.0,18.0,32.0,17.0,6.0,19.0,30.0,24.0,32.0,9.0,2.0,32.0,30.0,15.0,6.0,19.0,37.0,3.0,34.0,0.0,8.0,0.0,0.0,0.0,1.0,0.0,0.0,0.0,0.0,0.0,0.0,0.0,0.0,0.0,0.0,0.0,0.0,0.0,0.0,0.0,0.0,0.0,0.0,0.0,0.0,0.0,0.0,0.0,0.0,0.0,0.0,0.0,0.0,0.0,0.0,0.0,0.0,0.0,0.0,0.0,0.0,0.0,0.0,0.0,0.0,4.0,0.0,0.0
56,235572234.0,0.0,0.0,0.0,0.0,0.0,0.0,0.0,0.0,0.0,1.0,0.0,0.0,0.0,0.0,0.0,0.0,0.0,0.0,0.0,0.0,0.0,0.0,0.0,0.0,0.0,0.0,1.0,0.0,0.0,0.0,0.0,0.0,0.0,0.0,0.0,0.0,48.0,0.0,0.0,0.0,0.0,0.0,0.0,124.0,462.0,1121.0,16.0,45.0,163.0,13.0,5.0,530.0,41.0,0.0,31.0,0.0,588.0,1322.0,18.0,6.0,24.0,7.0,228.0,21.0,494.0,1314.0,1318.0,1.0,71.0,5.0,1268.0,24.0,17.0,10.0,190.0,227.0,1184.0,11.0,0.0,1059.0,1296.0,10.0,111.0,336.0,890.0,15.0,1327.0,1.0,9.0,0.0,0.0,0.0,0.0,0.0,0.0,0.0,0.0,0.0,0.0,0.0,0.0,0.0,0.0,0.0,0.0,0.0,0.0,0.0,0.0,0.0,0.0,0.0,0.0,0.0,0.0,0.0,0.0,0.0,0.0,0.0,0.0,0.0,0.0,0.0,0.0,1.0,0.0,0.0,0.0,0.0,0.0,0.0,0.0,2.0,0.0,0.0
57,235573221.0,0.0,0.0,0.0,0.0,0.0,0.0,0.0,0.0,0.0,0.0,0.0,0.0,0.0,0.0,0.0,0.0,0.0,0.0,0.0,0.0,0.0,0.0,0.0,0.0,0.0,0.0,0.0,0.0,0.0,0.0,0.0,0.0,0.0,0.0,0.0,0.0,32.0,0.0,0.0,0.0,0.0,0.0,0.0,112.0,475.0,523.0,7.0,24.0,185.0,5.0,2.0,560.0,12.0,0.0,18.0,588.0,0.0,627.0,8.0,2.0,14.0,3.0,254.0,14.0,530.0,514.0,570.0,1.0,71.0,2.0,509.0,15.0,7.0,2.0,212.0,227.0,625.0,2.0,0.0,546.0,589.0,3.0,97.0,351.0,512.0,7.0,575.0,0.0,6.0,0.0,0.0,0.0,0.0,0.0,0.0,0.0,0.0,0.0,0.0,0.0,0.0,0.0,0.0,0.0,0.0,0.0,0.0,0.0,0.0,0.0,0.0,0.0,0.0,0.0,0.0,0.0,0.0,0.0,0.0,0.0,0.0,0.0,0.0,0.0,0.0,0.0,0.0,0.0,0.0,0.0,0.0,0.0,0.0,1.0,0.0,0.0
58,235573919.0,0.0,0.0,0.0,2.0,1.0,0.0,0.0,0.0,0.0,1.0,0.0,0.0,0.0,0.0,0.0,0.0,0.0,0.0,0.0,0.0,0.0,0.0,0.0,0.0,0.0,0.0,1.0,0.0,0.0,0.0,0.0,0.0,0.0,0.0,0.0,0.0,49.0,0.0,0.0,2.0,0.0,0.0,0.0,126.0,495.0,1078.0,15.0,42.0,170.0,12.0,7.0,568.0,35.0,0.0,33.0,1322.0,627.0,0.0,16.0,9.0,25.0,5.0,240.0,23.0,532.0,1235.0,1256.0,1.0,71.0,6.0,1158.0,22.0,20.0,6.0,198.0,240.0,1140.0,6.0,2.0,1016.0,1236.0,11.0,110.0,359.0,851.0,13.0,1211.0,1.0,10.0,0.0,0.0,0.0,1.0,0.0,0.0,0.0,0.0,0.0,0.0,0.0,0.0,0.0,1.0,0.0,0.0,0.0,0.0,0.0,0.0,0.0,0.0,0.0,0.0,0.0,1.0,0.0,0.0,0.0,0.0,0.0,0.0,0.0,0.0,0.0,0.0,1.0,0.0,0.0,0.0,0.0,0.0,0.0,0.0,2.0,0.0,0.0
59,235576757.0,0.0,0.0,0.0,0.0,1.0,0.0,0.0,0.0,0.0,0.0,0.0,0.0,0.0,0.0,0.0,0.0,0.0,0.0,0.0,0.0,0.0,0.0,0.0,0.0,0.0,0.0,0.0,0.0,0.0,0.0,0.0,0.0,0.0,0.0,0.0,1.0,0.0,0.0,0.0,1.0,0.0,0.0,0.0,2.0,8.0,15.0,0.0,0.0,19.0,16.0,13.0,7.0,3.0,0.0,3.0,18.0,8.0,16.0,0.0,3.0,0.0,2.0,6.0,31.0,8.0,43.0,40.0,15.0,0.0,14.0,19.0,28.0,1.0,14.0,4.0,30.0,14.0,6.0,0.0,45.0,18.0,13.0,3.0,5.0,12.0,1.0,18.0,0.0,1.0,0.0,0.0,0.0,0.0,0.0,0.0,0.0,0.0,0.0,0.0,0.0,0.0,0.0,0.0,0.0,0.0,0.0,0.0,0.0,0.0,0.0,0.0,0.0,0.0,0.0,0.0,0.0,0.0,0.0,0.0,0.0,0.0,0.0,0.0,0.0,0.0,0.0,0.0,0.0,0.0,0.0,0.0,0.0,0.0,0.0,0.0,0.0
60,235589107.0,0.0,0.0,0.0,0.0,3.0,0.0,0.0,0.0,1.0,0.0,0.0,0.0,0.0,0.0,0.0,0.0,0.0,0.0,2.0,1.0,1.0,0.0,0.0,0.0,0.0,0.0,0.0,0.0,0.0,0.0,0.0,0.0,0.0,0.0,0.0,0.0,6.0,0.0,0.0,3.0,0.0,0.0,0.0,3.0,12.0,12.0,4.0,22.0,365.0,360.0,9.0,0.0,18.0,0.0,23.0,6.0,2.0,9.0,3.0,0.0,9.0,3.0,824.0,14.0,4.0,8.0,5.0,393.0,0.0,357.0,47.0,16.0,13.0,392.0,844.0,14.0,19.0,6.0,1.0,173.0,53.0,398.0,8.0,760.0,12.0,3.0,7.0,0.0,2.0,0.0,0.0,0.0,0.0,0.0,0.0,0.0,0.0,1.0,0.0,0.0,0.0,0.0,0.0,0.0,0.0,0.0,0.0,0.0,0.0,0.0,0.0,0.0,0.0,0.0,0.0,0.0,0.0,0.0,0.0,0.0,0.0,0.0,0.0,0.0,0.0,0.0,0.0,0.0,0.0,0.0,0.0,0.0,0.0,3.0,0.0,0.0
61,235590945.0,0.0,0.0,0.0,0.0,0.0,0.0,0.0,0.0,1.0,0.0,0.0,0.0,0.0,0.0,0.0,0.0,0.0,0.0,0.0,0.0,0.0,0.0,1.0,0.0,0.0,0.0,0.0,0.0,0.0,0.0,0.0,0.0,0.0,0.0,0.0,0.0,0.0,0.0,0.0,0.0,0.0,0.0,0.0,1.0,10.0,26.0,2.0,11.0,14.0,7.0,0.0,10.0,12.0,0.0,6.0,24.0,14.0,25.0,0.0,9.0,0.0,1.0,19.0,9.0,11.0,24.0,24.0,12.0,0.0,9.0,20.0,19.0,1.0,5.0,14.0,8.0,28.0,1.0,1.0,30.0,20.0,8.0,0.0,12.0,25.0,2.0,22.0,0.0,6.0,0.0,0.0,0.0,0.0,0.0,0.0,0.0,0.0,0.0,0.0,0.0,0.0,0.0,0.0,0.0,0.0,0.0,0.0,0.0,0.0,0.0,0.0,0.0,0.0,0.0,0.0,0.0,0.0,0.0,0.0,0.0,0.0,0.0,0.0,0.0,0.0,0.0,0.0,0.0,0.0,0.0,0.0,0.0,0.0,0.0,1.0,0.0
62,235593353.0,0.0,0.0,0.0,0.0,0.0,0.0,0.0,0.0,1.0,1.0,1.0,0.0,0.0,0.0,0.0,0.0,0.0,0.0,0.0,0.0,0.0,1.0,1.0,0.0,0.0,0.0,0.0,1.0,1.0,0.0,0.0,1.0,0.0,0.0,0.0,0.0,10.0,0.0,0.0,2.0,0.0,0.0,0.0,2.0,8.0,3.0,0.0,5.0,4.0,8.0,6.0,3.0,9.0,0.0,9.0,7.0,3.0,5.0,2.0,3.0,1.0,0.0,6.0,0.0,3.0,4.0,3.0,2.0,1.0,2.0,4.0,2.0,8.0,7.0,9.0,8.0,3.0,10.0,2.0,4.0,3.0,2.0,2.0,4.0,4.0,0.0,2.0,0.0,0.0,0.0,0.0,0.0,0.0,0.0,0.0,0.0,0.0,2.0,0.0,0.0,0.0,0.0,0.0,0.0,0.0,0.0,0.0,0.0,0.0,0.0,0.0,0.0,0.0,0.0,2.0,0.0,0.0,0.0,0.0,0.0,0.0,0.0,0.0,0.0,1.0,0.0,0.0,0.0,0.0,0.0,0.0,0.0,0.0,3.0,0.0,0.0
