,0,1,2,3,4,5,6,7,8,9,10,11,12,13,14,15,16,17,18,19,20,21,22,23,24,25,26,27,28,29,30,31,32,33,34,35,36,37,38,39,40,41,42,43,44,45,46,47,48,49,50,51,52,53,54,55,56,57,58,59,60,61,62,63,64,65,66,67,68,69,70,71,72,73,74,75,76,77,78,79,80,81,82,83,84,85,86,87,88,89,90,91,92,93,94,95,96,97,98,99,100,101,102,103,104,105,106,107,108,109,110,111,112,113,114,115,116,117,118,119,120,121,122,123,124,125,126,127,128,129,130,131,132,133,134,135,136,137
0,-1.0,4970411.0,6567962.0,9378802.0,14079113.0,14104290.0,15088763.0,15253239.0,15964506.0,17032160.0,17624543.0,18585381.0,18594520.0,18669742.0,19692743.0,20006549.0,22240612.0,22550877.0,23934422.0,24531658.0,26048553.0,26399967.0,29527516.0,30887811.0,31137248.0,31238317.0,31622418.0,32816807.0,35707603.0,41548451.0,45794686.0,46605843.0,47573354.0,48955550.0,48989557.0,49323761.0,49416159.0,49923648.0,50645038.0,55312746.0,58570578.0,66680811.0,67208397.0,73052821.0,80293889.0,82912382.0,91760984.0,96551081.0,102766650.0,121141796.0,124203870.0,124407978.0,134971995.0,190323722.0,194008664.0,203533542.0,210824047.0,212295949.0,232084857.0,232181027.0,234958981.0,234986986.0,234987253.0,235002222.0,235017564.0,235038511.0,235381655.0,235572234.0,235573221.0,235573919.0,235600112.0,235619991.0,235628521.0,235629274.0,235632067.0,235635319.0,235635664.0,235636944.0,235644513.0,235654863.0,235659706.0,235659779.0,235660698.0,235663710.0,235665778.0,235667201.0,235667782.0,235677956.0,235678528.0,235679167.0,235682468.0,235691456.0,235693397.0,235708493.0,238169051.0,239065881.0,239539829.0,240401589.0,247012412.0,247022327.0,261905897.0,263022323.0,263224087.0,267454085.0,270934983.0,274515486.0,276228017.0,279039469.0,282256180.0,283718439.0,284645097.0,286252044.0,290649124.0,291113631.0,294523668.0,296818620.0,300644196.0,302039432.0,302144631.0,304677043.0,306380299.0,309097022.0,325249239.0,344839662.0,349146547.0,359509980.0,361525299.0,363763442.0,367808555.0,379753339.0,381696542.0,385004789.0,386045186.0,395911020.0,402037439.0,404099498.0,413096829.0,430459707.0
1,4970411.0,0.0,2.0,15.0,2.0,0.0,3.0,11.0,7.0,1.0,4.0,17.0,3.0,1.0,0.0,8.0,0.0,0.0,5.0,5.0,13.0,7.0,3.0,5.0,1.0,4.0,3.0,1.0,5.0,0.0,0.0,2.0,1.0,11.0,3.0,15.0,5.0,3.0,14.0,0.0,1.0,1.0,2.0,40.0,0.0,1.0,8.0,4.0,4.0,4.0,9.0,6.0,8.0,1.0,4.0,9.0,2.0,0.0,0.0,0.0,0.0,0.0,0.0,0.0,0.0,0.0,0.0,0.0,0.0,0.0,0.0,0.0,0.0,0.0,0.0,0.0,0.0,0.0,0.0,0.0,0.0,0.0,0.0,0.0,0.0,0.0,0.0,0.0,0.0,0.0,0.0,0.0,0.0,0.0,7.0,6.0,3.0,2.0,12.0,3.0,2.0,16.0,4.0,1.0,0.0,8.0,1.0,5.0,0.0,0.0,7.0,0.0,0.0,11.0,0.0,0.0,1.0,20.0,1.0,0.0,5.0,0.0,0.0,0.0,3.0,3.0,0.0,1.0,1.0,0.0,2.0,1.0,0.0,0.0,6.0,2.0,2.0,3.0
2,6567962.0,2.0,0.0,3.0,6.0,0.0,25.0,13.0,35.0,8.0,22.0,52.0,7.0,0.0,14.0,11.0,0.0,4.0,18.0,7.0,20.0,21.0,23.0,23.0,5.0,7.0,15.0,7.0,8.0,4.0,0.0,13.0,15.0,17.0,26.0,12.0,10.0,26.0,67.0,0.0,15.0,23.0,14.0,40.0,4.0,2.0,22.0,9.0,7.0,25.0,22.0,0.0,20.0,0.0,32.0,44.0,1.0,0.0,0.0,0.0,0.0,0.0,0.0,0.0,0.0,0.0,0.0,0.0,0.0,0.0,0.0,0.0,0.0,0.0,0.0,0.0,0.0,0.0,0.0,0.0,0.0,0.0,0.0,0.0,0.0,0.0,0.0,0.0,0.0,0.0,0.0,0.0,0.0,0.0,10.0,37.0,17.0,8.0,27.0,8.0,13.0,18.0,28.0,12.0,0.0,46.0,0.0,1.0,0.0,2.0,56.0,2.0,0.0,14.0,0.0,1.0,4.0,42.0,0.0,0.0,2.0,1.0,18.0,2.0,19.0,12.0,0.0,16.0,3.0,0.0,1.0,4.0,1.0,0.0,12.0,7.0,7.0,51.0
3,9378802.0,15.0,3.0,0.0,6.0,5.0,58.0,147.0,9.0,3.0,9.0,41.0,5.0,0.0,9.0,70.0,0.0,8.0,28.0,74.0,188.0,38.0,24.0,11.0,2.0,44.0,9.0,5.0,64.0,0.0,0.0,0.0,1.0,18.0,13.0,74.0,15.0,9.0,59.0,1.0,3.0,29.0,2.0,91.0,0.0,0.0,14.0,2.0,36.0,18.0,44.0,6.0,37.0,1.0,30.0,119.0,1.0,1.0,0.0,0.0,0.0,0.0,0.0,0.0,0.0,0.0,0.0,0.0,0.0,0.0,0.0,0.0,0.0,0.0,0.0,0.0,0.0,0.0,0.0,0.0,0.0,0.0,0.0,0.0,0.0,0.0,0.0,0.0,0.0,0.0,0.0,0.0,0.0,0.0,60.0,14.0,2.0,10.0,104.0,39.0,7.0,68.0,10.0,2.0,0.0,25.0,0.0,8.0,0.0,0.0,39.0,9.0,4.0,32.0,0.0,8.0,3.0,73.0,5.0,1.0,9.0,0.0,16.0,3.0,0.0,24.0,0.0,2.0,2.0,0.0,3.0,1.0,0.0,4.0,41.0,1.0,5.0,25.0
4,14079113.0,2.0,6.0,6.0,0.0,4.0,15.0,4.0,16.0,13.0,18.0,68.0,12.0,1.0,14.0,47.0,0.0,6.0,11.0,11.0,17.0,9.0,15.0,6.0,3.0,24.0,6.0,5.0,14.0,2.0,0.0,5.0,3.0,9.0,7.0,8.0,7.0,10.0,33.0,0.0,5.0,15.0,6.0,18.0,2.0,3.0,8.0,3.0,14.0,50.0,15.0,1.0,18.0,0.0,6.0,29.0,1.0,1.0,0.0,0.0,0.0,0.0,0.0,0.0,0.0,0.0,0.0,0.0,0.0,0.0,0.0,0.0,0.0,0.0,0.0,0.0,0.0,0.0,1.0,0.0,0.0,0.0,0.0,0.0,0.0,0.0,0.0,0.0,0.0,0.0,0.0,0.0,0.0,0.0,7.0,12.0,4.0,4.0,12.0,6.0,2.0,26.0,7.0,8.0,0.0,11.0,0.0,2.0,0.0,1.0,43.0,0.0,0.0,9.0,0.0,2.0,5.0,29.0,0.0,0.0,1.0,1.0,9.0,1.0,3.0,9.0,0.0,6.0,5.0,0.0,4.0,3.0,1.0,5.0,8.0,2.0,6.0,24.0
5,14104290.0,0.0,0.0,5.0,4.0,0.0,43.0,24.0,91.0,50.0,26.0,52.0,2.0,0.0,26.0,22.0,0.0,4.0,29.0,3.0,34.0,4.0,64.0,5.0,2.0,21.0,7.0,6.0,0.0,3.0,0.0,5.0,64.0,12.0,22.0,9.0,5.0,56.0,65.0,2.0,17.0,15.0,40.0,34.0,2.0,25.0,16.0,0.0,7.0,12.0,5.0,0.0,315.0,0.0,4.0,14.0,0.0,0.0,0.0,0.0,0.0,0.0,0.0,0.0,0.0,0.0,0.0,0.0,0.0,1.0,1.0,0.0,0.0,0.0,0.0,0.0,0.0,0.0,1.0,0.0,0.0,0.0,0.0,0.0,0.0,0.0,0.0,0.0,0.0,0.0,0.0,0.0,0.0,0.0,7.0,19.0,7.0,0.0,7.0,11.0,1.0,31.0,29.0,41.0,0.0,17.0,0.0,0.0,0.0,0.0,20.0,0.0,0.0,6.0,0.0,0.0,12.0,72.0,0.0,0.0,4.0,1.0,1.0,0.0,1.0,10.0,0.0,6.0,3.0,0.0,5.0,1.0,0.0,8.0,7.0,1.0,4.0,211.0
6,15088763.0,3.0,25.0,58.0,15.0,43.0,0.0,82.0,85.0,31.0,37.0,105.0,15.0,1.0,28.0,30.0,0.0,12.0,52.0,102.0,90.0,36.0,60.0,26.0,8.0,134.0,29.0,9.0,17.0,1.0,1.0,14.0,27.0,31.0,56.0,27.0,18.0,45.0,128.0,2.0,19.0,77.0,28.0,85.0,3.0,5.0,32.0,6.0,23.0,59.0,32.0,1.0,102.0,0.0,39.0,88.0,2.0,6.0,0.0,0.0,0.0,0.0,0.0,0.0,0.0,0.0,0.0,0.0,0.0,0.0,0.0,0.0,0.0,0.0,0.0,0.0,0.0,0.0,1.0,0.0,0.0,0.0,0.0,0.0,0.0,0.0,0.0,0.0,0.0,0.0,1.0,0.0,0.0,0.0,48.0,27.0,19.0,10.0,75.0,9.0,11.0,155.0,37.0,23.0,0.0,35.0,0.0,8.0,0.0,0.0,75.0,2.0,6.0,22.0,0.0,4.0,13.0,114.0,1.0,0.0,4.0,0.0,27.0,6.0,14.0,27.0,0.0,7.0,3.0,1.0,5.0,4.0,1.0,11.0,21.0,6.0,2.0,138.0
7,15253239.0,11.0,13.0,147.0,4.0,24.0,82.0,0.0,42.0,19.0,38.0,103.0,20.0,1.0,24.0,199.0,2.0,13.0,64.0,107.0,270.0,105.0,42.0,33.0,9.0,100.0,44.0,19.0,122.0,2.0,0.0,14.0,27.0,76.0,111.0,208.0,86.0,76.0,139.0,2.0,18.0,75.0,16.0,198.0,8.0,8.0,78.0,13.0,89.0,37.0,142.0,52.0,98.0,23.0,90.0,343.0,18.0,3.0,0.0,0.0,0.0,0.0,0.0,0.0,0.0,0.0,0.0,0.0,0.0,0.0,0.0,0.0,0.0,0.0,0.0,0.0,0.0,0.0,1.0,0.0,0.0,0.0,0.0,1.0,0.0,0.0,0.0,0.0,0.0,0.0,0.0,0.0,0.0,0.0,145.0,79.0,14.0,18.0,293.0,97.0,23.0,168.0,58.0,16.0,0.0,145.0,3.0,46.0,0.0,2.0,111.0,15.0,5.0,96.0,0.0,21.0,51.0,159.0,7.0,4.0,22.0,0.0,56.0,4.0,14.0,47.0,0.0,17.0,8.0,1.0,20.0,10.0,0.0,4.0,228.0,8.0,11.0,74.0
8,15964506.0,7.0,35.0,9.0,16.0,91.0,85.0,42.0,0.0,86.0,59.0,133.0,10.0,5.0,38.0,36.0,0.0,10.0,76.0,18.0,42.0,49.0,104.0,37.0,14.0,52.0,37.0,12.0,13.0,13.0,1.0,26.0,71.0,54.0,62.0,31.0,30.0,103.0,179.0,7.0,89.0,41.0,42.0,114.0,11.0,55.0,56.0,29.0,23.0,49.0,42.0,5.0,199.0,1.0,48.0,62.0,8.0,4.0,0.0,0.0,0.0,0.0,0.0,0.0,0.0,0.0,0.0,1.0,0.0,0.0,0.0,0.0,0.0,0.0,1.0,0.0,0.0,0.0,2.0,0.0,0.0,0.0,0.0,1.0,0.0,1.0,0.0,0.0,0.0,0.0,0.0,0.0,0.0,0.0,46.0,99.0,49.0,17.0,56.0,25.0,18.0,97.0,61.0,42.0,0.0,88.0,1.0,9.0,0.0,5.0,90.0,2.0,5.0,49.0,0.0,6.0,29.0,120.0,4.0,0.0,7.0,3.0,28.0,5.0,29.0,22.0,0.0,35.0,12.0,0.0,13.0,8.0,1.0,14.0,27.0,10.0,20.0,215.0
9,17032160.0,1.0,8.0,3.0,13.0,50.0,31.0,19.0,86.0,0.0,32.0,83.0,3.0,4.0,26.0,13.0,0.0,8.0,32.0,4.0,27.0,19.0,22.0,10.0,11.0,12.0,13.0,11.0,3.0,2.0,0.0,13.0,39.0,13.0,14.0,8.0,10.0,35.0,44.0,3.0,26.0,20.0,15.0,35.0,5.0,23.0,24.0,5.0,17.0,17.0,9.0,1.0,89.0,0.0,11.0,17.0,2.0,11.0,0.0,0.0,0.0,0.0,0.0,1.0,1.0,0.0,1.0,0.0,0.0,0.0,1.0,0.0,0.0,0.0,0.0,0.0,0.0,0.0,2.0,0.0,1.0,0.0,0.0,0.0,1.0,0.0,0.0,0.0,0.0,0.0,0.0,1.0,0.0,0.0,6.0,33.0,11.0,6.0,14.0,8.0,2.0,25.0,20.0,43.0,0.0,25.0,0.0,4.0,0.0,0.0,23.0,3.0,6.0,11.0,0.0,0.0,9.0,41.0,2.0,0.0,4.0,0.0,6.0,2.0,4.0,20.0,1.0,10.0,6.0,0.0,8.0,3.0,1.0,15.0,6.0,2.0,9.0,111.0
10,17624543.0,4.0,22.0,9.0,18.0,26.0,37.0,38.0,59.0,32.0,0.0,65.0,11.0,2.0,29.0,45.0,0.0,10.0,38.0,15.0,42.0,25.0,40.0,42.0,7.0,35.0,16.0,10.0,13.0,6.0,0.0,11.0,27.0,39.0,33.0,36.0,26.0,48.0,120.0,1.0,19.0,33.0,25.0,58.0,5.0,11.0,34.0,8.0,22.0,32.0,30.0,3.0,64.0,1.0,28.0,89.0,4.0,2.0,0.0,0.0,0.0,0.0,0.0,0.0,0.0,0.0,0.0,0.0,0.0,0.0,0.0,0.0,0.0,0.0,0.0,0.0,0.0,0.0,1.0,0.0,0.0,0.0,0.0,0.0,0.0,0.0,0.0,0.0,0.0,0.0,0.0,0.0,0.0,0.0,28.0,34.0,19.0,9.0,46.0,22.0,8.0,50.0,61.0,28.0,0.0,71.0,0.0,8.0,0.0,0.0,55.0,2.0,4.0,23.0,0.0,3.0,15.0,73.0,3.0,0.0,5.0,3.0,26.0,3.0,12.0,35.0,0.0,17.0,11.0,0.0,7.0,3.0,1.0,4.0,25.0,7.0,9.0,90.0
11,18585381.0,17.0,52.0,41.0,68.0,52.0,105.0,103.0,133.0,83.0,65.0,0.0,69.0,4.0,61.0,156.0,0.0,14.0,99.0,69.0,196.0,120.0,105.0,43.0,12.0,105.0,44.0,22.0,106.0,5.0,1.0,27.0,45.0,57.0,81.0,77.0,46.0,78.0,238.0,2.0,48.0,102.0,34.0,230.0,11.0,26.0,120.0,30.0,148.0,210.0,118.0,8.0,126.0,2.0,85.0,137.0,7.0,16.0,0.0,0.0,0.0,0.0,0.0,0.0,0.0,0.0,0.0,0.0,0.0,0.0,0.0,0.0,0.0,0.0,0.0,0.0,0.0,0.0,2.0,0.0,1.0,0.0,0.0,1.0,1.0,0.0,0.0,0.0,0.0,0.0,0.0,0.0,0.0,0.0,120.0,96.0,44.0,45.0,110.0,51.0,19.0,130.0,48.0,34.0,0.0,100.0,2.0,11.0,0.0,4.0,286.0,12.0,14.0,55.0,0.0,25.0,23.0,240.0,19.0,0.0,42.0,19.0,47.0,20.0,26.0,100.0,1.0,38.0,42.0,0.0,11.0,9.0,1.0,24.0,50.0,9.0,111.0,190.0
12,18594520.0,3.0,7.0,5.0,12.0,2.0,15.0,20.0,10.0,3.0,11.0,69.0,0.0,0.0,12.0,31.0,0.0,1.0,16.0,8.0,21.0,15.0,12.0,9.0,0.0,25.0,9.0,6.0,19.0,1.0,0.0,2.0,0.0,19.0,17.0,23.0,11.0,12.0,28.0,1.0,1.0,9.0,3.0,36.0,1.0,3.0,17.0,6.0,30.0,21.0,23.0,6.0,11.0,1.0,13.0,36.0,3.0,3.0,0.0,0.0,0.0,0.0,0.0,0.0,0.0,0.0,0.0,0.0,0.0,0.0,0.0,0.0,0.0,0.0,0.0,0.0,0.0,0.0,0.0,0.0,0.0,0.0,0.0,0.0,0.0,0.0,0.0,0.0,0.0,0.0,0.0,0.0,0.0,0.0,8.0,17.0,2.0,11.0,32.0,17.0,4.0,15.0,4.0,7.0,0.0,22.0,1.0,5.0,0.0,2.0,42.0,3.0,2.0,14.0,0.0,3.0,5.0,39.0,5.0,0.0,5.0,3.0,10.0,7.0,11.0,28.0,0.0,10.0,11.0,0.0,1.0,2.0,1.0,2.0,16.0,4.0,8.0,21.0
13,18669742.0,1.0,0.0,0.0,1.0,0.0,1.0,1.0,5.0,4.0,2.0,4.0,0.0,0.0,1.0,1.0,0.0,0.0,2.0,0.0,2.0,0.0,1.0,2.0,0.0,0.0,1.0,2.0,0.0,1.0,0.0,1.0,0.0,3.0,1.0,3.0,3.0,2.0,7.0,1.0,2.0,1.0,2.0,1.0,0.0,1.0,2.0,2.0,0.0,0.0,1.0,0.0,1.0,0.0,2.0,2.0,0.0,0.0,0.0,0.0,0.0,0.0,0.0,0.0,0.0,0.0,0.0,0.0,0.0,0.0,0.0,1.0,0.0,0.0,0.0,0.0,0.0,0.0,0.0,0.0,0.0,0.0,0.0,0.0,0.0,0.0,0.0,0.0,0.0,0.0,0.0,0.0,0.0,0.0,3.0,2.0,3.0,3.0,1.0,1.0,0.0,3.0,4.0,1.0,0.0,2.0,0.0,1.0,0.0,0.0,1.0,0.0,0.0,3.0,0.0,1.0,0.0,2.0,1.0,0.0,0.0,0.0,1.0,1.0,1.0,3.0,1.0,2.0,4.0,0.0,1.0,0.0,0.0,1.0,1.0,0.0,2.0,3.0
14,19692743.0,0.0,14.0,9.0,14.0,26.0,28.0,24.0,38.0,26.0,29.0,61.0,12.0,1.0,0.0,39.0,0.0,2.0,25.0,14.0,28.0,14.0,33.0,12.0,5.0,16.0,14.0,4.0,13.0,5.0,0.0,10.0,21.0,16.0,22.0,16.0,9.0,23.0,56.0,2.0,12.0,19.0,12.0,28.0,2.0,10.0,25.0,4.0,6.0,32.0,15.0,3.0,48.0,0.0,18.0,32.0,0.0,1.0,0.0,0.0,0.0,0.0,0.0,0.0,0.0,0.0,0.0,0.0,0.0,0.0,0.0,0.0,0.0,0.0,0.0,0.0,0.0,0.0,1.0,0.0,0.0,0.0,0.0,0.0,0.0,0.0,0.0,0.0,0.0,0.0,0.0,0.0,0.0,0.0,12.0,23.0,15.0,6.0,23.0,15.0,3.0,22.0,21.0,24.0,0.0,26.0,0.0,2.0,0.0,1.0,25.0,4.0,3.0,11.0,0.0,1.0,7.0,43.0,2.0,0.0,5.0,3.0,14.0,2.0,6.0,1.0,0.0,10.0,1.0,0.0,11.0,2.0,0.0,8.0,12.0,1.0,10.0,63.0
15,20006549.0,8.0,11.0,70.0,47.0,22.0,30.0,199.0,36.0,13.0,45.0,156.0,31.0,1.0,39.0,0.0,0.0,13.0,38.0,53.0,191.0,98.0,48.0,26.0,2.0,119.0,34.0,23.0,150.0,0.0,0.0,92.0,10.0,58.0,116.0,237.0,87.0,63.0,163.0,0.0,11.0,42.0,9.0,159.0,7.0,2.0,51.0,5.0,61.0,166.0,177.0,39.0,74.0,14.0,71.0,297.0,19.0,1.0,0.0,0.0,0.0,0.0,0.0,0.0,0.0,0.0,0.0,0.0,0.0,0.0,0.0,0.0,0.0,0.0,0.0,0.0,0.0,0.0,1.0,0.0,0.0,0.0,0.0,0.0,0.0,0.0,0.0,0.0,0.0,0.0,0.0,0.0,0.0,0.0,70.0,80.0,10.0,18.0,254.0,171.0,16.0,132.0,53.0,6.0,0.0,137.0,1.0,55.0,0.0,2.0,163.0,5.0,0.0,119.0,0.0,9.0,60.0,147.0,13.0,4.0,27.0,2.0,56.0,4.0,22.0,87.0,0.0,31.0,17.0,0.0,17.0,3.0,1.0,2.0,214.0,16.0,29.0,61.0
16,22240612.0,0.0,0.0,0.0,0.0,0.0,0.0,2.0,0.0,0.0,0.0,0.0,0.0,0.0,0.0,0.0,0.0,0.0,0.0,0.0,0.0,0.0,0.0,0.0,0.0,0.0,1.0,0.0,0.0,0.0,0.0,0.0,0.0,0.0,0.0,0.0,2.0,5.0,1.0,0.0,1.0,0.0,0.0,3.0,1.0,0.0,0.0,0.0,0.0,0.0,4.0,0.0,0.0,0.0,0.0,0.0,1.0,0.0,0.0,0.0,0.0,0.0,0.0,0.0,0.0,0.0,0.0,0.0,0.0,0.0,0.0,0.0,0.0,0.0,0.0,0.0,0.0,0.0,0.0,0.0,0.0,0.0,0.0,0.0,0.0,0.0,0.0,0.0,0.0,0.0,0.0,0.0,0.0,0.0,0.0,1.0,0.0,0.0,2.0,0.0,1.0,0.0,0.0,0.0,0.0,8.0,0.0,2.0,0.0,0.0,0.0,0.0,0.0,1.0,0.0,0.0,0.0,0.0,0.0,0.0,0.0,0.0,0.0,0.0,2.0,0.0,0.0,0.0,0.0,0.0,0.0,2.0,0.0,0.0,0.0,0.0,0.0,0.0
17,22550877.0,0.0,4.0,8.0,6.0,4.0,12.0,13.0,10.0,8.0,10.0,14.0,1.0,0.0,2.0,13.0,0.0,0.0,11.0,4.0,10.0,4.0,24.0,5.0,6.0,14.0,10.0,0.0,5.0,0.0,1.0,4.0,3.0,6.0,13.0,12.0,3.0,13.0,33.0,1.0,7.0,12.0,3.0,15.0,1.0,0.0,9.0,6.0,8.0,7.0,3.0,0.0,8.0,0.0,8.0,25.0,2.0,1.0,0.0,0.0,0.0,0.0,0.0,0.0,0.0,0.0,0.0,0.0,0.0,0.0,0.0,0.0,1.0,0.0,0.0,0.0,0.0,0.0,0.0,0.0,0.0,0.0,0.0,1.0,1.0,0.0,0.0,0.0,0.0,0.0,0.0,0.0,0.0,0.0,3.0,14.0,5.0,2.0,9.0,3.0,4.0,15.0,8.0,7.0,0.0,6.0,0.0,2.0,0.0,0.0,11.0,0.0,0.0,5.0,0.0,0.0,6.0,11.0,2.0,0.0,0.0,0.0,4.0,2.0,3.0,24.0,0.0,3.0,5.0,0.0,2.0,1.0,1.0,3.0,6.0,1.0,2.0,17.0
18,23934422.0,5.0,18.0,28.0,11.0,29.0,52.0,64.0,76.0,32.0,38.0,99.0,16.0,2.0,25.0,38.0,0.0,11.0,0.0,32.0,83.0,34.0,44.0,103.0,14.0,50.0,19.0,11.0,24.0,4.0,0.0,13.0,23.0,38.0,36.0,56.0,54.0,38.0,247.0,12.0,43.0,92.0,20.0,91.0,8.0,17.0,41.0,8.0,29.0,31.0,45.0,1.0,117.0,1.0,44.0,91.0,10.0,7.0,0.0,0.0,0.0,0.0,0.0,0.0,0.0,0.0,2.0,0.0,0.0,0.0,0.0,0.0,1.0,0.0,0.0,0.0,0.0,0.0,2.0,0.0,1.0,0.0,0.0,0.0,1.0,1.0,0.0,0.0,0.0,0.0,0.0,0.0,0.0,0.0,105.0,50.0,23.0,12.0,69.0,24.0,15.0,131.0,52.0,33.0,0.0,61.0,0.0,16.0,0.0,2.0,57.0,8.0,47.0,59.0,0.0,9.0,16.0,86.0,7.0,0.0,11.0,1.0,30.0,7.0,19.0,25.0,0.0,23.0,11.0,0.0,10.0,6.0,1.0,26.0,38.0,8.0,5.0,94.0
19,24531658.0,5.0,7.0,74.0,11.0,3.0,102.0,107.0,18.0,4.0,15.0,69.0,8.0,0.0,14.0,53.0,0.0,4.0,32.0,0.0,130.0,23.0,38.0,10.0,2.0,69.0,13.0,10.0,46.0,1.0,0.0,8.0,5.0,18.0,19.0,39.0,21.0,11.0,67.0,1.0,1.0,40.0,4.0,67.0,0.0,2.0,13.0,4.0,24.0,44.0,24.0,3.0,34.0,1.0,35.0,90.0,1.0,1.0,0.0,0.0,0.0,0.0,0.0,0.0,0.0,0.0,0.0,0.0,0.0,0.0,0.0,0.0,0.0,0.0,0.0,0.0,0.0,0.0,0.0,0.0,0.0,0.0,0.0,0.0,0.0,0.0,0.0,0.0,0.0,0.0,0.0,0.0,0.0,0.0,43.0,14.0,11.0,5.0,77.0,18.0,9.0,92.0,10.0,3.0,0.0,24.0,0.0,8.0,0.0,0.0,53.0,8.0,1.0,19.0,0.0,9.0,4.0,103.0,2.0,0.0,11.0,2.0,22.0,5.0,5.0,27.0,0.0,2.0,4.0,2.0,6.0,1.0,0.0,1.0,20.0,1.0,3.0,48.0
20,26048553.0,13.0,20.0,188.0,17.0,34.0,90.0,270.0,42.0,27.0,42.0,196.0,21.0,2.0,28.0,191.0,0.0,10.0,83.0,130.0,0.0,187.0,66.0,30.0,5.0,96.0,26.0,22.0,121.0,5.0,0.0,12.0,15.0,50.0,53.0,207.0,65.0,49.0,190.0,2.0,7.0,94.0,25.0,287.0,3.0,8.0,66.0,9.0,136.0,62.0,165.0,31.0,154.0,16.0,96.0,244.0,11.0,30.0,0.0,0.0,0.0,0.0,0.0,0.0,0.0,0.0,0.0,0.0,0.0,0.0,0.0,0.0,0.0,0.0,0.0,0.0,0.0,0.0,0.0,0.0,0.0,0.0,0.0,0.0,0.0,0.0,0.0,0.0,0.0,0.0,0.0,0.0,0.0,0.0,191.0,72.0,16.0,24.0,299.0,81.0,16.0,230.0,47.0,19.0,0.0,94.0,0.0,53.0,0.0,2.0,128.0,26.0,20.0,111.0,0.0,36.0,43.0,253.0,8.0,2.0,33.0,6.0,67.0,13.0,16.0,147.0,0.0,13.0,17.0,1.0,9.0,11.0,1.0,23.0,178.0,9.0,21.0,178.0
21,26399967.0,7.0,21.0,38.0,9.0,4.0,36.0,105.0,49.0,19.0,25.0,120.0,15.0,0.0,14.0,98.0,0.0,4.0,34.0,23.0,187.0,0.0,35.0,27.0,3.0,31.0,19.0,25.0,75.0,3.0,0.0,11.0,10.0,34.0,31.0,84.0,46.0,38.0,76.0,0.0,12.0,33.0,12.0,163.0,2.0,6.0,49.0,10.0,97.0,24.0,140.0,50.0,37.0,22.0,58.0,123.0,27.0,10.0,0.0,0.0,0.0,0.0,0.0,0.0,0.0,0.0,0.0,0.0,0.0,0.0,0.0,0.0,0.0,0.0,0.0,0.0,0.0,0.0,1.0,0.0,0.0,0.0,0.0,1.0,0.0,0.0,0.0,0.0,0.0,0.0,0.0,0.0,0.0,0.0,80.0,56.0,9.0,14.0,164.0,44.0,12.0,102.0,35.0,9.0,0.0,64.0,2.0,51.0,0.0,3.0,93.0,16.0,0.0,68.0,0.0,15.0,32.0,101.0,3.0,3.0,22.0,2.0,48.0,3.0,18.0,52.0,0.0,16.0,11.0,0.0,6.0,4.0,1.0,5.0,120.0,12.0,14.0,69.0
22,29527516.0,3.0,23.0,24.0,15.0,64.0,60.0,42.0,104.0,22.0,40.0,105.0,12.0,1.0,33.0,48.0,0.0,24.0,44.0,38.0,66.0,35.0,0.0,20.0,12.0,90.0,31.0,6.0,33.0,5.0,0.0,16.0,23.0,30.0,58.0,45.0,19.0,53.0,146.0,3.0,35.0,36.0,26.0,107.0,6.0,27.0,55.0,12.0,24.0,39.0,30.0,0.0,193.0,0.0,50.0,72.0,4.0,2.0,0.0,0.0,0.0,0.0,0.0,0.0,0.0,0.0,0.0,0.0,0.0,0.0,0.0,0.0,0.0,0.0,0.0,0.0,0.0,0.0,1.0,0.0,0.0,0.0,0.0,0.0,0.0,0.0,0.0,0.0,0.0,0.0,0.0,0.0,0.0,0.0,29.0,48.0,19.0,14.0,59.0,24.0,7.0,87.0,37.0,29.0,0.0,53.0,0.0,6.0,0.0,4.0,89.0,1.0,1.0,33.0,0.0,3.0,15.0,143.0,4.0,0.0,2.0,1.0,29.0,3.0,13.0,36.0,0.0,19.0,12.0,0.0,5.0,4.0,1.0,11.0,34.0,3.0,8.0,172.0
23,30887811.0,5.0,23.0,11.0,6.0,5.0,26.0,33.0,37.0,10.0,42.0,43.0,9.0,2.0,12.0,26.0,0.0,5.0,103.0,10.0,30.0,27.0,20.0,0.0,6.0,17.0,17.0,8.0,15.0,3.0,0.0,8.0,12.0,29.0,30.0,34.0,31.0,30.0,105.0,1.0,22.0,37.0,12.0,54.0,6.0,4.0,26.0,9.0,9.0,21.0,47.0,10.0,31.0,0.0,36.0,49.0,9.0,0.0,0.0,0.0,0.0,0.0,0.0,0.0,0.0,0.0,0.0,0.0,0.0,0.0,0.0,0.0,0.0,0.0,0.0,0.0,0.0,0.0,2.0,0.0,0.0,0.0,0.0,0.0,0.0,0.0,0.0,0.0,0.0,0.0,0.0,0.0,0.0,0.0,65.0,37.0,14.0,8.0,42.0,20.0,14.0,70.0,30.0,8.0,0.0,40.0,0.0,19.0,0.0,2.0,45.0,2.0,9.0,54.0,0.0,6.0,10.0,43.0,2.0,2.0,4.0,1.0,28.0,2.0,19.0,10.0,0.0,14.0,5.0,0.0,3.0,7.0,1.0,2.0,35.0,9.0,5.0,36.0
24,31137248.0,1.0,5.0,2.0,3.0,2.0,8.0,9.0,14.0,11.0,7.0,12.0,0.0,0.0,5.0,2.0,0.0,6.0,14.0,2.0,5.0,3.0,12.0,6.0,0.0,1.0,3.0,0.0,4.0,1.0,0.0,6.0,7.0,6.0,5.0,2.0,6.0,4.0,21.0,27.0,32.0,6.0,4.0,9.0,5.0,6.0,6.0,1.0,0.0,5.0,5.0,3.0,21.0,0.0,5.0,3.0,0.0,1.0,0.0,0.0,0.0,0.0,0.0,0.0,1.0,0.0,0.0,0.0,0.0,0.0,0.0,0.0,1.0,0.0,1.0,0.0,0.0,0.0,1.0,0.0,1.0,0.0,1.0,2.0,2.0,3.0,0.0,1.0,0.0,0.0,1.0,0.0,0.0,0.0,5.0,10.0,22.0,1.0,4.0,1.0,2.0,11.0,8.0,19.0,0.0,7.0,0.0,0.0,0.0,1.0,12.0,0.0,12.0,7.0,0.0,0.0,2.0,14.0,0.0,0.0,1.0,0.0,1.0,1.0,2.0,0.0,0.0,5.0,0.0,0.0,8.0,1.0,0.0,12.0,3.0,2.0,1.0,21.0
25,31238317.0,4.0,7.0,44.0,24.0,21.0,134.0,100.0,52.0,12.0,35.0,105.0,25.0,0.0,16.0,119.0,0.0,14.0,50.0,69.0,96.0,31.0,90.0,17.0,1.0,0.0,49.0,14.0,67.0,1.0,1.0,13.0,20.0,32.0,153.0,114.0,32.0,42.0,128.0,2.0,21.0,111.0,13.0,95.0,2.0,11.0,44.0,7.0,49.0,51.0,43.0,2.0,97.0,1.0,46.0,179.0,2.0,2.0,0.0,0.0,0.0,0.0,0.0,0.0,0.0,0.0,0.0,0.0,0.0,0.0,0.0,0.0,0.0,0.0,0.0,0.0,0.0,0.0,0.0,0.0,0.0,0.0,0.0,1.0,0.0,0.0,0.0,0.0,0.0,0.0,0.0,0.0,0.0,0.0,43.0,29.0,14.0,9.0,105.0,42.0,10.0,158.0,36.0,12.0,0.0,60.0,2.0,13.0,0.0,1.0,128.0,5.0,2.0,39.0,0.0,6.0,23.0,117.0,1.0,0.0,5.0,1.0,44.0,8.0,13.0,57.0,0.0,7.0,6.0,0.0,12.0,3.0,1.0,7.0,61.0,5.0,7.0,75.0
26,31622418.0,3.0,15.0,9.0,6.0,7.0,29.0,44.0,37.0,13.0,16.0,44.0,9.0,1.0,14.0,34.0,1.0,10.0,19.0,13.0,26.0,19.0,31.0,17.0,3.0,49.0,0.0,2.0,34.0,4.0,0.0,14.0,14.0,28.0,47.0,35.0,24.0,38.0,55.0,1.0,17.0,32.0,12.0,64.0,7.0,5.0,24.0,4.0,22.0,20.0,21.0,7.0,30.0,0.0,31.0,38.0,5.0,0.0,0.0,0.0,0.0,0.0,0.0,0.0,0.0,0.0,0.0,0.0,0.0,0.0,0.0,0.0,0.0,0.0,0.0,0.0,0.0,0.0,1.0,0.0,0.0,0.0,0.0,0.0,0.0,0.0,0.0,0.0,0.0,0.0,0.0,0.0,0.0,0.0,14.0,40.0,18.0,7.0,36.0,19.0,9.0,34.0,23.0,7.0,0.0,40.0,0.0,10.0,0.0,2.0,43.0,2.0,0.0,21.0,0.0,4.0,17.0,37.0,3.0,0.0,6.0,0.0,21.0,1.0,13.0,13.0,0.0,16.0,1.0,0.0,8.0,9.0,1.0,2.0,22.0,2.0,17.0,34.0
27,32816807.0,1.0,7.0,5.0,5.0,6.0,9.0,19.0,12.0,11.0,10.0,22.0,6.0,2.0,4.0,23.0,0.0,0.0,11.0,10.0,22.0,25.0,6.0,8.0,0.0,14.0,2.0,0.0,10.0,0.0,0.0,1.0,2.0,11.0,7.0,18.0,22.0,14.0,24.0,0.0,0.0,9.0,7.0,29.0,0.0,1.0,8.0,4.0,14.0,7.0,23.0,9.0,9.0,2.0,12.0,29.0,5.0,2.0,0.0,0.0,0.0,0.0,0.0,0.0,0.0,0.0,0.0,0.0,0.0,0.0,0.0,0.0,0.0,0.0,0.0,0.0,0.0,0.0,0.0,0.0,0.0,0.0,0.0,0.0,0.0,0.0,0.0,0.0,0.0,0.0,0.0,0.0,0.0,0.0,12.0,28.0,4.0,4.0,34.0,11.0,5.0,29.0,6.0,2.0,0.0,17.0,1.0,13.0,0.0,0.0,22.0,3.0,1.0,19.0,0.0,2.0,14.0,23.0,1.0,1.0,2.0,2.0,3.0,3.0,12.0,12.0,1.0,9.0,4.0,1.0,2.0,0.0,0.0,2.0,32.0,5.0,3.0,17.0
28,35707603.0,5.0,8.0,64.0,14.0,0.0,17.0,122.0,13.0,3.0,13.0,106.0,19.0,0.0,13.0,150.0,0.0,5.0,24.0,46.0,121.0,75.0,33.0,15.0,4.0,67.0,34.0,10.0,0.0,1.0,0.0,5.0,2.0,38.0,42.0,98.0,44.0,29.0,74.0,0.0,6.0,27.0,4.0,116.0,7.0,1.0,44.0,6.0,70.0,63.0,82.0,9.0,25.0,3.0,52.0,131.0,5.0,2.0,0.0,0.0,0.0,0.0,0.0,0.0,0.0,0.0,0.0,0.0,0.0,0.0,0.0,0.0,0.0,0.0,0.0,0.0,0.0,0.0,0.0,0.0,0.0,0.0,0.0,0.0,0.0,0.0,0.0,0.0,0.0,0.0,0.0,0.0,0.0,0.0,49.0,25.0,6.0,7.0,127.0,75.0,12.0,64.0,21.0,5.0,0.0,66.0,0.0,19.0,0.0,2.0,107.0,9.0,1.0,59.0,0.0,4.0,12.0,89.0,1.0,2.0,15.0,0.0,33.0,0.0,8.0,32.0,0.0,11.0,2.0,0.0,18.0,2.0,1.0,2.0,82.0,2.0,10.0,28.0
29,41548451.0,0.0,4.0,0.0,2.0,3.0,1.0,2.0,13.0,2.0,6.0,5.0,1.0,1.0,5.0,0.0,0.0,0.0,4.0,1.0,5.0,3.0,5.0,3.0,1.0,1.0,4.0,0.0,1.0,0.0,0.0,5.0,5.0,6.0,6.0,3.0,5.0,7.0,15.0,8.0,15.0,3.0,4.0,7.0,1.0,39.0,10.0,1.0,2.0,4.0,1.0,0.0,7.0,1.0,5.0,6.0,0.0,0.0,0.0,0.0,0.0,0.0,0.0,0.0,0.0,0.0,0.0,0.0,0.0,0.0,0.0,0.0,0.0,0.0,0.0,0.0,0.0,0.0,0.0,0.0,0.0,0.0,0.0,0.0,0.0,0.0,0.0,0.0,0.0,0.0,0.0,0.0,0.0,0.0,0.0,12.0,6.0,2.0,7.0,6.0,0.0,4.0,9.0,1.0,0.0,8.0,0.0,0.0,0.0,1.0,7.0,0.0,0.0,2.0,0.0,0.0,1.0,8.0,0.0,0.0,0.0,0.0,4.0,1.0,3.0,0.0,0.0,2.0,0.0,0.0,2.0,1.0,0.0,0.0,3.0,0.0,4.0,7.0
30,45794686.0,0.0,0.0,0.0,0.0,0.0,1.0,0.0,1.0,0.0,0.0,1.0,0.0,0.0,0.0,0.0,0.0,1.0,0.0,0.0,0.0,0.0,0.0,0.0,0.0,1.0,0.0,0.0,0.0,0.0,0.0,0.0,0.0,0.0,0.0,0.0,0.0,0.0,0.0,1.0,0.0,0.0,0.0,0.0,0.0,0.0,0.0,0.0,0.0,0.0,0.0,0.0,0.0,0.0,0.0,0.0,0.0,0.0,0.0,0.0,0.0,0.0,0.0,0.0,0.0,0.0,0.0,0.0,0.0,1.0,0.0,0.0,0.0,0.0,0.0,0.0,0.0,0.0,0.0,0.0,0.0,0.0,0.0,1.0,0.0,0.0,0.0,0.0,0.0,0.0,0.0,0.0,0.0,0.0,0.0,0.0,2.0,0.0,0.0,0.0,0.0,0.0,0.0,2.0,0.0,0.0,0.0,0.0,0.0,0.0,0.0,0.0,0.0,0.0,0.0,0.0,0.0,0.0,0.0,0.0,0.0,0.0,0.0,1.0,0.0,0.0,0.0,0.0,0.0,0.0,0.0,0.0,0.0,1.0,0.0,0.0,0.0,0.0
31,46605843.0,2.0,13.0,0.0,5.0,5.0,14.0,14.0,26.0,13.0,11.0,27.0,2.0,1.0,10.0,92.0,0.0,4.0,13.0,8.0,12.0,11.0,16.0,8.0,6.0,13.0,14.0,1.0,5.0,5.0,0.0,0.0,15.0,18.0,25.0,14.0,10.0,17.0,46.0,0.0,11.0,12.0,10.0,25.0,6.0,6.0,17.0,5.0,4.0,14.0,5.0,1.0,18.0,0.0,17.0,28.0,0.0,0.0,0.0,0.0,0.0,0.0,0.0,0.0,0.0,0.0,0.0,0.0,0.0,0.0,0.0,0.0,0.0,0.0,0.0,0.0,0.0,0.0,1.0,0.0,0.0,0.0,0.0,0.0,0.0,0.0,0.0,0.0,0.0,0.0,0.0,0.0,0.0,0.0,5.0,25.0,16.0,2.0,13.0,5.0,2.0,13.0,21.0,5.0,0.0,22.0,0.0,1.0,0.0,2.0,19.0,0.0,0.0,9.0,0.0,0.0,9.0,24.0,1.0,0.0,1.0,0.0,8.0,0.0,5.0,5.0,0.0,12.0,4.0,0.0,3.0,3.0,0.0,1.0,8.0,1.0,7.0,21.0
32,47573354.0,1.0,15.0,1.0,3.0,64.0,27.0,27.0,71.0,39.0,27.0,45.0,0.0,0.0,21.0,10.0,0.0,3.0,23.0,5.0,15.0,10.0,23.0,12.0,7.0,20.0,14.0,2.0,2.0,5.0,0.0,15.0,0.0,17.0,51.0,21.0,7.0,63.0,87.0,4.0,30.0,22.0,28.0,31.0,5.0,17.0,23.0,2.0,8.0,16.0,8.0,3.0,162.0,0.0,11.0,23.0,1.0,1.0,0.0,0.0,0.0,0.0,0.0,0.0,0.0,0.0,0.0,0.0,0.0,0.0,0.0,0.0,0.0,0.0,0.0,0.0,0.0,0.0,1.0,0.0,0.0,0.0,0.0,0.0,0.0,0.0,0.0,0.0,0.0,0.0,0.0,0.0,0.0,0.0,6.0,37.0,18.0,2.0,25.0,13.0,3.0,22.0,29.0,54.0,0.0,33.0,1.0,0.0,0.0,2.0,32.0,0.0,0.0,11.0,0.0,0.0,16.0,73.0,1.0,0.0,2.0,0.0,8.0,0.0,7.0,3.0,0.0,8.0,2.0,0.0,10.0,3.0,0.0,6.0,13.0,1.0,8.0,167.0
33,48955550.0,11.0,17.0,18.0,9.0,12.0,31.0,76.0,54.0,13.0,39.0,57.0,19.0,3.0,16.0,58.0,0.0,6.0,38.0,18.0,50.0,34.0,30.0,29.0,6.0,32.0,28.0,11.0,38.0,6.0,0.0,18.0,17.0,0.0,62.0,68.0,48.0,57.0,87.0,1.0,21.0,34.0,21.0,92.0,8.0,5.0,36.0,15.0,39.0,36.0,62.0,29.0,57.0,6.0,49.0,108.0,20.0,1.0,0.0,0.0,0.0,0.0,0.0,0.0,0.0,0.0,0.0,0.0,0.0,0.0,0.0,0.0,0.0,0.0,0.0,0.0,0.0,0.0,1.0,0.0,0.0,0.0,0.0,0.0,0.0,0.0,0.0,0.0,0.0,0.0,0.0,0.0,0.0,0.0,43.0,70.0,19.0,14.0,87.0,33.0,17.0,64.0,47.0,8.0,0.0,146.0,3.0,27.0,0.0,2.0,52.0,2.0,1.0,60.0,0.0,6.0,25.0,79.0,8.0,2.0,9.0,1.0,34.0,4.0,35.0,34.0,0.0,28.0,13.0,0.0,30.0,9.0,1.0,1.0,61.0,10.0,5.0,50.0
34,48989557.0,3.0,26.0,13.0,7.0,22.0,56.0,111.0,62.0,14.0,33.0,81.0,17.0,1.0,22.0,116.0,0.0,13.0,36.0,19.0,53.0,31.0,58.0,30.0,5.0,153.0,47.0,7.0,42.0,6.0,0.0,25.0,51.0,62.0,0.0,99.0,42.0,76.0,127.0,2.0,36.0,77.0,23.0,93.0,8.0,16.0,59.0,16.0,34.0,46.0,40.0,10.0,90.0,0.0,68.0,128.0,0.0,0.0,0.0,0.0,0.0,0.0,0.0,0.0,0.0,0.0,0.0,0.0,0.0,0.0,0.0,0.0,0.0,0.0,0.0,0.0,0.0,0.0,1.0,0.0,0.0,0.0,0.0,0.0,0.0,0.0,0.0,0.0,0.0,0.0,0.0,0.0,0.0,0.0,28.0,72.0,30.0,12.0,124.0,52.0,10.0,79.0,81.0,19.0,0.0,110.0,1.0,12.0,0.0,2.0,98.0,1.0,0.0,31.0,0.0,1.0,30.0,102.0,5.0,0.0,4.0,0.0,51.0,2.0,14.0,53.0,0.0,18.0,4.0,0.0,19.0,6.0,2.0,1.0,79.0,3.0,6.0,102.0
35,49323761.0,15.0,12.0,74.0,8.0,9.0,27.0,208.0,31.0,8.0,36.0,77.0,23.0,3.0,16.0,237.0,0.0,12.0,56.0,39.0,207.0,84.0,45.0,34.0,2.0,114.0,35.0,18.0,98.0,3.0,0.0,14.0,21.0,68.0,99.0,0.0,81.0,41.0,214.0,3.0,13.0,58.0,7.0,189.0,5.0,7.0,68.0,13.0,58.0,51.0,154.0,37.0,77.0,7.0,82.0,278.0,14.0,0.0,0.0,0.0,0.0,0.0,0.0,0.0,0.0,0.0,0.0,0.0,0.0,0.0,0.0,1.0,0.0,0.0,0.0,0.0,0.0,0.0,0.0,0.0,0.0,0.0,0.0,0.0,0.0,0.0,0.0,0.0,0.0,0.0,0.0,0.0,0.0,0.0,142.0,65.0,11.0,15.0,263.0,111.0,16.0,182.0,61.0,14.0,0.0,150.0,0.0,47.0,0.0,2.0,97.0,13.0,2.0,220.0,0.0,12.0,36.0,198.0,18.0,4.0,19.0,0.0,73.0,12.0,23.0,98.0,0.0,25.0,28.0,0.0,19.0,6.0,1.0,0.0,208.0,10.0,12.0,49.0
36,49416159.0,5.0,10.0,15.0,7.0,5.0,18.0,86.0,30.0,10.0,26.0,46.0,11.0,3.0,9.0,87.0,2.0,3.0,54.0,21.0,65.0,46.0,19.0,31.0,6.0,32.0,24.0,22.0,44.0,5.0,0.0,10.0,7.0,48.0,42.0,81.0,0.0,52.0,112.0,1.0,15.0,33.0,9.0,83.0,9.0,6.0,27.0,10.0,23.0,20.0,91.0,36.0,25.0,18.0,52.0,122.0,25.0,0.0,0.0,0.0,0.0,0.0,0.0,0.0,0.0,0.0,0.0,0.0,0.0,0.0,0.0,0.0,0.0,0.0,0.0,0.0,0.0,0.0,1.0,0.0,0.0,0.0,0.0,0.0,0.0,0.0,0.0,0.0,0.0,0.0,0.0,0.0,0.0,0.0,54.0,75.0,10.0,8.0,130.0,54.0,10.0,78.0,31.0,7.0,0.0,128.0,3.0,49.0,0.0,2.0,54.0,4.0,8.0,71.0,0.0,4.0,30.0,61.0,11.0,4.0,15.0,2.0,34.0,4.0,56.0,41.0,0.0,27.0,12.0,0.0,32.0,10.0,0.0,2.0,98.0,8.0,5.0,31.0
37,49923648.0,3.0,26.0,9.0,10.0,56.0,45.0,76.0,103.0,35.0,48.0,78.0,12.0,2.0,23.0,63.0,5.0,13.0,38.0,11.0,49.0,38.0,53.0,30.0,4.0,42.0,38.0,14.0,29.0,7.0,0.0,17.0,63.0,57.0,76.0,41.0,52.0,0.0,120.0,6.0,30.0,35.0,34.0,99.0,16.0,15.0,45.0,9.0,25.0,33.0,89.0,61.0,110.0,36.0,42.0,103.0,21.0,0.0,0.0,0.0,0.0,0.0,0.0,0.0,0.0,0.0,0.0,0.0,0.0,0.0,0.0,0.0,0.0,0.0,0.0,0.0,0.0,0.0,1.0,0.0,0.0,0.0,0.0,0.0,0.0,0.0,0.0,0.0,0.0,0.0,0.0,0.0,0.0,0.0,29.0,134.0,25.0,13.0,96.0,39.0,11.0,61.0,48.0,29.0,0.0,130.0,6.0,40.0,0.0,2.0,87.0,1.0,2.0,50.0,0.0,3.0,48.0,100.0,1.0,3.0,9.0,1.0,32.0,4.0,38.0,16.0,0.0,21.0,4.0,0.0,21.0,16.0,0.0,5.0,66.0,8.0,12.0,130.0
38,50645038.0,14.0,67.0,59.0,33.0,65.0,128.0,139.0,179.0,44.0,120.0,238.0,28.0,7.0,56.0,163.0,1.0,33.0,247.0,67.0,190.0,76.0,146.0,105.0,21.0,128.0,55.0,24.0,74.0,15.0,0.0,46.0,87.0,87.0,127.0,214.0,112.0,120.0,0.0,17.0,64.0,151.0,44.0,201.0,10.0,40.0,160.0,33.0,59.0,101.0,124.0,13.0,258.0,6.0,129.0,418.0,16.0,6.0,0.0,0.0,0.0,0.0,0.0,0.0,0.0,0.0,0.0,0.0,0.0,0.0,0.0,0.0,0.0,0.0,0.0,0.0,0.0,0.0,1.0,0.0,0.0,0.0,0.0,0.0,0.0,0.0,0.0,0.0,0.0,0.0,0.0,0.0,0.0,0.0,167.0,159.0,54.0,38.0,189.0,73.0,34.0,261.0,158.0,102.0,0.0,244.0,2.0,36.0,0.0,2.0,215.0,7.0,34.0,125.0,0.0,17.0,65.0,320.0,10.0,1.0,20.0,5.0,86.0,9.0,51.0,108.0,0.0,45.0,32.0,1.0,22.0,11.0,1.0,13.0,95.0,13.0,31.0,307.0
39,55312746.0,0.0,0.0,1.0,0.0,2.0,2.0,2.0,7.0,3.0,1.0,2.0,1.0,1.0,2.0,0.0,0.0,1.0,12.0,1.0,2.0,0.0,3.0,1.0,27.0,2.0,1.0,0.0,0.0,8.0,1.0,0.0,4.0,1.0,2.0,3.0,1.0,6.0,17.0,0.0,38.0,15.0,1.0,1.0,0.0,119.0,42.0,0.0,0.0,3.0,1.0,0.0,47.0,0.0,1.0,3.0,2.0,2.0,0.0,0.0,0.0,0.0,0.0,0.0,1.0,0.0,1.0,0.0,0.0,3.0,0.0,0.0,2.0,0.0,1.0,0.0,0.0,0.0,6.0,0.0,1.0,0.0,1.0,3.0,4.0,3.0,0.0,1.0,0.0,0.0,1.0,0.0,0.0,0.0,5.0,3.0,8.0,3.0,0.0,1.0,0.0,11.0,1.0,14.0,0.0,3.0,0.0,0.0,0.0,0.0,0.0,0.0,37.0,2.0,0.0,0.0,1.0,3.0,0.0,0.0,0.0,0.0,1.0,2.0,0.0,2.0,0.0,0.0,2.0,0.0,4.0,0.0,0.0,28.0,0.0,0.0,0.0,26.0
40,58570578.0,1.0,15.0,3.0,5.0,17.0,19.0,18.0,89.0,26.0,19.0,48.0,1.0,2.0,12.0,11.0,1.0,7.0,43.0,1.0,7.0,12.0,35.0,22.0,32.0,21.0,17.0,0.0,6.0,15.0,0.0,11.0,30.0,21.0,36.0,13.0,15.0,30.0,64.0,38.0,0.0,30.0,12.0,30.0,8.0,107.0,42.0,6.0,2.0,18.0,17.0,0.0,72.0,0.0,21.0,22.0,0.0,0.0,0.0,0.0,0.0,1.0,0.0,0.0,1.0,0.0,4.0,1.0,0.0,0.0,1.0,4.0,5.0,0.0,1.0,0.0,0.0,0.0,6.0,0.0,4.0,0.0,1.0,5.0,2.0,4.0,0.0,3.0,0.0,1.0,0.0,0.0,0.0,0.0,22.0,38.0,26.0,7.0,23.0,13.0,6.0,30.0,29.0,16.0,0.0,35.0,0.0,4.0,0.0,1.0,27.0,0.0,42.0,25.0,0.0,1.0,12.0,39.0,2.0,0.0,0.0,0.0,17.0,5.0,12.0,5.0,0.0,17.0,4.0,0.0,7.0,5.0,1.0,70.0,12.0,2.0,8.0,52.0
41,66680811.0,1.0,23.0,29.0,15.0,15.0,77.0,75.0,41.0,20.0,33.0,102.0,9.0,1.0,19.0,42.0,0.0,12.0,92.0,40.0,94.0,33.0,36.0,37.0,6.0,111.0,32.0,9.0,27.0,3.0,0.0,12.0,22.0,34.0,77.0,58.0,33.0,35.0,151.0,15.0,30.0,0.0,17.0,81.0,5.0,6.0,61.0,10.0,39.0,39.0,39.0,4.0,103.0,2.0,42.0,112.0,3.0,6.0,0.0,0.0,0.0,0.0,0.0,0.0,0.0,0.0,0.0,0.0,0.0,0.0,0.0,0.0,0.0,0.0,0.0,0.0,0.0,0.0,2.0,0.0,0.0,0.0,0.0,1.0,0.0,0.0,0.0,1.0,0.0,0.0,0.0,0.0,0.0,0.0,81.0,33.0,17.0,18.0,62.0,12.0,18.0,148.0,30.0,36.0,0.0,44.0,0.0,11.0,0.0,0.0,84.0,11.0,29.0,26.0,0.0,16.0,12.0,86.0,4.0,1.0,6.0,2.0,38.0,8.0,16.0,47.0,0.0,14.0,22.0,0.0,11.0,4.0,1.0,20.0,24.0,8.0,8.0,106.0
42,67208397.0,2.0,14.0,2.0,6.0,40.0,28.0,16.0,42.0,15.0,25.0,34.0,3.0,2.0,12.0,9.0,0.0,3.0,20.0,4.0,25.0,12.0,26.0,12.0,4.0,13.0,12.0,7.0,4.0,4.0,0.0,10.0,28.0,21.0,23.0,7.0,9.0,34.0,44.0,1.0,12.0,17.0,0.0,35.0,5.0,10.0,16.0,7.0,13.0,8.0,12.0,3.0,83.0,0.0,11.0,16.0,0.0,0.0,0.0,0.0,0.0,0.0,0.0,0.0,0.0,0.0,0.0,0.0,0.0,0.0,0.0,0.0,0.0,0.0,0.0,0.0,0.0,0.0,1.0,0.0,0.0,0.0,0.0,0.0,0.0,0.0,0.0,0.0,0.0,0.0,0.0,0.0,0.0,0.0,9.0,22.0,15.0,6.0,12.0,6.0,6.0,18.0,22.0,17.0,0.0,24.0,1.0,4.0,0.0,1.0,31.0,1.0,1.0,13.0,0.0,3.0,10.0,53.0,3.0,0.0,3.0,1.0,11.0,1.0,8.0,7.0,0.0,12.0,3.0,0.0,4.0,6.0,1.0,6.0,13.0,4.0,4.0,94.0
43,73052821.0,40.0,40.0,91.0,18.0,34.0,85.0,198.0,114.0,35.0,58.0,230.0,36.0,1.0,28.0,159.0,3.0,15.0,91.0,67.0,287.0,163.0,107.0,54.0,9.0,95.0,64.0,29.0,116.0,7.0,0.0,25.0,31.0,92.0,93.0,189.0,83.0,99.0,201.0,1.0,30.0,81.0,35.0,0.0,11.0,12.0,116.0,16.0,122.0,53.0,155.0,36.0,129.0,11.0,126.0,206.0,20.0,5.0,0.0,0.0,1.0,1.0,1.0,1.0,0.0,0.0,0.0,1.0,0.0,1.0,1.0,0.0,0.0,0.0,0.0,0.0,0.0,0.0,1.0,1.0,1.0,0.0,1.0,0.0,1.0,0.0,0.0,1.0,0.0,0.0,1.0,1.0,1.0,0.0,160.0,139.0,24.0,29.0,292.0,88.0,28.0,177.0,62.0,26.0,0.0,165.0,2.0,54.0,0.0,2.0,196.0,18.0,8.0,118.0,0.0,19.0,40.0,254.0,6.0,0.0,44.0,8.0,93.0,6.0,51.0,66.0,0.0,33.0,16.0,1.0,14.0,15.0,1.0,8.0,120.0,16.0,20.0,137.0
44,80293889.0,0.0,4.0,0.0,2.0,2.0,3.0,8.0,11.0,5.0,5.0,11.0,1.0,0.0,2.0,7.0,1.0,1.0,8.0,0.0,3.0,2.0,6.0,6.0,5.0,2.0,7.0,0.0,7.0,1.0,0.0,6.0,5.0,8.0,8.0,5.0,9.0,16.0,10.0,0.0,8.0,5.0,5.0,11.0,0.0,1.0,3.0,1.0,0.0,5.0,6.0,0.0,10.0,0.0,9.0,7.0,0.0,0.0,0.0,0.0,0.0,0.0,0.0,0.0,0.0,0.0,0.0,0.0,0.0,0.0,0.0,0.0,0.0,0.0,0.0,0.0,0.0,0.0,1.0,0.0,0.0,0.0,0.0,0.0,0.0,0.0,0.0,0.0,0.0,0.0,0.0,0.0,0.0,0.0,0.0,11.0,5.0,1.0,5.0,0.0,3.0,5.0,8.0,5.0,0.0,16.0,0.0,2.0,0.0,1.0,6.0,0.0,0.0,8.0,0.0,0.0,6.0,10.0,1.0,0.0,1.0,0.0,4.0,0.0,4.0,1.0,0.0,5.0,1.0,0.0,4.0,3.0,1.0,1.0,4.0,2.0,1.0,5.0
45,82912382.0,1.0,2.0,0.0,3.0,25.0,5.0,8.0,55.0,23.0,11.0,26.0,3.0,1.0,10.0,2.0,0.0,0.0,17.0,2.0,8.0,6.0,27.0,4.0,6.0,11.0,5.0,1.0,1.0,39.0,0.0,6.0,17.0,5.0,16.0,7.0,6.0,15.0,40.0,119.0,107.0,6.0,10.0,12.0,1.0,0.0,60.0,3.0,1.0,7.0,3.0,1.0,50.0,0.0,5.0,9.0,0.0,1.0,0.0,0.0,0.0,0.0,0.0,0.0,0.0,0.0,2.0,0.0,0.0,0.0,1.0,0.0,1.0,0.0,0.0,0.0,0.0,0.0,1.0,0.0,0.0,0.0,0.0,4.0,0.0,0.0,0.0,0.0,0.0,0.0,0.0,0.0,0.0,0.0,4.0,28.0,13.0,5.0,7.0,7.0,0.0,9.0,11.0,18.0,0.0,13.0,0.0,0.0,0.0,0.0,13.0,1.0,9.0,6.0,0.0,1.0,7.0,12.0,1.0,0.0,1.0,0.0,4.0,4.0,1.0,1.0,0.0,5.0,2.0,0.0,5.0,1.0,0.0,12.0,5.0,0.0,2.0,50.0
46,91760984.0,8.0,22.0,14.0,8.0,16.0,32.0,78.0,56.0,24.0,34.0,120.0,17.0,2.0,25.0,51.0,0.0,9.0,41.0,13.0,66.0,49.0,55.0,26.0,6.0,44.0,24.0,8.0,44.0,10.0,0.0,17.0,23.0,36.0,59.0,68.0,27.0,45.0,160.0,42.0,42.0,61.0,16.0,116.0,3.0,60.0,0.0,12.0,64.0,21.0,47.0,5.0,72.0,3.0,54.0,102.0,6.0,3.0,0.0,0.0,0.0,0.0,0.0,0.0,0.0,0.0,0.0,0.0,0.0,0.0,0.0,0.0,0.0,0.0,0.0,0.0,0.0,0.0,1.0,0.0,0.0,0.0,0.0,1.0,1.0,0.0,0.0,0.0,0.0,0.0,0.0,0.0,0.0,0.0,39.0,52.0,20.0,30.0,71.0,28.0,9.0,72.0,37.0,19.0,0.0,75.0,0.0,10.0,0.0,2.0,126.0,2.0,9.0,31.0,0.0,6.0,15.0,149.0,9.0,1.0,4.0,6.0,60.0,11.0,21.0,41.0,0.0,20.0,19.0,0.0,11.0,1.0,1.0,7.0,41.0,8.0,13.0,99.0
47,96551081.0,4.0,9.0,2.0,3.0,0.0,6.0,13.0,29.0,5.0,8.0,30.0,6.0,2.0,4.0,5.0,0.0,6.0,8.0,4.0,9.0,10.0,12.0,9.0,1.0,7.0,4.0,4.0,6.0,1.0,0.0,5.0,2.0,15.0,16.0,13.0,10.0,9.0,33.0,0.0,6.0,10.0,7.0,16.0,1.0,3.0,12.0,0.0,9.0,9.0,12.0,0.0,10.0,0.0,12.0,16.0,2.0,1.0,0.0,0.0,0.0,0.0,0.0,0.0,0.0,0.0,0.0,0.0,0.0,0.0,0.0,0.0,0.0,0.0,0.0,0.0,0.0,0.0,0.0,0.0,0.0,0.0,0.0,0.0,0.0,0.0,0.0,0.0,0.0,0.0,0.0,0.0,0.0,0.0,14.0,23.0,8.0,87.0,10.0,2.0,6.0,13.0,10.0,6.0,0.0,15.0,0.0,4.0,0.0,1.0,18.0,1.0,0.0,9.0,0.0,2.0,7.0,19.0,6.0,0.0,3.0,3.0,8.0,4.0,9.0,22.0,1.0,10.0,15.0,0.0,1.0,2.0,1.0,1.0,8.0,2.0,9.0,9.0
48,102766650.0,4.0,7.0,36.0,14.0,7.0,23.0,89.0,23.0,17.0,22.0,148.0,30.0,0.0,6.0,61.0,0.0,8.0,29.0,24.0,136.0,97.0,24.0,9.0,0.0,49.0,22.0,14.0,70.0,2.0,0.0,4.0,8.0,39.0,34.0,58.0,23.0,25.0,59.0,0.0,2.0,39.0,13.0,122.0,0.0,1.0,64.0,9.0,0.0,13.0,48.0,6.0,39.0,4.0,29.0,159.0,2.0,9.0,0.0,0.0,0.0,0.0,0.0,0.0,0.0,0.0,0.0,0.0,0.0,0.0,0.0,0.0,0.0,0.0,0.0,0.0,0.0,0.0,0.0,0.0,0.0,0.0,0.0,0.0,0.0,0.0,0.0,0.0,0.0,0.0,0.0,0.0,0.0,0.0,83.0,15.0,5.0,26.0,58.0,24.0,8.0,58.0,55.0,6.0,0.0,60.0,0.0,10.0,0.0,1.0,85.0,23.0,11.0,20.0,0.0,23.0,9.0,139.0,24.0,0.0,20.0,13.0,39.0,18.0,3.0,167.0,0.0,5.0,36.0,0.0,3.0,1.0,0.0,7.0,27.0,1.0,17.0,58.0
49,121141796.0,4.0,25.0,18.0,50.0,12.0,59.0,37.0,49.0,17.0,32.0,210.0,21.0,0.0,32.0,166.0,0.0,7.0,31.0,44.0,62.0,24.0,39.0,21.0,5.0,51.0,20.0,7.0,63.0,4.0,0.0,14.0,16.0,36.0,46.0,51.0,20.0,33.0,101.0,3.0,18.0,39.0,8.0,53.0,5.0,7.0,21.0,9.0,13.0,0.0,56.0,4.0,41.0,3.0,29.0,92.0,4.0,1.0,0.0,0.0,0.0,0.0,0.0,0.0,0.0,0.0,1.0,0.0,0.0,0.0,0.0,0.0,0.0,0.0,0.0,0.0,0.0,0.0,1.0,0.0,0.0,0.0,0.0,0.0,0.0,0.0,0.0,0.0,0.0,0.0,0.0,0.0,0.0,0.0,31.0,43.0,17.0,15.0,61.0,64.0,10.0,53.0,35.0,12.0,0.0,51.0,0.0,10.0,0.0,1.0,111.0,3.0,1.0,33.0,0.0,2.0,10.0,95.0,3.0,1.0,10.0,0.0,30.0,3.0,18.0,22.0,0.0,19.0,7.0,0.0,7.0,5.0,1.0,6.0,40.0,5.0,14.0,57.0
50,124203870.0,9.0,22.0,44.0,15.0,5.0,32.0,142.0,42.0,9.0,30.0,118.0,23.0,1.0,15.0,177.0,4.0,3.0,45.0,24.0,165.0,140.0,30.0,47.0,5.0,43.0,21.0,23.0,82.0,1.0,0.0,5.0,8.0,62.0,40.0,154.0,91.0,89.0,124.0,1.0,17.0,39.0,12.0,155.0,6.0,3.0,47.0,12.0,48.0,56.0,0.0,134.0,51.0,63.0,71.0,216.0,62.0,1.0,0.0,0.0,0.0,0.0,0.0,0.0,0.0,0.0,0.0,0.0,0.0,0.0,0.0,0.0,0.0,0.0,0.0,0.0,0.0,0.0,0.0,0.0,0.0,0.0,0.0,0.0,0.0,0.0,0.0,0.0,0.0,0.0,0.0,0.0,0.0,0.0,124.0,148.0,13.0,15.0,245.0,95.0,19.0,183.0,52.0,8.0,0.0,132.0,0.0,145.0,0.0,2.0,104.0,3.0,7.0,199.0,0.0,16.0,96.0,153.0,5.0,12.0,37.0,3.0,81.0,3.0,82.0,29.0,1.0,31.0,6.0,0.0,11.0,13.0,1.0,2.0,278.0,24.0,34.0,58.0
51,124407978.0,6.0,0.0,6.0,1.0,0.0,1.0,52.0,5.0,1.0,3.0,8.0,6.0,0.0,3.0,39.0,0.0,0.0,1.0,3.0,31.0,50.0,0.0,10.0,3.0,2.0,7.0,9.0,9.0,0.0,0.0,1.0,3.0,29.0,10.0,37.0,36.0,61.0,13.0,0.0,0.0,4.0,3.0,36.0,0.0,1.0,5.0,0.0,6.0,4.0,134.0,0.0,4.0,64.0,8.0,65.0,40.0,0.0,0.0,0.0,0.0,0.0,0.0,0.0,0.0,0.0,0.0,0.0,0.0,0.0,0.0,0.0,0.0,0.0,0.0,0.0,0.0,0.0,0.0,0.0,0.0,0.0,0.0,0.0,0.0,0.0,0.0,0.0,0.0,0.0,0.0,0.0,0.0,0.0,38.0,89.0,1.0,2.0,100.0,22.0,4.0,27.0,6.0,0.0,0.0,41.0,8.0,67.0,0.0,0.0,19.0,0.0,1.0,47.0,0.0,2.0,49.0,18.0,0.0,11.0,3.0,1.0,14.0,0.0,26.0,8.0,0.0,6.0,2.0,0.0,6.0,8.0,0.0,0.0,97.0,4.0,3.0,5.0
52,134971995.0,8.0,20.0,37.0,18.0,315.0,102.0,98.0,199.0,89.0,64.0,126.0,11.0,1.0,48.0,74.0,0.0,8.0,117.0,34.0,154.0,37.0,193.0,31.0,21.0,97.0,30.0,9.0,25.0,7.0,0.0,18.0,162.0,57.0,90.0,77.0,25.0,110.0,258.0,47.0,72.0,103.0,83.0,129.0,10.0,50.0,72.0,10.0,39.0,41.0,51.0,4.0,0.0,2.0,44.0,89.0,7.0,10.0,0.0,0.0,0.0,0.0,0.0,0.0,0.0,0.0,2.0,0.0,0.0,1.0,0.0,0.0,1.0,0.0,0.0,0.0,0.0,0.0,2.0,0.0,1.0,0.0,0.0,1.0,0.0,0.0,0.0,0.0,0.0,0.0,0.0,0.0,0.0,0.0,46.0,59.0,29.0,12.0,82.0,53.0,10.0,168.0,60.0,301.0,0.0,94.0,1.0,11.0,0.0,2.0,105.0,3.0,23.0,72.0,0.0,6.0,38.0,280.0,5.0,0.0,8.0,0.0,30.0,7.0,13.0,44.0,0.0,26.0,7.0,0.0,16.0,7.0,1.0,72.0,53.0,3.0,12.0,934.0
53,190323722.0,1.0,0.0,1.0,0.0,0.0,0.0,23.0,1.0,0.0,1.0,2.0,1.0,0.0,0.0,14.0,0.0,0.0,1.0,1.0,16.0,22.0,0.0,0.0,0.0,1.0,0.0,2.0,3.0,1.0,0.0,0.0,0.0,6.0,0.0,7.0,18.0,36.0,6.0,0.0,0.0,2.0,0.0,11.0,0.0,0.0,3.0,0.0,4.0,3.0,63.0,64.0,2.0,0.0,4.0,34.0,26.0,0.0,0.0,0.0,0.0,0.0,0.0,0.0,0.0,0.0,0.0,0.0,0.0,0.0,0.0,0.0,0.0,0.0,0.0,0.0,0.0,0.0,0.0,0.0,0.0,0.0,0.0,0.0,0.0,0.0,0.0,0.0,0.0,0.0,0.0,0.0,0.0,0.0,15.0,37.0,0.0,0.0,52.0,7.0,0.0,19.0,4.0,0.0,0.0,6.0,3.0,34.0,0.0,0.0,6.0,0.0,0.0,21.0,0.0,0.0,26.0,13.0,0.0,2.0,2.0,2.0,7.0,1.0,18.0,3.0,0.0,1.0,0.0,0.0,2.0,1.0,0.0,0.0,46.0,3.0,1.0,2.0
54,194008664.0,4.0,32.0,30.0,6.0,4.0,39.0,90.0,48.0,11.0,28.0,85.0,13.0,2.0,18.0,71.0,0.0,8.0,44.0,35.0,96.0,58.0,50.0,36.0,5.0,46.0,31.0,12.0,52.0,5.0,0.0,17.0,11.0,49.0,68.0,82.0,52.0,42.0,129.0,1.0,21.0,42.0,11.0,126.0,9.0,5.0,54.0,12.0,29.0,29.0,71.0,8.0,44.0,4.0,0.0,117.0,5.0,2.0,0.0,0.0,0.0,0.0,0.0,0.0,0.0,0.0,0.0,0.0,0.0,0.0,0.0,0.0,0.0,0.0,0.0,0.0,0.0,0.0,0.0,0.0,0.0,0.0,0.0,0.0,0.0,0.0,0.0,0.0,0.0,0.0,0.0,0.0,0.0,0.0,65.0,53.0,18.0,18.0,106.0,45.0,19.0,93.0,37.0,11.0,0.0,95.0,0.0,25.0,0.0,2.0,94.0,5.0,3.0,55.0,0.0,16.0,20.0,109.0,2.0,0.0,15.0,1.0,56.0,5.0,28.0,44.0,1.0,23.0,12.0,0.0,11.0,6.0,1.0,0.0,72.0,8.0,6.0,58.0
55,203533542.0,9.0,44.0,119.0,29.0,14.0,88.0,343.0,62.0,17.0,89.0,137.0,36.0,2.0,32.0,297.0,0.0,25.0,91.0,90.0,244.0,123.0,72.0,49.0,3.0,179.0,38.0,29.0,131.0,6.0,0.0,28.0,23.0,108.0,128.0,278.0,122.0,103.0,418.0,3.0,22.0,112.0,16.0,206.0,7.0,9.0,102.0,16.0,159.0,92.0,216.0,65.0,89.0,34.0,117.0,0.0,23.0,3.0,0.0,0.0,0.0,0.0,0.0,0.0,0.0,0.0,1.0,0.0,0.0,0.0,1.0,0.0,3.0,0.0,0.0,0.0,0.0,0.0,2.0,0.0,0.0,0.0,0.0,0.0,0.0,0.0,0.0,0.0,0.0,0.0,0.0,0.0,0.0,0.0,139.0,131.0,19.0,22.0,411.0,134.0,24.0,248.0,301.0,13.0,0.0,318.0,1.0,58.0,0.0,4.0,179.0,26.0,16.0,138.0,0.0,10.0,71.0,245.0,9.0,6.0,22.0,2.0,92.0,11.0,43.0,119.0,0.0,34.0,20.0,0.0,42.0,9.0,1.0,8.0,267.0,13.0,21.0,94.0
56,210824047.0,2.0,1.0,1.0,1.0,0.0,2.0,18.0,8.0,2.0,4.0,7.0,3.0,0.0,0.0,19.0,1.0,2.0,10.0,1.0,11.0,27.0,4.0,9.0,0.0,2.0,5.0,5.0,5.0,0.0,0.0,0.0,1.0,20.0,0.0,14.0,25.0,21.0,16.0,2.0,0.0,3.0,0.0,20.0,0.0,0.0,6.0,2.0,2.0,4.0,62.0,40.0,7.0,26.0,5.0,23.0,0.0,0.0,0.0,0.0,0.0,0.0,0.0,0.0,0.0,0.0,0.0,0.0,0.0,0.0,0.0,0.0,0.0,0.0,0.0,0.0,0.0,0.0,0.0,0.0,0.0,0.0,0.0,0.0,0.0,0.0,0.0,0.0,0.0,0.0,0.0,0.0,0.0,0.0,18.0,49.0,1.0,1.0,45.0,10.0,1.0,27.0,7.0,1.0,0.0,24.0,1.0,30.0,0.0,0.0,12.0,0.0,0.0,32.0,0.0,0.0,27.0,16.0,1.0,5.0,4.0,0.0,6.0,0.0,23.0,1.0,0.0,7.0,1.0,0.0,3.0,6.0,0.0,1.0,39.0,4.0,1.0,7.0
57,212295949.0,0.0,0.0,1.0,1.0,0.0,6.0,3.0,4.0,11.0,2.0,16.0,3.0,0.0,1.0,1.0,0.0,1.0,7.0,1.0,30.0,10.0,2.0,0.0,1.0,2.0,0.0,2.0,2.0,0.0,0.0,0.0,1.0,1.0,0.0,0.0,0.0,0.0,6.0,2.0,0.0,6.0,0.0,5.0,0.0,1.0,3.0,1.0,9.0,1.0,1.0,0.0,10.0,0.0,2.0,3.0,0.0,0.0,0.0,0.0,0.0,0.0,0.0,0.0,0.0,0.0,0.0,0.0,0.0,0.0,0.0,0.0,0.0,0.0,0.0,0.0,0.0,0.0,0.0,0.0,0.0,0.0,0.0,0.0,0.0,0.0,0.0,0.0,0.0,0.0,0.0,0.0,0.0,0.0,5.0,0.0,0.0,1.0,0.0,0.0,0.0,9.0,0.0,0.0,0.0,1.0,0.0,0.0,0.0,0.0,6.0,1.0,4.0,0.0,0.0,2.0,2.0,7.0,0.0,0.0,0.0,0.0,1.0,6.0,0.0,19.0,0.0,0.0,4.0,0.0,0.0,0.0,0.0,8.0,0.0,0.0,3.0,11.0
58,232084857.0,0.0,0.0,0.0,0.0,0.0,0.0,0.0,0.0,0.0,0.0,0.0,0.0,0.0,0.0,0.0,0.0,0.0,0.0,0.0,0.0,0.0,0.0,0.0,0.0,0.0,0.0,0.0,0.0,0.0,0.0,0.0,0.0,0.0,0.0,0.0,0.0,0.0,0.0,0.0,0.0,0.0,0.0,0.0,0.0,0.0,0.0,0.0,0.0,0.0,0.0,0.0,0.0,0.0,0.0,0.0,0.0,0.0,0.0,0.0,0.0,0.0,0.0,0.0,0.0,0.0,0.0,0.0,0.0,0.0,0.0,0.0,0.0,0.0,0.0,0.0,0.0,0.0,0.0,0.0,0.0,0.0,0.0,0.0,0.0,0.0,0.0,0.0,0.0,0.0,0.0,0.0,0.0,0.0,0.0,0.0,0.0,0.0,0.0,0.0,0.0,0.0,0.0,0.0,0.0,0.0,0.0,0.0,0.0,0.0,0.0,0.0,0.0,0.0,0.0,0.0,0.0,0.0,0.0,0.0,0.0,0.0,0.0,0.0,0.0,0.0,0.0,0.0,0.0,0.0,0.0,0.0,0.0,0.0,0.0,0.0,0.0,0.0
59,232181027.0,0.0,0.0,0.0,0.0,0.0,0.0,0.0,0.0,0.0,0.0,0.0,0.0,0.0,0.0,0.0,0.0,0.0,0.0,0.0,0.0,0.0,0.0,0.0,0.0,0.0,0.0,0.0,0.0,0.0,0.0,0.0,0.0,0.0,0.0,0.0,0.0,0.0,0.0,0.0,0.0,0.0,0.0,0.0,0.0,0.0,0.0,0.0,0.0,0.0,0.0,0.0,0.0,0.0,0.0,0.0,0.0,0.0,0.0,0.0,0.0,0.0,0.0,0.0,0.0,0.0,0.0,0.0,0.0,0.0,0.0,0.0,0.0,0.0,0.0,0.0,0.0,0.0,0.0,0.0,0.0,0.0,0.0,0.0,0.0,0.0,0.0,0.0,0.0,0.0,0.0,0.0,0.0,0.0,0.0,0.0,0.0,0.0,0.0,0.0,0.0,0.0,0.0,0.0,0.0,0.0,0.0,0.0,0.0,0.0,0.0,0.0,0.0,0.0,0.0,0.0,0.0,0.0,0.0,0.0,0.0,0.0,0.0,0.0,0.0,0.0,0.0,0.0,0.0,0.0,0.0,0.0,0.0,0.0,0.0,0.0,0.0,0.0
60,234958981.0,0.0,0.0,0.0,0.0,0.0,0.0,0.0,0.0,0.0,0.0,0.0,0.0,0.0,0.0,0.0,0.0,0.0,0.0,0.0,0.0,0.0,0.0,0.0,0.0,0.0,0.0,0.0,0.0,0.0,0.0,0.0,0.0,0.0,0.0,0.0,0.0,0.0,0.0,0.0,0.0,0.0,0.0,1.0,0.0,0.0,0.0,0.0,0.0,0.0,0.0,0.0,0.0,0.0,0.0,0.0,0.0,0.0,0.0,0.0,0.0,1144.0,69.0,156.0,123.0,16.0,7.0,1297.0,672.0,1283.0,260.0,1337.0,30.0,71.0,1.0,25.0,25.0,0.0,10.0,186.0,242.0,0.0,1477.0,5.0,7.0,44.0,724.0,1424.0,183.0,1227.0,145.0,111.0,1356.0,51.0,0.0,0.0,0.0,0.0,0.0,0.0,0.0,0.0,0.0,0.0,0.0,0.0,0.0,0.0,0.0,0.0,0.0,0.0,3.0,0.0,0.0,0.0,0.0,0.0,0.0,0.0,0.0,0.0,0.0,0.0,0.0,0.0,0.0,0.0,0.0,0.0,0.0,0.0,0.0,1.0,0.0,0.0,0.0,0.0
61,234986986.0,0.0,0.0,0.0,0.0,0.0,0.0,0.0,0.0,0.0,0.0,0.0,0.0,0.0,0.0,0.0,0.0,0.0,0.0,0.0,0.0,0.0,0.0,0.0,0.0,0.0,0.0,0.0,0.0,0.0,0.0,0.0,0.0,0.0,0.0,0.0,0.0,0.0,0.0,0.0,1.0,0.0,0.0,1.0,0.0,0.0,0.0,0.0,0.0,0.0,0.0,0.0,0.0,0.0,0.0,0.0,0.0,0.0,0.0,0.0,1144.0,0.0,65.0,140.0,120.0,12.0,11.0,1026.0,647.0,1011.0,239.0,869.0,24.0,72.0,2.0,13.0,15.0,0.0,6.0,167.0,236.0,0.0,1038.0,8.0,9.0,23.0,689.0,979.0,172.0,976.0,143.0,105.0,1004.0,51.0,0.0,0.0,0.0,0.0,0.0,0.0,0.0,0.0,0.0,0.0,0.0,0.0,0.0,0.0,0.0,0.0,0.0,0.0,1.0,0.0,0.0,0.0,0.0,0.0,0.0,0.0,0.0,0.0,0.0,0.0,0.0,0.0,0.0,0.0,0.0,0.0,0.0,0.0,0.0,0.0,0.0,0.0,0.0,0.0
