,0,1,2,3,4,5,6,7,8,9,10,11,12,13,14,15,16,17,18,19,20,21,22,23,24,25,26,27,28,29,30,31,32,33,34,35,36,37,38,39,40,41,42,43,44,45,46,47,48,49,50,51,52,53,54,55,56,57,58,59,60,61,62,63,64,65,66,67,68,69,70,71,72,73,74,75,76,77,78,79,80,81,82,83,84,85,86,87,88,89,90,91,92,93,94,95,96,97,98,99,100,101,102,103,104,105,106,107,108,109,110,111
0,-1.0,778057.0,9103722.0,17001490.0,17325149.0,17738439.0,18594520.0,31147535.0,38924117.0,47950082.0,48495906.0,50645038.0,53507617.0,54866233.0,55388856.0,55509865.0,59114343.0,63579041.0,65558029.0,70115569.0,74481416.0,76932332.0,78256945.0,78985632.0,88902818.0,88955642.0,96894552.0,98310966.0,98361818.0,101710782.0,101824385.0,108556027.0,109982213.0,116502194.0,124407978.0,125797024.0,126619322.0,140124014.0,144219102.0,150881077.0,159809011.0,178779512.0,182321775.0,198848442.0,210824047.0,218657077.0,225423130.0,227274347.0,232007496.0,238169051.0,243045180.0,245455196.0,246544892.0,246613943.0,246875675.0,251148773.0,253202602.0,253742998.0,253766102.0,253856394.0,258536563.0,266141540.0,266562398.0,267088381.0,273325600.0,274982664.0,275093764.0,279039469.0,282080237.0,283080633.0,294280010.0,294523668.0,299231191.0,302144631.0,304677043.0,306380299.0,313176788.0,313799444.0,315467525.0,316006382.0,317401345.0,319225412.0,325641343.0,329350931.0,338676684.0,340956453.0,347439137.0,349146547.0,351576574.0,360319422.0,362115130.0,362973396.0,368594265.0,368737554.0,369028288.0,371024329.0,371624190.0,373381781.0,375451125.0,380785929.0,388466657.0,395364431.0,402037439.0,405730888.0,406558256.0,408190913.0,418834841.0,419193664.0,425840443.0,434606180.0,438899734.0,441155820.0
1,778057.0,0.0,106.0,55.0,313.0,64.0,24.0,2.0,71.0,138.0,261.0,226.0,13.0,30.0,16.0,32.0,154.0,3.0,116.0,49.0,93.0,55.0,1.0,7.0,0.0,6.0,0.0,19.0,39.0,0.0,1.0,344.0,219.0,9.0,26.0,159.0,13.0,0.0,23.0,85.0,58.0,20.0,0.0,108.0,17.0,247.0,94.0,37.0,11.0,159.0,116.0,19.0,15.0,46.0,74.0,12.0,13.0,2.0,5.0,39.0,156.0,58.0,4.0,96.0,1.0,136.0,18.0,60.0,25.0,74.0,75.0,0.0,0.0,10.0,3.0,36.0,2.0,1.0,0.0,29.0,191.0,2.0,0.0,30.0,2.0,149.0,79.0,28.0,135.0,83.0,0.0,223.0,1.0,4.0,83.0,1.0,11.0,55.0,20.0,102.0,62.0,104.0,155.0,17.0,0.0,0.0,15.0,22.0,5.0,270.0,2.0,24.0
2,9103722.0,106.0,0.0,13.0,96.0,12.0,5.0,0.0,7.0,30.0,56.0,33.0,9.0,4.0,0.0,8.0,35.0,2.0,13.0,10.0,16.0,8.0,0.0,0.0,0.0,1.0,0.0,1.0,18.0,0.0,0.0,39.0,63.0,0.0,10.0,69.0,10.0,0.0,5.0,16.0,8.0,0.0,0.0,33.0,3.0,40.0,7.0,4.0,7.0,53.0,21.0,7.0,5.0,14.0,17.0,0.0,0.0,0.0,0.0,8.0,33.0,9.0,2.0,20.0,1.0,15.0,1.0,7.0,2.0,11.0,6.0,0.0,0.0,0.0,0.0,14.0,3.0,0.0,0.0,4.0,32.0,0.0,0.0,1.0,0.0,96.0,37.0,0.0,39.0,7.0,0.0,64.0,0.0,2.0,21.0,0.0,0.0,5.0,1.0,35.0,5.0,20.0,30.0,2.0,0.0,0.0,3.0,1.0,3.0,52.0,1.0,2.0
3,17001490.0,55.0,13.0,0.0,63.0,11.0,7.0,0.0,20.0,30.0,45.0,34.0,2.0,8.0,3.0,6.0,31.0,0.0,22.0,6.0,17.0,16.0,0.0,0.0,0.0,0.0,0.0,1.0,4.0,0.0,0.0,61.0,78.0,0.0,3.0,38.0,3.0,0.0,5.0,34.0,1.0,4.0,1.0,18.0,1.0,22.0,19.0,9.0,3.0,15.0,21.0,1.0,2.0,5.0,7.0,1.0,1.0,2.0,2.0,3.0,20.0,14.0,1.0,10.0,0.0,26.0,1.0,3.0,1.0,8.0,7.0,0.0,0.0,0.0,0.0,5.0,0.0,1.0,0.0,5.0,36.0,0.0,0.0,4.0,1.0,43.0,5.0,5.0,26.0,11.0,0.0,45.0,1.0,3.0,23.0,0.0,3.0,6.0,3.0,39.0,15.0,14.0,26.0,3.0,0.0,0.0,1.0,3.0,1.0,31.0,1.0,9.0
4,17325149.0,313.0,96.0,63.0,0.0,65.0,37.0,2.0,90.0,187.0,303.0,272.0,20.0,36.0,43.0,45.0,149.0,17.0,189.0,106.0,178.0,81.0,0.0,15.0,2.0,17.0,0.0,24.0,41.0,2.0,2.0,460.0,302.0,5.0,60.0,327.0,16.0,3.0,21.0,137.0,70.0,49.0,23.0,176.0,21.0,220.0,109.0,91.0,11.0,125.0,123.0,46.0,21.0,35.0,82.0,9.0,6.0,12.0,16.0,59.0,224.0,84.0,8.0,114.0,21.0,181.0,36.0,63.0,29.0,84.0,115.0,0.0,2.0,16.0,5.0,25.0,9.0,3.0,1.0,62.0,277.0,6.0,5.0,33.0,8.0,249.0,62.0,58.0,184.0,60.0,0.0,227.0,1.0,24.0,111.0,0.0,26.0,44.0,31.0,229.0,107.0,63.0,246.0,18.0,1.0,1.0,19.0,28.0,6.0,304.0,3.0,41.0
5,17738439.0,64.0,12.0,11.0,65.0,0.0,14.0,2.0,28.0,29.0,68.0,71.0,3.0,26.0,4.0,6.0,22.0,11.0,55.0,28.0,29.0,25.0,0.0,5.0,1.0,3.0,0.0,14.0,22.0,1.0,0.0,56.0,48.0,3.0,15.0,49.0,7.0,1.0,4.0,22.0,30.0,23.0,8.0,36.0,5.0,158.0,31.0,20.0,12.0,38.0,27.0,19.0,5.0,9.0,36.0,6.0,7.0,2.0,6.0,15.0,58.0,35.0,3.0,22.0,6.0,40.0,8.0,18.0,15.0,21.0,25.0,0.0,1.0,2.0,0.0,8.0,0.0,0.0,1.0,9.0,56.0,1.0,0.0,7.0,1.0,60.0,15.0,26.0,42.0,27.0,0.0,44.0,0.0,6.0,22.0,1.0,15.0,20.0,4.0,23.0,27.0,21.0,38.0,7.0,1.0,0.0,5.0,8.0,2.0,62.0,0.0,9.0
6,18594520.0,24.0,5.0,7.0,37.0,14.0,0.0,1.0,16.0,23.0,16.0,28.0,1.0,12.0,0.0,3.0,13.0,3.0,29.0,14.0,12.0,11.0,0.0,3.0,0.0,2.0,0.0,3.0,11.0,0.0,0.0,23.0,52.0,0.0,6.0,18.0,8.0,1.0,2.0,33.0,10.0,7.0,9.0,17.0,3.0,31.0,12.0,6.0,6.0,8.0,15.0,4.0,1.0,12.0,6.0,1.0,2.0,1.0,2.0,3.0,28.0,12.0,0.0,10.0,8.0,12.0,5.0,5.0,6.0,9.0,13.0,0.0,0.0,5.0,0.0,5.0,3.0,0.0,1.0,4.0,30.0,1.0,3.0,3.0,0.0,20.0,10.0,11.0,31.0,15.0,0.0,23.0,0.0,2.0,38.0,0.0,6.0,5.0,12.0,15.0,17.0,14.0,16.0,0.0,0.0,0.0,2.0,4.0,3.0,28.0,2.0,9.0
7,31147535.0,2.0,0.0,0.0,2.0,2.0,1.0,0.0,0.0,4.0,1.0,5.0,0.0,1.0,1.0,0.0,1.0,0.0,4.0,0.0,2.0,12.0,0.0,1.0,0.0,0.0,0.0,0.0,2.0,1.0,0.0,4.0,3.0,76.0,1.0,1.0,0.0,0.0,0.0,4.0,3.0,2.0,0.0,2.0,1.0,3.0,2.0,0.0,0.0,0.0,1.0,0.0,0.0,0.0,0.0,0.0,0.0,0.0,0.0,1.0,3.0,1.0,0.0,0.0,0.0,3.0,0.0,0.0,2.0,1.0,0.0,0.0,0.0,0.0,0.0,0.0,0.0,0.0,0.0,0.0,2.0,0.0,0.0,0.0,0.0,0.0,2.0,1.0,1.0,1.0,0.0,1.0,0.0,0.0,0.0,0.0,0.0,1.0,0.0,1.0,1.0,0.0,0.0,0.0,0.0,0.0,0.0,0.0,0.0,4.0,0.0,0.0
8,38924117.0,71.0,7.0,20.0,90.0,28.0,16.0,0.0,0.0,44.0,42.0,107.0,5.0,29.0,37.0,8.0,4.0,4.0,55.0,32.0,21.0,44.0,0.0,6.0,0.0,3.0,0.0,6.0,17.0,0.0,1.0,118.0,140.0,8.0,4.0,29.0,23.0,0.0,13.0,45.0,27.0,18.0,4.0,25.0,4.0,52.0,48.0,11.0,7.0,37.0,26.0,19.0,3.0,21.0,19.0,4.0,4.0,2.0,8.0,14.0,73.0,35.0,2.0,5.0,3.0,102.0,7.0,8.0,14.0,15.0,31.0,0.0,1.0,5.0,0.0,12.0,44.0,78.0,1.0,5.0,134.0,5.0,1.0,28.0,3.0,13.0,15.0,16.0,52.0,37.0,0.0,93.0,2.0,4.0,110.0,3.0,12.0,16.0,16.0,21.0,42.0,88.0,19.0,5.0,0.0,1.0,3.0,13.0,2.0,85.0,13.0,12.0
9,47950082.0,138.0,30.0,30.0,187.0,29.0,23.0,4.0,44.0,0.0,163.0,201.0,11.0,9.0,1.0,13.0,64.0,0.0,59.0,25.0,54.0,65.0,0.0,2.0,0.0,6.0,0.0,1.0,19.0,1.0,0.0,157.0,125.0,1.0,15.0,113.0,13.0,1.0,6.0,96.0,11.0,22.0,0.0,85.0,8.0,84.0,59.0,32.0,7.0,82.0,41.0,6.0,3.0,27.0,36.0,3.0,2.0,10.0,5.0,16.0,84.0,39.0,3.0,48.0,1.0,79.0,7.0,16.0,6.0,27.0,42.0,0.0,0.0,3.0,2.0,13.0,12.0,2.0,0.0,18.0,74.0,0.0,0.0,5.0,1.0,76.0,44.0,20.0,107.0,32.0,0.0,141.0,0.0,3.0,82.0,1.0,9.0,14.0,14.0,73.0,39.0,44.0,106.0,5.0,0.0,0.0,4.0,7.0,5.0,84.0,3.0,12.0
10,48495906.0,261.0,56.0,45.0,303.0,68.0,16.0,1.0,42.0,163.0,0.0,307.0,20.0,18.0,17.0,27.0,143.0,3.0,79.0,51.0,110.0,48.0,0.0,3.0,0.0,9.0,0.0,27.0,61.0,5.0,1.0,321.0,238.0,5.0,69.0,253.0,12.0,1.0,8.0,73.0,29.0,26.0,1.0,155.0,36.0,209.0,75.0,51.0,12.0,189.0,129.0,53.0,4.0,33.0,99.0,12.0,5.0,9.0,4.0,66.0,275.0,45.0,6.0,167.0,2.0,127.0,11.0,121.0,12.0,140.0,134.0,0.0,0.0,6.0,6.0,32.0,5.0,2.0,0.0,56.0,260.0,1.0,0.0,9.0,4.0,192.0,41.0,52.0,125.0,45.0,0.0,173.0,0.0,2.0,77.0,0.0,11.0,33.0,12.0,178.0,76.0,77.0,305.0,12.0,0.0,0.0,40.0,28.0,9.0,223.0,1.0,33.0
11,50645038.0,226.0,33.0,34.0,272.0,71.0,28.0,5.0,107.0,201.0,307.0,0.0,7.0,55.0,32.0,8.0,67.0,12.0,161.0,64.0,85.0,110.0,1.0,10.0,1.0,8.0,0.0,19.0,35.0,4.0,16.0,472.0,211.0,14.0,13.0,149.0,30.0,4.0,48.0,145.0,97.0,57.0,4.0,90.0,16.0,191.0,267.0,44.0,10.0,167.0,79.0,16.0,7.0,59.0,56.0,24.0,22.0,6.0,11.0,33.0,202.0,78.0,1.0,48.0,3.0,210.0,23.0,36.0,28.0,34.0,81.0,0.0,1.0,10.0,1.0,20.0,52.0,24.0,2.0,23.0,238.0,4.0,2.0,31.0,3.0,83.0,83.0,51.0,117.0,110.0,0.0,260.0,3.0,4.0,167.0,1.0,19.0,31.0,14.0,77.0,80.0,84.0,95.0,42.0,1.0,0.0,10.0,17.0,8.0,220.0,6.0,18.0
12,53507617.0,13.0,9.0,2.0,20.0,3.0,1.0,0.0,5.0,11.0,20.0,7.0,0.0,5.0,1.0,7.0,11.0,0.0,3.0,0.0,7.0,0.0,0.0,0.0,0.0,0.0,0.0,0.0,26.0,0.0,0.0,8.0,26.0,0.0,6.0,65.0,11.0,0.0,1.0,6.0,0.0,0.0,0.0,11.0,4.0,11.0,1.0,3.0,15.0,12.0,16.0,2.0,0.0,3.0,5.0,0.0,0.0,1.0,0.0,2.0,12.0,1.0,0.0,11.0,1.0,4.0,0.0,7.0,0.0,9.0,4.0,0.0,0.0,0.0,0.0,11.0,1.0,1.0,0.0,5.0,22.0,0.0,0.0,0.0,0.0,28.0,1.0,0.0,5.0,0.0,0.0,17.0,0.0,0.0,9.0,0.0,0.0,0.0,1.0,10.0,4.0,6.0,15.0,0.0,0.0,0.0,2.0,0.0,1.0,8.0,0.0,2.0
13,54866233.0,30.0,4.0,8.0,36.0,26.0,12.0,1.0,29.0,9.0,18.0,55.0,5.0,0.0,8.0,1.0,7.0,5.0,42.0,39.0,25.0,20.0,0.0,7.0,0.0,2.0,0.0,7.0,16.0,1.0,2.0,20.0,59.0,1.0,9.0,24.0,9.0,0.0,10.0,12.0,58.0,5.0,3.0,16.0,2.0,42.0,15.0,13.0,12.0,19.0,28.0,13.0,4.0,10.0,19.0,3.0,6.0,0.0,5.0,9.0,36.0,25.0,1.0,13.0,4.0,20.0,12.0,5.0,13.0,16.0,13.0,0.0,1.0,4.0,0.0,4.0,1.0,0.0,1.0,3.0,52.0,2.0,0.0,7.0,3.0,15.0,4.0,18.0,14.0,26.0,0.0,22.0,0.0,0.0,22.0,2.0,8.0,7.0,5.0,20.0,25.0,13.0,10.0,5.0,0.0,3.0,2.0,5.0,1.0,49.0,0.0,7.0
14,55388856.0,16.0,0.0,3.0,43.0,4.0,0.0,1.0,37.0,1.0,17.0,32.0,1.0,8.0,0.0,3.0,1.0,0.0,14.0,6.0,3.0,8.0,0.0,5.0,0.0,0.0,0.0,1.0,2.0,1.0,0.0,64.0,17.0,0.0,0.0,5.0,0.0,0.0,1.0,5.0,5.0,2.0,0.0,0.0,1.0,9.0,3.0,2.0,0.0,2.0,5.0,2.0,0.0,0.0,4.0,2.0,3.0,0.0,1.0,1.0,11.0,4.0,0.0,0.0,0.0,48.0,2.0,1.0,3.0,3.0,23.0,0.0,0.0,0.0,0.0,1.0,10.0,5.0,0.0,1.0,46.0,0.0,0.0,10.0,0.0,2.0,2.0,2.0,1.0,7.0,0.0,13.0,0.0,0.0,2.0,1.0,3.0,2.0,0.0,5.0,10.0,3.0,2.0,2.0,1.0,0.0,1.0,3.0,0.0,20.0,0.0,0.0
15,55509865.0,32.0,8.0,6.0,45.0,6.0,3.0,0.0,8.0,13.0,27.0,8.0,7.0,1.0,3.0,0.0,14.0,1.0,8.0,16.0,33.0,4.0,0.0,1.0,0.0,2.0,0.0,1.0,5.0,0.0,0.0,40.0,40.0,0.0,12.0,50.0,0.0,0.0,1.0,16.0,2.0,9.0,2.0,29.0,0.0,19.0,3.0,26.0,4.0,10.0,14.0,3.0,3.0,3.0,9.0,1.0,0.0,0.0,0.0,1.0,11.0,6.0,3.0,15.0,0.0,8.0,4.0,10.0,0.0,10.0,9.0,0.0,0.0,1.0,1.0,0.0,0.0,0.0,0.0,17.0,22.0,0.0,0.0,2.0,0.0,37.0,3.0,5.0,10.0,9.0,0.0,20.0,0.0,1.0,7.0,0.0,2.0,2.0,0.0,44.0,10.0,7.0,24.0,2.0,0.0,0.0,4.0,2.0,0.0,30.0,0.0,4.0
16,59114343.0,154.0,35.0,31.0,149.0,22.0,13.0,1.0,4.0,64.0,143.0,67.0,11.0,7.0,1.0,14.0,0.0,0.0,26.0,11.0,52.0,17.0,0.0,1.0,0.0,2.0,0.0,8.0,24.0,0.0,0.0,196.0,87.0,0.0,25.0,108.0,2.0,0.0,8.0,56.0,3.0,2.0,2.0,50.0,12.0,89.0,12.0,24.0,7.0,107.0,60.0,11.0,0.0,11.0,40.0,6.0,0.0,5.0,0.0,20.0,73.0,17.0,4.0,86.0,1.0,38.0,9.0,47.0,6.0,56.0,33.0,0.0,0.0,2.0,2.0,19.0,2.0,0.0,0.0,27.0,78.0,0.0,1.0,4.0,0.0,97.0,20.0,4.0,61.0,14.0,0.0,107.0,0.0,0.0,26.0,0.0,0.0,13.0,4.0,79.0,20.0,32.0,111.0,7.0,0.0,1.0,13.0,9.0,0.0,123.0,0.0,11.0
17,63579041.0,3.0,2.0,0.0,17.0,11.0,3.0,0.0,4.0,0.0,3.0,12.0,0.0,5.0,0.0,1.0,0.0,0.0,21.0,37.0,11.0,6.0,0.0,2.0,2.0,7.0,0.0,11.0,0.0,5.0,2.0,4.0,12.0,1.0,21.0,19.0,1.0,4.0,0.0,3.0,10.0,8.0,22.0,15.0,10.0,12.0,3.0,5.0,0.0,3.0,15.0,20.0,3.0,0.0,15.0,1.0,1.0,1.0,13.0,12.0,36.0,8.0,1.0,6.0,23.0,2.0,2.0,5.0,9.0,6.0,1.0,0.0,8.0,2.0,0.0,0.0,0.0,0.0,3.0,4.0,10.0,3.0,9.0,0.0,4.0,7.0,1.0,17.0,4.0,5.0,0.0,0.0,0.0,14.0,0.0,0.0,15.0,0.0,0.0,2.0,24.0,1.0,4.0,0.0,0.0,0.0,0.0,2.0,1.0,23.0,0.0,14.0
18,65558029.0,116.0,13.0,22.0,189.0,55.0,29.0,4.0,55.0,59.0,79.0,161.0,3.0,42.0,14.0,8.0,26.0,21.0,0.0,94.0,92.0,54.0,0.0,10.0,1.0,7.0,0.0,21.0,26.0,3.0,3.0,157.0,98.0,8.0,17.0,87.0,10.0,5.0,22.0,58.0,67.0,56.0,38.0,74.0,15.0,110.0,108.0,56.0,12.0,38.0,42.0,29.0,3.0,20.0,68.0,5.0,14.0,1.0,14.0,23.0,175.0,62.0,1.0,25.0,19.0,107.0,23.0,16.0,26.0,33.0,49.0,0.0,5.0,3.0,1.0,6.0,3.0,4.0,2.0,15.0,116.0,5.0,8.0,14.0,3.0,48.0,31.0,49.0,75.0,54.0,0.0,113.0,2.0,15.0,49.0,1.0,31.0,37.0,12.0,49.0,72.0,28.0,43.0,11.0,2.0,2.0,8.0,17.0,4.0,213.0,2.0,19.0
19,70115569.0,49.0,10.0,6.0,106.0,28.0,14.0,0.0,32.0,25.0,51.0,64.0,0.0,39.0,6.0,16.0,11.0,37.0,94.0,0.0,210.0,29.0,0.0,5.0,2.0,20.0,0.0,22.0,18.0,9.0,1.0,37.0,58.0,4.0,25.0,69.0,9.0,8.0,13.0,45.0,57.0,51.0,31.0,47.0,17.0,50.0,40.0,174.0,4.0,38.0,39.0,36.0,7.0,14.0,59.0,2.0,5.0,4.0,18.0,34.0,125.0,37.0,4.0,38.0,21.0,24.0,32.0,32.0,21.0,37.0,20.0,0.0,8.0,6.0,2.0,6.0,2.0,2.0,5.0,17.0,68.0,9.0,11.0,4.0,14.0,22.0,10.0,73.0,33.0,25.0,0.0,41.0,1.0,10.0,21.0,1.0,22.0,14.0,10.0,79.0,55.0,20.0,48.0,5.0,0.0,0.0,5.0,12.0,3.0,207.0,3.0,27.0
20,74481416.0,93.0,16.0,17.0,178.0,29.0,12.0,2.0,21.0,54.0,110.0,85.0,7.0,25.0,3.0,33.0,52.0,11.0,92.0,210.0,0.0,28.0,0.0,4.0,1.0,11.0,0.0,18.0,16.0,4.0,1.0,106.0,88.0,5.0,43.0,123.0,3.0,3.0,18.0,80.0,31.0,49.0,17.0,96.0,17.0,72.0,33.0,242.0,3.0,37.0,58.0,17.0,1.0,12.0,79.0,3.0,3.0,1.0,10.0,34.0,116.0,37.0,5.0,80.0,15.0,41.0,42.0,37.0,12.0,60.0,41.0,0.0,3.0,5.0,6.0,5.0,0.0,0.0,2.0,44.0,93.0,4.0,2.0,6.0,5.0,65.0,14.0,47.0,65.0,17.0,0.0,59.0,1.0,4.0,38.0,0.0,15.0,20.0,11.0,164.0,53.0,18.0,95.0,4.0,0.0,0.0,9.0,15.0,1.0,214.0,0.0,27.0
21,76932332.0,55.0,8.0,16.0,81.0,25.0,11.0,12.0,44.0,65.0,48.0,110.0,0.0,20.0,8.0,4.0,17.0,6.0,54.0,29.0,28.0,0.0,0.0,3.0,0.0,3.0,0.0,10.0,12.0,0.0,0.0,63.0,80.0,19.0,3.0,50.0,9.0,1.0,12.0,55.0,27.0,26.0,7.0,35.0,3.0,44.0,54.0,21.0,3.0,32.0,21.0,9.0,5.0,19.0,23.0,6.0,9.0,2.0,6.0,12.0,59.0,30.0,1.0,6.0,7.0,52.0,13.0,1.0,12.0,11.0,18.0,0.0,0.0,3.0,0.0,4.0,4.0,0.0,1.0,11.0,67.0,0.0,0.0,10.0,0.0,14.0,21.0,25.0,41.0,33.0,0.0,66.0,0.0,4.0,45.0,1.0,16.0,15.0,10.0,16.0,36.0,18.0,21.0,10.0,0.0,0.0,1.0,9.0,4.0,53.0,3.0,9.0
22,78256945.0,1.0,0.0,0.0,0.0,0.0,0.0,0.0,0.0,0.0,0.0,1.0,0.0,0.0,0.0,0.0,0.0,0.0,0.0,0.0,0.0,0.0,0.0,0.0,0.0,0.0,0.0,0.0,0.0,0.0,0.0,2.0,0.0,0.0,0.0,0.0,0.0,0.0,0.0,0.0,1.0,0.0,0.0,0.0,0.0,0.0,0.0,0.0,0.0,1.0,0.0,0.0,0.0,0.0,0.0,0.0,0.0,0.0,0.0,0.0,0.0,0.0,0.0,0.0,0.0,0.0,0.0,0.0,0.0,0.0,0.0,0.0,0.0,0.0,0.0,0.0,0.0,0.0,0.0,0.0,0.0,0.0,0.0,0.0,0.0,1.0,0.0,0.0,0.0,0.0,0.0,0.0,0.0,0.0,0.0,0.0,0.0,0.0,0.0,0.0,0.0,0.0,1.0,0.0,0.0,0.0,0.0,0.0,0.0,0.0,0.0,0.0
23,78985632.0,7.0,0.0,0.0,15.0,5.0,3.0,1.0,6.0,2.0,3.0,10.0,0.0,7.0,5.0,1.0,1.0,2.0,10.0,5.0,4.0,3.0,0.0,0.0,0.0,0.0,0.0,3.0,1.0,0.0,0.0,9.0,7.0,0.0,1.0,3.0,2.0,1.0,0.0,3.0,13.0,6.0,2.0,7.0,0.0,8.0,4.0,2.0,0.0,4.0,1.0,4.0,1.0,2.0,3.0,1.0,1.0,0.0,1.0,2.0,6.0,3.0,0.0,0.0,0.0,11.0,0.0,2.0,1.0,2.0,4.0,0.0,1.0,1.0,0.0,2.0,0.0,1.0,0.0,0.0,11.0,0.0,0.0,1.0,0.0,4.0,2.0,5.0,6.0,3.0,0.0,6.0,0.0,3.0,3.0,0.0,3.0,4.0,1.0,1.0,4.0,2.0,1.0,1.0,0.0,0.0,0.0,2.0,0.0,11.0,0.0,2.0
24,88902818.0,0.0,0.0,0.0,2.0,1.0,0.0,0.0,0.0,0.0,0.0,1.0,0.0,0.0,0.0,0.0,0.0,2.0,1.0,2.0,1.0,0.0,0.0,0.0,0.0,0.0,0.0,1.0,0.0,1.0,0.0,0.0,0.0,0.0,0.0,0.0,0.0,1.0,0.0,0.0,0.0,0.0,4.0,0.0,0.0,0.0,1.0,1.0,0.0,0.0,0.0,0.0,0.0,0.0,1.0,0.0,0.0,0.0,1.0,0.0,1.0,2.0,0.0,0.0,1.0,0.0,0.0,0.0,1.0,0.0,0.0,0.0,0.0,0.0,0.0,0.0,0.0,0.0,0.0,0.0,0.0,0.0,0.0,0.0,0.0,0.0,0.0,2.0,0.0,0.0,0.0,1.0,0.0,0.0,1.0,0.0,0.0,1.0,0.0,0.0,1.0,0.0,0.0,0.0,0.0,0.0,0.0,0.0,0.0,0.0,0.0,0.0
25,88955642.0,6.0,1.0,0.0,17.0,3.0,2.0,0.0,3.0,6.0,9.0,8.0,0.0,2.0,0.0,2.0,2.0,7.0,7.0,20.0,11.0,3.0,0.0,0.0,0.0,0.0,0.0,3.0,1.0,5.0,0.0,9.0,15.0,1.0,16.0,26.0,1.0,5.0,2.0,3.0,3.0,2.0,7.0,10.0,9.0,7.0,6.0,7.0,0.0,4.0,10.0,18.0,2.0,0.0,10.0,0.0,0.0,2.0,1.0,5.0,16.0,6.0,1.0,8.0,16.0,3.0,3.0,7.0,2.0,7.0,8.0,0.0,3.0,0.0,3.0,0.0,0.0,0.0,1.0,6.0,8.0,2.0,6.0,1.0,2.0,7.0,1.0,5.0,5.0,4.0,0.0,5.0,0.0,7.0,5.0,0.0,5.0,2.0,2.0,6.0,24.0,2.0,13.0,0.0,1.0,0.0,1.0,3.0,1.0,7.0,0.0,15.0
26,96894552.0,0.0,0.0,0.0,0.0,0.0,0.0,0.0,0.0,0.0,0.0,0.0,0.0,0.0,0.0,0.0,0.0,0.0,0.0,0.0,0.0,0.0,0.0,0.0,0.0,0.0,0.0,0.0,0.0,0.0,0.0,0.0,0.0,0.0,0.0,0.0,0.0,0.0,0.0,0.0,0.0,0.0,0.0,0.0,0.0,0.0,0.0,0.0,0.0,0.0,0.0,0.0,0.0,0.0,0.0,0.0,0.0,0.0,0.0,0.0,0.0,0.0,0.0,0.0,0.0,0.0,0.0,0.0,0.0,0.0,0.0,0.0,0.0,0.0,0.0,0.0,0.0,0.0,0.0,0.0,0.0,0.0,0.0,0.0,0.0,0.0,0.0,0.0,0.0,0.0,0.0,0.0,0.0,0.0,0.0,0.0,0.0,0.0,0.0,0.0,0.0,0.0,0.0,0.0,0.0,0.0,0.0,0.0,0.0,0.0,0.0,0.0
27,98310966.0,19.0,1.0,1.0,24.0,14.0,3.0,0.0,6.0,1.0,27.0,19.0,0.0,7.0,1.0,1.0,8.0,11.0,21.0,22.0,18.0,10.0,0.0,3.0,1.0,3.0,0.0,0.0,8.0,3.0,0.0,20.0,38.0,0.0,24.0,27.0,3.0,4.0,1.0,7.0,14.0,10.0,11.0,34.0,14.0,14.0,18.0,8.0,0.0,19.0,44.0,27.0,2.0,3.0,24.0,3.0,3.0,0.0,5.0,15.0,65.0,5.0,3.0,48.0,6.0,9.0,3.0,23.0,7.0,72.0,7.0,0.0,1.0,4.0,1.0,0.0,0.0,1.0,0.0,6.0,38.0,1.0,2.0,7.0,1.0,4.0,2.0,19.0,10.0,20.0,0.0,24.0,0.0,3.0,12.0,1.0,6.0,3.0,2.0,13.0,14.0,6.0,19.0,1.0,1.0,3.0,3.0,6.0,0.0,33.0,0.0,8.0
28,98361818.0,39.0,18.0,4.0,41.0,22.0,11.0,2.0,17.0,19.0,61.0,35.0,26.0,16.0,2.0,5.0,24.0,0.0,26.0,18.0,16.0,12.0,0.0,1.0,0.0,1.0,0.0,8.0,0.0,0.0,0.0,23.0,50.0,1.0,22.0,137.0,26.0,0.0,1.0,16.0,15.0,12.0,0.0,30.0,13.0,41.0,13.0,13.0,36.0,32.0,31.0,24.0,1.0,11.0,27.0,1.0,6.0,1.0,3.0,13.0,76.0,19.0,2.0,36.0,1.0,20.0,2.0,36.0,6.0,50.0,27.0,0.0,1.0,2.0,6.0,16.0,3.0,2.0,1.0,7.0,76.0,1.0,0.0,2.0,1.0,50.0,12.0,19.0,27.0,19.0,0.0,38.0,0.0,2.0,19.0,1.0,5.0,9.0,5.0,15.0,22.0,26.0,55.0,2.0,0.0,1.0,14.0,8.0,2.0,46.0,2.0,10.0
29,101710782.0,0.0,0.0,0.0,2.0,1.0,0.0,1.0,0.0,1.0,5.0,4.0,0.0,1.0,1.0,0.0,0.0,5.0,3.0,9.0,4.0,0.0,0.0,0.0,1.0,5.0,0.0,3.0,0.0,0.0,0.0,1.0,3.0,0.0,12.0,8.0,0.0,3.0,0.0,1.0,4.0,0.0,9.0,4.0,1.0,3.0,0.0,1.0,0.0,5.0,4.0,12.0,0.0,0.0,7.0,0.0,0.0,2.0,4.0,2.0,10.0,3.0,1.0,6.0,2.0,2.0,1.0,5.0,5.0,5.0,1.0,0.0,1.0,0.0,0.0,0.0,1.0,0.0,0.0,0.0,6.0,2.0,3.0,0.0,2.0,3.0,2.0,0.0,1.0,1.0,0.0,0.0,0.0,1.0,0.0,0.0,3.0,0.0,0.0,3.0,7.0,0.0,6.0,0.0,0.0,0.0,1.0,1.0,0.0,9.0,0.0,3.0
30,101824385.0,1.0,0.0,0.0,2.0,0.0,0.0,0.0,1.0,0.0,1.0,16.0,0.0,2.0,0.0,0.0,0.0,2.0,3.0,1.0,1.0,0.0,0.0,0.0,0.0,0.0,0.0,0.0,0.0,0.0,0.0,1.0,2.0,0.0,3.0,5.0,2.0,0.0,2.0,1.0,4.0,0.0,0.0,0.0,0.0,5.0,9.0,1.0,0.0,1.0,2.0,0.0,1.0,1.0,0.0,1.0,0.0,0.0,1.0,3.0,2.0,1.0,0.0,0.0,0.0,2.0,3.0,0.0,1.0,0.0,0.0,0.0,0.0,0.0,0.0,0.0,0.0,0.0,0.0,0.0,5.0,0.0,0.0,0.0,0.0,1.0,0.0,0.0,0.0,4.0,0.0,1.0,0.0,0.0,2.0,0.0,0.0,0.0,0.0,0.0,0.0,0.0,0.0,3.0,0.0,0.0,0.0,0.0,0.0,1.0,0.0,0.0
31,108556027.0,344.0,39.0,61.0,460.0,56.0,23.0,4.0,118.0,157.0,321.0,472.0,8.0,20.0,64.0,40.0,196.0,4.0,157.0,37.0,106.0,63.0,2.0,9.0,0.0,9.0,0.0,20.0,23.0,1.0,1.0,0.0,274.0,5.0,14.0,188.0,11.0,3.0,15.0,155.0,39.0,49.0,2.0,104.0,9.0,151.0,292.0,45.0,20.0,84.0,64.0,7.0,1.0,29.0,52.0,12.0,16.0,7.0,5.0,35.0,157.0,75.0,1.0,68.0,1.0,255.0,15.0,26.0,11.0,34.0,128.0,0.0,0.0,8.0,1.0,14.0,9.0,12.0,0.0,25.0,214.0,1.0,0.0,36.0,1.0,162.0,93.0,39.0,115.0,106.0,0.0,315.0,2.0,3.0,143.0,1.0,15.0,38.0,14.0,141.0,64.0,51.0,186.0,23.0,1.0,0.0,10.0,17.0,5.0,280.0,1.0,23.0
32,109982213.0,219.0,63.0,78.0,302.0,48.0,52.0,3.0,140.0,125.0,238.0,211.0,26.0,59.0,17.0,40.0,87.0,12.0,98.0,58.0,88.0,80.0,0.0,7.0,0.0,15.0,0.0,38.0,50.0,3.0,2.0,274.0,0.0,6.0,42.0,223.0,38.0,1.0,19.0,338.0,41.0,27.0,7.0,119.0,23.0,149.0,98.0,39.0,25.0,120.0,136.0,27.0,4.0,67.0,64.0,11.0,9.0,10.0,3.0,57.0,184.0,61.0,5.0,89.0,10.0,112.0,15.0,64.0,13.0,92.0,73.0,0.0,0.0,68.0,2.0,33.0,13.0,2.0,1.0,46.0,286.0,2.0,0.0,33.0,3.0,146.0,27.0,46.0,175.0,71.0,0.0,186.0,0.0,8.0,386.0,1.0,14.0,24.0,108.0,138.0,106.0,99.0,189.0,14.0,0.0,3.0,17.0,19.0,11.0,179.0,9.0,48.0
33,116502194.0,9.0,0.0,0.0,5.0,3.0,0.0,76.0,8.0,1.0,5.0,14.0,0.0,1.0,0.0,0.0,0.0,1.0,8.0,4.0,5.0,19.0,0.0,0.0,0.0,1.0,0.0,0.0,1.0,0.0,0.0,5.0,6.0,0.0,2.0,2.0,1.0,0.0,1.0,6.0,8.0,1.0,0.0,4.0,1.0,7.0,5.0,2.0,0.0,1.0,2.0,2.0,0.0,0.0,4.0,0.0,1.0,0.0,2.0,0.0,5.0,4.0,0.0,0.0,0.0,4.0,2.0,1.0,3.0,1.0,2.0,0.0,0.0,0.0,0.0,0.0,0.0,4.0,0.0,0.0,8.0,0.0,0.0,1.0,0.0,0.0,7.0,1.0,4.0,2.0,0.0,5.0,0.0,0.0,2.0,0.0,1.0,2.0,1.0,0.0,3.0,2.0,3.0,0.0,0.0,0.0,0.0,2.0,0.0,8.0,0.0,0.0
34,124407978.0,26.0,10.0,3.0,60.0,15.0,6.0,1.0,4.0,15.0,69.0,13.0,6.0,9.0,0.0,12.0,25.0,21.0,17.0,25.0,43.0,3.0,0.0,1.0,0.0,16.0,0.0,24.0,22.0,12.0,3.0,14.0,42.0,2.0,0.0,136.0,4.0,1.0,2.0,6.0,12.0,4.0,22.0,68.0,40.0,25.0,2.0,20.0,2.0,38.0,66.0,119.0,6.0,1.0,52.0,0.0,0.0,4.0,1.0,47.0,140.0,1.0,10.0,93.0,21.0,8.0,6.0,67.0,11.0,102.0,20.0,0.0,4.0,0.0,11.0,3.0,0.0,0.0,2.0,35.0,79.0,0.0,3.0,0.0,3.0,43.0,4.0,26.0,14.0,3.0,0.0,11.0,0.0,20.0,4.0,0.0,6.0,1.0,2.0,40.0,55.0,9.0,97.0,1.0,0.0,0.0,13.0,7.0,0.0,53.0,0.0,26.0
35,125797024.0,159.0,69.0,38.0,327.0,49.0,18.0,1.0,29.0,113.0,253.0,149.0,65.0,24.0,5.0,50.0,108.0,19.0,87.0,69.0,123.0,50.0,0.0,3.0,0.0,26.0,0.0,27.0,137.0,8.0,5.0,188.0,223.0,2.0,136.0,0.0,8.0,2.0,13.0,77.0,38.0,36.0,16.0,218.0,41.0,126.0,73.0,56.0,30.0,85.0,118.0,106.0,5.0,16.0,95.0,5.0,5.0,11.0,8.0,64.0,216.0,51.0,7.0,140.0,28.0,72.0,22.0,80.0,15.0,117.0,79.0,0.0,5.0,3.0,11.0,20.0,2.0,0.0,1.0,89.0,212.0,3.0,2.0,6.0,7.0,331.0,26.0,39.0,67.0,39.0,1.0,113.0,0.0,19.0,49.0,1.0,19.0,18.0,10.0,217.0,107.0,37.0,268.0,17.0,0.0,0.0,19.0,22.0,3.0,153.0,1.0,61.0
36,126619322.0,13.0,10.0,3.0,16.0,7.0,8.0,0.0,23.0,13.0,12.0,30.0,11.0,9.0,0.0,0.0,2.0,1.0,10.0,9.0,3.0,9.0,0.0,2.0,0.0,1.0,0.0,3.0,26.0,0.0,2.0,11.0,38.0,1.0,4.0,8.0,0.0,1.0,6.0,16.0,7.0,4.0,0.0,6.0,3.0,17.0,18.0,3.0,23.0,19.0,10.0,2.0,4.0,13.0,5.0,1.0,2.0,2.0,1.0,6.0,18.0,15.0,0.0,1.0,0.0,16.0,5.0,2.0,6.0,1.0,3.0,0.0,0.0,8.0,0.0,9.0,2.0,2.0,1.0,1.0,28.0,0.0,0.0,5.0,1.0,5.0,7.0,4.0,12.0,12.0,0.0,35.0,0.0,0.0,50.0,0.0,2.0,3.0,6.0,3.0,9.0,15.0,6.0,1.0,0.0,1.0,1.0,0.0,1.0,15.0,4.0,4.0
37,140124014.0,0.0,0.0,0.0,3.0,1.0,1.0,0.0,0.0,1.0,1.0,4.0,0.0,0.0,0.0,0.0,0.0,4.0,5.0,8.0,3.0,1.0,0.0,1.0,1.0,5.0,0.0,4.0,0.0,3.0,0.0,3.0,1.0,0.0,1.0,2.0,1.0,0.0,1.0,1.0,2.0,3.0,6.0,2.0,0.0,3.0,2.0,3.0,0.0,0.0,1.0,3.0,0.0,0.0,2.0,0.0,0.0,0.0,3.0,1.0,4.0,2.0,0.0,1.0,3.0,1.0,0.0,2.0,3.0,1.0,1.0,0.0,2.0,0.0,0.0,0.0,0.0,0.0,0.0,0.0,2.0,1.0,12.0,0.0,1.0,0.0,1.0,2.0,1.0,1.0,0.0,3.0,0.0,14.0,3.0,0.0,2.0,1.0,1.0,0.0,2.0,0.0,1.0,0.0,0.0,0.0,0.0,1.0,0.0,6.0,0.0,2.0
38,144219102.0,23.0,5.0,5.0,21.0,4.0,2.0,0.0,13.0,6.0,8.0,48.0,1.0,10.0,1.0,1.0,8.0,0.0,22.0,13.0,18.0,12.0,0.0,0.0,0.0,2.0,0.0,1.0,1.0,0.0,2.0,15.0,19.0,1.0,2.0,13.0,6.0,1.0,0.0,18.0,15.0,1.0,1.0,6.0,1.0,15.0,11.0,13.0,2.0,4.0,14.0,6.0,2.0,5.0,10.0,0.0,3.0,0.0,1.0,5.0,14.0,7.0,0.0,10.0,0.0,10.0,6.0,4.0,2.0,5.0,7.0,0.0,0.0,2.0,2.0,2.0,5.0,2.0,0.0,2.0,15.0,0.0,0.0,1.0,0.0,6.0,6.0,1.0,5.0,8.0,0.0,12.0,0.0,2.0,8.0,0.0,1.0,1.0,6.0,13.0,10.0,0.0,5.0,0.0,0.0,0.0,2.0,1.0,0.0,19.0,0.0,2.0
39,150881077.0,85.0,16.0,34.0,137.0,22.0,33.0,4.0,45.0,96.0,73.0,145.0,6.0,12.0,5.0,16.0,56.0,3.0,58.0,45.0,80.0,55.0,0.0,3.0,0.0,3.0,0.0,7.0,16.0,1.0,1.0,155.0,338.0,6.0,6.0,77.0,16.0,1.0,18.0,0.0,19.0,28.0,5.0,43.0,1.0,60.0,74.0,43.0,11.0,32.0,40.0,5.0,1.0,49.0,23.0,1.0,7.0,0.0,2.0,15.0,69.0,36.0,2.0,26.0,2.0,68.0,18.0,8.0,5.0,24.0,30.0,0.0,0.0,83.0,2.0,6.0,24.0,24.0,1.0,14.0,111.0,0.0,0.0,6.0,0.0,35.0,30.0,22.0,141.0,32.0,0.0,107.0,1.0,1.0,291.0,1.0,9.0,21.0,103.0,60.0,30.0,28.0,58.0,12.0,0.0,0.0,1.0,4.0,12.0,90.0,3.0,17.0
40,159809011.0,58.0,8.0,1.0,70.0,30.0,10.0,3.0,27.0,11.0,29.0,97.0,0.0,58.0,5.0,2.0,3.0,10.0,67.0,57.0,31.0,27.0,1.0,13.0,0.0,3.0,0.0,14.0,15.0,4.0,4.0,39.0,41.0,8.0,12.0,38.0,7.0,2.0,15.0,19.0,0.0,12.0,5.0,27.0,5.0,58.0,31.0,18.0,4.0,33.0,29.0,18.0,19.0,11.0,38.0,4.0,11.0,0.0,7.0,12.0,63.0,26.0,3.0,12.0,8.0,30.0,14.0,6.0,19.0,18.0,20.0,0.0,2.0,1.0,1.0,5.0,4.0,2.0,0.0,5.0,68.0,6.0,1.0,7.0,4.0,22.0,11.0,21.0,28.0,24.0,0.0,38.0,0.0,4.0,14.0,1.0,14.0,13.0,4.0,17.0,43.0,17.0,16.0,7.0,0.0,2.0,3.0,7.0,2.0,87.0,2.0,5.0
41,178779512.0,20.0,0.0,4.0,49.0,23.0,7.0,2.0,18.0,22.0,26.0,57.0,0.0,5.0,2.0,9.0,2.0,8.0,56.0,51.0,49.0,26.0,0.0,6.0,0.0,2.0,0.0,10.0,12.0,0.0,0.0,49.0,27.0,1.0,4.0,36.0,4.0,3.0,1.0,28.0,12.0,0.0,8.0,33.0,4.0,42.0,33.0,42.0,3.0,8.0,8.0,12.0,3.0,7.0,14.0,2.0,3.0,1.0,9.0,12.0,61.0,29.0,0.0,4.0,4.0,39.0,16.0,6.0,5.0,6.0,15.0,0.0,4.0,2.0,0.0,1.0,0.0,0.0,2.0,7.0,34.0,2.0,1.0,0.0,2.0,3.0,15.0,38.0,27.0,19.0,0.0,42.0,0.0,5.0,15.0,0.0,21.0,16.0,3.0,22.0,20.0,7.0,22.0,6.0,0.0,0.0,2.0,8.0,2.0,69.0,1.0,9.0
42,182321775.0,0.0,0.0,1.0,23.0,8.0,9.0,0.0,4.0,0.0,1.0,4.0,0.0,3.0,0.0,2.0,2.0,22.0,38.0,31.0,17.0,7.0,0.0,2.0,4.0,7.0,0.0,11.0,0.0,9.0,0.0,2.0,7.0,0.0,22.0,16.0,0.0,6.0,1.0,5.0,5.0,8.0,0.0,9.0,5.0,4.0,0.0,3.0,0.0,4.0,7.0,29.0,6.0,0.0,22.0,0.0,0.0,0.0,10.0,10.0,29.0,3.0,1.0,2.0,32.0,0.0,1.0,2.0,17.0,4.0,0.0,0.0,8.0,1.0,2.0,0.0,0.0,0.0,5.0,3.0,5.0,6.0,15.0,0.0,6.0,15.0,0.0,17.0,1.0,0.0,0.0,0.0,0.0,41.0,2.0,0.0,12.0,0.0,1.0,6.0,30.0,0.0,2.0,0.0,0.0,0.0,0.0,1.0,0.0,17.0,0.0,13.0
43,198848442.0,108.0,33.0,18.0,176.0,36.0,17.0,2.0,25.0,85.0,155.0,90.0,11.0,16.0,0.0,29.0,50.0,15.0,74.0,47.0,96.0,35.0,0.0,7.0,0.0,10.0,0.0,34.0,30.0,4.0,0.0,104.0,119.0,4.0,68.0,218.0,6.0,2.0,6.0,43.0,27.0,33.0,9.0,0.0,34.0,82.0,27.0,44.0,8.0,45.0,93.0,53.0,7.0,13.0,71.0,7.0,0.0,6.0,7.0,42.0,143.0,35.0,9.0,95.0,15.0,64.0,12.0,51.0,14.0,83.0,68.0,0.0,2.0,5.0,4.0,13.0,0.0,0.0,0.0,69.0,126.0,1.0,1.0,6.0,2.0,108.0,29.0,46.0,68.0,19.0,0.0,76.0,0.0,9.0,39.0,0.0,15.0,16.0,4.0,132.0,60.0,32.0,143.0,3.0,0.0,0.0,15.0,24.0,3.0,111.0,0.0,27.0
44,210824047.0,17.0,3.0,1.0,21.0,5.0,3.0,1.0,4.0,8.0,36.0,16.0,4.0,2.0,1.0,0.0,12.0,10.0,15.0,17.0,17.0,3.0,0.0,0.0,0.0,9.0,0.0,14.0,13.0,1.0,0.0,9.0,23.0,1.0,40.0,41.0,3.0,0.0,1.0,1.0,5.0,4.0,5.0,34.0,0.0,15.0,4.0,5.0,2.0,18.0,36.0,50.0,0.0,3.0,35.0,0.0,0.0,2.0,7.0,22.0,81.0,2.0,2.0,39.0,15.0,8.0,3.0,30.0,6.0,54.0,17.0,0.0,4.0,1.0,5.0,4.0,3.0,1.0,2.0,12.0,49.0,2.0,0.0,0.0,6.0,8.0,0.0,23.0,8.0,0.0,0.0,4.0,0.0,4.0,2.0,0.0,5.0,3.0,1.0,12.0,32.0,3.0,39.0,1.0,0.0,0.0,8.0,8.0,1.0,32.0,0.0,22.0
45,218657077.0,247.0,40.0,22.0,220.0,158.0,31.0,3.0,52.0,84.0,209.0,191.0,11.0,42.0,9.0,19.0,89.0,12.0,110.0,50.0,72.0,44.0,0.0,8.0,0.0,7.0,0.0,14.0,41.0,3.0,5.0,151.0,149.0,7.0,25.0,126.0,17.0,3.0,15.0,60.0,58.0,42.0,4.0,82.0,15.0,0.0,77.0,31.0,10.0,158.0,75.0,24.0,12.0,29.0,60.0,12.0,10.0,2.0,10.0,28.0,155.0,62.0,3.0,68.0,6.0,96.0,22.0,49.0,23.0,51.0,77.0,0.0,3.0,12.0,2.0,22.0,2.0,1.0,1.0,21.0,135.0,2.0,1.0,19.0,1.0,143.0,34.0,33.0,135.0,64.0,0.0,118.0,0.0,3.0,65.0,1.0,22.0,38.0,22.0,74.0,51.0,59.0,117.0,10.0,1.0,2.0,15.0,19.0,8.0,192.0,3.0,20.0
46,225423130.0,94.0,7.0,19.0,109.0,31.0,12.0,2.0,48.0,59.0,75.0,267.0,1.0,15.0,3.0,3.0,12.0,3.0,108.0,40.0,33.0,54.0,0.0,4.0,1.0,6.0,0.0,18.0,13.0,0.0,9.0,292.0,98.0,5.0,2.0,73.0,18.0,2.0,11.0,74.0,31.0,33.0,0.0,27.0,4.0,77.0,0.0,24.0,4.0,61.0,21.0,4.0,2.0,29.0,26.0,6.0,15.0,4.0,5.0,25.0,117.0,49.0,1.0,9.0,0.0,104.0,15.0,11.0,9.0,9.0,21.0,0.0,0.0,7.0,0.0,4.0,1.0,4.0,0.0,5.0,99.0,0.0,0.0,6.0,1.0,22.0,26.0,36.0,52.0,58.0,0.0,139.0,1.0,1.0,78.0,1.0,16.0,26.0,8.0,15.0,27.0,24.0,27.0,52.0,1.0,0.0,3.0,6.0,7.0,116.0,4.0,16.0
47,227274347.0,37.0,4.0,9.0,91.0,20.0,6.0,0.0,11.0,32.0,51.0,44.0,3.0,13.0,2.0,26.0,24.0,5.0,56.0,174.0,242.0,21.0,0.0,2.0,1.0,7.0,0.0,8.0,13.0,1.0,1.0,45.0,39.0,2.0,20.0,56.0,3.0,3.0,13.0,43.0,18.0,42.0,3.0,44.0,5.0,31.0,24.0,0.0,3.0,18.0,19.0,12.0,2.0,9.0,37.0,0.0,4.0,1.0,4.0,17.0,67.0,22.0,5.0,42.0,4.0,19.0,33.0,17.0,5.0,31.0,25.0,0.0,3.0,1.0,2.0,2.0,2.0,0.0,1.0,23.0,56.0,1.0,1.0,2.0,5.0,23.0,11.0,29.0,27.0,18.0,0.0,36.0,1.0,2.0,21.0,0.0,9.0,10.0,7.0,110.0,23.0,9.0,45.0,1.0,0.0,0.0,5.0,8.0,0.0,148.0,0.0,13.0
48,232007496.0,11.0,7.0,3.0,11.0,12.0,6.0,0.0,7.0,7.0,12.0,10.0,15.0,12.0,0.0,4.0,7.0,0.0,12.0,4.0,3.0,3.0,0.0,0.0,0.0,0.0,0.0,0.0,36.0,0.0,0.0,20.0,25.0,0.0,2.0,30.0,23.0,0.0,2.0,11.0,4.0,3.0,0.0,8.0,2.0,10.0,4.0,3.0,0.0,8.0,8.0,3.0,0.0,4.0,4.0,0.0,1.0,2.0,1.0,1.0,10.0,11.0,0.0,4.0,1.0,13.0,0.0,8.0,0.0,5.0,9.0,0.0,1.0,1.0,0.0,8.0,1.0,0.0,1.0,2.0,15.0,0.0,0.0,0.0,3.0,26.0,8.0,1.0,9.0,9.0,0.0,23.0,0.0,2.0,16.0,0.0,0.0,3.0,2.0,8.0,3.0,6.0,8.0,1.0,0.0,0.0,1.0,2.0,0.0,9.0,1.0,0.0
49,238169051.0,159.0,53.0,15.0,125.0,38.0,8.0,0.0,37.0,82.0,189.0,167.0,12.0,19.0,2.0,10.0,107.0,3.0,38.0,38.0,37.0,32.0,1.0,4.0,0.0,4.0,0.0,19.0,32.0,5.0,1.0,84.0,120.0,1.0,38.0,85.0,19.0,0.0,4.0,32.0,33.0,8.0,4.0,45.0,18.0,158.0,61.0,18.0,8.0,0.0,62.0,39.0,6.0,47.0,56.0,8.0,3.0,3.0,4.0,26.0,132.0,24.0,4.0,73.0,7.0,48.0,6.0,69.0,12.0,74.0,27.0,0.0,1.0,14.0,3.0,31.0,15.0,6.0,0.0,10.0,120.0,2.0,0.0,7.0,3.0,82.0,22.0,30.0,83.0,31.0,0.0,146.0,3.0,2.0,90.0,1.0,10.0,15.0,9.0,44.0,35.0,102.0,90.0,15.0,1.0,0.0,24.0,7.0,4.0,120.0,4.0,20.0
50,243045180.0,116.0,21.0,21.0,123.0,27.0,15.0,1.0,26.0,41.0,129.0,79.0,16.0,28.0,5.0,14.0,60.0,15.0,42.0,39.0,58.0,21.0,0.0,1.0,0.0,10.0,0.0,44.0,31.0,4.0,2.0,64.0,136.0,2.0,66.0,118.0,10.0,1.0,14.0,40.0,29.0,8.0,7.0,93.0,36.0,75.0,21.0,19.0,8.0,62.0,0.0,61.0,7.0,9.0,59.0,3.0,1.0,5.0,5.0,57.0,147.0,22.0,6.0,135.0,13.0,30.0,10.0,67.0,9.0,131.0,41.0,0.0,2.0,8.0,6.0,19.0,0.0,0.0,2.0,35.0,129.0,3.0,2.0,8.0,0.0,64.0,13.0,32.0,54.0,20.0,0.0,51.0,0.0,5.0,31.0,0.0,7.0,13.0,11.0,89.0,62.0,28.0,124.0,2.0,0.0,1.0,19.0,23.0,2.0,118.0,0.0,29.0
51,245455196.0,19.0,7.0,1.0,46.0,19.0,4.0,0.0,19.0,6.0,53.0,16.0,2.0,13.0,2.0,3.0,11.0,20.0,29.0,36.0,17.0,9.0,0.0,4.0,0.0,18.0,0.0,27.0,24.0,12.0,0.0,7.0,27.0,2.0,119.0,106.0,2.0,3.0,6.0,5.0,18.0,12.0,29.0,53.0,50.0,24.0,4.0,12.0,3.0,39.0,61.0,0.0,4.0,4.0,49.0,1.0,3.0,6.0,13.0,48.0,176.0,7.0,7.0,74.0,56.0,7.0,4.0,72.0,10.0,95.0,9.0,0.0,12.0,3.0,10.0,7.0,3.0,0.0,7.0,12.0,65.0,6.0,1.0,1.0,11.0,19.0,5.0,41.0,12.0,6.0,1.0,9.0,0.0,21.0,5.0,1.0,19.0,4.0,2.0,22.0,71.0,9.0,51.0,1.0,0.0,0.0,10.0,9.0,0.0,64.0,0.0,51.0
52,246544892.0,15.0,5.0,2.0,21.0,5.0,1.0,0.0,3.0,3.0,4.0,7.0,0.0,4.0,0.0,3.0,0.0,3.0,3.0,7.0,1.0,5.0,0.0,1.0,0.0,2.0,0.0,2.0,1.0,0.0,1.0,1.0,4.0,0.0,6.0,5.0,4.0,0.0,2.0,1.0,19.0,3.0,6.0,7.0,0.0,12.0,2.0,2.0,0.0,6.0,7.0,4.0,0.0,2.0,6.0,0.0,0.0,0.0,0.0,5.0,5.0,1.0,2.0,2.0,0.0,1.0,2.0,0.0,3.0,0.0,0.0,0.0,0.0,1.0,0.0,0.0,0.0,0.0,0.0,0.0,9.0,0.0,1.0,0.0,0.0,15.0,2.0,2.0,4.0,2.0,0.0,4.0,0.0,4.0,0.0,0.0,2.0,3.0,1.0,3.0,2.0,8.0,1.0,0.0,0.0,0.0,0.0,0.0,0.0,7.0,0.0,1.0
53,246613943.0,46.0,14.0,5.0,35.0,9.0,12.0,0.0,21.0,27.0,33.0,59.0,3.0,10.0,0.0,3.0,11.0,0.0,20.0,14.0,12.0,19.0,0.0,2.0,0.0,0.0,0.0,3.0,11.0,0.0,1.0,29.0,67.0,0.0,1.0,16.0,13.0,0.0,5.0,49.0,11.0,7.0,0.0,13.0,3.0,29.0,29.0,9.0,4.0,47.0,9.0,4.0,2.0,0.0,9.0,2.0,4.0,1.0,0.0,6.0,30.0,19.0,0.0,6.0,0.0,30.0,3.0,6.0,4.0,8.0,10.0,0.0,0.0,38.0,0.0,5.0,6.0,12.0,0.0,3.0,29.0,1.0,0.0,5.0,0.0,13.0,11.0,9.0,28.0,17.0,0.0,55.0,0.0,1.0,95.0,1.0,1.0,13.0,27.0,12.0,9.0,73.0,12.0,3.0,0.0,2.0,2.0,3.0,3.0,39.0,4.0,3.0
54,246875675.0,74.0,17.0,7.0,82.0,36.0,6.0,0.0,19.0,36.0,99.0,56.0,5.0,19.0,4.0,9.0,40.0,15.0,68.0,59.0,79.0,23.0,0.0,3.0,1.0,10.0,0.0,24.0,27.0,7.0,0.0,52.0,64.0,4.0,52.0,95.0,5.0,2.0,10.0,23.0,38.0,14.0,22.0,71.0,35.0,60.0,26.0,37.0,4.0,56.0,59.0,49.0,6.0,9.0,0.0,5.0,3.0,2.0,8.0,46.0,143.0,29.0,8.0,80.0,17.0,40.0,9.0,51.0,15.0,93.0,41.0,0.0,3.0,3.0,4.0,9.0,4.0,2.0,1.0,33.0,104.0,3.0,0.0,3.0,5.0,34.0,16.0,36.0,48.0,16.0,0.0,42.0,0.0,5.0,15.0,1.0,20.0,16.0,4.0,49.0,63.0,25.0,84.0,4.0,0.0,0.0,16.0,21.0,3.0,117.0,0.0,25.0
55,251148773.0,12.0,0.0,1.0,9.0,6.0,1.0,0.0,4.0,3.0,12.0,24.0,0.0,3.0,2.0,1.0,6.0,1.0,5.0,2.0,3.0,6.0,0.0,1.0,0.0,0.0,0.0,3.0,1.0,0.0,1.0,12.0,11.0,0.0,0.0,5.0,1.0,0.0,0.0,1.0,4.0,2.0,0.0,7.0,0.0,12.0,6.0,0.0,0.0,8.0,3.0,1.0,0.0,2.0,5.0,0.0,1.0,0.0,1.0,2.0,9.0,4.0,0.0,2.0,0.0,10.0,1.0,2.0,2.0,4.0,6.0,0.0,0.0,0.0,0.0,1.0,0.0,1.0,0.0,0.0,7.0,0.0,0.0,2.0,0.0,5.0,5.0,3.0,7.0,6.0,0.0,6.0,0.0,0.0,4.0,1.0,3.0,2.0,0.0,4.0,3.0,4.0,6.0,2.0,0.0,0.0,1.0,4.0,1.0,10.0,0.0,1.0
56,253202602.0,13.0,0.0,1.0,6.0,7.0,2.0,0.0,4.0,2.0,5.0,22.0,0.0,6.0,3.0,0.0,0.0,1.0,14.0,5.0,3.0,9.0,0.0,1.0,0.0,0.0,0.0,3.0,6.0,0.0,0.0,16.0,9.0,1.0,0.0,5.0,2.0,0.0,3.0,7.0,11.0,3.0,0.0,0.0,0.0,10.0,15.0,4.0,1.0,3.0,1.0,3.0,0.0,4.0,3.0,1.0,0.0,0.0,1.0,4.0,13.0,8.0,0.0,1.0,0.0,8.0,2.0,0.0,4.0,1.0,3.0,0.0,0.0,1.0,0.0,2.0,0.0,0.0,0.0,1.0,11.0,0.0,0.0,5.0,0.0,2.0,3.0,3.0,3.0,11.0,0.0,10.0,0.0,0.0,7.0,1.0,5.0,2.0,2.0,1.0,9.0,2.0,0.0,2.0,0.0,0.0,1.0,1.0,0.0,23.0,1.0,2.0
57,253742998.0,2.0,0.0,2.0,12.0,2.0,1.0,0.0,2.0,10.0,9.0,6.0,1.0,0.0,0.0,0.0,5.0,1.0,1.0,4.0,1.0,2.0,0.0,0.0,0.0,2.0,0.0,0.0,1.0,2.0,0.0,7.0,10.0,0.0,4.0,11.0,2.0,0.0,0.0,0.0,0.0,1.0,0.0,6.0,2.0,2.0,4.0,1.0,2.0,3.0,5.0,6.0,0.0,1.0,2.0,0.0,0.0,0.0,0.0,2.0,5.0,3.0,0.0,4.0,5.0,2.0,0.0,5.0,0.0,3.0,7.0,0.0,0.0,0.0,0.0,2.0,0.0,0.0,0.0,3.0,8.0,0.0,0.0,0.0,0.0,5.0,1.0,2.0,3.0,2.0,0.0,5.0,0.0,6.0,5.0,0.0,1.0,1.0,0.0,5.0,11.0,1.0,18.0,0.0,0.0,0.0,1.0,2.0,0.0,4.0,0.0,3.0
58,253766102.0,5.0,0.0,2.0,16.0,6.0,2.0,0.0,8.0,5.0,4.0,11.0,0.0,5.0,1.0,0.0,0.0,13.0,14.0,18.0,10.0,6.0,0.0,1.0,1.0,1.0,0.0,5.0,3.0,4.0,1.0,5.0,3.0,2.0,1.0,8.0,1.0,3.0,1.0,2.0,7.0,9.0,10.0,7.0,7.0,10.0,5.0,4.0,1.0,4.0,5.0,13.0,0.0,0.0,8.0,1.0,1.0,0.0,0.0,4.0,20.0,70.0,0.0,2.0,38.0,8.0,0.0,7.0,45.0,4.0,2.0,0.0,43.0,0.0,0.0,0.0,5.0,0.0,57.0,1.0,5.0,112.0,5.0,0.0,79.0,2.0,1.0,8.0,6.0,5.0,0.0,4.0,0.0,4.0,2.0,0.0,76.0,1.0,0.0,1.0,12.0,2.0,4.0,2.0,0.0,0.0,0.0,1.0,0.0,15.0,0.0,4.0
59,253856394.0,39.0,8.0,3.0,59.0,15.0,3.0,1.0,14.0,16.0,66.0,33.0,2.0,9.0,1.0,1.0,20.0,12.0,23.0,34.0,34.0,12.0,0.0,2.0,0.0,5.0,0.0,15.0,13.0,2.0,3.0,35.0,57.0,0.0,47.0,64.0,6.0,1.0,5.0,15.0,12.0,12.0,10.0,42.0,22.0,28.0,25.0,17.0,1.0,26.0,57.0,48.0,5.0,6.0,46.0,2.0,4.0,2.0,4.0,0.0,120.0,13.0,3.0,52.0,16.0,22.0,4.0,47.0,10.0,58.0,19.0,0.0,4.0,3.0,5.0,6.0,0.0,0.0,3.0,24.0,62.0,1.0,1.0,2.0,2.0,24.0,8.0,29.0,21.0,12.0,0.0,19.0,0.0,6.0,15.0,1.0,9.0,7.0,4.0,34.0,47.0,13.0,60.0,3.0,0.0,0.0,13.0,14.0,0.0,63.0,0.0,35.0
60,258536563.0,156.0,33.0,20.0,224.0,58.0,28.0,3.0,73.0,84.0,275.0,202.0,12.0,36.0,11.0,11.0,73.0,36.0,175.0,125.0,116.0,59.0,0.0,6.0,1.0,16.0,0.0,65.0,76.0,10.0,2.0,157.0,184.0,5.0,140.0,216.0,18.0,4.0,14.0,69.0,63.0,61.0,29.0,143.0,81.0,155.0,117.0,67.0,10.0,132.0,147.0,176.0,5.0,30.0,143.0,9.0,13.0,5.0,20.0,120.0,0.0,63.0,6.0,176.0,41.0,127.0,21.0,176.0,31.0,227.0,112.0,0.0,12.0,17.0,18.0,23.0,2.0,2.0,12.0,49.0,287.0,10.0,2.0,15.0,19.0,60.0,35.0,133.0,101.0,53.0,1.0,136.0,1.0,19.0,66.0,2.0,41.0,36.0,19.0,92.0,140.0,58.0,232.0,18.0,1.0,2.0,40.0,31.0,9.0,324.0,4.0,78.0
61,266141540.0,58.0,9.0,14.0,84.0,35.0,12.0,1.0,35.0,39.0,45.0,78.0,1.0,25.0,4.0,6.0,17.0,8.0,62.0,37.0,37.0,30.0,0.0,3.0,2.0,6.0,0.0,5.0,19.0,3.0,1.0,75.0,61.0,4.0,1.0,51.0,15.0,2.0,7.0,36.0,26.0,29.0,3.0,35.0,2.0,62.0,49.0,22.0,11.0,24.0,22.0,7.0,1.0,19.0,29.0,4.0,8.0,3.0,70.0,13.0,63.0,0.0,1.0,17.0,16.0,57.0,8.0,14.0,72.0,20.0,37.0,0.0,25.0,4.0,0.0,4.0,2.0,1.0,29.0,11.0,59.0,90.0,1.0,7.0,56.0,18.0,14.0,23.0,40.0,33.0,0.0,68.0,0.0,1.0,52.0,1.0,72.0,19.0,11.0,39.0,31.0,16.0,38.0,8.0,1.0,1.0,4.0,7.0,3.0,71.0,4.0,12.0
62,266562398.0,4.0,2.0,1.0,8.0,3.0,0.0,0.0,2.0,3.0,6.0,1.0,0.0,1.0,0.0,3.0,4.0,1.0,1.0,4.0,5.0,1.0,0.0,0.0,0.0,1.0,0.0,3.0,2.0,1.0,0.0,1.0,5.0,0.0,10.0,7.0,0.0,0.0,0.0,2.0,3.0,0.0,1.0,9.0,2.0,3.0,1.0,5.0,0.0,4.0,6.0,7.0,2.0,0.0,8.0,0.0,0.0,0.0,0.0,3.0,6.0,1.0,0.0,10.0,0.0,0.0,0.0,5.0,1.0,10.0,2.0,0.0,0.0,0.0,1.0,2.0,0.0,0.0,0.0,7.0,8.0,0.0,1.0,0.0,0.0,4.0,0.0,0.0,2.0,0.0,0.0,2.0,0.0,1.0,0.0,0.0,0.0,0.0,0.0,6.0,1.0,2.0,7.0,0.0,0.0,0.0,3.0,0.0,0.0,5.0,0.0,2.0
63,267088381.0,96.0,20.0,10.0,114.0,22.0,10.0,0.0,5.0,48.0,167.0,48.0,11.0,13.0,0.0,15.0,86.0,6.0,25.0,38.0,80.0,6.0,0.0,0.0,0.0,8.0,0.0,48.0,36.0,6.0,0.0,68.0,89.0,0.0,93.0,140.0,1.0,1.0,10.0,26.0,12.0,4.0,2.0,95.0,39.0,68.0,9.0,42.0,4.0,73.0,135.0,74.0,2.0,6.0,80.0,2.0,1.0,4.0,2.0,52.0,176.0,17.0,10.0,0.0,5.0,41.0,8.0,87.0,9.0,193.0,55.0,0.0,2.0,3.0,11.0,16.0,0.0,0.0,0.0,44.0,137.0,2.0,1.0,2.0,1.0,57.0,10.0,22.0,46.0,8.0,1.0,54.0,0.0,3.0,25.0,0.0,3.0,4.0,4.0,103.0,34.0,26.0,160.0,2.0,0.0,0.0,24.0,17.0,3.0,116.0,0.0,19.0
64,273325600.0,1.0,1.0,0.0,21.0,6.0,8.0,0.0,3.0,1.0,2.0,3.0,1.0,4.0,0.0,0.0,1.0,23.0,19.0,21.0,15.0,7.0,0.0,0.0,1.0,16.0,0.0,6.0,1.0,2.0,0.0,1.0,10.0,0.0,21.0,28.0,0.0,3.0,0.0,2.0,8.0,4.0,32.0,15.0,15.0,6.0,0.0,4.0,1.0,7.0,13.0,56.0,0.0,0.0,17.0,0.0,0.0,5.0,38.0,16.0,41.0,16.0,0.0,5.0,0.0,0.0,1.0,13.0,23.0,9.0,1.0,0.0,35.0,0.0,0.0,0.0,0.0,0.0,24.0,4.0,10.0,37.0,4.0,0.0,34.0,12.0,1.0,20.0,2.0,0.0,0.0,1.0,0.0,25.0,0.0,0.0,48.0,0.0,1.0,7.0,72.0,1.0,10.0,0.0,0.0,0.0,1.0,1.0,0.0,18.0,0.0,36.0
65,274982664.0,136.0,15.0,26.0,181.0,40.0,12.0,3.0,102.0,79.0,127.0,210.0,4.0,20.0,48.0,8.0,38.0,2.0,107.0,24.0,41.0,52.0,0.0,11.0,0.0,3.0,0.0,9.0,20.0,2.0,2.0,255.0,112.0,4.0,8.0,72.0,16.0,1.0,10.0,68.0,30.0,39.0,0.0,64.0,8.0,96.0,104.0,19.0,13.0,48.0,30.0,7.0,1.0,30.0,40.0,10.0,8.0,2.0,8.0,22.0,127.0,57.0,0.0,41.0,0.0,0.0,11.0,14.0,21.0,26.0,92.0,0.0,0.0,12.0,0.0,13.0,85.0,74.0,0.0,10.0,162.0,0.0,0.0,26.0,2.0,49.0,38.0,28.0,69.0,44.0,0.0,160.0,2.0,3.0,99.0,2.0,15.0,30.0,10.0,44.0,42.0,54.0,71.0,12.0,0.0,1.0,8.0,15.0,3.0,146.0,1.0,10.0
66,275093764.0,18.0,1.0,1.0,36.0,8.0,5.0,0.0,7.0,7.0,11.0,23.0,0.0,12.0,2.0,4.0,9.0,2.0,23.0,32.0,42.0,13.0,0.0,0.0,0.0,3.0,0.0,3.0,2.0,1.0,3.0,15.0,15.0,2.0,6.0,22.0,5.0,0.0,6.0,18.0,14.0,16.0,1.0,12.0,3.0,22.0,15.0,33.0,0.0,6.0,10.0,4.0,2.0,3.0,9.0,1.0,2.0,0.0,0.0,4.0,21.0,8.0,0.0,8.0,1.0,11.0,0.0,3.0,2.0,8.0,11.0,0.0,0.0,1.0,1.0,0.0,2.0,1.0,0.0,2.0,29.0,0.0,0.0,6.0,2.0,8.0,4.0,9.0,5.0,18.0,0.0,18.0,0.0,0.0,6.0,0.0,4.0,4.0,1.0,34.0,6.0,2.0,17.0,2.0,1.0,0.0,1.0,2.0,0.0,57.0,0.0,1.0
67,279039469.0,60.0,7.0,3.0,63.0,18.0,5.0,0.0,8.0,16.0,121.0,36.0,7.0,5.0,1.0,10.0,47.0,5.0,16.0,32.0,37.0,1.0,0.0,2.0,0.0,7.0,0.0,23.0,36.0,5.0,0.0,26.0,64.0,1.0,67.0,80.0,2.0,2.0,4.0,8.0,6.0,6.0,2.0,51.0,30.0,49.0,11.0,17.0,8.0,69.0,67.0,72.0,0.0,6.0,51.0,2.0,0.0,5.0,7.0,47.0,176.0,14.0,5.0,87.0,13.0,14.0,3.0,0.0,4.0,102.0,40.0,0.0,7.0,2.0,9.0,13.0,1.0,2.0,5.0,17.0,102.0,7.0,2.0,1.0,11.0,26.0,3.0,39.0,32.0,5.0,2.0,20.0,0.0,5.0,17.0,0.0,14.0,7.0,4.0,44.0,36.0,22.0,125.0,0.0,1.0,0.0,33.0,16.0,0.0,84.0,1.0,41.0
68,282080237.0,25.0,2.0,1.0,29.0,15.0,6.0,2.0,14.0,6.0,12.0,28.0,0.0,13.0,3.0,0.0,6.0,9.0,26.0,21.0,12.0,12.0,0.0,1.0,1.0,2.0,0.0,7.0,6.0,5.0,1.0,11.0,13.0,3.0,11.0,15.0,6.0,3.0,2.0,5.0,19.0,5.0,17.0,14.0,6.0,23.0,9.0,5.0,0.0,12.0,9.0,10.0,3.0,4.0,15.0,2.0,4.0,0.0,45.0,10.0,31.0,72.0,1.0,9.0,23.0,21.0,2.0,4.0,0.0,7.0,7.0,0.0,26.0,0.0,0.0,2.0,1.0,2.0,21.0,2.0,20.0,73.0,3.0,5.0,28.0,6.0,5.0,10.0,11.0,10.0,0.0,16.0,0.0,3.0,6.0,1.0,59.0,2.0,3.0,4.0,15.0,3.0,10.0,7.0,0.0,0.0,3.0,5.0,0.0,38.0,1.0,3.0
69,283080633.0,74.0,11.0,8.0,84.0,21.0,9.0,1.0,15.0,27.0,140.0,34.0,9.0,16.0,3.0,10.0,56.0,6.0,33.0,37.0,60.0,11.0,0.0,2.0,0.0,7.0,0.0,72.0,50.0,5.0,0.0,34.0,92.0,1.0,102.0,117.0,1.0,1.0,5.0,24.0,18.0,6.0,4.0,83.0,54.0,51.0,9.0,31.0,5.0,74.0,131.0,95.0,0.0,8.0,93.0,4.0,1.0,3.0,4.0,58.0,227.0,20.0,10.0,193.0,9.0,26.0,8.0,102.0,7.0,0.0,54.0,0.0,2.0,5.0,14.0,11.0,1.0,2.0,0.0,41.0,165.0,2.0,1.0,3.0,4.0,41.0,8.0,32.0,41.0,10.0,2.0,38.0,0.0,1.0,17.0,0.0,5.0,10.0,8.0,61.0,50.0,20.0,141.0,1.0,1.0,0.0,33.0,20.0,3.0,118.0,0.0,27.0
70,294280010.0,75.0,6.0,7.0,115.0,25.0,13.0,0.0,31.0,42.0,134.0,81.0,4.0,13.0,23.0,9.0,33.0,1.0,49.0,20.0,41.0,18.0,0.0,4.0,0.0,8.0,0.0,7.0,27.0,1.0,0.0,128.0,73.0,2.0,20.0,79.0,3.0,1.0,7.0,30.0,20.0,15.0,0.0,68.0,17.0,77.0,21.0,25.0,9.0,27.0,41.0,9.0,0.0,10.0,41.0,6.0,3.0,7.0,2.0,19.0,112.0,37.0,2.0,55.0,1.0,92.0,11.0,40.0,7.0,54.0,0.0,0.0,0.0,4.0,3.0,6.0,7.0,9.0,0.0,19.0,120.0,0.0,0.0,13.0,1.0,40.0,16.0,20.0,41.0,24.0,0.0,63.0,1.0,2.0,29.0,1.0,8.0,18.0,6.0,55.0,43.0,16.0,121.0,4.0,1.0,0.0,16.0,19.0,3.0,84.0,1.0,4.0
71,294523668.0,0.0,0.0,0.0,0.0,0.0,0.0,0.0,0.0,0.0,0.0,0.0,0.0,0.0,0.0,0.0,0.0,0.0,0.0,0.0,0.0,0.0,0.0,0.0,0.0,0.0,0.0,0.0,0.0,0.0,0.0,0.0,0.0,0.0,0.0,0.0,0.0,0.0,0.0,0.0,0.0,0.0,0.0,0.0,0.0,0.0,0.0,0.0,0.0,0.0,0.0,0.0,0.0,0.0,0.0,0.0,0.0,0.0,0.0,0.0,0.0,0.0,0.0,0.0,0.0,0.0,0.0,0.0,0.0,0.0,0.0,0.0,0.0,0.0,0.0,0.0,0.0,0.0,0.0,0.0,0.0,0.0,0.0,0.0,0.0,0.0,0.0,0.0,0.0,0.0,0.0,0.0,0.0,0.0,0.0,0.0,0.0,0.0,0.0,0.0,0.0,0.0,0.0,0.0,0.0,0.0,0.0,0.0,0.0,0.0,0.0,0.0
72,299231191.0,0.0,0.0,0.0,2.0,1.0,0.0,0.0,1.0,0.0,0.0,1.0,0.0,1.0,0.0,0.0,0.0,8.0,5.0,8.0,3.0,0.0,0.0,1.0,0.0,3.0,0.0,1.0,1.0,1.0,0.0,0.0,0.0,0.0,4.0,5.0,0.0,2.0,0.0,0.0,2.0,4.0,8.0,2.0,4.0,3.0,0.0,3.0,1.0,1.0,2.0,12.0,0.0,0.0,3.0,0.0,0.0,0.0,43.0,4.0,12.0,25.0,0.0,2.0,35.0,0.0,0.0,7.0,26.0,2.0,0.0,0.0,0.0,0.0,0.0,0.0,0.0,1.0,30.0,0.0,0.0,58.0,3.0,0.0,44.0,3.0,0.0,2.0,1.0,0.0,0.0,0.0,0.0,6.0,0.0,0.0,46.0,0.0,0.0,1.0,11.0,0.0,0.0,0.0,0.0,0.0,0.0,1.0,0.0,5.0,0.0,5.0
73,302144631.0,10.0,0.0,0.0,16.0,2.0,5.0,0.0,5.0,3.0,6.0,10.0,0.0,4.0,0.0,1.0,2.0,2.0,3.0,6.0,5.0,3.0,0.0,1.0,0.0,0.0,0.0,4.0,2.0,0.0,0.0,8.0,68.0,0.0,0.0,3.0,8.0,0.0,2.0,83.0,1.0,2.0,1.0,5.0,1.0,12.0,7.0,1.0,1.0,14.0,8.0,3.0,1.0,38.0,3.0,0.0,1.0,0.0,0.0,3.0,17.0,4.0,0.0,3.0,0.0,12.0,1.0,2.0,0.0,5.0,4.0,0.0,0.0,0.0,0.0,1.0,0.0,1.0,0.0,0.0,11.0,0.0,0.0,0.0,0.0,1.0,3.0,5.0,20.0,0.0,0.0,15.0,0.0,0.0,117.0,0.0,0.0,3.0,117.0,2.0,0.0,10.0,4.0,1.0,0.0,3.0,1.0,0.0,7.0,12.0,1.0,2.0
74,304677043.0,3.0,0.0,0.0,5.0,0.0,0.0,0.0,0.0,2.0,6.0,1.0,0.0,0.0,0.0,1.0,2.0,0.0,1.0,2.0,6.0,0.0,0.0,0.0,0.0,3.0,0.0,1.0,6.0,0.0,0.0,1.0,2.0,0.0,11.0,11.0,0.0,0.0,2.0,2.0,1.0,0.0,2.0,4.0,5.0,2.0,0.0,2.0,0.0,3.0,6.0,10.0,0.0,0.0,4.0,0.0,0.0,0.0,0.0,5.0,18.0,0.0,1.0,11.0,0.0,0.0,1.0,9.0,0.0,14.0,3.0,0.0,0.0,0.0,0.0,0.0,0.0,0.0,0.0,2.0,11.0,0.0,0.0,0.0,0.0,5.0,0.0,1.0,2.0,0.0,0.0,1.0,0.0,1.0,0.0,0.0,0.0,0.0,0.0,1.0,7.0,1.0,10.0,0.0,0.0,0.0,4.0,1.0,0.0,3.0,0.0,1.0
75,306380299.0,36.0,14.0,5.0,25.0,8.0,5.0,0.0,12.0,13.0,32.0,20.0,11.0,4.0,1.0,0.0,19.0,0.0,6.0,6.0,5.0,4.0,0.0,2.0,0.0,0.0,0.0,0.0,16.0,0.0,0.0,14.0,33.0,0.0,3.0,20.0,9.0,0.0,2.0,6.0,5.0,1.0,0.0,13.0,4.0,22.0,4.0,2.0,8.0,31.0,19.0,7.0,0.0,5.0,9.0,1.0,2.0,2.0,0.0,6.0,23.0,4.0,2.0,16.0,0.0,13.0,0.0,13.0,2.0,11.0,6.0,0.0,0.0,1.0,0.0,0.0,1.0,0.0,0.0,4.0,28.0,0.0,0.0,2.0,0.0,18.0,7.0,4.0,24.0,4.0,0.0,23.0,0.0,1.0,15.0,0.0,0.0,4.0,3.0,8.0,4.0,17.0,20.0,0.0,0.0,1.0,7.0,4.0,1.0,23.0,1.0,6.0
76,313176788.0,2.0,3.0,0.0,9.0,0.0,3.0,0.0,44.0,12.0,5.0,52.0,1.0,1.0,10.0,0.0,2.0,0.0,3.0,2.0,0.0,4.0,0.0,0.0,0.0,0.0,0.0,0.0,3.0,1.0,0.0,9.0,13.0,0.0,0.0,2.0,2.0,0.0,5.0,24.0,4.0,0.0,0.0,0.0,3.0,2.0,1.0,2.0,1.0,15.0,0.0,3.0,0.0,6.0,4.0,0.0,0.0,0.0,5.0,0.0,2.0,2.0,0.0,0.0,0.0,85.0,2.0,1.0,1.0,1.0,7.0,0.0,0.0,0.0,0.0,1.0,0.0,160.0,1.0,0.0,5.0,0.0,0.0,1.0,1.0,1.0,4.0,0.0,1.0,2.0,0.0,29.0,4.0,0.0,42.0,1.0,1.0,0.0,6.0,0.0,3.0,19.0,0.0,0.0,0.0,0.0,0.0,0.0,1.0,2.0,0.0,0.0
