,0,1,2,3,4,5,6,7,8,9,10,11,12,13,14,15,16,17,18,19,20,21,22,23,24,25,26,27,28,29,30,31,32,33,34,35,36,37,38,39,40,41,42,43,44,45,46,47,48,49,50,51,52,53,54,55,56,57,58,59,60,61,62,63,64,65,66,67,68,69,70,71,72,73,74,75,76,77,78,79,80,81,82,83,84,85,86,87,88,89,90,91,92,93,94,95
0,-1.0,9076542.0,11277572.0,11723252.0,16067592.0,16838600.0,17408916.0,20791292.0,21288289.0,22240612.0,22332114.0,24422517.0,29920702.0,33994488.0,35713571.0,42493231.0,44351286.0,45510215.0,47074160.0,48959778.0,50645038.0,52696957.0,60598920.0,69240868.0,71442697.0,97790346.0,100664808.0,102091185.0,103238551.0,105092771.0,110174745.0,117482917.0,134043722.0,136121300.0,144065119.0,150121038.0,153321487.0,180261346.0,190932580.0,210824047.0,211993075.0,217207174.0,218198233.0,236891946.0,238369902.0,238422999.0,243296547.0,246331772.0,248421425.0,248575787.0,249313196.0,253542253.0,253654275.0,254688158.0,255007697.0,255545373.0,257471968.0,258047934.0,258124716.0,260046126.0,260706920.0,262067630.0,263022323.0,268358493.0,268444797.0,269938982.0,270934983.0,274246546.0,280492439.0,281553266.0,282256180.0,284600487.0,287755830.0,295125390.0,295733868.0,296759187.0,297866945.0,298112519.0,302144631.0,304677043.0,305078782.0,319244422.0,329111377.0,336076027.0,340083765.0,353142132.0,362973396.0,363763442.0,369028288.0,381408005.0,383602088.0,388466657.0,388549895.0,402037439.0,412282117.0,412663554.0
1,9076542.0,0.0,18.0,34.0,143.0,93.0,7.0,51.0,22.0,1.0,3.0,22.0,36.0,151.0,191.0,44.0,6.0,125.0,20.0,65.0,164.0,86.0,0.0,9.0,70.0,14.0,7.0,22.0,20.0,32.0,56.0,34.0,40.0,119.0,40.0,83.0,10.0,66.0,70.0,7.0,170.0,60.0,2.0,34.0,27.0,65.0,24.0,17.0,1.0,5.0,3.0,11.0,44.0,30.0,68.0,74.0,38.0,42.0,9.0,21.0,121.0,107.0,92.0,74.0,84.0,102.0,0.0,37.0,172.0,111.0,0.0,3.0,82.0,37.0,40.0,58.0,89.0,7.0,8.0,0.0,66.0,159.0,50.0,34.0,6.0,22.0,111.0,30.0,65.0,0.0,80.0,53.0,0.0,34.0,6.0,8.0
2,11277572.0,18.0,0.0,7.0,18.0,7.0,1.0,7.0,1.0,0.0,2.0,12.0,28.0,57.0,20.0,4.0,0.0,29.0,5.0,10.0,20.0,15.0,0.0,3.0,12.0,0.0,0.0,7.0,2.0,2.0,5.0,14.0,0.0,10.0,26.0,1.0,2.0,39.0,18.0,0.0,8.0,5.0,0.0,1.0,23.0,6.0,2.0,0.0,1.0,0.0,8.0,0.0,7.0,1.0,22.0,1.0,37.0,2.0,0.0,0.0,18.0,0.0,18.0,0.0,0.0,1.0,0.0,3.0,2.0,1.0,0.0,0.0,8.0,3.0,3.0,6.0,1.0,0.0,37.0,0.0,0.0,0.0,3.0,65.0,10.0,3.0,20.0,11.0,145.0,1.0,31.0,6.0,0.0,3.0,2.0,1.0
3,11723252.0,34.0,7.0,0.0,68.0,16.0,4.0,37.0,9.0,0.0,6.0,10.0,23.0,91.0,100.0,27.0,1.0,171.0,30.0,26.0,83.0,26.0,0.0,3.0,26.0,0.0,3.0,10.0,6.0,5.0,17.0,11.0,2.0,29.0,12.0,8.0,1.0,21.0,16.0,5.0,7.0,8.0,3.0,46.0,20.0,45.0,10.0,0.0,2.0,0.0,1.0,0.0,52.0,2.0,50.0,1.0,23.0,8.0,16.0,6.0,75.0,1.0,89.0,2.0,1.0,0.0,0.0,3.0,10.0,0.0,0.0,1.0,22.0,4.0,2.0,12.0,8.0,2.0,4.0,0.0,1.0,2.0,3.0,9.0,1.0,12.0,35.0,6.0,29.0,3.0,11.0,19.0,0.0,23.0,12.0,0.0
4,16067592.0,143.0,18.0,68.0,0.0,171.0,12.0,226.0,42.0,0.0,18.0,52.0,47.0,344.0,194.0,140.0,4.0,438.0,112.0,124.0,272.0,197.0,1.0,7.0,162.0,4.0,2.0,38.0,24.0,40.0,59.0,120.0,22.0,124.0,64.0,28.0,13.0,70.0,99.0,20.0,87.0,48.0,22.0,113.0,54.0,302.0,65.0,8.0,0.0,1.0,3.0,2.0,30.0,91.0,197.0,21.0,46.0,56.0,38.0,52.0,315.0,34.0,258.0,24.0,24.0,28.0,0.0,43.0,73.0,30.0,0.0,4.0,193.0,57.0,15.0,101.0,49.0,9.0,26.0,2.0,17.0,35.0,22.0,52.0,8.0,33.0,234.0,47.0,118.0,6.0,93.0,83.0,0.0,259.0,11.0,12.0
5,16838600.0,93.0,7.0,16.0,171.0,0.0,9.0,61.0,15.0,7.0,8.0,33.0,19.0,193.0,120.0,64.0,5.0,127.0,30.0,59.0,153.0,95.0,4.0,8.0,179.0,7.0,4.0,17.0,11.0,27.0,53.0,37.0,29.0,105.0,51.0,8.0,9.0,28.0,56.0,11.0,10.0,49.0,10.0,18.0,12.0,146.0,27.0,6.0,0.0,0.0,5.0,6.0,35.0,35.0,48.0,8.0,27.0,46.0,17.0,22.0,214.0,13.0,86.0,2.0,4.0,4.0,0.0,26.0,16.0,7.0,0.0,5.0,73.0,35.0,10.0,45.0,11.0,5.0,9.0,0.0,6.0,13.0,40.0,17.0,2.0,24.0,79.0,30.0,54.0,2.0,70.0,62.0,0.0,74.0,2.0,8.0
6,17408916.0,7.0,1.0,4.0,12.0,9.0,0.0,8.0,2.0,0.0,0.0,10.0,53.0,12.0,5.0,4.0,2.0,11.0,6.0,8.0,32.0,36.0,0.0,0.0,24.0,0.0,2.0,5.0,2.0,3.0,7.0,2.0,3.0,87.0,13.0,0.0,199.0,2.0,78.0,1.0,1.0,7.0,6.0,5.0,13.0,6.0,2.0,0.0,22.0,0.0,1.0,1.0,4.0,3.0,10.0,0.0,166.0,1.0,3.0,1.0,14.0,0.0,38.0,0.0,0.0,0.0,0.0,6.0,2.0,0.0,0.0,0.0,9.0,2.0,0.0,5.0,0.0,2.0,0.0,0.0,0.0,0.0,4.0,3.0,142.0,14.0,28.0,1.0,25.0,0.0,9.0,2.0,0.0,1.0,0.0,1.0
7,20791292.0,51.0,7.0,37.0,226.0,61.0,8.0,0.0,18.0,0.0,17.0,12.0,28.0,139.0,70.0,66.0,1.0,206.0,47.0,31.0,117.0,114.0,1.0,6.0,48.0,0.0,0.0,17.0,12.0,22.0,39.0,80.0,6.0,51.0,26.0,10.0,5.0,58.0,36.0,5.0,13.0,23.0,11.0,63.0,31.0,127.0,29.0,2.0,6.0,0.0,1.0,0.0,15.0,11.0,64.0,5.0,20.0,19.0,14.0,5.0,178.0,5.0,136.0,3.0,4.0,1.0,0.0,7.0,21.0,4.0,0.0,3.0,58.0,22.0,7.0,28.0,11.0,3.0,4.0,0.0,4.0,7.0,7.0,12.0,8.0,16.0,95.0,14.0,35.0,5.0,26.0,23.0,0.0,45.0,1.0,5.0
8,21288289.0,22.0,1.0,9.0,42.0,15.0,2.0,18.0,0.0,0.0,3.0,6.0,10.0,45.0,55.0,21.0,3.0,73.0,17.0,20.0,49.0,27.0,0.0,4.0,16.0,0.0,1.0,6.0,1.0,7.0,14.0,9.0,1.0,31.0,17.0,2.0,4.0,7.0,15.0,0.0,4.0,11.0,2.0,17.0,9.0,34.0,12.0,1.0,5.0,0.0,3.0,0.0,12.0,7.0,66.0,1.0,8.0,12.0,34.0,11.0,29.0,1.0,57.0,0.0,0.0,2.0,0.0,4.0,9.0,0.0,0.0,0.0,22.0,6.0,2.0,33.0,4.0,2.0,2.0,0.0,1.0,2.0,6.0,5.0,2.0,8.0,48.0,8.0,19.0,2.0,15.0,9.0,0.0,21.0,1.0,1.0
9,22240612.0,1.0,0.0,0.0,0.0,7.0,0.0,0.0,0.0,0.0,0.0,0.0,0.0,1.0,0.0,2.0,0.0,0.0,0.0,0.0,1.0,0.0,0.0,0.0,3.0,4.0,0.0,0.0,0.0,1.0,0.0,0.0,2.0,2.0,0.0,0.0,0.0,0.0,2.0,1.0,0.0,4.0,0.0,0.0,0.0,0.0,0.0,0.0,0.0,0.0,0.0,0.0,0.0,3.0,0.0,0.0,0.0,3.0,0.0,0.0,0.0,0.0,0.0,0.0,0.0,0.0,0.0,1.0,0.0,0.0,0.0,0.0,1.0,1.0,0.0,0.0,0.0,0.0,0.0,0.0,0.0,0.0,4.0,0.0,0.0,0.0,0.0,0.0,0.0,0.0,4.0,0.0,0.0,0.0,0.0,1.0
10,22332114.0,3.0,2.0,6.0,18.0,8.0,0.0,17.0,3.0,0.0,0.0,1.0,15.0,12.0,20.0,6.0,0.0,52.0,15.0,4.0,13.0,7.0,0.0,1.0,6.0,0.0,3.0,29.0,1.0,1.0,2.0,13.0,2.0,9.0,37.0,0.0,0.0,19.0,6.0,1.0,2.0,0.0,1.0,25.0,6.0,17.0,6.0,0.0,0.0,0.0,0.0,0.0,3.0,4.0,29.0,0.0,7.0,0.0,10.0,1.0,7.0,0.0,9.0,0.0,0.0,0.0,0.0,0.0,1.0,1.0,0.0,0.0,2.0,2.0,0.0,2.0,1.0,0.0,0.0,0.0,0.0,0.0,2.0,2.0,1.0,0.0,23.0,0.0,16.0,0.0,1.0,14.0,0.0,5.0,0.0,1.0
11,24422517.0,22.0,12.0,10.0,52.0,33.0,10.0,12.0,6.0,0.0,1.0,0.0,24.0,99.0,51.0,19.0,2.0,52.0,11.0,63.0,78.0,36.0,1.0,4.0,76.0,0.0,1.0,13.0,7.0,11.0,11.0,19.0,3.0,33.0,22.0,2.0,11.0,18.0,41.0,10.0,7.0,16.0,0.0,7.0,7.0,48.0,14.0,1.0,4.0,0.0,1.0,0.0,15.0,17.0,41.0,2.0,28.0,12.0,8.0,29.0,62.0,3.0,49.0,0.0,1.0,0.0,0.0,18.0,5.0,1.0,0.0,0.0,35.0,13.0,3.0,25.0,4.0,2.0,5.0,1.0,1.0,4.0,8.0,18.0,4.0,6.0,57.0,13.0,58.0,0.0,26.0,20.0,0.0,54.0,4.0,3.0
12,29920702.0,36.0,28.0,23.0,47.0,19.0,53.0,28.0,10.0,0.0,15.0,24.0,0.0,50.0,25.0,11.0,2.0,98.0,22.0,28.0,69.0,34.0,1.0,10.0,33.0,0.0,1.0,7.0,13.0,7.0,13.0,16.0,2.0,121.0,27.0,1.0,33.0,90.0,64.0,4.0,11.0,9.0,3.0,15.0,51.0,34.0,12.0,3.0,2.0,0.0,4.0,0.0,21.0,6.0,49.0,1.0,64.0,4.0,4.0,5.0,26.0,1.0,69.0,1.0,3.0,0.0,0.0,5.0,10.0,1.0,0.0,0.0,15.0,5.0,4.0,15.0,7.0,2.0,3.0,0.0,1.0,4.0,9.0,22.0,53.0,12.0,42.0,8.0,491.0,2.0,36.0,26.0,0.0,8.0,2.0,1.0
13,33994488.0,151.0,57.0,91.0,344.0,193.0,12.0,139.0,45.0,1.0,12.0,99.0,50.0,0.0,246.0,106.0,7.0,414.0,70.0,150.0,554.0,264.0,0.0,10.0,211.0,3.0,6.0,34.0,21.0,39.0,139.0,132.0,16.0,214.0,104.0,11.0,23.0,77.0,161.0,13.0,14.0,87.0,16.0,59.0,57.0,313.0,65.0,2.0,7.0,0.0,5.0,2.0,95.0,51.0,180.0,5.0,80.0,92.0,64.0,53.0,891.0,4.0,305.0,3.0,3.0,5.0,0.0,58.0,24.0,3.0,0.0,8.0,150.0,61.0,5.0,121.0,16.0,6.0,32.0,1.0,3.0,8.0,32.0,88.0,9.0,47.0,285.0,61.0,309.0,7.0,127.0,87.0,0.0,169.0,13.0,8.0
14,35713571.0,191.0,20.0,100.0,194.0,120.0,5.0,70.0,55.0,0.0,20.0,51.0,25.0,246.0,0.0,62.0,3.0,225.0,55.0,93.0,238.0,124.0,0.0,9.0,105.0,9.0,5.0,29.0,16.0,20.0,51.0,55.0,18.0,100.0,67.0,103.0,8.0,72.0,59.0,12.0,194.0,31.0,0.0,46.0,36.0,99.0,30.0,10.0,3.0,7.0,6.0,22.0,53.0,37.0,178.0,68.0,41.0,34.0,27.0,29.0,202.0,111.0,192.0,65.0,83.0,129.0,0.0,25.0,138.0,108.0,0.0,2.0,79.0,29.0,26.0,52.0,96.0,6.0,11.0,2.0,60.0,155.0,17.0,20.0,9.0,16.0,124.0,21.0,105.0,4.0,41.0,65.0,0.0,107.0,12.0,6.0
15,42493231.0,44.0,4.0,27.0,140.0,64.0,4.0,66.0,21.0,2.0,6.0,19.0,11.0,106.0,62.0,0.0,3.0,107.0,32.0,44.0,85.0,75.0,0.0,4.0,58.0,4.0,3.0,9.0,5.0,27.0,31.0,20.0,15.0,65.0,19.0,2.0,4.0,21.0,40.0,12.0,5.0,26.0,4.0,41.0,8.0,88.0,33.0,2.0,2.0,0.0,2.0,0.0,14.0,55.0,48.0,4.0,15.0,42.0,12.0,21.0,102.0,5.0,92.0,1.0,2.0,3.0,0.0,24.0,14.0,2.0,0.0,5.0,97.0,31.0,3.0,57.0,7.0,6.0,4.0,2.0,3.0,3.0,20.0,12.0,1.0,18.0,67.0,25.0,33.0,3.0,44.0,48.0,0.0,95.0,2.0,9.0
16,44351286.0,6.0,0.0,1.0,4.0,5.0,2.0,1.0,3.0,0.0,0.0,2.0,2.0,7.0,3.0,3.0,0.0,5.0,0.0,2.0,15.0,14.0,0.0,2.0,2.0,0.0,0.0,1.0,1.0,2.0,6.0,1.0,1.0,17.0,3.0,0.0,0.0,5.0,5.0,0.0,0.0,5.0,0.0,1.0,1.0,4.0,0.0,1.0,0.0,0.0,2.0,0.0,6.0,2.0,2.0,1.0,1.0,4.0,1.0,2.0,6.0,0.0,5.0,0.0,0.0,1.0,0.0,3.0,2.0,1.0,0.0,0.0,5.0,2.0,0.0,3.0,0.0,0.0,0.0,0.0,0.0,0.0,5.0,5.0,0.0,1.0,8.0,0.0,0.0,0.0,10.0,2.0,0.0,1.0,0.0,1.0
17,45510215.0,125.0,29.0,171.0,438.0,127.0,11.0,206.0,73.0,0.0,52.0,52.0,98.0,414.0,225.0,107.0,5.0,0.0,188.0,96.0,335.0,190.0,0.0,16.0,139.0,1.0,6.0,43.0,28.0,28.0,67.0,166.0,12.0,190.0,117.0,9.0,10.0,81.0,140.0,9.0,24.0,36.0,30.0,152.0,90.0,323.0,47.0,2.0,4.0,0.0,8.0,1.0,89.0,21.0,323.0,4.0,98.0,37.0,34.0,28.0,338.0,4.0,239.0,2.0,4.0,5.0,0.0,27.0,31.0,2.0,0.0,5.0,114.0,41.0,8.0,63.0,16.0,6.0,15.0,0.0,2.0,6.0,20.0,57.0,28.0,46.0,236.0,32.0,208.0,6.0,77.0,85.0,0.0,129.0,16.0,7.0
18,47074160.0,20.0,5.0,30.0,112.0,30.0,6.0,47.0,17.0,0.0,15.0,11.0,22.0,70.0,55.0,32.0,0.0,188.0,0.0,16.0,49.0,35.0,0.0,5.0,27.0,0.0,2.0,8.0,8.0,8.0,4.0,27.0,1.0,28.0,13.0,3.0,2.0,17.0,24.0,7.0,9.0,6.0,3.0,56.0,20.0,68.0,19.0,1.0,2.0,0.0,0.0,0.0,10.0,15.0,66.0,1.0,16.0,14.0,6.0,6.0,50.0,4.0,62.0,1.0,1.0,2.0,0.0,7.0,13.0,1.0,0.0,0.0,35.0,27.0,2.0,8.0,4.0,1.0,3.0,0.0,1.0,1.0,5.0,10.0,13.0,6.0,73.0,6.0,44.0,3.0,19.0,15.0,0.0,59.0,3.0,1.0
19,48959778.0,65.0,10.0,26.0,124.0,59.0,8.0,31.0,20.0,0.0,4.0,63.0,28.0,150.0,93.0,44.0,2.0,96.0,16.0,0.0,157.0,97.0,0.0,8.0,94.0,0.0,3.0,21.0,9.0,16.0,36.0,39.0,10.0,75.0,37.0,9.0,14.0,36.0,65.0,21.0,11.0,31.0,2.0,19.0,13.0,73.0,16.0,2.0,2.0,0.0,4.0,0.0,35.0,43.0,72.0,5.0,41.0,36.0,15.0,52.0,135.0,5.0,109.0,3.0,4.0,1.0,0.0,50.0,14.0,3.0,0.0,2.0,102.0,26.0,8.0,57.0,14.0,10.0,2.0,3.0,3.0,6.0,16.0,26.0,6.0,16.0,103.0,33.0,58.0,1.0,58.0,63.0,0.0,127.0,5.0,4.0
20,50645038.0,164.0,20.0,83.0,272.0,153.0,32.0,117.0,49.0,1.0,13.0,78.0,69.0,554.0,238.0,85.0,15.0,335.0,49.0,157.0,0.0,226.0,1.0,16.0,165.0,1.0,5.0,32.0,24.0,34.0,134.0,107.0,15.0,263.0,86.0,15.0,45.0,89.0,184.0,16.0,30.0,64.0,3.0,58.0,52.0,189.0,43.0,5.0,12.0,0.0,8.0,2.0,122.0,33.0,183.0,9.0,136.0,76.0,33.0,39.0,416.0,15.0,261.0,9.0,13.0,8.0,0.0,42.0,37.0,12.0,0.0,6.0,124.0,43.0,13.0,109.0,26.0,7.0,10.0,1.0,7.0,19.0,34.0,57.0,26.0,50.0,260.0,45.0,167.0,9.0,102.0,80.0,0.0,95.0,20.0,9.0
21,52696957.0,86.0,15.0,26.0,197.0,95.0,36.0,114.0,27.0,0.0,7.0,36.0,34.0,264.0,124.0,75.0,14.0,190.0,35.0,97.0,226.0,0.0,0.0,11.0,100.0,2.0,3.0,22.0,11.0,32.0,84.0,112.0,16.0,109.0,60.0,7.0,67.0,54.0,84.0,14.0,17.0,62.0,14.0,44.0,27.0,100.0,33.0,2.0,15.0,0.0,2.0,0.0,41.0,33.0,87.0,4.0,83.0,53.0,18.0,34.0,276.0,3.0,202.0,1.0,2.0,5.0,0.0,42.0,27.0,3.0,0.0,5.0,108.0,47.0,5.0,72.0,13.0,12.0,9.0,1.0,2.0,6.0,20.0,33.0,51.0,41.0,158.0,35.0,93.0,3.0,78.0,54.0,0.0,81.0,7.0,8.0
22,60598920.0,0.0,0.0,0.0,1.0,4.0,0.0,1.0,0.0,0.0,0.0,1.0,1.0,0.0,0.0,0.0,0.0,0.0,0.0,0.0,1.0,0.0,0.0,0.0,2.0,0.0,0.0,0.0,0.0,0.0,0.0,0.0,1.0,2.0,0.0,0.0,0.0,0.0,1.0,1.0,0.0,0.0,0.0,0.0,0.0,0.0,0.0,0.0,0.0,0.0,0.0,0.0,0.0,1.0,0.0,1.0,0.0,1.0,1.0,1.0,1.0,0.0,2.0,0.0,0.0,0.0,0.0,0.0,0.0,0.0,0.0,1.0,1.0,0.0,0.0,0.0,0.0,0.0,1.0,0.0,0.0,0.0,2.0,0.0,0.0,0.0,0.0,0.0,0.0,0.0,1.0,0.0,0.0,0.0,0.0,0.0
23,69240868.0,9.0,3.0,3.0,7.0,8.0,0.0,6.0,4.0,0.0,1.0,4.0,10.0,10.0,9.0,4.0,2.0,16.0,5.0,8.0,16.0,11.0,0.0,0.0,8.0,0.0,0.0,4.0,3.0,3.0,4.0,4.0,1.0,15.0,3.0,0.0,3.0,9.0,6.0,1.0,2.0,7.0,0.0,7.0,2.0,6.0,5.0,0.0,0.0,0.0,0.0,0.0,3.0,1.0,7.0,1.0,7.0,4.0,1.0,1.0,10.0,0.0,6.0,0.0,0.0,0.0,0.0,2.0,2.0,0.0,0.0,0.0,8.0,4.0,1.0,4.0,0.0,1.0,0.0,0.0,0.0,0.0,3.0,2.0,0.0,1.0,15.0,2.0,6.0,0.0,12.0,5.0,0.0,3.0,1.0,2.0
24,71442697.0,70.0,12.0,26.0,162.0,179.0,24.0,48.0,16.0,3.0,6.0,76.0,33.0,211.0,105.0,58.0,2.0,139.0,27.0,94.0,165.0,100.0,2.0,8.0,0.0,8.0,2.0,28.0,7.0,20.0,47.0,35.0,40.0,162.0,55.0,11.0,20.0,31.0,93.0,13.0,14.0,50.0,8.0,34.0,21.0,122.0,21.0,1.0,2.0,0.0,3.0,3.0,24.0,41.0,75.0,8.0,50.0,41.0,13.0,29.0,156.0,10.0,91.0,0.0,4.0,6.0,0.0,36.0,15.0,5.0,0.0,4.0,89.0,34.0,8.0,50.0,14.0,7.0,8.0,0.0,10.0,6.0,46.0,35.0,5.0,20.0,113.0,37.0,91.0,2.0,78.0,76.0,0.0,84.0,4.0,8.0
25,97790346.0,14.0,0.0,0.0,4.0,7.0,0.0,0.0,0.0,4.0,0.0,0.0,0.0,3.0,9.0,4.0,0.0,1.0,0.0,0.0,1.0,2.0,0.0,0.0,8.0,0.0,1.0,0.0,0.0,2.0,0.0,1.0,23.0,9.0,1.0,2.0,1.0,0.0,1.0,3.0,2.0,4.0,0.0,1.0,0.0,0.0,0.0,2.0,0.0,0.0,0.0,5.0,0.0,9.0,0.0,6.0,1.0,5.0,0.0,0.0,0.0,3.0,0.0,1.0,2.0,8.0,0.0,2.0,6.0,3.0,0.0,0.0,2.0,3.0,1.0,0.0,2.0,4.0,0.0,0.0,3.0,6.0,9.0,0.0,0.0,0.0,0.0,0.0,0.0,0.0,6.0,8.0,0.0,2.0,0.0,2.0
26,100664808.0,7.0,0.0,3.0,2.0,4.0,2.0,0.0,1.0,0.0,3.0,1.0,1.0,6.0,5.0,3.0,0.0,6.0,2.0,3.0,5.0,3.0,0.0,0.0,2.0,1.0,0.0,2.0,0.0,6.0,2.0,2.0,10.0,5.0,2.0,1.0,1.0,1.0,3.0,14.0,0.0,0.0,0.0,3.0,1.0,2.0,0.0,0.0,0.0,0.0,0.0,0.0,2.0,33.0,6.0,1.0,2.0,2.0,0.0,1.0,1.0,1.0,2.0,0.0,0.0,2.0,0.0,7.0,0.0,0.0,0.0,0.0,12.0,1.0,0.0,3.0,1.0,10.0,0.0,2.0,0.0,2.0,5.0,0.0,0.0,0.0,4.0,0.0,5.0,0.0,0.0,16.0,0.0,11.0,0.0,0.0
27,102091185.0,22.0,7.0,10.0,38.0,17.0,5.0,17.0,6.0,0.0,29.0,13.0,7.0,34.0,29.0,9.0,1.0,43.0,8.0,21.0,32.0,22.0,0.0,4.0,28.0,0.0,2.0,0.0,6.0,8.0,9.0,19.0,1.0,20.0,103.0,4.0,5.0,27.0,22.0,2.0,6.0,10.0,2.0,10.0,13.0,15.0,7.0,0.0,0.0,0.0,2.0,0.0,12.0,4.0,36.0,3.0,19.0,5.0,8.0,9.0,28.0,3.0,15.0,0.0,1.0,1.0,0.0,16.0,6.0,2.0,0.0,0.0,18.0,8.0,4.0,16.0,6.0,1.0,2.0,0.0,1.0,1.0,4.0,12.0,6.0,4.0,39.0,11.0,24.0,0.0,18.0,21.0,0.0,17.0,4.0,2.0
28,103238551.0,20.0,2.0,6.0,24.0,11.0,2.0,12.0,1.0,0.0,1.0,7.0,13.0,21.0,16.0,5.0,1.0,28.0,8.0,9.0,24.0,11.0,0.0,3.0,7.0,0.0,0.0,6.0,0.0,4.0,6.0,9.0,1.0,20.0,9.0,6.0,1.0,22.0,14.0,1.0,6.0,15.0,0.0,11.0,11.0,6.0,8.0,2.0,3.0,0.0,0.0,2.0,9.0,6.0,11.0,2.0,12.0,6.0,1.0,0.0,13.0,5.0,16.0,3.0,4.0,5.0,0.0,6.0,11.0,7.0,0.0,0.0,13.0,12.0,4.0,8.0,7.0,0.0,3.0,1.0,4.0,6.0,13.0,6.0,11.0,6.0,22.0,4.0,20.0,0.0,14.0,4.0,0.0,5.0,1.0,1.0
29,105092771.0,32.0,2.0,5.0,40.0,27.0,3.0,22.0,7.0,1.0,1.0,11.0,7.0,39.0,20.0,27.0,2.0,28.0,8.0,16.0,34.0,32.0,0.0,3.0,20.0,2.0,6.0,8.0,4.0,0.0,16.0,11.0,27.0,26.0,12.0,2.0,4.0,18.0,16.0,16.0,1.0,26.0,1.0,14.0,3.0,19.0,7.0,0.0,2.0,0.0,1.0,2.0,10.0,59.0,18.0,3.0,10.0,15.0,4.0,12.0,30.0,2.0,30.0,1.0,2.0,1.0,0.0,20.0,8.0,5.0,0.0,0.0,53.0,14.0,5.0,28.0,2.0,6.0,3.0,1.0,3.0,2.0,22.0,7.0,0.0,4.0,28.0,18.0,9.0,1.0,29.0,36.0,0.0,35.0,2.0,5.0
30,110174745.0,56.0,5.0,17.0,59.0,53.0,7.0,39.0,14.0,0.0,2.0,11.0,13.0,139.0,51.0,31.0,6.0,67.0,4.0,36.0,134.0,84.0,0.0,4.0,47.0,0.0,2.0,9.0,6.0,16.0,0.0,14.0,4.0,104.0,31.0,3.0,11.0,21.0,38.0,2.0,1.0,27.0,0.0,13.0,3.0,47.0,11.0,0.0,3.0,0.0,2.0,0.0,40.0,5.0,33.0,3.0,18.0,11.0,11.0,11.0,128.0,1.0,77.0,1.0,1.0,1.0,0.0,18.0,7.0,1.0,0.0,8.0,60.0,17.0,5.0,46.0,6.0,5.0,3.0,0.0,1.0,3.0,11.0,16.0,2.0,22.0,65.0,26.0,29.0,0.0,43.0,32.0,0.0,15.0,1.0,3.0
31,117482917.0,34.0,14.0,11.0,120.0,37.0,2.0,80.0,9.0,0.0,13.0,19.0,16.0,132.0,55.0,20.0,1.0,166.0,27.0,39.0,107.0,112.0,0.0,4.0,35.0,1.0,2.0,19.0,9.0,11.0,14.0,0.0,2.0,14.0,54.0,4.0,5.0,66.0,52.0,1.0,11.0,20.0,11.0,37.0,36.0,63.0,11.0,1.0,6.0,0.0,0.0,0.0,3.0,6.0,50.0,2.0,49.0,11.0,3.0,7.0,165.0,1.0,77.0,1.0,1.0,3.0,0.0,12.0,16.0,4.0,0.0,0.0,19.0,22.0,4.0,18.0,8.0,0.0,30.0,0.0,1.0,2.0,1.0,40.0,17.0,52.0,163.0,17.0,106.0,0.0,34.0,11.0,0.0,33.0,5.0,2.0
32,134043722.0,40.0,0.0,2.0,22.0,29.0,3.0,6.0,1.0,2.0,2.0,3.0,2.0,16.0,18.0,15.0,1.0,12.0,1.0,10.0,15.0,16.0,1.0,1.0,40.0,23.0,10.0,1.0,1.0,27.0,4.0,2.0,0.0,35.0,8.0,2.0,0.0,4.0,9.0,28.0,2.0,22.0,1.0,3.0,1.0,7.0,5.0,2.0,0.0,0.0,2.0,3.0,3.0,121.0,4.0,8.0,5.0,18.0,2.0,5.0,10.0,6.0,14.0,3.0,5.0,10.0,0.0,14.0,17.0,5.0,0.0,1.0,33.0,10.0,1.0,7.0,4.0,42.0,1.0,3.0,9.0,7.0,63.0,2.0,1.0,1.0,6.0,4.0,4.0,0.0,17.0,88.0,0.0,25.0,0.0,4.0
33,136121300.0,119.0,10.0,29.0,124.0,105.0,87.0,51.0,31.0,2.0,9.0,33.0,121.0,214.0,100.0,65.0,17.0,190.0,28.0,75.0,263.0,109.0,2.0,15.0,162.0,9.0,5.0,20.0,20.0,26.0,104.0,14.0,35.0,0.0,54.0,10.0,110.0,44.0,199.0,24.0,3.0,85.0,9.0,10.0,30.0,181.0,36.0,6.0,5.0,0.0,15.0,3.0,80.0,48.0,52.0,5.0,122.0,79.0,21.0,24.0,197.0,3.0,84.0,0.0,1.0,8.0,0.0,35.0,20.0,5.0,0.0,6.0,104.0,42.0,9.0,60.0,9.0,8.0,5.0,0.0,4.0,11.0,78.0,31.0,23.0,31.0,154.0,42.0,79.0,2.0,105.0,93.0,0.0,49.0,2.0,6.0
34,144065119.0,40.0,26.0,12.0,64.0,51.0,13.0,26.0,17.0,0.0,37.0,22.0,27.0,104.0,67.0,19.0,3.0,117.0,13.0,37.0,86.0,60.0,0.0,3.0,55.0,1.0,2.0,103.0,9.0,12.0,31.0,54.0,8.0,54.0,0.0,5.0,29.0,32.0,49.0,4.0,7.0,21.0,5.0,16.0,24.0,42.0,10.0,2.0,5.0,0.0,2.0,0.0,27.0,8.0,66.0,3.0,40.0,14.0,10.0,17.0,75.0,2.0,40.0,0.0,0.0,0.0,0.0,29.0,6.0,2.0,0.0,3.0,37.0,16.0,4.0,29.0,7.0,4.0,24.0,0.0,1.0,2.0,12.0,58.0,55.0,15.0,162.0,27.0,104.0,0.0,47.0,34.0,0.0,20.0,2.0,1.0
35,150121038.0,83.0,1.0,8.0,28.0,8.0,0.0,10.0,2.0,0.0,0.0,2.0,1.0,11.0,103.0,2.0,0.0,9.0,3.0,9.0,15.0,7.0,0.0,0.0,11.0,2.0,1.0,4.0,6.0,2.0,3.0,4.0,2.0,10.0,5.0,0.0,0.0,18.0,4.0,1.0,85.0,6.0,0.0,6.0,0.0,1.0,1.0,12.0,0.0,10.0,0.0,9.0,3.0,2.0,25.0,50.0,2.0,1.0,2.0,1.0,8.0,84.0,19.0,43.0,62.0,84.0,0.0,4.0,72.0,99.0,0.0,2.0,5.0,3.0,19.0,9.0,52.0,0.0,1.0,0.0,48.0,131.0,2.0,4.0,1.0,1.0,9.0,2.0,10.0,0.0,4.0,5.0,0.0,5.0,1.0,0.0
36,153321487.0,10.0,2.0,1.0,13.0,9.0,199.0,5.0,4.0,0.0,0.0,11.0,33.0,23.0,8.0,4.0,0.0,10.0,2.0,14.0,45.0,67.0,0.0,3.0,20.0,1.0,1.0,5.0,1.0,4.0,11.0,5.0,0.0,110.0,29.0,0.0,0.0,4.0,63.0,5.0,1.0,11.0,8.0,2.0,10.0,12.0,6.0,1.0,24.0,0.0,0.0,0.0,4.0,3.0,15.0,1.0,271.0,4.0,3.0,3.0,18.0,0.0,15.0,0.0,0.0,0.0,0.0,8.0,4.0,1.0,0.0,0.0,11.0,6.0,1.0,12.0,2.0,1.0,1.0,0.0,0.0,0.0,5.0,7.0,144.0,25.0,28.0,4.0,37.0,0.0,14.0,7.0,0.0,6.0,3.0,0.0
37,180261346.0,66.0,39.0,21.0,70.0,28.0,2.0,58.0,7.0,0.0,19.0,18.0,90.0,77.0,72.0,21.0,5.0,81.0,17.0,36.0,89.0,54.0,0.0,9.0,31.0,0.0,1.0,27.0,22.0,18.0,21.0,66.0,4.0,44.0,32.0,18.0,4.0,0.0,53.0,3.0,30.0,26.0,2.0,40.0,51.0,18.0,12.0,10.0,5.0,0.0,1.0,3.0,23.0,7.0,46.0,15.0,46.0,12.0,5.0,10.0,56.0,24.0,67.0,17.0,20.0,16.0,0.0,13.0,35.0,24.0,0.0,0.0,34.0,15.0,12.0,29.0,30.0,3.0,12.0,0.0,14.0,27.0,10.0,55.0,23.0,6.0,64.0,15.0,168.0,1.0,46.0,16.0,0.0,11.0,5.0,2.0
38,190932580.0,70.0,18.0,16.0,99.0,56.0,78.0,36.0,15.0,2.0,6.0,41.0,64.0,161.0,59.0,40.0,5.0,140.0,24.0,65.0,184.0,84.0,1.0,6.0,93.0,1.0,3.0,22.0,14.0,16.0,38.0,52.0,9.0,199.0,49.0,4.0,63.0,53.0,0.0,3.0,7.0,38.0,2.0,15.0,45.0,72.0,18.0,3.0,3.0,0.0,3.0,1.0,40.0,9.0,54.0,5.0,107.0,30.0,10.0,20.0,118.0,3.0,62.0,1.0,3.0,3.0,0.0,33.0,12.0,4.0,0.0,2.0,51.0,23.0,4.0,39.0,8.0,1.0,20.0,0.0,2.0,4.0,20.0,50.0,30.0,21.0,110.0,31.0,106.0,0.0,76.0,46.0,0.0,33.0,4.0,3.0
39,210824047.0,7.0,0.0,5.0,20.0,11.0,1.0,5.0,0.0,1.0,1.0,10.0,4.0,13.0,12.0,12.0,0.0,9.0,7.0,21.0,16.0,14.0,1.0,1.0,13.0,3.0,14.0,2.0,1.0,16.0,2.0,1.0,28.0,24.0,4.0,1.0,5.0,3.0,3.0,0.0,0.0,6.0,2.0,4.0,2.0,7.0,2.0,0.0,2.0,0.0,0.0,0.0,2.0,94.0,15.0,0.0,6.0,15.0,6.0,11.0,12.0,0.0,27.0,0.0,0.0,1.0,0.0,20.0,4.0,0.0,0.0,0.0,53.0,4.0,1.0,18.0,0.0,24.0,1.0,5.0,1.0,3.0,17.0,2.0,0.0,1.0,4.0,7.0,2.0,0.0,8.0,32.0,0.0,39.0,0.0,7.0
40,211993075.0,170.0,8.0,7.0,87.0,10.0,1.0,13.0,4.0,0.0,2.0,7.0,11.0,14.0,194.0,5.0,0.0,24.0,9.0,11.0,30.0,17.0,0.0,2.0,14.0,2.0,0.0,6.0,6.0,1.0,1.0,11.0,2.0,3.0,7.0,85.0,1.0,30.0,7.0,0.0,0.0,4.0,0.0,20.0,12.0,8.0,4.0,10.0,1.0,11.0,1.0,21.0,1.0,8.0,42.0,73.0,9.0,3.0,0.0,1.0,9.0,135.0,35.0,91.0,95.0,132.0,0.0,3.0,148.0,136.0,0.0,0.0,9.0,4.0,29.0,10.0,106.0,1.0,12.0,0.0,67.0,174.0,4.0,13.0,2.0,2.0,24.0,6.0,39.0,0.0,12.0,4.0,0.0,7.0,3.0,0.0
41,217207174.0,60.0,5.0,8.0,48.0,49.0,7.0,23.0,11.0,4.0,0.0,16.0,9.0,87.0,31.0,26.0,5.0,36.0,6.0,31.0,64.0,62.0,0.0,7.0,50.0,4.0,0.0,10.0,15.0,26.0,27.0,20.0,22.0,85.0,21.0,6.0,11.0,26.0,38.0,6.0,4.0,0.0,2.0,9.0,11.0,29.0,15.0,1.0,2.0,0.0,1.0,2.0,22.0,34.0,12.0,5.0,17.0,52.0,6.0,15.0,64.0,2.0,35.0,1.0,4.0,3.0,0.0,22.0,13.0,5.0,0.0,1.0,44.0,55.0,6.0,34.0,9.0,3.0,4.0,0.0,5.0,9.0,35.0,15.0,2.0,11.0,57.0,24.0,34.0,3.0,58.0,27.0,0.0,18.0,3.0,6.0
42,218198233.0,2.0,0.0,3.0,22.0,10.0,6.0,11.0,2.0,0.0,1.0,0.0,3.0,16.0,0.0,4.0,0.0,30.0,3.0,2.0,3.0,14.0,0.0,0.0,8.0,0.0,0.0,2.0,0.0,1.0,0.0,11.0,1.0,9.0,5.0,0.0,8.0,2.0,2.0,2.0,0.0,2.0,0.0,1.0,1.0,19.0,1.0,0.0,2.0,0.0,0.0,0.0,0.0,2.0,5.0,0.0,6.0,2.0,2.0,2.0,22.0,0.0,7.0,0.0,0.0,0.0,0.0,0.0,1.0,0.0,0.0,0.0,6.0,0.0,0.0,2.0,0.0,1.0,0.0,0.0,0.0,0.0,0.0,1.0,8.0,1.0,11.0,2.0,3.0,0.0,4.0,3.0,0.0,3.0,0.0,0.0
43,236891946.0,34.0,1.0,46.0,113.0,18.0,5.0,63.0,17.0,0.0,25.0,7.0,15.0,59.0,46.0,41.0,1.0,152.0,56.0,19.0,58.0,44.0,0.0,7.0,34.0,1.0,3.0,10.0,11.0,14.0,13.0,37.0,3.0,10.0,16.0,6.0,2.0,40.0,15.0,4.0,20.0,9.0,1.0,0.0,31.0,51.0,32.0,3.0,2.0,0.0,0.0,1.0,8.0,15.0,66.0,4.0,25.0,15.0,10.0,7.0,35.0,7.0,79.0,6.0,7.0,3.0,0.0,9.0,20.0,5.0,0.0,0.0,48.0,23.0,7.0,19.0,11.0,1.0,2.0,0.0,7.0,9.0,9.0,11.0,10.0,11.0,71.0,4.0,37.0,4.0,16.0,15.0,0.0,38.0,7.0,3.0
44,238369902.0,27.0,23.0,20.0,54.0,12.0,13.0,31.0,9.0,0.0,6.0,7.0,51.0,57.0,36.0,8.0,1.0,90.0,20.0,13.0,52.0,27.0,0.0,2.0,21.0,0.0,1.0,13.0,11.0,3.0,3.0,36.0,1.0,30.0,24.0,0.0,10.0,51.0,45.0,2.0,12.0,11.0,1.0,31.0,0.0,28.0,11.0,1.0,20.0,0.0,1.0,0.0,22.0,2.0,38.0,1.0,44.0,7.0,4.0,2.0,29.0,1.0,62.0,0.0,1.0,0.0,0.0,11.0,8.0,1.0,0.0,0.0,14.0,5.0,3.0,16.0,4.0,0.0,12.0,0.0,0.0,2.0,6.0,33.0,40.0,3.0,52.0,6.0,100.0,5.0,34.0,14.0,0.0,7.0,12.0,1.0
45,238422999.0,65.0,6.0,45.0,302.0,146.0,6.0,127.0,34.0,0.0,17.0,48.0,34.0,313.0,99.0,88.0,4.0,323.0,68.0,73.0,189.0,100.0,0.0,6.0,122.0,0.0,2.0,15.0,6.0,19.0,47.0,63.0,7.0,181.0,42.0,1.0,12.0,18.0,72.0,7.0,8.0,29.0,19.0,51.0,28.0,0.0,109.0,3.0,3.0,0.0,9.0,0.0,44.0,39.0,104.0,0.0,24.0,33.0,31.0,29.0,354.0,1.0,143.0,0.0,2.0,1.0,0.0,10.0,21.0,0.0,0.0,1.0,104.0,39.0,3.0,55.0,8.0,4.0,15.0,1.0,1.0,1.0,8.0,21.0,9.0,59.0,183.0,23.0,83.0,7.0,47.0,46.0,0.0,203.0,5.0,7.0
46,243296547.0,24.0,2.0,10.0,65.0,27.0,2.0,29.0,12.0,0.0,6.0,14.0,12.0,65.0,30.0,33.0,0.0,47.0,19.0,16.0,43.0,33.0,0.0,5.0,21.0,0.0,0.0,7.0,8.0,7.0,11.0,11.0,5.0,36.0,10.0,1.0,6.0,12.0,18.0,2.0,4.0,15.0,1.0,32.0,11.0,109.0,0.0,0.0,0.0,0.0,0.0,0.0,10.0,20.0,37.0,0.0,9.0,14.0,5.0,6.0,41.0,3.0,45.0,1.0,1.0,2.0,0.0,5.0,14.0,1.0,0.0,0.0,34.0,16.0,1.0,24.0,4.0,0.0,4.0,0.0,1.0,1.0,14.0,7.0,3.0,7.0,62.0,4.0,26.0,5.0,11.0,7.0,0.0,36.0,4.0,6.0
47,246331772.0,17.0,0.0,0.0,8.0,6.0,0.0,2.0,1.0,0.0,0.0,1.0,3.0,2.0,10.0,2.0,1.0,2.0,1.0,2.0,5.0,2.0,0.0,0.0,1.0,2.0,0.0,0.0,2.0,0.0,0.0,1.0,2.0,6.0,2.0,12.0,1.0,10.0,3.0,0.0,10.0,1.0,0.0,3.0,1.0,3.0,0.0,0.0,0.0,1.0,2.0,3.0,1.0,0.0,6.0,9.0,0.0,2.0,0.0,1.0,1.0,9.0,6.0,6.0,13.0,10.0,0.0,0.0,14.0,25.0,0.0,0.0,1.0,0.0,7.0,1.0,12.0,0.0,1.0,0.0,9.0,20.0,3.0,2.0,1.0,1.0,5.0,0.0,7.0,0.0,2.0,0.0,0.0,0.0,0.0,0.0
48,248421425.0,1.0,1.0,2.0,0.0,0.0,22.0,6.0,5.0,0.0,0.0,4.0,2.0,7.0,3.0,2.0,0.0,4.0,2.0,2.0,12.0,15.0,0.0,0.0,2.0,0.0,0.0,0.0,3.0,2.0,3.0,6.0,0.0,5.0,5.0,0.0,24.0,5.0,3.0,2.0,1.0,2.0,2.0,2.0,20.0,3.0,0.0,0.0,0.0,0.0,0.0,0.0,2.0,0.0,0.0,0.0,68.0,3.0,0.0,0.0,4.0,0.0,8.0,0.0,0.0,0.0,0.0,0.0,0.0,0.0,0.0,0.0,2.0,1.0,0.0,0.0,0.0,1.0,1.0,0.0,0.0,0.0,0.0,0.0,22.0,3.0,11.0,0.0,18.0,1.0,4.0,1.0,0.0,0.0,0.0,0.0
49,248575787.0,5.0,0.0,0.0,1.0,0.0,0.0,0.0,0.0,0.0,0.0,0.0,0.0,0.0,7.0,0.0,0.0,0.0,0.0,0.0,0.0,0.0,0.0,0.0,0.0,0.0,0.0,0.0,0.0,0.0,0.0,0.0,0.0,0.0,0.0,10.0,0.0,0.0,0.0,0.0,11.0,0.0,0.0,0.0,0.0,0.0,0.0,1.0,0.0,0.0,0.0,7.0,0.0,0.0,0.0,5.0,0.0,0.0,0.0,0.0,0.0,18.0,0.0,3.0,7.0,15.0,0.0,0.0,7.0,14.0,0.0,0.0,0.0,0.0,0.0,0.0,2.0,0.0,0.0,0.0,4.0,8.0,0.0,0.0,0.0,0.0,0.0,0.0,0.0,0.0,0.0,0.0,0.0,0.0,0.0,0.0
50,249313196.0,3.0,8.0,1.0,3.0,5.0,1.0,1.0,3.0,0.0,0.0,1.0,4.0,5.0,6.0,2.0,2.0,8.0,0.0,4.0,8.0,2.0,0.0,0.0,3.0,0.0,0.0,2.0,0.0,1.0,2.0,0.0,2.0,15.0,2.0,0.0,0.0,1.0,3.0,0.0,1.0,1.0,0.0,0.0,1.0,9.0,0.0,2.0,0.0,0.0,0.0,0.0,7.0,1.0,3.0,1.0,3.0,1.0,1.0,1.0,2.0,1.0,2.0,1.0,1.0,0.0,0.0,0.0,1.0,0.0,0.0,0.0,1.0,0.0,1.0,2.0,2.0,2.0,0.0,0.0,0.0,0.0,2.0,1.0,0.0,1.0,0.0,3.0,4.0,0.0,8.0,3.0,0.0,1.0,0.0,0.0
51,253542253.0,11.0,0.0,0.0,2.0,6.0,1.0,0.0,0.0,0.0,0.0,0.0,0.0,2.0,22.0,0.0,0.0,1.0,0.0,0.0,2.0,0.0,0.0,0.0,3.0,5.0,0.0,0.0,2.0,2.0,0.0,0.0,3.0,3.0,0.0,9.0,0.0,3.0,1.0,0.0,21.0,2.0,0.0,1.0,0.0,0.0,0.0,3.0,0.0,7.0,0.0,0.0,0.0,0.0,1.0,10.0,1.0,1.0,0.0,0.0,0.0,44.0,1.0,13.0,13.0,35.0,0.0,2.0,30.0,25.0,0.0,0.0,1.0,1.0,4.0,1.0,10.0,1.0,1.0,0.0,13.0,34.0,4.0,0.0,0.0,0.0,1.0,0.0,1.0,0.0,4.0,1.0,0.0,0.0,0.0,0.0
52,253654275.0,44.0,7.0,52.0,30.0,35.0,4.0,15.0,12.0,0.0,3.0,15.0,21.0,95.0,53.0,14.0,6.0,89.0,10.0,35.0,122.0,41.0,0.0,3.0,24.0,0.0,2.0,12.0,9.0,10.0,40.0,3.0,3.0,80.0,27.0,3.0,4.0,23.0,40.0,2.0,1.0,22.0,0.0,8.0,22.0,44.0,10.0,1.0,2.0,0.0,7.0,0.0,0.0,2.0,35.0,3.0,19.0,21.0,9.0,9.0,76.0,0.0,53.0,0.0,0.0,1.0,0.0,16.0,7.0,1.0,0.0,1.0,30.0,11.0,3.0,25.0,3.0,1.0,0.0,0.0,0.0,2.0,9.0,12.0,1.0,18.0,63.0,12.0,38.0,4.0,33.0,22.0,0.0,9.0,3.0,3.0
53,254688158.0,30.0,1.0,2.0,91.0,35.0,3.0,11.0,7.0,3.0,4.0,17.0,6.0,51.0,37.0,55.0,2.0,21.0,15.0,43.0,33.0,33.0,1.0,1.0,41.0,9.0,33.0,4.0,6.0,59.0,5.0,6.0,121.0,48.0,8.0,2.0,3.0,7.0,9.0,94.0,8.0,34.0,2.0,15.0,2.0,39.0,20.0,0.0,0.0,0.0,1.0,0.0,2.0,0.0,43.0,4.0,5.0,68.0,10.0,22.0,26.0,4.0,72.0,3.0,4.0,6.0,0.0,49.0,18.0,6.0,0.0,1.0,146.0,24.0,2.0,49.0,8.0,76.0,3.0,16.0,4.0,8.0,53.0,5.0,0.0,2.0,35.0,15.0,15.0,0.0,27.0,120.0,0.0,152.0,3.0,14.0
54,255007697.0,68.0,22.0,50.0,197.0,48.0,10.0,64.0,66.0,0.0,29.0,41.0,49.0,180.0,178.0,48.0,2.0,323.0,66.0,72.0,183.0,87.0,0.0,7.0,75.0,0.0,6.0,36.0,11.0,18.0,33.0,50.0,4.0,52.0,66.0,25.0,15.0,46.0,54.0,15.0,42.0,12.0,5.0,66.0,38.0,104.0,37.0,6.0,0.0,0.0,3.0,1.0,35.0,43.0,0.0,11.0,70.0,21.0,70.0,25.0,114.0,22.0,181.0,16.0,15.0,16.0,0.0,22.0,35.0,14.0,0.0,2.0,74.0,19.0,16.0,110.0,29.0,7.0,9.0,1.0,11.0,21.0,6.0,32.0,20.0,11.0,123.0,17.0,130.0,2.0,40.0,45.0,0.0,91.0,5.0,8.0
55,255545373.0,74.0,1.0,1.0,21.0,8.0,0.0,5.0,1.0,0.0,0.0,2.0,1.0,5.0,68.0,4.0,1.0,4.0,1.0,5.0,9.0,4.0,1.0,1.0,8.0,6.0,1.0,3.0,2.0,3.0,3.0,2.0,8.0,5.0,3.0,50.0,1.0,15.0,5.0,0.0,73.0,5.0,0.0,4.0,1.0,0.0,0.0,9.0,0.0,5.0,1.0,10.0,3.0,4.0,11.0,0.0,1.0,6.0,0.0,1.0,4.0,56.0,7.0,58.0,55.0,74.0,0.0,3.0,77.0,89.0,0.0,1.0,7.0,3.0,17.0,6.0,51.0,1.0,0.0,0.0,41.0,112.0,4.0,4.0,1.0,1.0,6.0,3.0,5.0,0.0,7.0,5.0,0.0,6.0,1.0,0.0
56,257471968.0,38.0,37.0,23.0,46.0,27.0,166.0,20.0,8.0,0.0,7.0,28.0,64.0,80.0,41.0,15.0,1.0,98.0,16.0,41.0,136.0,83.0,0.0,7.0,50.0,1.0,2.0,19.0,12.0,10.0,18.0,49.0,5.0,122.0,40.0,2.0,271.0,46.0,107.0,6.0,9.0,17.0,6.0,25.0,44.0,24.0,9.0,0.0,68.0,0.0,3.0,1.0,19.0,5.0,70.0,1.0,0.0,4.0,3.0,9.0,47.0,1.0,42.0,0.0,1.0,1.0,0.0,18.0,7.0,1.0,0.0,1.0,28.0,12.0,3.0,14.0,2.0,3.0,16.0,0.0,0.0,3.0,14.0,48.0,139.0,17.0,70.0,17.0,156.0,2.0,42.0,21.0,0.0,5.0,13.0,1.0
57,258047934.0,42.0,2.0,8.0,56.0,46.0,1.0,19.0,12.0,3.0,0.0,12.0,4.0,92.0,34.0,42.0,4.0,37.0,14.0,36.0,76.0,53.0,1.0,4.0,41.0,5.0,2.0,5.0,6.0,15.0,11.0,11.0,18.0,79.0,14.0,1.0,4.0,12.0,30.0,15.0,3.0,52.0,2.0,15.0,7.0,33.0,14.0,2.0,3.0,0.0,1.0,1.0,21.0,68.0,21.0,6.0,4.0,0.0,7.0,11.0,51.0,2.0,46.0,1.0,1.0,1.0,0.0,22.0,17.0,6.0,0.0,3.0,62.0,55.0,2.0,34.0,5.0,8.0,1.0,5.0,2.0,3.0,24.0,14.0,1.0,6.0,38.0,17.0,20.0,2.0,34.0,40.0,0.0,60.0,2.0,9.0
58,258124716.0,9.0,0.0,16.0,38.0,17.0,3.0,14.0,34.0,0.0,10.0,8.0,4.0,64.0,27.0,12.0,1.0,34.0,6.0,15.0,33.0,18.0,1.0,1.0,13.0,0.0,0.0,8.0,1.0,4.0,11.0,3.0,2.0,21.0,10.0,2.0,3.0,5.0,10.0,6.0,0.0,6.0,2.0,10.0,4.0,31.0,5.0,0.0,0.0,0.0,1.0,0.0,9.0,10.0,70.0,0.0,3.0,7.0,0.0,12.0,32.0,1.0,61.0,0.0,1.0,0.0,0.0,4.0,4.0,0.0,0.0,1.0,22.0,3.0,1.0,45.0,1.0,2.0,3.0,0.0,0.0,2.0,2.0,1.0,0.0,4.0,23.0,7.0,15.0,0.0,11.0,9.0,0.0,33.0,0.0,3.0
59,260046126.0,21.0,0.0,6.0,52.0,22.0,1.0,5.0,11.0,0.0,1.0,29.0,5.0,53.0,29.0,21.0,2.0,28.0,6.0,52.0,39.0,34.0,1.0,1.0,29.0,0.0,1.0,9.0,0.0,12.0,11.0,7.0,5.0,24.0,17.0,1.0,3.0,10.0,20.0,11.0,1.0,15.0,2.0,7.0,2.0,29.0,6.0,1.0,0.0,0.0,1.0,0.0,9.0,22.0,25.0,1.0,9.0,11.0,12.0,0.0,41.0,2.0,55.0,0.0,1.0,0.0,0.0,19.0,8.0,1.0,0.0,1.0,45.0,9.0,2.0,31.0,2.0,3.0,1.0,1.0,2.0,3.0,4.0,4.0,0.0,4.0,32.0,12.0,12.0,0.0,21.0,25.0,0.0,63.0,1.0,4.0
60,260706920.0,121.0,18.0,75.0,315.0,214.0,14.0,178.0,29.0,0.0,7.0,62.0,26.0,891.0,202.0,102.0,6.0,338.0,50.0,135.0,416.0,276.0,1.0,10.0,156.0,0.0,1.0,28.0,13.0,30.0,128.0,165.0,10.0,197.0,75.0,8.0,18.0,56.0,118.0,12.0,9.0,64.0,22.0,35.0,29.0,354.0,41.0,1.0,4.0,0.0,2.0,0.0,76.0,26.0,114.0,4.0,47.0,51.0,32.0,41.0,0.0,3.0,294.0,0.0,1.0,3.0,0.0,41.0,20.0,2.0,0.0,7.0,132.0,47.0,7.0,86.0,13.0,5.0,16.0,2.0,2.0,5.0,18.0,36.0,12.0,64.0,227.0,45.0,125.0,3.0,80.0,70.0,0.0,139.0,10.0,7.0
61,262067630.0,107.0,0.0,1.0,34.0,13.0,0.0,5.0,1.0,0.0,0.0,3.0,1.0,4.0,111.0,5.0,0.0,4.0,4.0,5.0,15.0,3.0,0.0,0.0,10.0,3.0,1.0,3.0,5.0,2.0,1.0,1.0,6.0,3.0,2.0,84.0,0.0,24.0,3.0,0.0,135.0,2.0,0.0,7.0,1.0,1.0,3.0,9.0,0.0,18.0,1.0,44.0,0.0,4.0,22.0,56.0,1.0,2.0,1.0,2.0,3.0,0.0,10.0,67.0,87.0,142.0,0.0,3.0,146.0,121.0,0.0,0.0,3.0,4.0,16.0,5.0,59.0,2.0,1.0,0.0,44.0,178.0,2.0,1.0,1.0,0.0,8.0,3.0,5.0,0.0,4.0,4.0,0.0,4.0,0.0,1.0
62,263022323.0,92.0,18.0,89.0,258.0,86.0,38.0,136.0,57.0,0.0,9.0,49.0,69.0,305.0,192.0,92.0,5.0,239.0,62.0,109.0,261.0,202.0,2.0,6.0,91.0,0.0,2.0,15.0,16.0,30.0,77.0,77.0,14.0,84.0,40.0,19.0,15.0,67.0,62.0,27.0,35.0,35.0,7.0,79.0,62.0,143.0,45.0,6.0,8.0,0.0,2.0,1.0,53.0,72.0,181.0,7.0,42.0,46.0,61.0,55.0,294.0,10.0,0.0,6.0,6.0,6.0,0.0,38.0,40.0,8.0,0.0,8.0,170.0,32.0,11.0,117.0,22.0,14.0,14.0,3.0,9.0,13.0,13.0,30.0,54.0,31.0,173.0,22.0,110.0,2.0,70.0,68.0,0.0,160.0,18.0,11.0
63,268358493.0,74.0,0.0,2.0,24.0,2.0,0.0,3.0,0.0,0.0,0.0,0.0,1.0,3.0,65.0,1.0,0.0,2.0,1.0,3.0,9.0,1.0,0.0,0.0,0.0,1.0,0.0,0.0,3.0,1.0,1.0,1.0,3.0,0.0,0.0,43.0,0.0,17.0,1.0,0.0,91.0,1.0,0.0,6.0,0.0,0.0,1.0,6.0,0.0,3.0,1.0,13.0,0.0,3.0,16.0,58.0,0.0,1.0,0.0,0.0,0.0,67.0,6.0,0.0,59.0,83.0,0.0,0.0,79.0,77.0,0.0,0.0,1.0,0.0,16.0,2.0,55.0,1.0,0.0,0.0,37.0,99.0,0.0,2.0,1.0,0.0,3.0,2.0,4.0,0.0,1.0,1.0,0.0,3.0,0.0,0.0
64,268444797.0,84.0,0.0,1.0,24.0,4.0,0.0,4.0,0.0,0.0,0.0,1.0,3.0,3.0,83.0,2.0,0.0,4.0,1.0,4.0,13.0,2.0,0.0,0.0,4.0,2.0,0.0,1.0,4.0,2.0,1.0,1.0,5.0,1.0,0.0,62.0,0.0,20.0,3.0,0.0,95.0,4.0,0.0,7.0,1.0,2.0,1.0,13.0,0.0,7.0,1.0,13.0,0.0,4.0,15.0,55.0,1.0,1.0,1.0,1.0,1.0,87.0,6.0,59.0,0.0,79.0,0.0,1.0,142.0,137.0,0.0,0.0,1.0,2.0,21.0,5.0,53.0,1.0,2.0,0.0,50.0,164.0,1.0,2.0,1.0,0.0,6.0,3.0,4.0,0.0,2.0,2.0,0.0,3.0,0.0,0.0
65,269938982.0,102.0,1.0,0.0,28.0,4.0,0.0,1.0,2.0,0.0,0.0,0.0,0.0,5.0,129.0,3.0,1.0,5.0,2.0,1.0,8.0,5.0,0.0,0.0,6.0,8.0,2.0,1.0,5.0,1.0,1.0,3.0,10.0,8.0,0.0,84.0,0.0,16.0,3.0,1.0,132.0,3.0,0.0,3.0,0.0,1.0,2.0,10.0,0.0,15.0,0.0,35.0,1.0,6.0,16.0,74.0,1.0,1.0,0.0,0.0,3.0,142.0,6.0,83.0,79.0,0.0,0.0,1.0,132.0,127.0,0.0,0.0,2.0,1.0,15.0,3.0,63.0,4.0,2.0,0.0,55.0,185.0,4.0,4.0,1.0,0.0,8.0,3.0,8.0,0.0,5.0,9.0,0.0,3.0,0.0,1.0
66,270934983.0,0.0,0.0,0.0,0.0,0.0,0.0,0.0,0.0,0.0,0.0,0.0,0.0,0.0,0.0,0.0,0.0,0.0,0.0,0.0,0.0,0.0,0.0,0.0,0.0,0.0,0.0,0.0,0.0,0.0,0.0,0.0,0.0,0.0,0.0,0.0,0.0,0.0,0.0,0.0,0.0,0.0,0.0,0.0,0.0,0.0,0.0,0.0,0.0,0.0,0.0,0.0,0.0,0.0,0.0,0.0,0.0,0.0,0.0,0.0,0.0,0.0,0.0,0.0,0.0,0.0,0.0,0.0,0.0,0.0,1.0,0.0,0.0,0.0,0.0,0.0,0.0,0.0,0.0,0.0,0.0,0.0,0.0,0.0,0.0,0.0,0.0,0.0,0.0,0.0,0.0,0.0,0.0,0.0,0.0,0.0
67,274246546.0,37.0,3.0,3.0,43.0,26.0,6.0,7.0,4.0,1.0,0.0,18.0,5.0,58.0,25.0,24.0,3.0,27.0,7.0,50.0,42.0,42.0,0.0,2.0,36.0,2.0,7.0,16.0,6.0,20.0,18.0,12.0,14.0,35.0,29.0,4.0,8.0,13.0,33.0,20.0,3.0,22.0,0.0,9.0,11.0,10.0,5.0,0.0,0.0,0.0,0.0,2.0,16.0,49.0,22.0,3.0,18.0,22.0,4.0,19.0,41.0,3.0,38.0,0.0,1.0,1.0,0.0,0.0,9.0,3.0,0.0,1.0,79.0,18.0,4.0,36.0,3.0,12.0,1.0,6.0,5.0,4.0,18.0,14.0,5.0,8.0,45.0,18.0,23.0,0.0,39.0,31.0,0.0,46.0,3.0,5.0
68,280492439.0,172.0,2.0,10.0,73.0,16.0,2.0,21.0,9.0,0.0,1.0,5.0,10.0,24.0,138.0,14.0,2.0,31.0,13.0,14.0,37.0,27.0,0.0,2.0,15.0,6.0,0.0,6.0,11.0,8.0,7.0,16.0,17.0,20.0,6.0,72.0,4.0,35.0,12.0,4.0,148.0,13.0,1.0,20.0,8.0,21.0,14.0,14.0,0.0,7.0,1.0,30.0,7.0,18.0,35.0,77.0,7.0,17.0,4.0,8.0,20.0,146.0,40.0,79.0,142.0,132.0,0.0,9.0,0.0,193.0,0.0,0.0,21.0,5.0,31.0,22.0,84.0,0.0,5.0,1.0,54.0,229.0,17.0,7.0,6.0,3.0,42.0,5.0,24.0,0.0,16.0,11.0,0.0,19.0,3.0,2.0
69,281553266.0,111.0,1.0,0.0,30.0,7.0,0.0,4.0,0.0,0.0,1.0,1.0,1.0,3.0,108.0,2.0,1.0,2.0,1.0,3.0,12.0,3.0,0.0,0.0,5.0,3.0,0.0,2.0,7.0,5.0,1.0,4.0,5.0,5.0,2.0,99.0,1.0,24.0,4.0,0.0,136.0,5.0,0.0,5.0,1.0,0.0,1.0,25.0,0.0,14.0,0.0,25.0,1.0,6.0,14.0,89.0,1.0,6.0,0.0,1.0,2.0,121.0,8.0,77.0,137.0,127.0,0.0,3.0,193.0,0.0,0.0,0.0,4.0,3.0,27.0,5.0,86.0,3.0,3.0,0.0,68.0,243.0,7.0,3.0,1.0,0.0,5.0,2.0,6.0,0.0,5.0,4.0,0.0,3.0,0.0,1.0
70,282256180.0,0.0,0.0,0.0,0.0,0.0,0.0,0.0,0.0,0.0,0.0,0.0,0.0,0.0,0.0,0.0,0.0,0.0,0.0,0.0,0.0,0.0,0.0,0.0,0.0,0.0,0.0,0.0,0.0,0.0,0.0,0.0,0.0,0.0,0.0,0.0,0.0,0.0,0.0,0.0,0.0,0.0,0.0,0.0,0.0,0.0,0.0,0.0,0.0,0.0,0.0,0.0,0.0,0.0,0.0,0.0,0.0,0.0,0.0,0.0,0.0,0.0,0.0,0.0,0.0,0.0,1.0,0.0,0.0,0.0,0.0,0.0,0.0,0.0,0.0,0.0,0.0,0.0,0.0,0.0,0.0,0.0,0.0,0.0,0.0,0.0,0.0,0.0,0.0,0.0,0.0,0.0,0.0,0.0,0.0,0.0
71,284600487.0,3.0,0.0,1.0,4.0,5.0,0.0,3.0,0.0,0.0,0.0,0.0,0.0,8.0,2.0,5.0,0.0,5.0,0.0,2.0,6.0,5.0,1.0,0.0,4.0,0.0,0.0,0.0,0.0,0.0,8.0,0.0,1.0,6.0,3.0,2.0,0.0,0.0,2.0,0.0,0.0,1.0,0.0,0.0,0.0,1.0,0.0,0.0,0.0,0.0,0.0,0.0,1.0,1.0,2.0,1.0,1.0,3.0,1.0,1.0,7.0,0.0,8.0,0.0,0.0,0.0,0.0,1.0,0.0,0.0,0.0,0.0,5.0,1.0,0.0,3.0,0.0,0.0,0.0,0.0,0.0,0.0,2.0,0.0,0.0,4.0,0.0,1.0,0.0,0.0,2.0,2.0,0.0,0.0,0.0,0.0
72,287755830.0,82.0,8.0,22.0,193.0,73.0,9.0,58.0,22.0,1.0,2.0,35.0,15.0,150.0,79.0,97.0,5.0,114.0,35.0,102.0,124.0,108.0,1.0,8.0,89.0,2.0,12.0,18.0,13.0,53.0,60.0,19.0,33.0,104.0,37.0,5.0,11.0,34.0,51.0,53.0,9.0,44.0,6.0,48.0,14.0,104.0,34.0,1.0,2.0,0.0,1.0,1.0,30.0,146.0,74.0,7.0,28.0,62.0,22.0,45.0,132.0,3.0,170.0,1.0,1.0,2.0,0.0,79.0,21.0,4.0,0.0,5.0,0.0,36.0,7.0,103.0,11.0,24.0,6.0,13.0,3.0,5.0,20.0,25.0,6.0,19.0,102.0,38.0,45.0,1.0,83.0,86.0,0.0,182.0,5.0,18.0
73,295125390.0,37.0,3.0,4.0,57.0,35.0,2.0,22.0,6.0,1.0,2.0,13.0,5.0,61.0,29.0,31.0,2.0,41.0,27.0,26.0,43.0,47.0,0.0,4.0,34.0,3.0,1.0,8.0,12.0,14.0,17.0,22.0,10.0,42.0,16.0,3.0,6.0,15.0,23.0,4.0,4.0,55.0,0.0,23.0,5.0,39.0,16.0,0.0,1.0,0.0,0.0,1.0,11.0,24.0,19.0,3.0,12.0,55.0,3.0,9.0,47.0,4.0,32.0,0.0,2.0,1.0,0.0,18.0,5.0,3.0,0.0,1.0,36.0,0.0,4.0,19.0,7.0,3.0,4.0,3.0,2.0,4.0,13.0,11.0,0.0,10.0,46.0,10.0,16.0,2.0,29.0,19.0,0.0,35.0,1.0,4.0
74,295733868.0,40.0,3.0,2.0,15.0,10.0,0.0,7.0,2.0,0.0,0.0,3.0,4.0,5.0,26.0,3.0,0.0,8.0,2.0,8.0,13.0,5.0,0.0,1.0,8.0,1.0,0.0,4.0,4.0,5.0,5.0,4.0,1.0,9.0,4.0,19.0,1.0,12.0,4.0,1.0,29.0,6.0,0.0,7.0,3.0,3.0,1.0,7.0,0.0,0.0,1.0,4.0,3.0,2.0,16.0,17.0,3.0,2.0,1.0,2.0,7.0,16.0,11.0,16.0,21.0,15.0,0.0,4.0,31.0,27.0,0.0,0.0,7.0,4.0,0.0,4.0,24.0,1.0,1.0,0.0,19.0,32.0,5.0,4.0,1.0,3.0,12.0,5.0,6.0,0.0,9.0,4.0,0.0,6.0,1.0,0.0
75,296759187.0,58.0,6.0,12.0,101.0,45.0,5.0,28.0,33.0,0.0,2.0,25.0,15.0,121.0,52.0,57.0,3.0,63.0,8.0,57.0,109.0,72.0,0.0,4.0,50.0,0.0,3.0,16.0,8.0,28.0,46.0,18.0,7.0,60.0,29.0,9.0,12.0,29.0,39.0,18.0,10.0,34.0,2.0,19.0,16.0,55.0,24.0,1.0,0.0,0.0,2.0,1.0,25.0,49.0,110.0,6.0,14.0,34.0,45.0,31.0,86.0,5.0,117.0,2.0,5.0,3.0,0.0,36.0,22.0,5.0,0.0,3.0,103.0,19.0,4.0,0.0,9.0,8.0,6.0,5.0,2.0,8.0,15.0,23.0,3.0,15.0,67.0,27.0,46.0,0.0,67.0,34.0,0.0,77.0,4.0,7.0
76,297866945.0,89.0,1.0,8.0,49.0,11.0,0.0,11.0,4.0,0.0,1.0,4.0,7.0,16.0,96.0,7.0,0.0,16.0,4.0,14.0,26.0,13.0,0.0,0.0,14.0,2.0,1.0,6.0,7.0,2.0,6.0,8.0,4.0,9.0,7.0,52.0,2.0,30.0,8.0,0.0,106.0,9.0,0.0,11.0,4.0,8.0,4.0,12.0,0.0,2.0,2.0,10.0,3.0,8.0,29.0,51.0,2.0,5.0,1.0,2.0,13.0,59.0,22.0,55.0,53.0,63.0,0.0,3.0,84.0,86.0,0.0,0.0,11.0,7.0,24.0,9.0,0.0,1.0,2.0,0.0,52.0,101.0,5.0,6.0,2.0,3.0,16.0,5.0,12.0,0.0,10.0,8.0,0.0,8.0,1.0,0.0
77,298112519.0,7.0,0.0,2.0,9.0,5.0,2.0,3.0,2.0,0.0,0.0,2.0,2.0,6.0,6.0,6.0,0.0,6.0,1.0,10.0,7.0,12.0,0.0,1.0,7.0,4.0,10.0,1.0,0.0,6.0,5.0,0.0,42.0,8.0,4.0,0.0,1.0,3.0,1.0,24.0,1.0,3.0,1.0,1.0,0.0,4.0,0.0,0.0,1.0,0.0,2.0,1.0,1.0,76.0,7.0,1.0,3.0,8.0,2.0,3.0,5.0,2.0,14.0,1.0,1.0,4.0,0.0,12.0,0.0,3.0,0.0,0.0,24.0,3.0,1.0,8.0,1.0,0.0,1.0,4.0,0.0,0.0,7.0,0.0,2.0,3.0,0.0,5.0,0.0,0.0,5.0,22.0,0.0,24.0,0.0,4.0
78,302144631.0,8.0,37.0,4.0,26.0,9.0,0.0,4.0,2.0,0.0,0.0,5.0,3.0,32.0,11.0,4.0,0.0,15.0,3.0,2.0,10.0,9.0,1.0,0.0,8.0,0.0,0.0,2.0,3.0,3.0,3.0,30.0,1.0,5.0,24.0,1.0,1.0,12.0,20.0,1.0,12.0,4.0,0.0,2.0,12.0,15.0,4.0,1.0,1.0,0.0,0.0,1.0,0.0,3.0,9.0,0.0,16.0,1.0,3.0,1.0,16.0,1.0,14.0,0.0,2.0,2.0,0.0,1.0,5.0,3.0,0.0,0.0,6.0,4.0,1.0,6.0,2.0,1.0,0.0,0.0,3.0,2.0,3.0,79.0,6.0,1.0,15.0,24.0,117.0,0.0,62.0,0.0,0.0,4.0,5.0,1.0
79,304677043.0,0.0,0.0,0.0,2.0,0.0,0.0,0.0,0.0,0.0,0.0,1.0,0.0,1.0,2.0,2.0,0.0,0.0,0.0,3.0,1.0,1.0,0.0,0.0,0.0,0.0,2.0,0.0,1.0,1.0,0.0,0.0,3.0,0.0,0.0,0.0,0.0,0.0,0.0,5.0,0.0,0.0,0.0,0.0,0.0,1.0,0.0,0.0,0.0,0.0,0.0,0.0,0.0,16.0,1.0,0.0,0.0,5.0,0.0,1.0,2.0,0.0,3.0,0.0,0.0,0.0,0.0,6.0,1.0,0.0,0.0,0.0,13.0,3.0,0.0,5.0,0.0,4.0,0.0,0.0,0.0,0.0,0.0,0.0,0.0,0.0,1.0,0.0,0.0,0.0,1.0,7.0,0.0,10.0,0.0,0.0
80,305078782.0,66.0,0.0,1.0,17.0,6.0,0.0,4.0,1.0,0.0,0.0,1.0,1.0,3.0,60.0,3.0,0.0,2.0,1.0,3.0,7.0,2.0,0.0,0.0,10.0,3.0,0.0,1.0,4.0,3.0,1.0,1.0,9.0,4.0,1.0,48.0,0.0,14.0,2.0,1.0,67.0,5.0,0.0,7.0,0.0,1.0,1.0,9.0,0.0,4.0,0.0,13.0,0.0,4.0,11.0,41.0,0.0,2.0,0.0,2.0,2.0,44.0,9.0,37.0,50.0,55.0,0.0,5.0,54.0,68.0,0.0,0.0,3.0,2.0,19.0,2.0,52.0,0.0,3.0,0.0,0.0,91.0,11.0,2.0,1.0,0.0,6.0,0.0,3.0,0.0,6.0,4.0,0.0,1.0,0.0,1.0
81,319244422.0,159.0,0.0,2.0,35.0,13.0,0.0,7.0,2.0,0.0,0.0,4.0,4.0,8.0,155.0,3.0,0.0,6.0,1.0,6.0,19.0,6.0,0.0,0.0,6.0,6.0,2.0,1.0,6.0,2.0,3.0,2.0,7.0,11.0,2.0,131.0,0.0,27.0,4.0,3.0,174.0,9.0,0.0,9.0,2.0,1.0,1.0,20.0,0.0,8.0,0.0,34.0,2.0,8.0,21.0,112.0,3.0,3.0,2.0,3.0,5.0,178.0,13.0,99.0,164.0,185.0,0.0,4.0,229.0,243.0,0.0,0.0,5.0,4.0,32.0,8.0,101.0,0.0,2.0,0.0,91.0,0.0,9.0,2.0,1.0,1.0,8.0,2.0,12.0,0.0,8.0,7.0,0.0,4.0,0.0,1.0
82,329111377.0,50.0,3.0,3.0,22.0,40.0,4.0,7.0,6.0,4.0,2.0,8.0,9.0,32.0,17.0,20.0,5.0,20.0,5.0,16.0,34.0,20.0,2.0,3.0,46.0,9.0,5.0,4.0,13.0,22.0,11.0,1.0,63.0,78.0,12.0,2.0,5.0,10.0,20.0,17.0,4.0,35.0,0.0,9.0,6.0,8.0,14.0,3.0,0.0,0.0,2.0,4.0,9.0,53.0,6.0,4.0,14.0,24.0,2.0,4.0,18.0,2.0,13.0,0.0,1.0,4.0,0.0,18.0,17.0,7.0,0.0,2.0,20.0,13.0,5.0,15.0,5.0,7.0,3.0,0.0,11.0,9.0,0.0,8.0,0.0,7.0,15.0,7.0,7.0,2.0,30.0,66.0,0.0,5.0,2.0,3.0
83,336076027.0,34.0,65.0,9.0,52.0,17.0,3.0,12.0,5.0,0.0,2.0,18.0,22.0,88.0,20.0,12.0,5.0,57.0,10.0,26.0,57.0,33.0,0.0,2.0,35.0,0.0,0.0,12.0,6.0,7.0,16.0,40.0,2.0,31.0,58.0,4.0,7.0,55.0,50.0,2.0,13.0,15.0,1.0,11.0,33.0,21.0,7.0,2.0,0.0,0.0,1.0,0.0,12.0,5.0,32.0,4.0,48.0,14.0,1.0,4.0,36.0,1.0,30.0,2.0,2.0,4.0,0.0,14.0,7.0,3.0,0.0,0.0,25.0,11.0,4.0,23.0,6.0,0.0,79.0,0.0,2.0,2.0,8.0,0.0,33.0,2.0,56.0,35.0,175.0,0.0,78.0,12.0,0.0,16.0,5.0,2.0
84,340083765.0,6.0,10.0,1.0,8.0,2.0,142.0,8.0,2.0,0.0,1.0,4.0,53.0,9.0,9.0,1.0,0.0,28.0,13.0,6.0,26.0,51.0,0.0,0.0,5.0,0.0,0.0,6.0,11.0,0.0,2.0,17.0,1.0,23.0,55.0,1.0,144.0,23.0,30.0,0.0,2.0,2.0,8.0,10.0,40.0,9.0,3.0,1.0,22.0,0.0,0.0,0.0,1.0,0.0,20.0,1.0,139.0,1.0,0.0,0.0,12.0,1.0,54.0,1.0,1.0,1.0,0.0,5.0,6.0,1.0,0.0,0.0,6.0,0.0,1.0,3.0,2.0,2.0,6.0,0.0,1.0,1.0,0.0,33.0,0.0,21.0,25.0,1.0,93.0,0.0,44.0,2.0,0.0,2.0,7.0,0.0
85,353142132.0,22.0,3.0,12.0,33.0,24.0,14.0,16.0,8.0,0.0,0.0,6.0,12.0,47.0,16.0,18.0,1.0,46.0,6.0,16.0,50.0,41.0,0.0,1.0,20.0,0.0,0.0,4.0,6.0,4.0,22.0,52.0,1.0,31.0,15.0,1.0,25.0,6.0,21.0,1.0,2.0,11.0,1.0,11.0,3.0,59.0,7.0,1.0,3.0,0.0,1.0,0.0,18.0,2.0,11.0,1.0,17.0,6.0,4.0,4.0,64.0,0.0,31.0,0.0,0.0,0.0,0.0,8.0,3.0,0.0,0.0,4.0,19.0,10.0,3.0,15.0,3.0,3.0,1.0,0.0,0.0,1.0,7.0,2.0,21.0,0.0,42.0,7.0,22.0,0.0,19.0,14.0,0.0,5.0,2.0,2.0
86,362973396.0,111.0,20.0,35.0,234.0,79.0,28.0,95.0,48.0,0.0,23.0,57.0,42.0,285.0,124.0,67.0,8.0,236.0,73.0,103.0,260.0,158.0,0.0,15.0,113.0,0.0,4.0,39.0,22.0,28.0,65.0,163.0,6.0,154.0,162.0,9.0,28.0,64.0,110.0,4.0,24.0,57.0,11.0,71.0,52.0,183.0,62.0,5.0,11.0,0.0,0.0,1.0,63.0,35.0,123.0,6.0,70.0,38.0,23.0,32.0,227.0,8.0,173.0,3.0,6.0,8.0,0.0,45.0,42.0,5.0,0.0,0.0,102.0,46.0,12.0,67.0,16.0,0.0,15.0,1.0,6.0,8.0,15.0,56.0,25.0,42.0,0.0,29.0,168.0,6.0,97.0,40.0,0.0,102.0,7.0,7.0
87,363763442.0,30.0,11.0,6.0,47.0,30.0,1.0,14.0,8.0,0.0,0.0,13.0,8.0,61.0,21.0,25.0,0.0,32.0,6.0,33.0,45.0,35.0,0.0,2.0,37.0,0.0,0.0,11.0,4.0,18.0,26.0,17.0,4.0,42.0,27.0,2.0,4.0,15.0,31.0,7.0,6.0,24.0,2.0,4.0,6.0,23.0,4.0,0.0,0.0,0.0,3.0,0.0,12.0,15.0,17.0,3.0,17.0,17.0,7.0,12.0,45.0,3.0,22.0,2.0,3.0,3.0,0.0,18.0,5.0,2.0,0.0,1.0,38.0,10.0,5.0,27.0,5.0,5.0,24.0,0.0,0.0,2.0,7.0,35.0,1.0,7.0,29.0,0.0,33.0,0.0,68.0,23.0,0.0,22.0,1.0,3.0
88,369028288.0,65.0,145.0,29.0,118.0,54.0,25.0,35.0,19.0,0.0,16.0,58.0,491.0,309.0,105.0,33.0,0.0,208.0,44.0,58.0,167.0,93.0,0.0,6.0,91.0,0.0,5.0,24.0,20.0,9.0,29.0,106.0,4.0,79.0,104.0,10.0,37.0,168.0,106.0,2.0,39.0,34.0,3.0,37.0,100.0,83.0,26.0,7.0,18.0,0.0,4.0,1.0,38.0,15.0,130.0,5.0,156.0,20.0,15.0,12.0,125.0,5.0,110.0,4.0,4.0,8.0,0.0,23.0,24.0,6.0,0.0,0.0,45.0,16.0,6.0,46.0,12.0,0.0,117.0,0.0,3.0,12.0,7.0,175.0,93.0,22.0,168.0,33.0,0.0,3.0,122.0,36.0,0.0,40.0,20.0,4.0
