,0,1,2,3,4,5,6,7,8,9,10,11,12,13,14,15,16,17,18,19,20,21,22,23,24,25,26,27,28,29,30,31,32,33,34,35,36,37,38,39,40,41,42,43,44,45,46,47,48,49,50,51,52,53,54,55,56,57,58
0,-1.0,8378902.0,11277572.0,20753721.0,49765627.0,60568628.0,64234543.0,65269218.0,69853727.0,71207287.0,124999935.0,141530427.0,141850650.0,210824047.0,223236244.0,232181027.0,246223044.0,250846617.0,251794786.0,253753754.0,254766784.0,258694951.0,260764375.0,264429719.0,267190152.0,268566249.0,269472851.0,271791007.0,273520514.0,276573521.0,281669464.0,285115375.0,286198366.0,295740317.0,299566836.0,302144631.0,306147681.0,307512769.0,315212695.0,334291756.0,338067793.0,339474731.0,342208838.0,350493052.0,359179176.0,367473622.0,369028288.0,377022974.0,378326411.0,378581207.0,396823485.0,400060309.0,405827508.0,406558256.0,414854193.0,423782407.0,425423239.0,428152918.0,432012989.0
1,8378902.0,0.0,0.0,0.0,0.0,0.0,0.0,0.0,0.0,0.0,0.0,0.0,0.0,0.0,0.0,0.0,0.0,0.0,0.0,0.0,0.0,0.0,0.0,0.0,0.0,0.0,0.0,0.0,0.0,0.0,0.0,0.0,0.0,0.0,0.0,0.0,0.0,0.0,0.0,0.0,0.0,0.0,0.0,0.0,0.0,0.0,1.0,0.0,0.0,0.0,0.0,0.0,0.0,0.0,0.0,0.0,0.0,0.0,0.0
2,11277572.0,0.0,0.0,1.0,0.0,7.0,11.0,4.0,15.0,1.0,8.0,0.0,0.0,0.0,38.0,0.0,0.0,0.0,0.0,10.0,0.0,1.0,1.0,0.0,0.0,0.0,0.0,8.0,0.0,0.0,1.0,1.0,0.0,1.0,5.0,37.0,1.0,0.0,0.0,3.0,0.0,0.0,0.0,0.0,2.0,20.0,145.0,0.0,0.0,1.0,1.0,0.0,4.0,0.0,0.0,0.0,0.0,0.0,0.0
3,20753721.0,0.0,1.0,0.0,0.0,0.0,2.0,1.0,5.0,7.0,1.0,0.0,0.0,0.0,0.0,0.0,0.0,0.0,0.0,4.0,0.0,0.0,0.0,0.0,0.0,2.0,0.0,3.0,0.0,0.0,1.0,0.0,0.0,1.0,0.0,0.0,0.0,0.0,1.0,0.0,0.0,0.0,0.0,0.0,0.0,0.0,2.0,0.0,0.0,1.0,0.0,0.0,3.0,0.0,0.0,0.0,0.0,0.0,0.0
4,49765627.0,0.0,0.0,0.0,0.0,11.0,10.0,1.0,1.0,5.0,8.0,0.0,0.0,1.0,1.0,0.0,19.0,1.0,1.0,52.0,1.0,42.0,5.0,4.0,3.0,3.0,0.0,0.0,0.0,3.0,3.0,0.0,0.0,4.0,5.0,1.0,36.0,4.0,10.0,1.0,1.0,14.0,33.0,1.0,3.0,5.0,1.0,1.0,1.0,5.0,2.0,0.0,5.0,0.0,5.0,0.0,1.0,1.0,0.0
5,60568628.0,0.0,7.0,0.0,11.0,0.0,277.0,23.0,29.0,85.0,126.0,27.0,10.0,41.0,3.0,0.0,1.0,7.0,2.0,132.0,12.0,4.0,7.0,9.0,57.0,7.0,0.0,15.0,0.0,3.0,50.0,1.0,1.0,5.0,83.0,5.0,16.0,0.0,10.0,14.0,2.0,4.0,10.0,3.0,39.0,10.0,45.0,2.0,0.0,18.0,47.0,0.0,77.0,0.0,11.0,1.0,3.0,3.0,0.0
6,64234543.0,0.0,11.0,2.0,10.0,277.0,0.0,30.0,27.0,153.0,120.0,30.0,3.0,75.0,6.0,0.0,4.0,19.0,10.0,143.0,15.0,5.0,19.0,8.0,87.0,85.0,0.0,27.0,0.0,14.0,68.0,7.0,0.0,10.0,95.0,5.0,17.0,2.0,16.0,11.0,5.0,3.0,12.0,33.0,48.0,17.0,84.0,12.0,6.0,41.0,53.0,0.0,79.0,0.0,58.0,7.0,7.0,17.0,1.0
7,65269218.0,0.0,4.0,1.0,1.0,23.0,30.0,0.0,11.0,9.0,16.0,2.0,0.0,3.0,2.0,0.0,0.0,0.0,0.0,30.0,0.0,0.0,1.0,1.0,1.0,1.0,0.0,5.0,0.0,0.0,4.0,3.0,0.0,1.0,17.0,2.0,5.0,0.0,1.0,14.0,1.0,0.0,1.0,0.0,11.0,4.0,16.0,0.0,0.0,1.0,7.0,0.0,21.0,0.0,0.0,0.0,0.0,0.0,2.0
8,69853727.0,0.0,15.0,5.0,1.0,29.0,27.0,11.0,0.0,15.0,35.0,3.0,0.0,0.0,2.0,0.0,0.0,1.0,0.0,32.0,0.0,0.0,2.0,1.0,2.0,3.0,0.0,12.0,0.0,0.0,6.0,2.0,0.0,0.0,19.0,2.0,2.0,1.0,3.0,5.0,1.0,0.0,2.0,0.0,5.0,3.0,32.0,1.0,0.0,5.0,9.0,0.0,24.0,0.0,1.0,1.0,1.0,1.0,0.0
9,71207287.0,0.0,1.0,7.0,5.0,85.0,153.0,9.0,15.0,0.0,33.0,9.0,1.0,37.0,1.0,0.0,1.0,10.0,4.0,39.0,7.0,2.0,11.0,4.0,42.0,16.0,0.0,7.0,0.0,2.0,33.0,0.0,0.0,15.0,39.0,3.0,7.0,0.0,6.0,4.0,2.0,0.0,8.0,8.0,25.0,4.0,16.0,6.0,1.0,22.0,24.0,0.0,38.0,0.0,15.0,3.0,5.0,8.0,0.0
10,124999935.0,0.0,8.0,1.0,8.0,126.0,120.0,16.0,35.0,33.0,0.0,42.0,27.0,4.0,4.0,0.0,3.0,13.0,3.0,102.0,1.0,3.0,21.0,7.0,16.0,27.0,1.0,9.0,0.0,5.0,34.0,8.0,0.0,3.0,50.0,3.0,11.0,22.0,27.0,26.0,1.0,1.0,11.0,5.0,10.0,6.0,59.0,7.0,3.0,19.0,12.0,0.0,52.0,1.0,27.0,1.0,2.0,6.0,0.0
11,141530427.0,0.0,0.0,0.0,0.0,27.0,30.0,2.0,3.0,9.0,42.0,0.0,3.0,8.0,0.0,0.0,0.0,3.0,0.0,4.0,2.0,2.0,9.0,2.0,3.0,8.0,0.0,0.0,0.0,2.0,33.0,4.0,0.0,1.0,79.0,1.0,0.0,3.0,5.0,11.0,0.0,0.0,0.0,4.0,1.0,1.0,5.0,4.0,0.0,3.0,1.0,0.0,81.0,0.0,11.0,1.0,0.0,2.0,0.0
12,141850650.0,0.0,0.0,0.0,0.0,10.0,3.0,0.0,0.0,1.0,27.0,3.0,0.0,0.0,0.0,0.0,0.0,0.0,0.0,1.0,0.0,0.0,0.0,1.0,0.0,0.0,0.0,0.0,0.0,0.0,0.0,0.0,0.0,0.0,0.0,0.0,0.0,0.0,0.0,1.0,0.0,0.0,0.0,4.0,0.0,0.0,0.0,0.0,0.0,0.0,0.0,0.0,0.0,0.0,0.0,0.0,0.0,0.0,0.0
13,210824047.0,0.0,0.0,0.0,1.0,41.0,75.0,3.0,0.0,37.0,4.0,8.0,0.0,0.0,0.0,0.0,1.0,4.0,2.0,17.0,8.0,0.0,7.0,0.0,40.0,5.0,0.0,1.0,0.0,0.0,23.0,2.0,0.0,0.0,17.0,1.0,5.0,0.0,5.0,1.0,1.0,0.0,3.0,11.0,18.0,0.0,2.0,2.0,0.0,7.0,14.0,0.0,14.0,0.0,5.0,3.0,3.0,4.0,0.0
14,223236244.0,0.0,38.0,0.0,1.0,3.0,6.0,2.0,2.0,1.0,4.0,0.0,0.0,0.0,0.0,0.0,0.0,0.0,0.0,2.0,0.0,2.0,0.0,0.0,0.0,0.0,0.0,0.0,0.0,0.0,1.0,0.0,0.0,0.0,1.0,41.0,0.0,0.0,0.0,3.0,0.0,0.0,0.0,0.0,0.0,33.0,83.0,0.0,0.0,0.0,0.0,0.0,0.0,0.0,1.0,0.0,0.0,0.0,0.0
15,232181027.0,0.0,0.0,0.0,0.0,0.0,0.0,0.0,0.0,0.0,0.0,0.0,0.0,0.0,0.0,0.0,0.0,0.0,0.0,0.0,0.0,0.0,0.0,0.0,0.0,0.0,0.0,0.0,0.0,0.0,0.0,0.0,0.0,0.0,0.0,0.0,0.0,0.0,0.0,0.0,0.0,0.0,0.0,0.0,0.0,0.0,0.0,0.0,0.0,0.0,0.0,0.0,0.0,0.0,0.0,0.0,0.0,0.0,0.0
16,246223044.0,0.0,0.0,0.0,19.0,1.0,4.0,0.0,0.0,1.0,3.0,0.0,0.0,1.0,0.0,0.0,0.0,1.0,0.0,41.0,0.0,45.0,3.0,2.0,1.0,3.0,0.0,1.0,0.0,2.0,0.0,0.0,0.0,3.0,0.0,1.0,37.0,2.0,6.0,0.0,0.0,17.0,26.0,1.0,0.0,9.0,2.0,1.0,0.0,3.0,0.0,0.0,0.0,0.0,2.0,1.0,0.0,2.0,0.0
17,250846617.0,0.0,0.0,0.0,1.0,7.0,19.0,0.0,1.0,10.0,13.0,3.0,0.0,4.0,0.0,0.0,1.0,0.0,6.0,13.0,0.0,3.0,9.0,1.0,7.0,9.0,0.0,0.0,0.0,0.0,2.0,0.0,0.0,4.0,6.0,0.0,1.0,1.0,2.0,0.0,0.0,0.0,4.0,5.0,2.0,0.0,0.0,20.0,9.0,81.0,1.0,0.0,5.0,0.0,5.0,2.0,20.0,32.0,0.0
18,251794786.0,0.0,0.0,0.0,1.0,2.0,10.0,0.0,0.0,4.0,3.0,0.0,0.0,2.0,0.0,0.0,0.0,6.0,0.0,7.0,0.0,1.0,8.0,0.0,2.0,6.0,0.0,0.0,0.0,1.0,0.0,1.0,0.0,2.0,1.0,0.0,0.0,0.0,5.0,0.0,1.0,0.0,4.0,6.0,0.0,0.0,0.0,6.0,7.0,63.0,0.0,0.0,4.0,0.0,7.0,1.0,6.0,22.0,0.0
19,253753754.0,0.0,10.0,4.0,52.0,132.0,143.0,30.0,32.0,39.0,102.0,4.0,1.0,17.0,2.0,0.0,41.0,13.0,7.0,0.0,5.0,127.0,10.0,7.0,14.0,14.0,0.0,18.0,0.0,1.0,24.0,3.0,1.0,6.0,67.0,7.0,170.0,1.0,19.0,13.0,1.0,53.0,72.0,4.0,26.0,23.0,57.0,3.0,0.0,51.0,33.0,0.0,82.0,0.0,14.0,0.0,2.0,14.0,2.0
20,254766784.0,0.0,0.0,0.0,1.0,12.0,15.0,0.0,0.0,7.0,1.0,2.0,0.0,8.0,0.0,0.0,0.0,0.0,0.0,5.0,0.0,0.0,0.0,0.0,6.0,0.0,0.0,0.0,0.0,0.0,2.0,0.0,0.0,0.0,4.0,0.0,1.0,0.0,2.0,1.0,0.0,0.0,0.0,0.0,3.0,0.0,2.0,0.0,0.0,0.0,4.0,0.0,3.0,0.0,0.0,0.0,1.0,1.0,0.0
21,258694951.0,0.0,1.0,0.0,42.0,4.0,5.0,0.0,0.0,2.0,3.0,2.0,0.0,0.0,2.0,0.0,45.0,3.0,1.0,127.0,0.0,0.0,1.0,0.0,0.0,0.0,0.0,1.0,0.0,0.0,0.0,0.0,0.0,0.0,2.0,3.0,100.0,0.0,3.0,0.0,0.0,29.0,44.0,1.0,0.0,15.0,4.0,2.0,0.0,7.0,0.0,0.0,0.0,0.0,1.0,0.0,0.0,0.0,0.0
22,260764375.0,0.0,1.0,0.0,5.0,7.0,19.0,1.0,2.0,11.0,21.0,9.0,0.0,7.0,0.0,0.0,3.0,9.0,8.0,10.0,0.0,1.0,0.0,61.0,7.0,24.0,0.0,1.0,0.0,13.0,3.0,2.0,0.0,20.0,10.0,0.0,3.0,21.0,128.0,2.0,16.0,1.0,12.0,13.0,3.0,2.0,2.0,13.0,1.0,48.0,2.0,0.0,10.0,0.0,17.0,6.0,14.0,18.0,0.0
23,264429719.0,0.0,0.0,0.0,4.0,9.0,8.0,1.0,1.0,4.0,7.0,2.0,1.0,0.0,0.0,0.0,2.0,1.0,0.0,7.0,0.0,0.0,61.0,0.0,1.0,11.0,0.0,0.0,0.0,8.0,0.0,0.0,0.0,13.0,4.0,0.0,2.0,9.0,57.0,0.0,5.0,0.0,7.0,1.0,1.0,2.0,0.0,3.0,0.0,16.0,0.0,0.0,3.0,0.0,11.0,4.0,6.0,3.0,0.0
24,267190152.0,0.0,0.0,0.0,3.0,57.0,87.0,1.0,2.0,42.0,16.0,3.0,0.0,40.0,0.0,0.0,1.0,7.0,2.0,14.0,6.0,0.0,7.0,1.0,0.0,13.0,0.0,1.0,0.0,5.0,39.0,1.0,0.0,3.0,19.0,0.0,3.0,0.0,7.0,1.0,2.0,0.0,1.0,9.0,20.0,1.0,6.0,6.0,2.0,12.0,11.0,0.0,16.0,0.0,9.0,3.0,5.0,7.0,0.0
25,268566249.0,0.0,0.0,2.0,3.0,7.0,85.0,1.0,3.0,16.0,27.0,8.0,0.0,5.0,0.0,0.0,3.0,9.0,6.0,14.0,0.0,0.0,24.0,11.0,13.0,0.0,3.0,0.0,0.0,14.0,11.0,5.0,0.0,10.0,19.0,0.0,1.0,14.0,18.0,5.0,4.0,1.0,4.0,172.0,2.0,1.0,0.0,41.0,8.0,44.0,1.0,0.0,12.0,1.0,123.0,7.0,27.0,21.0,0.0
26,269472851.0,0.0,0.0,0.0,0.0,0.0,0.0,0.0,0.0,0.0,1.0,0.0,0.0,0.0,0.0,0.0,0.0,0.0,0.0,0.0,0.0,0.0,0.0,0.0,0.0,3.0,0.0,0.0,0.0,0.0,0.0,0.0,0.0,0.0,0.0,0.0,0.0,2.0,1.0,1.0,0.0,0.0,0.0,7.0,0.0,0.0,0.0,1.0,0.0,1.0,0.0,0.0,0.0,0.0,0.0,0.0,0.0,0.0,0.0
27,271791007.0,0.0,8.0,3.0,0.0,15.0,27.0,5.0,12.0,7.0,9.0,0.0,0.0,1.0,0.0,0.0,1.0,0.0,0.0,18.0,0.0,1.0,1.0,0.0,1.0,0.0,0.0,0.0,0.0,0.0,1.0,0.0,0.0,0.0,4.0,2.0,6.0,0.0,1.0,3.0,0.0,1.0,0.0,0.0,1.0,6.0,50.0,0.0,0.0,1.0,4.0,0.0,4.0,0.0,0.0,0.0,0.0,0.0,0.0
28,273520514.0,0.0,0.0,0.0,0.0,0.0,0.0,0.0,0.0,0.0,0.0,0.0,0.0,0.0,0.0,0.0,0.0,0.0,0.0,0.0,0.0,0.0,0.0,0.0,0.0,0.0,0.0,0.0,0.0,0.0,0.0,0.0,0.0,0.0,0.0,0.0,0.0,0.0,0.0,0.0,0.0,0.0,0.0,0.0,0.0,0.0,0.0,0.0,0.0,0.0,0.0,0.0,0.0,0.0,0.0,0.0,0.0,0.0,0.0
29,276573521.0,0.0,0.0,0.0,3.0,3.0,14.0,0.0,0.0,2.0,5.0,2.0,0.0,0.0,0.0,0.0,2.0,0.0,1.0,1.0,0.0,0.0,13.0,8.0,5.0,14.0,0.0,0.0,0.0,0.0,0.0,0.0,0.0,2.0,7.0,0.0,0.0,1.0,11.0,0.0,2.0,0.0,5.0,5.0,0.0,0.0,0.0,1.0,0.0,3.0,0.0,0.0,1.0,0.0,13.0,1.0,1.0,1.0,0.0
30,281669464.0,0.0,1.0,1.0,3.0,50.0,68.0,4.0,6.0,33.0,34.0,33.0,0.0,23.0,1.0,0.0,0.0,2.0,0.0,24.0,2.0,0.0,3.0,0.0,39.0,11.0,0.0,1.0,0.0,0.0,0.0,25.0,0.0,2.0,33.0,0.0,3.0,1.0,2.0,2.0,1.0,0.0,2.0,9.0,16.0,0.0,17.0,3.0,0.0,6.0,13.0,0.0,31.0,0.0,11.0,0.0,0.0,2.0,0.0
31,285115375.0,0.0,1.0,0.0,0.0,1.0,7.0,3.0,2.0,0.0,8.0,4.0,0.0,2.0,0.0,0.0,0.0,0.0,1.0,3.0,0.0,0.0,2.0,0.0,1.0,5.0,0.0,0.0,0.0,0.0,25.0,0.0,0.0,0.0,5.0,0.0,0.0,2.0,0.0,0.0,2.0,0.0,0.0,3.0,1.0,0.0,5.0,0.0,0.0,0.0,0.0,0.0,2.0,0.0,1.0,0.0,0.0,0.0,0.0
32,286198366.0,0.0,0.0,0.0,0.0,1.0,0.0,0.0,0.0,0.0,0.0,0.0,0.0,0.0,0.0,0.0,0.0,0.0,0.0,1.0,0.0,0.0,0.0,0.0,0.0,0.0,0.0,0.0,0.0,0.0,0.0,0.0,0.0,0.0,0.0,0.0,0.0,0.0,0.0,0.0,0.0,0.0,0.0,0.0,0.0,0.0,0.0,0.0,0.0,0.0,0.0,0.0,1.0,0.0,0.0,0.0,0.0,0.0,0.0
33,295740317.0,0.0,1.0,1.0,4.0,5.0,10.0,1.0,0.0,15.0,3.0,1.0,0.0,0.0,0.0,0.0,3.0,4.0,2.0,6.0,0.0,0.0,20.0,13.0,3.0,10.0,0.0,0.0,0.0,2.0,2.0,0.0,0.0,0.0,4.0,0.0,1.0,3.0,18.0,1.0,2.0,1.0,4.0,5.0,1.0,3.0,2.0,6.0,1.0,8.0,1.0,0.0,4.0,0.0,9.0,2.0,4.0,2.0,0.0
34,299566836.0,0.0,5.0,0.0,5.0,83.0,95.0,17.0,19.0,39.0,50.0,79.0,0.0,17.0,1.0,0.0,0.0,6.0,1.0,67.0,4.0,2.0,10.0,4.0,19.0,19.0,0.0,4.0,0.0,7.0,33.0,5.0,0.0,4.0,0.0,9.0,6.0,2.0,8.0,8.0,3.0,2.0,6.0,6.0,14.0,13.0,40.0,4.0,1.0,22.0,18.0,0.0,127.0,0.0,34.0,0.0,2.0,6.0,0.0
35,302144631.0,0.0,37.0,0.0,1.0,5.0,5.0,2.0,2.0,3.0,3.0,1.0,0.0,1.0,41.0,0.0,1.0,0.0,0.0,7.0,0.0,3.0,0.0,0.0,0.0,0.0,0.0,2.0,0.0,0.0,0.0,0.0,0.0,0.0,9.0,0.0,3.0,0.0,0.0,1.0,0.0,1.0,1.0,0.0,1.0,70.0,117.0,0.0,0.0,1.0,2.0,0.0,1.0,0.0,0.0,0.0,0.0,0.0,0.0
36,306147681.0,0.0,1.0,0.0,36.0,16.0,17.0,5.0,2.0,7.0,11.0,0.0,0.0,5.0,0.0,0.0,37.0,1.0,0.0,170.0,1.0,100.0,3.0,2.0,3.0,1.0,0.0,6.0,0.0,0.0,3.0,0.0,0.0,1.0,6.0,3.0,0.0,1.0,5.0,1.0,0.0,35.0,58.0,0.0,5.0,11.0,15.0,0.0,1.0,6.0,4.0,0.0,7.0,0.0,1.0,0.0,0.0,2.0,0.0
37,307512769.0,0.0,0.0,0.0,4.0,0.0,2.0,0.0,1.0,0.0,22.0,3.0,0.0,0.0,0.0,0.0,2.0,1.0,0.0,1.0,0.0,0.0,21.0,9.0,0.0,14.0,2.0,0.0,0.0,1.0,1.0,2.0,0.0,3.0,2.0,0.0,1.0,0.0,26.0,2.0,0.0,1.0,1.0,6.0,1.0,0.0,2.0,6.0,0.0,8.0,0.0,0.0,1.0,0.0,7.0,0.0,7.0,1.0,0.0
38,315212695.0,0.0,0.0,1.0,10.0,10.0,16.0,1.0,3.0,6.0,27.0,5.0,0.0,5.0,0.0,0.0,6.0,2.0,5.0,19.0,2.0,3.0,128.0,57.0,7.0,18.0,1.0,1.0,0.0,11.0,2.0,0.0,0.0,18.0,8.0,0.0,5.0,26.0,0.0,4.0,12.0,3.0,16.0,13.0,3.0,4.0,1.0,6.0,0.0,33.0,1.0,0.0,6.0,0.0,22.0,3.0,9.0,13.0,0.0
39,334291756.0,0.0,3.0,0.0,1.0,14.0,11.0,14.0,5.0,4.0,26.0,11.0,1.0,1.0,3.0,0.0,0.0,0.0,0.0,13.0,1.0,0.0,2.0,0.0,1.0,5.0,1.0,3.0,0.0,0.0,2.0,0.0,0.0,1.0,8.0,1.0,1.0,2.0,4.0,0.0,1.0,0.0,0.0,9.0,6.0,2.0,41.0,0.0,0.0,0.0,7.0,0.0,14.0,0.0,1.0,0.0,2.0,2.0,7.0
40,338067793.0,0.0,0.0,0.0,1.0,2.0,5.0,1.0,1.0,2.0,1.0,0.0,0.0,1.0,0.0,0.0,0.0,0.0,1.0,1.0,0.0,0.0,16.0,5.0,2.0,4.0,0.0,0.0,0.0,2.0,1.0,2.0,0.0,2.0,3.0,0.0,0.0,0.0,12.0,1.0,0.0,0.0,1.0,1.0,2.0,1.0,0.0,3.0,0.0,5.0,1.0,0.0,3.0,0.0,1.0,1.0,4.0,3.0,0.0
41,339474731.0,0.0,0.0,0.0,14.0,4.0,3.0,0.0,0.0,0.0,1.0,0.0,0.0,0.0,0.0,0.0,17.0,0.0,0.0,53.0,0.0,29.0,1.0,0.0,0.0,1.0,0.0,1.0,0.0,0.0,0.0,0.0,0.0,1.0,2.0,1.0,35.0,1.0,3.0,0.0,0.0,0.0,18.0,0.0,0.0,9.0,2.0,0.0,0.0,0.0,0.0,0.0,1.0,0.0,0.0,0.0,0.0,0.0,0.0
42,342208838.0,0.0,0.0,0.0,33.0,10.0,12.0,1.0,2.0,8.0,11.0,0.0,0.0,3.0,0.0,0.0,26.0,4.0,4.0,72.0,0.0,44.0,12.0,7.0,1.0,4.0,0.0,0.0,0.0,5.0,2.0,0.0,0.0,4.0,6.0,1.0,58.0,1.0,16.0,0.0,1.0,18.0,0.0,2.0,4.0,7.0,2.0,1.0,0.0,17.0,2.0,0.0,7.0,0.0,6.0,2.0,5.0,4.0,0.0
43,350493052.0,0.0,0.0,0.0,1.0,3.0,33.0,0.0,0.0,8.0,5.0,4.0,4.0,11.0,0.0,0.0,1.0,5.0,6.0,4.0,0.0,1.0,13.0,1.0,9.0,172.0,7.0,0.0,0.0,5.0,9.0,3.0,0.0,5.0,6.0,0.0,0.0,6.0,13.0,9.0,1.0,0.0,2.0,0.0,1.0,0.0,0.0,42.0,4.0,24.0,1.0,1.0,1.0,0.0,42.0,6.0,20.0,13.0,0.0
44,359179176.0,0.0,2.0,0.0,3.0,39.0,48.0,11.0,5.0,25.0,10.0,1.0,0.0,18.0,0.0,0.0,0.0,2.0,0.0,26.0,3.0,0.0,3.0,1.0,20.0,2.0,0.0,1.0,0.0,0.0,16.0,1.0,0.0,1.0,14.0,1.0,5.0,1.0,3.0,6.0,2.0,0.0,4.0,1.0,0.0,4.0,10.0,0.0,0.0,6.0,15.0,0.0,21.0,1.0,3.0,0.0,0.0,1.0,0.0
45,367473622.0,0.0,20.0,0.0,5.0,10.0,17.0,4.0,3.0,4.0,6.0,1.0,0.0,0.0,33.0,0.0,9.0,0.0,0.0,23.0,0.0,15.0,2.0,2.0,1.0,1.0,0.0,6.0,0.0,0.0,0.0,0.0,0.0,3.0,13.0,70.0,11.0,0.0,4.0,2.0,1.0,9.0,7.0,0.0,4.0,0.0,92.0,0.0,0.0,2.0,4.0,0.0,4.0,0.0,0.0,0.0,0.0,0.0,0.0
46,369028288.0,1.0,145.0,2.0,1.0,45.0,84.0,16.0,32.0,16.0,59.0,5.0,0.0,2.0,83.0,0.0,2.0,0.0,0.0,57.0,2.0,4.0,2.0,0.0,6.0,0.0,0.0,50.0,0.0,0.0,17.0,5.0,0.0,2.0,40.0,117.0,15.0,2.0,1.0,41.0,0.0,2.0,2.0,0.0,10.0,92.0,0.0,0.0,1.0,2.0,9.0,0.0,30.0,0.0,1.0,0.0,0.0,0.0,1.0
47,377022974.0,0.0,0.0,0.0,1.0,2.0,12.0,0.0,1.0,6.0,7.0,4.0,0.0,2.0,0.0,0.0,1.0,20.0,6.0,3.0,0.0,2.0,13.0,3.0,6.0,41.0,1.0,0.0,0.0,1.0,3.0,0.0,0.0,6.0,4.0,0.0,0.0,6.0,6.0,0.0,3.0,0.0,1.0,42.0,0.0,0.0,0.0,0.0,7.0,59.0,0.0,0.0,2.0,0.0,10.0,7.0,21.0,44.0,0.0
48,378326411.0,0.0,0.0,0.0,1.0,0.0,6.0,0.0,0.0,1.0,3.0,0.0,0.0,0.0,0.0,0.0,0.0,9.0,7.0,0.0,0.0,0.0,1.0,0.0,2.0,8.0,0.0,0.0,0.0,0.0,0.0,0.0,0.0,1.0,1.0,0.0,1.0,0.0,0.0,0.0,0.0,0.0,0.0,4.0,0.0,0.0,1.0,7.0,0.0,21.0,0.0,0.0,1.0,0.0,8.0,0.0,3.0,9.0,0.0
49,378581207.0,0.0,1.0,1.0,5.0,18.0,41.0,1.0,5.0,22.0,19.0,3.0,0.0,7.0,0.0,0.0,3.0,81.0,63.0,51.0,0.0,7.0,48.0,16.0,12.0,44.0,1.0,1.0,0.0,3.0,6.0,0.0,0.0,8.0,22.0,1.0,6.0,8.0,33.0,0.0,5.0,0.0,17.0,24.0,6.0,2.0,2.0,59.0,21.0,0.0,3.0,1.0,24.0,0.0,46.0,8.0,42.0,104.0,0.0
50,396823485.0,0.0,1.0,0.0,2.0,47.0,53.0,7.0,9.0,24.0,12.0,1.0,0.0,14.0,0.0,0.0,0.0,1.0,0.0,33.0,4.0,0.0,2.0,0.0,11.0,1.0,0.0,4.0,0.0,0.0,13.0,0.0,0.0,1.0,18.0,2.0,4.0,0.0,1.0,7.0,1.0,0.0,2.0,1.0,15.0,4.0,9.0,0.0,0.0,3.0,0.0,0.0,20.0,0.0,1.0,0.0,0.0,1.0,0.0
51,400060309.0,0.0,0.0,0.0,0.0,0.0,0.0,0.0,0.0,0.0,0.0,0.0,0.0,0.0,0.0,0.0,0.0,0.0,0.0,0.0,0.0,0.0,0.0,0.0,0.0,0.0,0.0,0.0,0.0,0.0,0.0,0.0,0.0,0.0,0.0,0.0,0.0,0.0,0.0,0.0,0.0,0.0,0.0,1.0,0.0,0.0,0.0,0.0,0.0,1.0,0.0,0.0,0.0,0.0,0.0,0.0,0.0,0.0,0.0
52,405827508.0,0.0,4.0,3.0,5.0,77.0,79.0,21.0,24.0,38.0,52.0,81.0,0.0,14.0,0.0,0.0,0.0,5.0,4.0,82.0,3.0,0.0,10.0,3.0,16.0,12.0,0.0,4.0,0.0,1.0,31.0,2.0,1.0,4.0,127.0,1.0,7.0,1.0,6.0,14.0,3.0,1.0,7.0,1.0,21.0,4.0,30.0,2.0,1.0,24.0,20.0,0.0,0.0,1.0,11.0,0.0,1.0,8.0,0.0
53,406558256.0,0.0,0.0,0.0,0.0,0.0,0.0,0.0,0.0,0.0,1.0,0.0,0.0,0.0,0.0,0.0,0.0,0.0,0.0,0.0,0.0,0.0,0.0,0.0,0.0,1.0,0.0,0.0,0.0,0.0,0.0,0.0,0.0,0.0,0.0,0.0,0.0,0.0,0.0,0.0,0.0,0.0,0.0,0.0,1.0,0.0,0.0,0.0,0.0,0.0,0.0,0.0,1.0,0.0,0.0,0.0,0.0,0.0,0.0
54,414854193.0,0.0,0.0,0.0,5.0,11.0,58.0,0.0,1.0,15.0,27.0,11.0,0.0,5.0,1.0,0.0,2.0,5.0,7.0,14.0,0.0,1.0,17.0,11.0,9.0,123.0,0.0,0.0,0.0,13.0,11.0,1.0,0.0,9.0,34.0,0.0,1.0,7.0,22.0,1.0,1.0,0.0,6.0,42.0,3.0,0.0,1.0,10.0,8.0,46.0,1.0,0.0,11.0,0.0,0.0,2.0,5.0,12.0,0.0
55,423782407.0,0.0,0.0,0.0,0.0,1.0,7.0,0.0,1.0,3.0,1.0,1.0,0.0,3.0,0.0,0.0,1.0,2.0,1.0,0.0,0.0,0.0,6.0,4.0,3.0,7.0,0.0,0.0,0.0,1.0,0.0,0.0,0.0,2.0,0.0,0.0,0.0,0.0,3.0,0.0,1.0,0.0,2.0,6.0,0.0,0.0,0.0,7.0,0.0,8.0,0.0,0.0,0.0,0.0,2.0,0.0,4.0,6.0,0.0
56,425423239.0,0.0,0.0,0.0,1.0,3.0,7.0,0.0,1.0,5.0,2.0,0.0,0.0,3.0,0.0,0.0,0.0,20.0,6.0,2.0,1.0,0.0,14.0,6.0,5.0,27.0,0.0,0.0,0.0,1.0,0.0,0.0,0.0,4.0,2.0,0.0,0.0,7.0,9.0,2.0,4.0,0.0,5.0,20.0,0.0,0.0,0.0,21.0,3.0,42.0,0.0,0.0,1.0,0.0,5.0,4.0,0.0,23.0,0.0
57,428152918.0,0.0,0.0,0.0,1.0,3.0,17.0,0.0,1.0,8.0,6.0,2.0,0.0,4.0,0.0,0.0,2.0,32.0,22.0,14.0,1.0,0.0,18.0,3.0,7.0,21.0,0.0,0.0,0.0,1.0,2.0,0.0,0.0,2.0,6.0,0.0,2.0,1.0,13.0,2.0,3.0,0.0,4.0,13.0,1.0,0.0,0.0,44.0,9.0,104.0,1.0,0.0,8.0,0.0,12.0,6.0,23.0,0.0,0.0
58,432012989.0,0.0,0.0,0.0,0.0,0.0,1.0,2.0,0.0,0.0,0.0,0.0,0.0,0.0,0.0,0.0,0.0,0.0,0.0,2.0,0.0,0.0,0.0,0.0,0.0,0.0,0.0,0.0,0.0,0.0,0.0,0.0,0.0,0.0,0.0,0.0,0.0,0.0,0.0,7.0,0.0,0.0,0.0,0.0,0.0,0.0,1.0,0.0,0.0,0.0,0.0,0.0,0.0,0.0,0.0,0.0,0.0,0.0,0.0
