,0,1,2,3,4,5,6,7,8,9,10,11,12,13,14,15,16,17,18,19,20,21,22,23,24,25,26,27,28,29,30,31,32,33,34,35,36,37,38,39,40,41,42,43,44,45,46,47,48,49,50,51,52,53,54,55,56,57,58,59,60,61,62,63,64,65,66,67,68,69,70,71,72,73,74,75,76,77,78,79,80,81,82,83,84,85,86,87,88,89,90,91,92,93,94,95,96,97,98,99,100,101,102
0,-1.0,778057.0,4970411.0,9378802.0,14741417.0,16325355.0,18086309.0,18188983.0,18594520.0,19074053.0,19712559.0,20097381.0,20640999.0,29604379.0,31668901.0,33971579.0,40506219.0,43282075.0,45365156.0,48110601.0,48495906.0,48959778.0,49766415.0,50462497.0,50645038.0,52434723.0,53223847.0,57072321.0,63831819.0,72355549.0,72761871.0,74637074.0,75055396.0,78344217.0,83845274.0,98547437.0,107736469.0,114775132.0,117802966.0,118032934.0,124407978.0,133510668.0,136588759.0,149535231.0,150413331.0,150881077.0,160302915.0,161268794.0,180261346.0,193652442.0,212820561.0,247494866.0,250334613.0,254691950.0,254766784.0,255191504.0,261885661.0,262821567.0,263022323.0,266562398.0,266620405.0,267088381.0,271791007.0,272259832.0,272323854.0,279039469.0,283022885.0,286602917.0,289594302.0,290039931.0,294280010.0,294523668.0,295366074.0,296526287.0,296798750.0,302144631.0,305163986.0,306977093.0,311491063.0,313799444.0,316006382.0,317262357.0,318881725.0,328794414.0,329409390.0,361870458.0,369028288.0,374225825.0,374718544.0,388082574.0,388466657.0,389239423.0,395911020.0,396586851.0,398631629.0,402037439.0,406558256.0,407099078.0,425754431.0,427635368.0,432922414.0,435955399.0,437308085.0
1,778057.0,0.0,11.0,149.0,111.0,14.0,340.0,190.0,24.0,343.0,2.0,23.0,20.0,24.0,118.0,7.0,130.0,109.0,19.0,3.0,261.0,80.0,86.0,170.0,226.0,132.0,36.0,5.0,12.0,43.0,26.0,211.0,9.0,16.0,20.0,7.0,65.0,247.0,9.0,3.0,26.0,73.0,17.0,4.0,2.0,85.0,59.0,40.0,49.0,300.0,212.0,18.0,50.0,49.0,6.0,205.0,348.0,155.0,227.0,4.0,8.0,96.0,53.0,3.0,13.0,60.0,103.0,10.0,3.0,234.0,75.0,0.0,130.0,32.0,18.0,10.0,163.0,17.0,218.0,1.0,29.0,1.0,90.0,15.0,23.0,9.0,83.0,2.0,70.0,3.0,62.0,1.0,10.0,11.0,26.0,155.0,0.0,0.0,7.0,6.0,30.0,1.0,1.0
2,4970411.0,11.0,0.0,15.0,4.0,4.0,13.0,13.0,3.0,21.0,0.0,2.0,1.0,1.0,6.0,1.0,9.0,4.0,0.0,0.0,8.0,3.0,7.0,10.0,14.0,1.0,0.0,0.0,1.0,4.0,3.0,6.0,0.0,0.0,1.0,1.0,3.0,22.0,2.0,0.0,6.0,7.0,1.0,0.0,0.0,4.0,2.0,3.0,5.0,13.0,5.0,1.0,2.0,0.0,1.0,4.0,31.0,7.0,16.0,0.0,0.0,4.0,3.0,0.0,0.0,5.0,10.0,0.0,0.0,15.0,4.0,0.0,1.0,1.0,1.0,1.0,17.0,3.0,13.0,0.0,1.0,0.0,1.0,1.0,0.0,0.0,4.0,0.0,5.0,0.0,3.0,0.0,0.0,0.0,0.0,6.0,0.0,0.0,0.0,3.0,0.0,0.0,0.0
3,9378802.0,149.0,15.0,0.0,21.0,5.0,94.0,31.0,5.0,87.0,0.0,11.0,5.0,5.0,23.0,0.0,37.0,19.0,7.0,6.0,85.0,17.0,13.0,19.0,59.0,34.0,33.0,1.0,0.0,17.0,3.0,62.0,1.0,8.0,10.0,1.0,8.0,50.0,1.0,0.0,6.0,14.0,2.0,0.0,0.0,36.0,28.0,5.0,8.0,80.0,33.0,7.0,8.0,13.0,1.0,41.0,95.0,19.0,68.0,0.0,3.0,19.0,21.0,1.0,3.0,8.0,50.0,0.0,0.0,79.0,13.0,0.0,45.0,3.0,2.0,5.0,34.0,3.0,38.0,2.0,6.0,0.0,30.0,2.0,7.0,0.0,24.0,0.0,15.0,0.0,5.0,0.0,4.0,5.0,3.0,41.0,0.0,0.0,1.0,2.0,5.0,1.0,1.0
4,14741417.0,111.0,4.0,21.0,0.0,2.0,66.0,98.0,17.0,121.0,1.0,13.0,2.0,4.0,31.0,1.0,46.0,30.0,2.0,2.0,75.0,33.0,33.0,66.0,89.0,26.0,9.0,3.0,1.0,12.0,11.0,62.0,3.0,5.0,0.0,1.0,25.0,95.0,2.0,0.0,9.0,46.0,2.0,0.0,0.0,45.0,3.0,15.0,26.0,72.0,49.0,7.0,25.0,25.0,1.0,34.0,138.0,52.0,78.0,1.0,3.0,43.0,5.0,2.0,3.0,20.0,39.0,2.0,1.0,73.0,26.0,0.0,54.0,10.0,10.0,5.0,63.0,17.0,81.0,1.0,9.0,1.0,7.0,5.0,3.0,6.0,27.0,0.0,29.0,1.0,28.0,1.0,3.0,0.0,14.0,63.0,0.0,0.0,6.0,0.0,11.0,1.0,0.0
5,16325355.0,14.0,4.0,5.0,2.0,0.0,70.0,10.0,1.0,24.0,0.0,44.0,6.0,5.0,8.0,3.0,12.0,7.0,3.0,2.0,13.0,9.0,5.0,27.0,36.0,6.0,20.0,0.0,1.0,1.0,15.0,12.0,1.0,1.0,1.0,2.0,4.0,16.0,0.0,0.0,0.0,41.0,0.0,0.0,0.0,14.0,3.0,0.0,9.0,15.0,33.0,25.0,3.0,22.0,0.0,26.0,18.0,2.0,44.0,1.0,0.0,0.0,9.0,0.0,4.0,1.0,7.0,0.0,0.0,18.0,12.0,0.0,2.0,1.0,0.0,0.0,20.0,0.0,10.0,15.0,1.0,0.0,10.0,1.0,4.0,0.0,20.0,0.0,9.0,3.0,5.0,0.0,10.0,6.0,2.0,2.0,0.0,0.0,1.0,3.0,0.0,0.0,0.0
6,18086309.0,340.0,13.0,94.0,66.0,70.0,0.0,171.0,20.0,387.0,3.0,68.0,31.0,41.0,90.0,12.0,113.0,80.0,49.0,5.0,237.0,107.0,78.0,333.0,389.0,74.0,50.0,7.0,9.0,64.0,72.0,207.0,16.0,11.0,14.0,4.0,72.0,244.0,10.0,5.0,16.0,238.0,8.0,0.0,5.0,113.0,56.0,27.0,57.0,307.0,1421.0,47.0,36.0,76.0,4.0,748.0,311.0,107.0,249.0,2.0,6.0,56.0,112.0,3.0,14.0,29.0,91.0,9.0,3.0,254.0,164.0,0.0,78.0,21.0,9.0,7.0,137.0,17.0,213.0,14.0,25.0,1.0,106.0,13.0,31.0,6.0,154.0,0.0,222.0,1.0,78.0,1.0,65.0,26.0,20.0,119.0,3.0,0.0,9.0,11.0,12.0,1.0,0.0
7,18188983.0,190.0,13.0,31.0,98.0,10.0,171.0,0.0,18.0,192.0,0.0,27.0,23.0,12.0,79.0,7.0,102.0,64.0,10.0,7.0,145.0,67.0,96.0,178.0,256.0,40.0,14.0,6.0,13.0,35.0,44.0,111.0,14.0,4.0,13.0,5.0,101.0,224.0,13.0,8.0,11.0,140.0,2.0,4.0,4.0,74.0,15.0,30.0,72.0,178.0,155.0,20.0,32.0,57.0,3.0,103.0,321.0,100.0,153.0,1.0,8.0,54.0,8.0,6.0,8.0,23.0,43.0,18.0,1.0,172.0,60.0,0.0,82.0,22.0,12.0,9.0,148.0,19.0,157.0,4.0,18.0,1.0,23.0,14.0,5.0,11.0,84.0,0.0,48.0,3.0,56.0,0.0,2.0,10.0,26.0,92.0,1.0,1.0,8.0,19.0,11.0,3.0,0.0
8,18594520.0,24.0,3.0,5.0,17.0,1.0,20.0,18.0,0.0,58.0,2.0,2.0,4.0,0.0,17.0,1.0,19.0,8.0,6.0,2.0,16.0,17.0,21.0,22.0,28.0,2.0,2.0,4.0,7.0,8.0,2.0,25.0,2.0,2.0,4.0,0.0,7.0,39.0,10.0,1.0,6.0,9.0,0.0,0.0,3.0,33.0,5.0,6.0,25.0,30.0,19.0,1.0,12.0,22.0,0.0,27.0,37.0,27.0,15.0,0.0,1.0,10.0,7.0,8.0,14.0,5.0,7.0,1.0,0.0,23.0,13.0,0.0,19.0,5.0,4.0,5.0,23.0,7.0,20.0,0.0,4.0,1.0,8.0,7.0,5.0,2.0,38.0,0.0,26.0,5.0,17.0,0.0,2.0,4.0,8.0,16.0,0.0,0.0,3.0,2.0,2.0,0.0,0.0
9,19074053.0,343.0,21.0,87.0,121.0,24.0,387.0,192.0,58.0,0.0,1.0,17.0,24.0,20.0,135.0,21.0,177.0,91.0,16.0,10.0,213.0,99.0,170.0,239.0,302.0,90.0,16.0,5.0,19.0,40.0,25.0,228.0,11.0,7.0,12.0,8.0,84.0,338.0,19.0,9.0,30.0,162.0,10.0,1.0,2.0,101.0,44.0,44.0,54.0,229.0,279.0,22.0,44.0,58.0,8.0,211.0,405.0,175.0,189.0,6.0,12.0,66.0,29.0,8.0,13.0,38.0,113.0,30.0,2.0,242.0,86.0,0.0,213.0,33.0,21.0,8.0,159.0,19.0,196.0,0.0,30.0,3.0,52.0,19.0,17.0,19.0,84.0,0.0,240.0,2.0,89.0,2.0,7.0,8.0,38.0,140.0,2.0,0.0,19.0,2.0,18.0,2.0,1.0
10,19712559.0,2.0,0.0,0.0,1.0,0.0,3.0,0.0,2.0,1.0,0.0,0.0,1.0,0.0,1.0,0.0,1.0,0.0,0.0,0.0,0.0,0.0,0.0,2.0,0.0,0.0,4.0,4.0,10.0,1.0,4.0,3.0,0.0,0.0,0.0,0.0,0.0,3.0,20.0,0.0,0.0,1.0,0.0,0.0,4.0,29.0,1.0,0.0,2.0,2.0,1.0,0.0,27.0,6.0,0.0,1.0,1.0,6.0,1.0,0.0,0.0,0.0,1.0,8.0,10.0,0.0,1.0,0.0,0.0,2.0,0.0,0.0,1.0,0.0,0.0,28.0,1.0,14.0,2.0,0.0,1.0,0.0,0.0,12.0,0.0,1.0,28.0,0.0,1.0,3.0,0.0,0.0,0.0,0.0,4.0,1.0,0.0,0.0,0.0,0.0,0.0,0.0,0.0
11,20097381.0,23.0,2.0,11.0,13.0,44.0,68.0,27.0,2.0,17.0,0.0,0.0,6.0,1.0,18.0,5.0,31.0,15.0,2.0,8.0,140.0,41.0,8.0,27.0,117.0,52.0,106.0,3.0,0.0,15.0,33.0,24.0,2.0,6.0,1.0,0.0,10.0,37.0,0.0,1.0,3.0,56.0,1.0,0.0,1.0,45.0,2.0,2.0,14.0,18.0,46.0,70.0,11.0,72.0,2.0,50.0,35.0,13.0,90.0,0.0,0.0,7.0,9.0,1.0,10.0,7.0,18.0,0.0,1.0,73.0,31.0,0.0,11.0,1.0,1.0,3.0,37.0,2.0,22.0,35.0,0.0,0.0,6.0,1.0,4.0,0.0,51.0,1.0,2.0,6.0,10.0,1.0,33.0,6.0,2.0,23.0,0.0,0.0,0.0,4.0,3.0,0.0,0.0
12,20640999.0,20.0,1.0,5.0,2.0,6.0,31.0,23.0,4.0,24.0,1.0,6.0,0.0,1.0,14.0,4.0,16.0,9.0,7.0,1.0,14.0,17.0,17.0,46.0,46.0,5.0,3.0,2.0,8.0,2.0,7.0,10.0,3.0,0.0,5.0,2.0,31.0,25.0,6.0,3.0,0.0,24.0,0.0,0.0,4.0,12.0,2.0,2.0,13.0,14.0,33.0,3.0,6.0,14.0,1.0,26.0,22.0,17.0,16.0,0.0,1.0,0.0,5.0,4.0,5.0,2.0,0.0,7.0,0.0,18.0,8.0,0.0,8.0,8.0,2.0,2.0,21.0,4.0,15.0,15.0,1.0,1.0,11.0,6.0,3.0,2.0,20.0,0.0,8.0,1.0,7.0,0.0,0.0,9.0,12.0,7.0,0.0,0.0,3.0,5.0,1.0,0.0,2.0
13,29604379.0,24.0,1.0,5.0,4.0,5.0,41.0,12.0,0.0,20.0,0.0,1.0,1.0,0.0,8.0,3.0,5.0,6.0,1.0,0.0,12.0,7.0,4.0,23.0,24.0,12.0,1.0,0.0,0.0,3.0,4.0,11.0,3.0,1.0,1.0,0.0,10.0,12.0,0.0,0.0,0.0,13.0,0.0,0.0,0.0,5.0,8.0,3.0,5.0,17.0,24.0,1.0,4.0,6.0,0.0,27.0,20.0,7.0,29.0,0.0,0.0,1.0,22.0,1.0,2.0,0.0,6.0,1.0,0.0,13.0,7.0,0.0,1.0,4.0,0.0,0.0,7.0,1.0,13.0,1.0,0.0,0.0,49.0,3.0,8.0,3.0,8.0,0.0,12.0,0.0,7.0,0.0,11.0,20.0,0.0,4.0,0.0,0.0,2.0,0.0,0.0,1.0,0.0
14,31668901.0,118.0,6.0,23.0,31.0,8.0,90.0,79.0,17.0,135.0,1.0,18.0,14.0,8.0,0.0,9.0,167.0,250.0,6.0,3.0,208.0,86.0,87.0,73.0,112.0,40.0,17.0,4.0,19.0,15.0,51.0,150.0,10.0,6.0,11.0,5.0,55.0,221.0,14.0,4.0,182.0,45.0,158.0,0.0,4.0,35.0,12.0,123.0,28.0,71.0,73.0,29.0,42.0,30.0,16.0,72.0,200.0,299.0,129.0,13.0,21.0,159.0,11.0,6.0,9.0,155.0,87.0,11.0,7.0,334.0,64.0,0.0,84.0,62.0,67.0,7.0,95.0,17.0,135.0,1.0,44.0,1.0,20.0,18.0,19.0,20.0,37.0,5.0,48.0,2.0,119.0,17.0,5.0,9.0,50.0,197.0,1.0,1.0,21.0,12.0,69.0,4.0,0.0
15,33971579.0,7.0,1.0,0.0,1.0,3.0,12.0,7.0,1.0,21.0,0.0,5.0,4.0,3.0,9.0,0.0,10.0,4.0,0.0,0.0,4.0,4.0,14.0,19.0,20.0,1.0,1.0,1.0,0.0,3.0,1.0,0.0,2.0,0.0,1.0,1.0,6.0,23.0,1.0,0.0,2.0,18.0,0.0,0.0,0.0,7.0,5.0,1.0,6.0,6.0,15.0,2.0,2.0,3.0,0.0,4.0,12.0,11.0,6.0,0.0,2.0,1.0,2.0,1.0,1.0,1.0,0.0,2.0,1.0,5.0,2.0,0.0,2.0,3.0,2.0,0.0,7.0,1.0,7.0,5.0,0.0,4.0,3.0,0.0,3.0,3.0,5.0,0.0,29.0,0.0,4.0,0.0,8.0,0.0,1.0,1.0,0.0,0.0,6.0,1.0,0.0,1.0,0.0
16,40506219.0,130.0,9.0,37.0,46.0,12.0,113.0,102.0,19.0,177.0,1.0,31.0,16.0,5.0,167.0,10.0,0.0,103.0,17.0,3.0,164.0,80.0,113.0,113.0,154.0,28.0,12.0,4.0,11.0,35.0,30.0,198.0,12.0,7.0,18.0,6.0,38.0,270.0,22.0,7.0,85.0,77.0,32.0,3.0,3.0,64.0,25.0,46.0,35.0,98.0,83.0,37.0,26.0,34.0,9.0,73.0,171.0,154.0,118.0,12.0,13.0,124.0,15.0,8.0,9.0,56.0,122.0,9.0,1.0,308.0,76.0,0.0,88.0,31.0,33.0,5.0,98.0,14.0,115.0,0.0,71.0,1.0,14.0,13.0,7.0,12.0,51.0,3.0,56.0,1.0,79.0,7.0,1.0,10.0,44.0,163.0,0.0,1.0,14.0,14.0,32.0,6.0,0.0
17,43282075.0,109.0,4.0,19.0,30.0,7.0,80.0,64.0,8.0,91.0,0.0,15.0,9.0,6.0,250.0,4.0,103.0,0.0,5.0,2.0,178.0,57.0,36.0,39.0,65.0,38.0,14.0,2.0,10.0,7.0,22.0,120.0,7.0,6.0,5.0,2.0,36.0,147.0,5.0,4.0,117.0,19.0,84.0,1.0,1.0,22.0,7.0,92.0,25.0,63.0,45.0,28.0,43.0,26.0,14.0,48.0,174.0,185.0,127.0,6.0,19.0,134.0,17.0,2.0,5.0,127.0,66.0,5.0,5.0,269.0,61.0,0.0,49.0,57.0,38.0,5.0,91.0,11.0,123.0,3.0,29.0,1.0,22.0,10.0,18.0,5.0,35.0,3.0,29.0,5.0,70.0,15.0,6.0,16.0,29.0,171.0,1.0,1.0,8.0,9.0,68.0,2.0,1.0
18,45365156.0,19.0,0.0,7.0,2.0,3.0,49.0,10.0,6.0,16.0,0.0,2.0,7.0,1.0,6.0,0.0,17.0,5.0,0.0,0.0,17.0,12.0,9.0,56.0,57.0,3.0,2.0,0.0,1.0,95.0,2.0,14.0,3.0,6.0,108.0,0.0,10.0,12.0,2.0,1.0,0.0,27.0,0.0,0.0,2.0,16.0,22.0,1.0,9.0,34.0,41.0,5.0,2.0,7.0,0.0,76.0,14.0,12.0,27.0,0.0,1.0,0.0,5.0,0.0,3.0,0.0,4.0,2.0,0.0,8.0,5.0,0.0,7.0,2.0,0.0,3.0,10.0,0.0,13.0,1.0,2.0,0.0,14.0,2.0,2.0,1.0,21.0,0.0,21.0,0.0,8.0,0.0,0.0,8.0,7.0,0.0,0.0,0.0,0.0,2.0,0.0,0.0,6.0
19,48110601.0,3.0,0.0,6.0,2.0,2.0,5.0,7.0,2.0,10.0,0.0,8.0,1.0,0.0,3.0,0.0,3.0,2.0,0.0,0.0,11.0,7.0,4.0,1.0,13.0,1.0,2.0,2.0,0.0,1.0,1.0,13.0,0.0,0.0,0.0,0.0,1.0,10.0,1.0,0.0,3.0,2.0,0.0,0.0,0.0,7.0,1.0,0.0,0.0,5.0,3.0,1.0,0.0,4.0,0.0,0.0,14.0,5.0,6.0,0.0,0.0,4.0,1.0,0.0,0.0,1.0,8.0,0.0,0.0,10.0,4.0,0.0,8.0,1.0,2.0,0.0,3.0,1.0,7.0,1.0,2.0,0.0,1.0,2.0,0.0,1.0,4.0,0.0,0.0,0.0,2.0,0.0,0.0,0.0,1.0,10.0,0.0,0.0,2.0,0.0,1.0,0.0,0.0
20,48495906.0,261.0,8.0,85.0,75.0,13.0,237.0,145.0,16.0,213.0,0.0,140.0,14.0,12.0,208.0,4.0,164.0,178.0,17.0,11.0,0.0,152.0,57.0,82.0,307.0,144.0,102.0,5.0,8.0,30.0,26.0,264.0,8.0,13.0,20.0,6.0,52.0,232.0,7.0,4.0,69.0,94.0,56.0,0.0,1.0,73.0,38.0,65.0,40.0,184.0,142.0,72.0,38.0,69.0,11.0,197.0,385.0,175.0,266.0,6.0,11.0,167.0,22.0,3.0,5.0,121.0,149.0,15.0,7.0,418.0,134.0,0.0,122.0,46.0,32.0,6.0,166.0,11.0,243.0,2.0,56.0,1.0,35.0,8.0,16.0,3.0,77.0,3.0,48.0,2.0,76.0,8.0,2.0,10.0,38.0,304.0,0.0,0.0,6.0,5.0,66.0,2.0,1.0
21,48959778.0,80.0,3.0,17.0,33.0,9.0,107.0,67.0,17.0,99.0,0.0,41.0,17.0,7.0,86.0,4.0,80.0,57.0,12.0,7.0,152.0,0.0,48.0,80.0,157.0,26.0,27.0,12.0,6.0,15.0,30.0,100.0,14.0,5.0,12.0,4.0,45.0,116.0,12.0,7.0,22.0,48.0,12.0,1.0,4.0,56.0,10.0,25.0,36.0,70.0,98.0,51.0,17.0,47.0,3.0,67.0,164.0,88.0,109.0,2.0,6.0,40.0,14.0,4.0,9.0,44.0,51.0,13.0,2.0,183.0,72.0,0.0,58.0,25.0,8.0,2.0,53.0,12.0,96.0,3.0,25.0,1.0,16.0,13.0,11.0,8.0,58.0,1.0,35.0,1.0,63.0,7.0,8.0,16.0,32.0,126.0,0.0,0.0,8.0,12.0,22.0,2.0,0.0
22,49766415.0,86.0,7.0,13.0,33.0,5.0,78.0,96.0,21.0,170.0,0.0,8.0,17.0,4.0,87.0,14.0,113.0,36.0,9.0,4.0,57.0,48.0,0.0,148.0,146.0,19.0,7.0,3.0,13.0,23.0,26.0,57.0,13.0,4.0,9.0,9.0,42.0,266.0,19.0,9.0,20.0,90.0,5.0,3.0,6.0,43.0,8.0,22.0,27.0,71.0,102.0,9.0,18.0,23.0,3.0,41.0,129.0,141.0,61.0,3.0,11.0,19.0,9.0,5.0,6.0,14.0,21.0,13.0,1.0,72.0,31.0,0.0,86.0,14.0,17.0,5.0,65.0,10.0,78.0,4.0,13.0,0.0,15.0,11.0,8.0,44.0,52.0,0.0,74.0,0.0,58.0,1.0,3.0,8.0,34.0,34.0,1.0,1.0,23.0,10.0,3.0,4.0,0.0
23,50462497.0,170.0,10.0,19.0,66.0,27.0,333.0,178.0,22.0,239.0,2.0,27.0,46.0,23.0,73.0,19.0,113.0,39.0,56.0,1.0,82.0,80.0,148.0,0.0,392.0,33.0,25.0,1.0,15.0,41.0,50.0,74.0,18.0,3.0,37.0,11.0,114.0,225.0,15.0,18.0,8.0,347.0,2.0,1.0,8.0,97.0,42.0,17.0,71.0,170.0,401.0,19.0,27.0,50.0,2.0,233.0,269.0,115.0,206.0,1.0,12.0,15.0,42.0,4.0,16.0,10.0,17.0,33.0,1.0,109.0,47.0,0.0,51.0,19.0,8.0,6.0,120.0,9.0,122.0,8.0,13.0,2.0,51.0,13.0,12.0,20.0,119.0,0.0,174.0,1.0,60.0,0.0,18.0,15.0,39.0,34.0,2.0,0.0,22.0,23.0,1.0,4.0,1.0
24,50645038.0,226.0,14.0,59.0,89.0,36.0,389.0,256.0,28.0,302.0,0.0,117.0,46.0,24.0,112.0,20.0,154.0,65.0,57.0,13.0,307.0,157.0,146.0,392.0,0.0,97.0,78.0,7.0,19.0,55.0,72.0,126.0,22.0,65.0,42.0,8.0,173.0,273.0,17.0,17.0,13.0,248.0,11.0,3.0,7.0,145.0,39.0,32.0,89.0,375.0,412.0,75.0,34.0,104.0,3.0,261.0,364.0,130.0,261.0,1.0,7.0,48.0,38.0,3.0,18.0,36.0,61.0,34.0,1.0,192.0,81.0,0.0,104.0,22.0,15.0,10.0,153.0,13.0,169.0,24.0,23.0,1.0,49.0,15.0,17.0,17.0,167.0,1.0,155.0,2.0,80.0,2.0,13.0,22.0,37.0,95.0,1.0,0.0,14.0,25.0,13.0,4.0,7.0
25,52434723.0,132.0,1.0,34.0,26.0,6.0,74.0,40.0,2.0,90.0,0.0,52.0,5.0,12.0,40.0,1.0,28.0,38.0,3.0,1.0,144.0,26.0,19.0,33.0,97.0,0.0,85.0,1.0,3.0,10.0,9.0,55.0,1.0,10.0,4.0,0.0,30.0,54.0,2.0,1.0,7.0,26.0,9.0,1.0,0.0,10.0,6.0,15.0,18.0,52.0,28.0,5.0,20.0,30.0,1.0,85.0,93.0,46.0,88.0,2.0,3.0,23.0,26.0,0.0,2.0,24.0,25.0,1.0,3.0,65.0,16.0,0.0,37.0,12.0,11.0,3.0,52.0,4.0,57.0,2.0,3.0,1.0,27.0,3.0,10.0,3.0,20.0,0.0,10.0,0.0,15.0,2.0,3.0,4.0,7.0,43.0,0.0,0.0,3.0,3.0,11.0,0.0,0.0
26,53223847.0,36.0,0.0,33.0,9.0,20.0,50.0,14.0,2.0,16.0,4.0,106.0,3.0,1.0,17.0,1.0,12.0,14.0,2.0,2.0,102.0,27.0,7.0,25.0,78.0,85.0,0.0,1.0,1.0,11.0,12.0,17.0,0.0,1.0,4.0,0.0,8.0,16.0,8.0,0.0,6.0,29.0,4.0,0.0,5.0,63.0,3.0,3.0,8.0,12.0,13.0,17.0,8.0,37.0,2.0,55.0,36.0,10.0,70.0,1.0,1.0,12.0,14.0,7.0,22.0,5.0,16.0,1.0,1.0,39.0,7.0,0.0,11.0,3.0,2.0,6.0,24.0,0.0,23.0,8.0,2.0,0.0,12.0,3.0,3.0,0.0,40.0,0.0,18.0,4.0,4.0,2.0,4.0,3.0,3.0,15.0,0.0,0.0,0.0,0.0,2.0,0.0,1.0
27,57072321.0,5.0,0.0,1.0,3.0,0.0,7.0,6.0,4.0,5.0,4.0,3.0,2.0,0.0,4.0,1.0,4.0,2.0,0.0,2.0,5.0,12.0,3.0,1.0,7.0,1.0,1.0,0.0,10.0,1.0,6.0,4.0,0.0,0.0,0.0,0.0,3.0,11.0,20.0,2.0,1.0,3.0,0.0,0.0,9.0,26.0,0.0,1.0,5.0,6.0,4.0,2.0,11.0,10.0,0.0,3.0,10.0,6.0,2.0,1.0,0.0,4.0,0.0,9.0,14.0,1.0,2.0,1.0,1.0,7.0,2.0,0.0,5.0,0.0,1.0,19.0,3.0,8.0,7.0,0.0,1.0,0.0,0.0,11.0,0.0,0.0,40.0,0.0,2.0,0.0,1.0,1.0,2.0,1.0,6.0,8.0,0.0,0.0,0.0,0.0,1.0,0.0,0.0
28,63831819.0,12.0,1.0,0.0,1.0,1.0,9.0,13.0,7.0,19.0,10.0,0.0,8.0,0.0,19.0,0.0,11.0,10.0,1.0,0.0,8.0,6.0,13.0,15.0,19.0,3.0,1.0,10.0,0.0,4.0,7.0,5.0,1.0,0.0,2.0,2.0,6.0,26.0,37.0,4.0,0.0,8.0,1.0,0.0,15.0,31.0,0.0,4.0,10.0,9.0,17.0,1.0,47.0,10.0,1.0,16.0,15.0,25.0,12.0,1.0,1.0,3.0,5.0,10.0,17.0,3.0,5.0,5.0,0.0,12.0,6.0,0.0,8.0,5.0,3.0,53.0,6.0,23.0,11.0,1.0,1.0,0.0,2.0,38.0,2.0,4.0,49.0,0.0,7.0,5.0,9.0,0.0,0.0,4.0,14.0,9.0,1.0,0.0,1.0,0.0,1.0,2.0,0.0
29,72355549.0,43.0,4.0,17.0,12.0,1.0,64.0,35.0,8.0,40.0,1.0,15.0,2.0,3.0,15.0,3.0,35.0,7.0,95.0,1.0,30.0,15.0,23.0,41.0,55.0,10.0,11.0,1.0,4.0,0.0,6.0,53.0,2.0,1.0,56.0,5.0,6.0,43.0,8.0,1.0,2.0,28.0,0.0,0.0,0.0,49.0,9.0,2.0,16.0,27.0,37.0,4.0,22.0,24.0,0.0,56.0,25.0,15.0,19.0,1.0,1.0,10.0,7.0,2.0,11.0,2.0,11.0,4.0,1.0,33.0,10.0,0.0,23.0,4.0,3.0,2.0,26.0,3.0,30.0,0.0,6.0,0.0,10.0,4.0,4.0,1.0,74.0,0.0,16.0,4.0,21.0,0.0,2.0,3.0,8.0,18.0,0.0,0.0,1.0,0.0,2.0,1.0,3.0
30,72761871.0,26.0,3.0,3.0,11.0,15.0,72.0,44.0,2.0,25.0,4.0,33.0,7.0,4.0,51.0,1.0,30.0,22.0,2.0,1.0,26.0,30.0,26.0,50.0,72.0,9.0,12.0,6.0,7.0,6.0,0.0,18.0,4.0,4.0,4.0,1.0,13.0,65.0,12.0,3.0,18.0,52.0,15.0,0.0,5.0,26.0,6.0,17.0,13.0,22.0,65.0,47.0,8.0,23.0,0.0,20.0,69.0,47.0,41.0,2.0,1.0,14.0,6.0,3.0,7.0,14.0,13.0,0.0,0.0,50.0,21.0,0.0,13.0,6.0,9.0,11.0,25.0,5.0,18.0,49.0,11.0,0.0,2.0,2.0,0.0,8.0,39.0,2.0,24.0,0.0,33.0,4.0,28.0,2.0,6.0,27.0,1.0,1.0,3.0,7.0,2.0,1.0,0.0
31,74637074.0,211.0,6.0,62.0,62.0,12.0,207.0,111.0,25.0,228.0,3.0,24.0,10.0,11.0,150.0,0.0,198.0,120.0,14.0,13.0,264.0,100.0,57.0,74.0,126.0,55.0,17.0,4.0,5.0,53.0,18.0,0.0,3.0,5.0,9.0,5.0,32.0,208.0,11.0,4.0,81.0,70.0,25.0,0.0,1.0,83.0,29.0,48.0,38.0,113.0,89.0,31.0,35.0,40.0,8.0,145.0,247.0,133.0,156.0,7.0,16.0,130.0,16.0,1.0,6.0,68.0,148.0,6.0,5.0,356.0,69.0,0.0,108.0,36.0,26.0,6.0,168.0,12.0,150.0,0.0,77.0,1.0,29.0,8.0,13.0,0.0,85.0,2.0,47.0,5.0,85.0,10.0,2.0,9.0,31.0,283.0,1.0,0.0,9.0,10.0,39.0,1.0,0.0
32,75055396.0,9.0,0.0,1.0,3.0,1.0,16.0,14.0,2.0,11.0,0.0,2.0,3.0,3.0,10.0,2.0,12.0,7.0,3.0,0.0,8.0,14.0,13.0,18.0,22.0,1.0,0.0,0.0,1.0,2.0,4.0,3.0,0.0,1.0,1.0,1.0,9.0,15.0,5.0,1.0,0.0,11.0,0.0,0.0,0.0,5.0,2.0,2.0,4.0,14.0,17.0,1.0,4.0,2.0,1.0,12.0,13.0,13.0,10.0,0.0,2.0,0.0,3.0,3.0,1.0,0.0,2.0,2.0,0.0,9.0,8.0,0.0,6.0,4.0,2.0,0.0,6.0,1.0,7.0,0.0,0.0,0.0,4.0,3.0,2.0,3.0,8.0,0.0,8.0,1.0,8.0,0.0,1.0,4.0,1.0,2.0,0.0,0.0,3.0,3.0,0.0,1.0,1.0
33,78344217.0,16.0,0.0,8.0,5.0,1.0,11.0,4.0,2.0,7.0,0.0,6.0,0.0,1.0,6.0,0.0,7.0,6.0,6.0,0.0,13.0,5.0,4.0,3.0,65.0,10.0,1.0,0.0,0.0,1.0,4.0,5.0,1.0,0.0,9.0,0.0,29.0,10.0,0.0,0.0,1.0,4.0,1.0,0.0,0.0,5.0,5.0,2.0,5.0,96.0,7.0,6.0,4.0,6.0,0.0,21.0,11.0,8.0,16.0,0.0,0.0,4.0,2.0,0.0,1.0,4.0,4.0,0.0,0.0,10.0,5.0,0.0,4.0,2.0,0.0,0.0,7.0,1.0,6.0,9.0,1.0,0.0,9.0,0.0,2.0,0.0,7.0,0.0,5.0,0.0,3.0,0.0,6.0,9.0,2.0,7.0,0.0,0.0,0.0,0.0,3.0,0.0,1.0
34,83845274.0,20.0,1.0,10.0,0.0,1.0,14.0,13.0,4.0,12.0,0.0,1.0,5.0,1.0,11.0,1.0,18.0,5.0,108.0,0.0,20.0,12.0,9.0,37.0,42.0,4.0,4.0,0.0,2.0,56.0,4.0,9.0,1.0,9.0,0.0,1.0,8.0,23.0,3.0,2.0,0.0,9.0,0.0,0.0,1.0,13.0,15.0,2.0,10.0,22.0,20.0,3.0,2.0,8.0,0.0,17.0,15.0,15.0,18.0,0.0,1.0,1.0,7.0,1.0,6.0,1.0,3.0,3.0,0.0,15.0,6.0,0.0,6.0,4.0,1.0,1.0,7.0,2.0,11.0,0.0,4.0,0.0,11.0,3.0,1.0,1.0,14.0,1.0,6.0,0.0,8.0,0.0,0.0,7.0,8.0,4.0,0.0,0.0,0.0,1.0,1.0,0.0,12.0
35,98547437.0,7.0,1.0,1.0,1.0,2.0,4.0,5.0,0.0,8.0,0.0,0.0,2.0,0.0,5.0,1.0,6.0,2.0,0.0,0.0,6.0,4.0,9.0,11.0,8.0,0.0,0.0,0.0,2.0,5.0,1.0,5.0,1.0,0.0,1.0,0.0,3.0,7.0,4.0,0.0,1.0,7.0,1.0,0.0,0.0,6.0,0.0,1.0,5.0,5.0,11.0,1.0,1.0,2.0,0.0,7.0,8.0,8.0,6.0,0.0,3.0,0.0,4.0,1.0,3.0,0.0,2.0,4.0,0.0,4.0,3.0,0.0,4.0,2.0,1.0,0.0,6.0,0.0,11.0,0.0,1.0,0.0,2.0,2.0,2.0,0.0,4.0,0.0,8.0,0.0,3.0,0.0,0.0,0.0,5.0,5.0,0.0,0.0,2.0,0.0,0.0,0.0,0.0
36,107736469.0,65.0,3.0,8.0,25.0,4.0,72.0,101.0,7.0,84.0,0.0,10.0,31.0,10.0,55.0,6.0,38.0,36.0,10.0,1.0,52.0,45.0,42.0,114.0,173.0,30.0,8.0,3.0,6.0,6.0,13.0,32.0,9.0,29.0,8.0,3.0,0.0,92.0,3.0,3.0,8.0,65.0,7.0,2.0,0.0,18.0,5.0,20.0,29.0,80.0,77.0,7.0,18.0,26.0,5.0,58.0,129.0,70.0,89.0,1.0,2.0,14.0,3.0,2.0,4.0,21.0,17.0,14.0,3.0,65.0,26.0,0.0,28.0,21.0,8.0,4.0,56.0,8.0,67.0,15.0,6.0,1.0,12.0,6.0,4.0,8.0,23.0,0.0,29.0,1.0,28.0,2.0,6.0,8.0,20.0,27.0,0.0,1.0,4.0,9.0,10.0,1.0,0.0
37,114775132.0,247.0,22.0,50.0,95.0,16.0,244.0,224.0,39.0,338.0,3.0,37.0,25.0,12.0,221.0,23.0,270.0,147.0,12.0,10.0,232.0,116.0,266.0,225.0,273.0,54.0,16.0,11.0,26.0,43.0,65.0,208.0,15.0,10.0,23.0,7.0,92.0,0.0,38.0,42.0,84.0,134.0,38.0,2.0,4.0,156.0,32.0,82.0,50.0,189.0,208.0,31.0,67.0,60.0,10.0,119.0,399.0,279.0,193.0,6.0,17.0,137.0,22.0,17.0,16.0,75.0,132.0,14.0,4.0,330.0,106.0,0.0,153.0,46.0,48.0,19.0,190.0,32.0,220.0,5.0,59.0,1.0,34.0,26.0,12.0,34.0,98.0,1.0,101.0,1.0,148.0,5.0,9.0,11.0,56.0,199.0,0.0,1.0,35.0,18.0,37.0,7.0,1.0
38,117802966.0,9.0,2.0,1.0,2.0,0.0,10.0,13.0,10.0,19.0,20.0,0.0,6.0,0.0,14.0,1.0,22.0,5.0,2.0,1.0,7.0,12.0,19.0,15.0,17.0,2.0,8.0,20.0,37.0,8.0,12.0,11.0,5.0,0.0,3.0,4.0,3.0,38.0,0.0,5.0,2.0,8.0,2.0,0.0,12.0,52.0,1.0,2.0,8.0,9.0,26.0,3.0,48.0,15.0,1.0,9.0,18.0,25.0,10.0,0.0,1.0,1.0,3.0,28.0,23.0,0.0,3.0,3.0,0.0,10.0,4.0,0.0,10.0,3.0,4.0,40.0,6.0,20.0,13.0,0.0,2.0,0.0,1.0,32.0,1.0,7.0,75.0,0.0,7.0,5.0,10.0,0.0,0.0,3.0,20.0,12.0,0.0,0.0,3.0,1.0,1.0,0.0,0.0
39,118032934.0,3.0,0.0,0.0,0.0,0.0,5.0,8.0,1.0,9.0,0.0,1.0,3.0,0.0,4.0,0.0,7.0,4.0,1.0,0.0,4.0,7.0,9.0,18.0,17.0,1.0,0.0,2.0,4.0,1.0,3.0,4.0,1.0,0.0,2.0,0.0,3.0,42.0,5.0,0.0,0.0,2.0,0.0,0.0,0.0,21.0,2.0,1.0,2.0,3.0,15.0,0.0,4.0,2.0,0.0,2.0,12.0,7.0,3.0,0.0,3.0,0.0,0.0,3.0,0.0,1.0,0.0,2.0,0.0,4.0,1.0,0.0,3.0,0.0,0.0,1.0,10.0,1.0,7.0,0.0,1.0,0.0,0.0,4.0,0.0,2.0,10.0,0.0,4.0,0.0,5.0,0.0,0.0,0.0,4.0,4.0,0.0,1.0,1.0,1.0,0.0,2.0,0.0
40,124407978.0,26.0,6.0,6.0,9.0,0.0,16.0,11.0,6.0,30.0,0.0,3.0,0.0,0.0,182.0,2.0,85.0,117.0,0.0,3.0,69.0,22.0,20.0,8.0,13.0,7.0,6.0,1.0,0.0,2.0,18.0,81.0,0.0,1.0,0.0,1.0,8.0,84.0,2.0,0.0,0.0,4.0,93.0,0.0,0.0,6.0,0.0,56.0,1.0,11.0,4.0,9.0,9.0,7.0,4.0,8.0,61.0,124.0,27.0,10.0,6.0,93.0,1.0,0.0,0.0,67.0,51.0,0.0,2.0,136.0,20.0,0.0,32.0,19.0,38.0,0.0,28.0,4.0,35.0,0.0,35.0,0.0,4.0,2.0,5.0,1.0,4.0,3.0,4.0,2.0,55.0,9.0,0.0,0.0,9.0,97.0,0.0,0.0,3.0,1.0,29.0,2.0,0.0
41,133510668.0,73.0,7.0,14.0,46.0,41.0,238.0,140.0,9.0,162.0,1.0,56.0,24.0,13.0,45.0,18.0,77.0,19.0,27.0,2.0,94.0,48.0,90.0,347.0,248.0,26.0,29.0,3.0,8.0,28.0,52.0,70.0,11.0,4.0,9.0,7.0,65.0,134.0,8.0,2.0,4.0,0.0,1.0,2.0,1.0,48.0,30.0,15.0,45.0,75.0,168.0,39.0,13.0,39.0,1.0,200.0,116.0,62.0,189.0,0.0,6.0,9.0,19.0,3.0,8.0,3.0,12.0,9.0,2.0,106.0,25.0,0.0,38.0,8.0,6.0,2.0,105.0,5.0,55.0,17.0,14.0,0.0,23.0,6.0,5.0,12.0,68.0,0.0,114.0,2.0,40.0,2.0,12.0,10.0,14.0,23.0,2.0,0.0,7.0,25.0,1.0,1.0,0.0
42,136588759.0,17.0,1.0,2.0,2.0,0.0,8.0,2.0,0.0,10.0,0.0,1.0,0.0,0.0,158.0,0.0,32.0,84.0,0.0,0.0,56.0,12.0,5.0,2.0,11.0,9.0,4.0,0.0,1.0,0.0,15.0,25.0,0.0,1.0,0.0,1.0,7.0,38.0,2.0,0.0,93.0,1.0,0.0,0.0,0.0,0.0,1.0,46.0,1.0,7.0,1.0,8.0,9.0,3.0,7.0,6.0,42.0,103.0,21.0,1.0,2.0,76.0,2.0,0.0,0.0,73.0,19.0,0.0,4.0,104.0,11.0,0.0,19.0,21.0,33.0,0.0,15.0,0.0,18.0,1.0,12.0,0.0,2.0,1.0,1.0,0.0,3.0,3.0,2.0,1.0,32.0,3.0,0.0,0.0,4.0,50.0,0.0,0.0,1.0,0.0,23.0,1.0,0.0
43,149535231.0,4.0,0.0,0.0,0.0,0.0,0.0,4.0,0.0,1.0,0.0,0.0,0.0,0.0,0.0,0.0,3.0,1.0,0.0,0.0,0.0,1.0,3.0,1.0,3.0,1.0,0.0,0.0,0.0,0.0,0.0,0.0,0.0,0.0,0.0,0.0,2.0,2.0,0.0,0.0,0.0,2.0,0.0,0.0,0.0,0.0,0.0,0.0,2.0,1.0,0.0,0.0,0.0,0.0,0.0,0.0,2.0,2.0,0.0,0.0,0.0,0.0,0.0,0.0,0.0,0.0,0.0,0.0,0.0,0.0,0.0,0.0,0.0,0.0,0.0,0.0,2.0,0.0,7.0,0.0,0.0,0.0,0.0,0.0,0.0,0.0,0.0,0.0,0.0,0.0,1.0,0.0,0.0,0.0,0.0,0.0,0.0,0.0,0.0,0.0,0.0,0.0,0.0
44,150413331.0,2.0,0.0,0.0,0.0,0.0,5.0,4.0,3.0,2.0,4.0,1.0,4.0,0.0,4.0,0.0,3.0,1.0,2.0,0.0,1.0,4.0,6.0,8.0,7.0,0.0,5.0,9.0,15.0,0.0,5.0,1.0,0.0,0.0,1.0,0.0,0.0,4.0,12.0,0.0,0.0,1.0,0.0,0.0,0.0,30.0,0.0,0.0,24.0,4.0,5.0,0.0,11.0,7.0,0.0,3.0,11.0,4.0,5.0,0.0,0.0,0.0,1.0,4.0,50.0,0.0,1.0,0.0,0.0,3.0,0.0,0.0,2.0,1.0,1.0,34.0,1.0,9.0,1.0,0.0,0.0,0.0,1.0,15.0,0.0,0.0,78.0,0.0,1.0,10.0,1.0,0.0,2.0,2.0,5.0,1.0,0.0,0.0,0.0,0.0,0.0,0.0,0.0
45,150881077.0,85.0,4.0,36.0,45.0,14.0,113.0,74.0,33.0,101.0,29.0,45.0,12.0,5.0,35.0,7.0,64.0,22.0,16.0,7.0,73.0,56.0,43.0,97.0,145.0,10.0,63.0,26.0,31.0,49.0,26.0,83.0,5.0,5.0,13.0,6.0,18.0,156.0,52.0,21.0,6.0,48.0,0.0,0.0,30.0,0.0,16.0,8.0,39.0,70.0,99.0,27.0,60.0,112.0,0.0,54.0,123.0,58.0,69.0,2.0,3.0,26.0,10.0,36.0,111.0,8.0,31.0,7.0,0.0,91.0,30.0,0.0,44.0,6.0,3.0,83.0,90.0,28.0,76.0,24.0,14.0,0.0,16.0,42.0,3.0,10.0,291.0,0.0,43.0,9.0,30.0,2.0,21.0,4.0,40.0,58.0,0.0,0.0,2.0,6.0,4.0,1.0,0.0
46,160302915.0,59.0,2.0,28.0,3.0,3.0,56.0,15.0,5.0,44.0,1.0,2.0,2.0,8.0,12.0,5.0,25.0,7.0,22.0,1.0,38.0,10.0,8.0,42.0,39.0,6.0,3.0,0.0,0.0,9.0,6.0,29.0,2.0,5.0,15.0,0.0,5.0,32.0,1.0,2.0,0.0,30.0,1.0,0.0,0.0,16.0,0.0,1.0,6.0,54.0,30.0,12.0,5.0,5.0,0.0,45.0,26.0,12.0,30.0,0.0,0.0,2.0,18.0,0.0,2.0,2.0,8.0,4.0,0.0,21.0,6.0,0.0,6.0,4.0,2.0,2.0,20.0,1.0,17.0,1.0,3.0,0.0,34.0,1.0,1.0,1.0,23.0,0.0,36.0,0.0,8.0,0.0,5.0,9.0,3.0,3.0,0.0,0.0,0.0,0.0,0.0,3.0,0.0
47,161268794.0,40.0,3.0,5.0,15.0,0.0,27.0,30.0,6.0,44.0,0.0,2.0,2.0,3.0,123.0,1.0,46.0,92.0,1.0,0.0,65.0,25.0,22.0,17.0,32.0,15.0,3.0,1.0,4.0,2.0,17.0,48.0,2.0,2.0,2.0,1.0,20.0,82.0,2.0,1.0,56.0,15.0,46.0,0.0,0.0,8.0,1.0,0.0,6.0,27.0,17.0,8.0,14.0,6.0,7.0,18.0,70.0,108.0,40.0,3.0,7.0,47.0,3.0,1.0,1.0,57.0,26.0,1.0,5.0,101.0,21.0,0.0,27.0,34.0,37.0,2.0,27.0,11.0,46.0,0.0,12.0,0.0,4.0,4.0,7.0,6.0,6.0,2.0,9.0,0.0,60.0,7.0,0.0,0.0,15.0,65.0,0.0,0.0,4.0,3.0,22.0,0.0,0.0
48,180261346.0,49.0,5.0,8.0,26.0,9.0,57.0,72.0,25.0,54.0,2.0,14.0,13.0,5.0,28.0,6.0,35.0,25.0,9.0,0.0,40.0,36.0,27.0,71.0,89.0,18.0,8.0,5.0,10.0,16.0,13.0,38.0,4.0,5.0,10.0,5.0,29.0,50.0,8.0,2.0,1.0,45.0,1.0,2.0,24.0,39.0,6.0,6.0,0.0,36.0,42.0,10.0,24.0,28.0,2.0,107.0,54.0,27.0,67.0,0.0,2.0,6.0,16.0,3.0,35.0,4.0,6.0,9.0,1.0,38.0,6.0,0.0,24.0,8.0,2.0,12.0,66.0,6.0,33.0,6.0,4.0,0.0,14.0,13.0,7.0,4.0,168.0,0.0,18.0,11.0,16.0,0.0,12.0,13.0,11.0,11.0,0.0,0.0,4.0,8.0,2.0,1.0,0.0
49,193652442.0,300.0,13.0,80.0,72.0,15.0,307.0,178.0,30.0,229.0,2.0,18.0,14.0,17.0,71.0,6.0,98.0,63.0,34.0,5.0,184.0,70.0,71.0,170.0,375.0,52.0,12.0,6.0,9.0,27.0,22.0,113.0,14.0,96.0,22.0,5.0,80.0,189.0,9.0,3.0,11.0,75.0,7.0,1.0,4.0,70.0,54.0,27.0,36.0,0.0,211.0,26.0,34.0,48.0,6.0,133.0,288.0,104.0,167.0,1.0,5.0,49.0,36.0,5.0,11.0,30.0,70.0,20.0,3.0,152.0,72.0,0.0,83.0,23.0,12.0,10.0,114.0,22.0,149.0,11.0,18.0,1.0,65.0,11.0,9.0,7.0,72.0,0.0,91.0,0.0,53.0,1.0,6.0,16.0,21.0,103.0,0.0,0.0,9.0,7.0,11.0,2.0,0.0
50,212820561.0,212.0,5.0,33.0,49.0,33.0,1421.0,155.0,19.0,279.0,1.0,46.0,33.0,24.0,73.0,15.0,83.0,45.0,41.0,3.0,142.0,98.0,102.0,401.0,412.0,28.0,13.0,4.0,17.0,37.0,65.0,89.0,17.0,7.0,20.0,11.0,77.0,208.0,26.0,15.0,4.0,168.0,1.0,0.0,5.0,99.0,30.0,17.0,42.0,211.0,0.0,16.0,21.0,70.0,0.0,365.0,308.0,96.0,164.0,0.0,12.0,29.0,43.0,5.0,17.0,13.0,35.0,26.0,1.0,143.0,113.0,0.0,54.0,20.0,8.0,6.0,102.0,14.0,138.0,18.0,10.0,1.0,53.0,20.0,18.0,13.0,167.0,0.0,149.0,3.0,70.0,0.0,39.0,18.0,33.0,70.0,3.0,0.0,9.0,6.0,5.0,2.0,3.0
51,247494866.0,18.0,1.0,7.0,7.0,25.0,47.0,20.0,1.0,22.0,0.0,70.0,3.0,1.0,29.0,2.0,37.0,28.0,5.0,1.0,72.0,51.0,9.0,19.0,75.0,5.0,17.0,2.0,1.0,4.0,47.0,31.0,1.0,6.0,3.0,1.0,7.0,31.0,3.0,0.0,9.0,39.0,8.0,0.0,0.0,27.0,12.0,8.0,10.0,26.0,16.0,0.0,3.0,35.0,1.0,55.0,38.0,26.0,58.0,1.0,2.0,11.0,4.0,1.0,3.0,15.0,22.0,5.0,1.0,86.0,61.0,0.0,15.0,10.0,4.0,1.0,26.0,1.0,27.0,29.0,7.0,0.0,5.0,0.0,2.0,0.0,21.0,2.0,11.0,1.0,22.0,3.0,13.0,3.0,3.0,49.0,0.0,0.0,2.0,3.0,9.0,0.0,0.0
52,250334613.0,50.0,2.0,8.0,25.0,3.0,36.0,32.0,12.0,44.0,27.0,11.0,6.0,4.0,42.0,2.0,26.0,43.0,2.0,0.0,38.0,17.0,18.0,27.0,34.0,20.0,8.0,11.0,47.0,22.0,8.0,35.0,4.0,4.0,2.0,1.0,18.0,67.0,48.0,4.0,9.0,13.0,9.0,0.0,11.0,60.0,5.0,14.0,24.0,34.0,21.0,3.0,0.0,16.0,4.0,32.0,56.0,47.0,42.0,1.0,5.0,36.0,6.0,15.0,24.0,20.0,27.0,1.0,1.0,61.0,11.0,0.0,25.0,14.0,7.0,80.0,25.0,48.0,39.0,1.0,6.0,0.0,10.0,45.0,3.0,10.0,77.0,0.0,11.0,10.0,24.0,1.0,1.0,2.0,23.0,25.0,0.0,0.0,2.0,3.0,9.0,1.0,1.0
53,254691950.0,49.0,0.0,13.0,25.0,22.0,76.0,57.0,22.0,58.0,6.0,72.0,14.0,6.0,30.0,3.0,34.0,26.0,7.0,4.0,69.0,47.0,23.0,50.0,104.0,30.0,37.0,10.0,10.0,24.0,23.0,40.0,2.0,6.0,8.0,2.0,26.0,60.0,15.0,2.0,7.0,39.0,3.0,0.0,7.0,112.0,5.0,6.0,28.0,48.0,70.0,35.0,16.0,0.0,2.0,48.0,83.0,37.0,69.0,1.0,1.0,13.0,12.0,14.0,48.0,12.0,21.0,9.0,2.0,60.0,43.0,0.0,41.0,10.0,6.0,14.0,41.0,9.0,48.0,44.0,5.0,1.0,7.0,15.0,7.0,1.0,125.0,0.0,30.0,5.0,25.0,1.0,39.0,9.0,19.0,25.0,0.0,0.0,2.0,1.0,6.0,0.0,0.0
54,254766784.0,6.0,1.0,1.0,1.0,0.0,4.0,3.0,0.0,8.0,0.0,2.0,1.0,0.0,16.0,0.0,9.0,14.0,0.0,0.0,11.0,3.0,3.0,2.0,3.0,1.0,2.0,0.0,1.0,0.0,0.0,8.0,1.0,0.0,0.0,0.0,5.0,10.0,1.0,0.0,4.0,1.0,7.0,0.0,0.0,0.0,0.0,7.0,2.0,6.0,0.0,1.0,4.0,2.0,0.0,6.0,12.0,14.0,9.0,0.0,0.0,6.0,0.0,0.0,0.0,9.0,5.0,1.0,2.0,18.0,0.0,0.0,4.0,5.0,3.0,0.0,5.0,0.0,9.0,0.0,2.0,0.0,1.0,1.0,0.0,0.0,2.0,0.0,0.0,0.0,4.0,0.0,0.0,1.0,2.0,10.0,0.0,0.0,0.0,1.0,4.0,0.0,0.0
55,255191504.0,205.0,4.0,41.0,34.0,26.0,748.0,103.0,27.0,211.0,1.0,50.0,26.0,27.0,72.0,4.0,73.0,48.0,76.0,0.0,197.0,67.0,41.0,233.0,261.0,85.0,55.0,3.0,16.0,56.0,20.0,145.0,12.0,21.0,17.0,7.0,58.0,119.0,9.0,2.0,8.0,200.0,6.0,0.0,3.0,54.0,45.0,18.0,107.0,133.0,365.0,55.0,32.0,48.0,6.0,0.0,149.0,83.0,227.0,1.0,9.0,29.0,64.0,4.0,21.0,27.0,35.0,19.0,4.0,137.0,60.0,0.0,65.0,19.0,8.0,10.0,121.0,7.0,149.0,7.0,15.0,1.0,88.0,9.0,13.0,0.0,157.0,0.0,118.0,6.0,55.0,3.0,27.0,53.0,19.0,57.0,2.0,0.0,9.0,9.0,10.0,1.0,3.0
56,261885661.0,348.0,31.0,95.0,138.0,18.0,311.0,321.0,37.0,405.0,1.0,35.0,22.0,20.0,200.0,12.0,171.0,174.0,14.0,14.0,385.0,164.0,129.0,269.0,364.0,93.0,36.0,10.0,15.0,25.0,69.0,247.0,13.0,11.0,15.0,8.0,129.0,399.0,18.0,12.0,61.0,116.0,42.0,2.0,11.0,123.0,26.0,70.0,54.0,288.0,308.0,38.0,56.0,83.0,12.0,149.0,0.0,227.0,317.0,5.0,10.0,156.0,20.0,5.0,18.0,101.0,144.0,27.0,6.0,403.0,142.0,0.0,154.0,51.0,32.0,21.0,171.0,25.0,340.0,5.0,47.0,2.0,44.0,23.0,18.0,18.0,119.0,5.0,90.0,3.0,112.0,6.0,13.0,10.0,60.0,305.0,1.0,0.0,11.0,10.0,52.0,3.0,0.0
57,262821567.0,155.0,7.0,19.0,52.0,2.0,107.0,100.0,27.0,175.0,6.0,13.0,17.0,7.0,299.0,11.0,154.0,185.0,12.0,5.0,175.0,88.0,141.0,115.0,130.0,46.0,10.0,6.0,25.0,15.0,47.0,133.0,13.0,8.0,15.0,8.0,70.0,279.0,25.0,7.0,124.0,62.0,103.0,2.0,4.0,58.0,12.0,108.0,27.0,104.0,96.0,26.0,47.0,37.0,14.0,83.0,227.0,0.0,140.0,9.0,16.0,136.0,16.0,13.0,10.0,116.0,75.0,14.0,7.0,278.0,65.0,0.0,105.0,56.0,62.0,15.0,108.0,28.0,154.0,0.0,43.0,1.0,26.0,29.0,12.0,27.0,52.0,3.0,56.0,3.0,137.0,10.0,5.0,11.0,55.0,178.0,0.0,1.0,20.0,11.0,56.0,4.0,2.0
58,263022323.0,227.0,16.0,68.0,78.0,44.0,249.0,153.0,15.0,189.0,1.0,90.0,16.0,29.0,129.0,6.0,118.0,127.0,27.0,6.0,266.0,109.0,61.0,206.0,261.0,88.0,70.0,2.0,12.0,19.0,41.0,156.0,10.0,16.0,18.0,6.0,89.0,193.0,10.0,3.0,27.0,189.0,21.0,0.0,5.0,69.0,30.0,40.0,67.0,167.0,164.0,58.0,42.0,69.0,9.0,227.0,317.0,140.0,0.0,4.0,5.0,89.0,63.0,2.0,23.0,85.0,84.0,5.0,5.0,270.0,86.0,0.0,71.0,32.0,19.0,14.0,171.0,16.0,224.0,11.0,28.0,0.0,80.0,18.0,25.0,10.0,110.0,3.0,56.0,6.0,68.0,6.0,21.0,26.0,30.0,160.0,1.0,1.0,2.0,26.0,42.0,1.0,2.0
59,266562398.0,4.0,0.0,0.0,1.0,1.0,2.0,1.0,0.0,6.0,0.0,0.0,0.0,0.0,13.0,0.0,12.0,6.0,0.0,0.0,6.0,2.0,3.0,1.0,1.0,2.0,1.0,1.0,1.0,1.0,2.0,7.0,0.0,0.0,0.0,0.0,1.0,6.0,0.0,0.0,10.0,0.0,1.0,0.0,0.0,2.0,0.0,3.0,0.0,1.0,0.0,1.0,1.0,1.0,0.0,1.0,5.0,9.0,4.0,0.0,0.0,10.0,0.0,0.0,0.0,5.0,6.0,0.0,0.0,9.0,2.0,0.0,2.0,2.0,4.0,0.0,2.0,0.0,4.0,0.0,7.0,0.0,1.0,1.0,0.0,0.0,0.0,0.0,0.0,0.0,1.0,1.0,0.0,0.0,0.0,7.0,0.0,0.0,0.0,1.0,3.0,0.0,0.0
60,266620405.0,8.0,0.0,3.0,3.0,0.0,6.0,8.0,1.0,12.0,0.0,0.0,1.0,0.0,21.0,2.0,13.0,19.0,1.0,0.0,11.0,6.0,11.0,12.0,7.0,3.0,1.0,0.0,1.0,1.0,1.0,16.0,2.0,0.0,1.0,3.0,2.0,17.0,1.0,3.0,6.0,6.0,2.0,0.0,0.0,3.0,0.0,7.0,2.0,5.0,12.0,2.0,5.0,1.0,0.0,9.0,10.0,16.0,5.0,0.0,0.0,9.0,0.0,1.0,0.0,3.0,3.0,2.0,0.0,23.0,4.0,0.0,5.0,3.0,4.0,0.0,10.0,2.0,10.0,1.0,0.0,0.0,1.0,2.0,2.0,2.0,4.0,0.0,8.0,1.0,6.0,2.0,0.0,0.0,5.0,12.0,1.0,0.0,6.0,1.0,3.0,0.0,0.0
61,267088381.0,96.0,4.0,19.0,43.0,0.0,56.0,54.0,10.0,66.0,0.0,7.0,0.0,1.0,159.0,1.0,124.0,134.0,0.0,4.0,167.0,40.0,19.0,15.0,48.0,23.0,12.0,4.0,3.0,10.0,14.0,130.0,0.0,4.0,1.0,0.0,14.0,137.0,1.0,0.0,93.0,9.0,76.0,0.0,0.0,26.0,2.0,47.0,6.0,49.0,29.0,11.0,36.0,13.0,6.0,29.0,156.0,136.0,89.0,10.0,9.0,0.0,8.0,0.0,2.0,87.0,94.0,0.0,2.0,243.0,55.0,0.0,52.0,22.0,34.0,3.0,58.0,8.0,104.0,0.0,44.0,0.0,7.0,4.0,5.0,3.0,25.0,4.0,11.0,0.0,34.0,3.0,1.0,0.0,17.0,160.0,0.0,0.0,1.0,5.0,50.0,0.0,0.0
62,271791007.0,53.0,3.0,21.0,5.0,9.0,112.0,8.0,7.0,29.0,1.0,9.0,5.0,22.0,11.0,2.0,15.0,17.0,5.0,1.0,22.0,14.0,9.0,42.0,38.0,26.0,14.0,0.0,5.0,7.0,6.0,16.0,3.0,2.0,7.0,4.0,3.0,22.0,3.0,0.0,1.0,19.0,2.0,0.0,1.0,10.0,18.0,3.0,16.0,36.0,43.0,4.0,6.0,12.0,0.0,64.0,20.0,16.0,63.0,0.0,0.0,8.0,0.0,1.0,7.0,5.0,11.0,1.0,0.0,22.0,5.0,0.0,9.0,5.0,1.0,2.0,17.0,3.0,18.0,3.0,4.0,1.0,90.0,2.0,27.0,0.0,50.0,0.0,37.0,3.0,8.0,0.0,28.0,30.0,4.0,8.0,0.0,0.0,3.0,0.0,6.0,0.0,2.0
63,272259832.0,3.0,0.0,1.0,2.0,0.0,3.0,6.0,8.0,8.0,8.0,1.0,4.0,1.0,6.0,1.0,8.0,2.0,0.0,0.0,3.0,4.0,5.0,4.0,3.0,0.0,7.0,9.0,10.0,2.0,3.0,1.0,3.0,0.0,1.0,1.0,2.0,17.0,28.0,3.0,0.0,3.0,0.0,0.0,4.0,36.0,0.0,1.0,3.0,5.0,5.0,1.0,15.0,14.0,0.0,4.0,5.0,13.0,2.0,0.0,1.0,0.0,1.0,0.0,14.0,0.0,1.0,3.0,0.0,4.0,2.0,0.0,3.0,3.0,1.0,20.0,3.0,6.0,5.0,0.0,0.0,0.0,0.0,14.0,1.0,4.0,35.0,0.0,4.0,5.0,2.0,0.0,0.0,2.0,12.0,2.0,0.0,0.0,1.0,0.0,0.0,0.0,0.0
64,272323854.0,13.0,0.0,3.0,3.0,4.0,14.0,8.0,14.0,13.0,10.0,10.0,5.0,2.0,9.0,1.0,9.0,5.0,3.0,0.0,5.0,9.0,6.0,16.0,18.0,2.0,22.0,14.0,17.0,11.0,7.0,6.0,1.0,1.0,6.0,3.0,4.0,16.0,23.0,0.0,0.0,8.0,0.0,0.0,50.0,111.0,2.0,1.0,35.0,11.0,17.0,3.0,24.0,48.0,0.0,21.0,18.0,10.0,23.0,0.0,0.0,2.0,7.0,14.0,0.0,2.0,5.0,2.0,0.0,10.0,2.0,0.0,6.0,3.0,2.0,49.0,9.0,11.0,8.0,7.0,2.0,0.0,5.0,24.0,2.0,1.0,178.0,0.0,6.0,14.0,10.0,0.0,11.0,3.0,12.0,4.0,0.0,0.0,0.0,0.0,2.0,0.0,1.0
65,279039469.0,60.0,5.0,8.0,20.0,1.0,29.0,23.0,5.0,38.0,0.0,7.0,2.0,0.0,155.0,1.0,56.0,127.0,0.0,1.0,121.0,44.0,14.0,10.0,36.0,24.0,5.0,1.0,3.0,2.0,14.0,68.0,0.0,4.0,1.0,0.0,21.0,75.0,0.0,1.0,67.0,3.0,73.0,0.0,0.0,8.0,2.0,57.0,4.0,30.0,13.0,15.0,20.0,12.0,9.0,27.0,101.0,116.0,85.0,5.0,3.0,87.0,5.0,0.0,2.0,0.0,54.0,2.0,6.0,165.0,40.0,0.0,36.0,34.0,38.0,2.0,40.0,4.0,76.0,2.0,17.0,1.0,4.0,3.0,10.0,3.0,17.0,4.0,5.0,3.0,36.0,8.0,1.0,1.0,16.0,125.0,1.0,1.0,3.0,2.0,54.0,1.0,0.0
66,283022885.0,103.0,10.0,50.0,39.0,7.0,91.0,43.0,7.0,113.0,1.0,18.0,0.0,6.0,87.0,0.0,122.0,66.0,4.0,8.0,149.0,51.0,21.0,17.0,61.0,25.0,16.0,2.0,5.0,11.0,13.0,148.0,2.0,4.0,3.0,2.0,17.0,132.0,3.0,0.0,51.0,12.0,19.0,0.0,1.0,31.0,8.0,26.0,6.0,70.0,35.0,22.0,27.0,21.0,5.0,35.0,144.0,75.0,84.0,6.0,3.0,94.0,11.0,1.0,5.0,54.0,0.0,1.0,2.0,233.0,56.0,0.0,59.0,17.0,15.0,3.0,50.0,10.0,85.0,0.0,49.0,0.0,17.0,7.0,6.0,2.0,31.0,1.0,20.0,2.0,32.0,4.0,0.0,2.0,12.0,138.0,0.0,0.0,2.0,2.0,27.0,1.0,0.0
67,286602917.0,10.0,0.0,0.0,2.0,0.0,9.0,18.0,1.0,30.0,0.0,0.0,7.0,1.0,11.0,2.0,9.0,5.0,2.0,0.0,15.0,13.0,13.0,33.0,34.0,1.0,1.0,1.0,5.0,4.0,0.0,6.0,2.0,0.0,3.0,4.0,14.0,14.0,3.0,2.0,0.0,9.0,0.0,0.0,0.0,7.0,4.0,1.0,9.0,20.0,26.0,5.0,1.0,9.0,1.0,19.0,27.0,14.0,5.0,0.0,2.0,0.0,1.0,3.0,2.0,2.0,1.0,0.0,1.0,12.0,9.0,0.0,12.0,8.0,1.0,0.0,6.0,1.0,17.0,0.0,0.0,1.0,1.0,5.0,2.0,0.0,6.0,0.0,15.0,0.0,8.0,0.0,0.0,2.0,10.0,6.0,1.0,0.0,3.0,0.0,0.0,1.0,0.0
68,289594302.0,3.0,0.0,0.0,1.0,0.0,3.0,1.0,0.0,2.0,0.0,1.0,0.0,0.0,7.0,1.0,1.0,5.0,0.0,0.0,7.0,2.0,1.0,1.0,1.0,3.0,1.0,1.0,0.0,1.0,0.0,5.0,0.0,0.0,0.0,0.0,3.0,4.0,0.0,0.0,2.0,2.0,4.0,0.0,0.0,0.0,0.0,5.0,1.0,3.0,1.0,1.0,1.0,2.0,2.0,4.0,6.0,7.0,5.0,0.0,0.0,2.0,0.0,0.0,0.0,6.0,2.0,1.0,0.0,11.0,1.0,0.0,3.0,4.0,1.0,0.0,2.0,0.0,5.0,0.0,1.0,0.0,0.0,0.0,0.0,0.0,0.0,0.0,1.0,0.0,4.0,1.0,0.0,0.0,1.0,5.0,0.0,0.0,0.0,0.0,2.0,0.0,0.0
69,290039931.0,234.0,15.0,79.0,73.0,18.0,254.0,172.0,23.0,242.0,2.0,73.0,18.0,13.0,334.0,5.0,308.0,269.0,8.0,10.0,418.0,183.0,72.0,109.0,192.0,65.0,39.0,7.0,12.0,33.0,50.0,356.0,9.0,10.0,15.0,4.0,65.0,330.0,10.0,4.0,136.0,106.0,104.0,0.0,3.0,91.0,21.0,101.0,38.0,152.0,143.0,86.0,61.0,60.0,18.0,137.0,403.0,278.0,270.0,9.0,23.0,243.0,22.0,4.0,10.0,165.0,233.0,12.0,11.0,0.0,159.0,0.0,141.0,70.0,47.0,9.0,206.0,24.0,246.0,8.0,112.0,1.0,33.0,15.0,17.0,9.0,81.0,5.0,61.0,3.0,129.0,15.0,8.0,18.0,56.0,407.0,1.0,1.0,10.0,24.0,74.0,2.0,1.0
70,294280010.0,75.0,4.0,13.0,26.0,12.0,164.0,60.0,13.0,86.0,0.0,31.0,8.0,7.0,64.0,2.0,76.0,61.0,5.0,4.0,134.0,72.0,31.0,47.0,81.0,16.0,7.0,2.0,6.0,10.0,21.0,69.0,8.0,5.0,6.0,3.0,26.0,106.0,4.0,1.0,20.0,25.0,11.0,0.0,0.0,30.0,6.0,21.0,6.0,72.0,113.0,61.0,11.0,43.0,0.0,60.0,142.0,65.0,86.0,2.0,4.0,55.0,5.0,2.0,2.0,40.0,56.0,9.0,1.0,159.0,0.0,0.0,40.0,16.0,8.0,4.0,44.0,13.0,99.0,9.0,19.0,1.0,6.0,4.0,5.0,2.0,29.0,0.0,49.0,1.0,43.0,2.0,5.0,5.0,13.0,121.0,1.0,0.0,4.0,6.0,20.0,1.0,1.0
71,294523668.0,0.0,0.0,0.0,0.0,0.0,0.0,0.0,0.0,0.0,0.0,0.0,0.0,0.0,0.0,0.0,0.0,0.0,0.0,0.0,0.0,0.0,0.0,0.0,0.0,0.0,0.0,0.0,0.0,0.0,0.0,0.0,0.0,0.0,0.0,0.0,0.0,0.0,0.0,0.0,0.0,0.0,0.0,0.0,0.0,0.0,0.0,0.0,0.0,0.0,0.0,0.0,0.0,0.0,0.0,0.0,0.0,0.0,0.0,0.0,0.0,0.0,0.0,0.0,0.0,0.0,0.0,0.0,0.0,0.0,0.0,0.0,0.0,0.0,0.0,0.0,0.0,0.0,0.0,0.0,0.0,0.0,0.0,0.0,0.0,0.0,0.0,0.0,0.0,0.0,0.0,0.0,0.0,0.0,0.0,0.0,0.0,0.0,0.0,0.0,0.0,0.0,0.0
72,295366074.0,130.0,1.0,45.0,54.0,2.0,78.0,82.0,19.0,213.0,1.0,11.0,8.0,1.0,84.0,2.0,88.0,49.0,7.0,8.0,122.0,58.0,86.0,51.0,104.0,37.0,11.0,5.0,8.0,23.0,13.0,108.0,6.0,4.0,6.0,4.0,28.0,153.0,10.0,3.0,32.0,38.0,19.0,0.0,2.0,44.0,6.0,27.0,24.0,83.0,54.0,15.0,25.0,41.0,4.0,65.0,154.0,105.0,71.0,2.0,5.0,52.0,9.0,3.0,6.0,36.0,59.0,12.0,3.0,141.0,40.0,0.0,0.0,22.0,16.0,5.0,72.0,7.0,96.0,0.0,32.0,0.0,13.0,11.0,4.0,11.0,41.0,1.0,35.0,2.0,48.0,1.0,0.0,5.0,26.0,91.0,0.0,0.0,13.0,7.0,23.0,0.0,1.0
73,296526287.0,32.0,1.0,3.0,10.0,1.0,21.0,22.0,5.0,33.0,0.0,1.0,8.0,4.0,62.0,3.0,31.0,57.0,2.0,1.0,46.0,25.0,14.0,19.0,22.0,12.0,3.0,0.0,5.0,4.0,6.0,36.0,4.0,2.0,4.0,2.0,21.0,46.0,3.0,0.0,19.0,8.0,21.0,0.0,1.0,6.0,4.0,34.0,8.0,23.0,20.0,10.0,14.0,10.0,5.0,19.0,51.0,56.0,32.0,2.0,3.0,22.0,5.0,3.0,3.0,34.0,17.0,8.0,4.0,70.0,16.0,0.0,22.0,0.0,13.0,0.0,28.0,8.0,36.0,0.0,14.0,1.0,8.0,3.0,8.0,4.0,6.0,1.0,11.0,1.0,32.0,4.0,1.0,5.0,15.0,42.0,1.0,0.0,3.0,2.0,14.0,2.0,0.0
74,296798750.0,18.0,1.0,2.0,10.0,0.0,9.0,12.0,4.0,21.0,0.0,1.0,2.0,0.0,67.0,2.0,33.0,38.0,0.0,2.0,32.0,8.0,17.0,8.0,15.0,11.0,2.0,1.0,3.0,3.0,9.0,26.0,2.0,0.0,1.0,1.0,8.0,48.0,4.0,0.0,38.0,6.0,33.0,0.0,1.0,3.0,2.0,37.0,2.0,12.0,8.0,4.0,7.0,6.0,3.0,8.0,32.0,62.0,19.0,4.0,4.0,34.0,1.0,1.0,2.0,38.0,15.0,1.0,1.0,47.0,8.0,0.0,16.0,13.0,0.0,1.0,12.0,5.0,21.0,0.0,9.0,0.0,1.0,4.0,3.0,5.0,6.0,1.0,7.0,0.0,32.0,2.0,0.0,0.0,8.0,36.0,0.0,0.0,4.0,0.0,14.0,1.0,0.0
75,302144631.0,10.0,1.0,5.0,5.0,0.0,7.0,9.0,5.0,8.0,28.0,3.0,2.0,0.0,7.0,0.0,5.0,5.0,3.0,0.0,6.0,2.0,5.0,6.0,10.0,3.0,6.0,19.0,53.0,2.0,11.0,6.0,0.0,0.0,1.0,0.0,4.0,19.0,40.0,1.0,0.0,2.0,0.0,0.0,34.0,83.0,2.0,2.0,12.0,10.0,6.0,1.0,80.0,14.0,0.0,10.0,21.0,15.0,14.0,0.0,0.0,3.0,2.0,20.0,49.0,2.0,3.0,0.0,0.0,9.0,4.0,0.0,5.0,0.0,1.0,0.0,3.0,42.0,10.0,1.0,0.0,0.0,3.0,60.0,0.0,4.0,117.0,0.0,2.0,12.0,0.0,0.0,2.0,0.0,14.0,4.0,0.0,0.0,0.0,0.0,2.0,0.0,0.0
76,305163986.0,163.0,17.0,34.0,63.0,20.0,137.0,148.0,23.0,159.0,1.0,37.0,21.0,7.0,95.0,7.0,98.0,91.0,10.0,3.0,166.0,53.0,65.0,120.0,153.0,52.0,24.0,3.0,6.0,26.0,25.0,168.0,6.0,7.0,7.0,6.0,56.0,190.0,6.0,10.0,28.0,105.0,15.0,2.0,1.0,90.0,20.0,27.0,66.0,114.0,102.0,26.0,25.0,41.0,5.0,121.0,171.0,108.0,171.0,2.0,10.0,58.0,17.0,3.0,9.0,40.0,50.0,6.0,2.0,206.0,44.0,0.0,72.0,28.0,12.0,3.0,0.0,10.0,123.0,19.0,21.0,1.0,25.0,14.0,11.0,5.0,65.0,0.0,30.0,2.0,48.0,4.0,9.0,6.0,33.0,84.0,0.0,0.0,8.0,15.0,16.0,2.0,0.0
77,306977093.0,17.0,3.0,3.0,17.0,0.0,17.0,19.0,7.0,19.0,14.0,2.0,4.0,1.0,17.0,1.0,14.0,11.0,0.0,1.0,11.0,12.0,10.0,9.0,13.0,4.0,0.0,8.0,23.0,3.0,5.0,12.0,1.0,1.0,2.0,0.0,8.0,32.0,20.0,1.0,4.0,5.0,0.0,0.0,9.0,28.0,1.0,11.0,6.0,22.0,14.0,1.0,48.0,9.0,0.0,7.0,25.0,28.0,16.0,0.0,2.0,8.0,3.0,6.0,11.0,4.0,10.0,1.0,0.0,24.0,13.0,0.0,7.0,8.0,5.0,42.0,10.0,0.0,24.0,1.0,4.0,1.0,2.0,26.0,1.0,4.0,33.0,0.0,6.0,3.0,10.0,0.0,1.0,1.0,10.0,17.0,0.0,0.0,3.0,0.0,2.0,1.0,0.0
78,311491063.0,218.0,13.0,38.0,81.0,10.0,213.0,157.0,20.0,196.0,2.0,22.0,15.0,13.0,135.0,7.0,115.0,123.0,13.0,7.0,243.0,96.0,78.0,122.0,169.0,57.0,23.0,7.0,11.0,30.0,18.0,150.0,7.0,6.0,11.0,11.0,67.0,220.0,13.0,7.0,35.0,55.0,18.0,7.0,1.0,76.0,17.0,46.0,33.0,149.0,138.0,27.0,39.0,48.0,9.0,149.0,340.0,154.0,224.0,4.0,10.0,104.0,18.0,5.0,8.0,76.0,85.0,17.0,5.0,246.0,99.0,0.0,96.0,36.0,21.0,10.0,123.0,24.0,0.0,3.0,35.0,1.0,30.0,20.0,12.0,9.0,70.0,3.0,104.0,1.0,61.0,4.0,3.0,7.0,49.0,177.0,1.0,1.0,13.0,8.0,44.0,2.0,0.0
79,313799444.0,1.0,0.0,2.0,1.0,15.0,14.0,4.0,0.0,0.0,0.0,35.0,15.0,1.0,1.0,5.0,0.0,3.0,1.0,1.0,2.0,3.0,4.0,8.0,24.0,2.0,8.0,0.0,1.0,0.0,49.0,0.0,0.0,9.0,0.0,0.0,15.0,5.0,0.0,0.0,0.0,17.0,1.0,0.0,0.0,24.0,1.0,0.0,6.0,11.0,18.0,29.0,1.0,44.0,0.0,7.0,5.0,0.0,11.0,0.0,1.0,0.0,3.0,0.0,7.0,2.0,0.0,0.0,0.0,8.0,9.0,0.0,0.0,0.0,0.0,1.0,19.0,1.0,3.0,0.0,0.0,0.0,2.0,0.0,1.0,0.0,56.0,0.0,21.0,1.0,0.0,0.0,205.0,1.0,1.0,0.0,0.0,0.0,0.0,0.0,0.0,0.0,2.0
80,316006382.0,29.0,1.0,6.0,9.0,1.0,25.0,18.0,4.0,30.0,1.0,0.0,1.0,0.0,44.0,0.0,71.0,29.0,2.0,2.0,56.0,25.0,13.0,13.0,23.0,3.0,2.0,1.0,1.0,6.0,11.0,77.0,0.0,1.0,4.0,1.0,6.0,59.0,2.0,1.0,35.0,14.0,12.0,0.0,0.0,14.0,3.0,12.0,4.0,18.0,10.0,7.0,6.0,5.0,2.0,15.0,47.0,43.0,28.0,7.0,0.0,44.0,4.0,0.0,2.0,17.0,49.0,0.0,1.0,112.0,19.0,0.0,32.0,14.0,9.0,0.0,21.0,4.0,35.0,0.0,0.0,0.0,4.0,0.0,0.0,0.0,10.0,0.0,4.0,0.0,33.0,2.0,0.0,2.0,5.0,58.0,0.0,0.0,0.0,3.0,9.0,0.0,0.0
81,317262357.0,1.0,0.0,0.0,1.0,0.0,1.0,1.0,1.0,3.0,0.0,0.0,1.0,0.0,1.0,4.0,1.0,1.0,0.0,0.0,1.0,1.0,0.0,2.0,1.0,1.0,0.0,0.0,0.0,0.0,0.0,1.0,0.0,0.0,0.0,0.0,1.0,1.0,0.0,0.0,0.0,0.0,0.0,0.0,0.0,0.0,0.0,0.0,0.0,1.0,1.0,0.0,0.0,1.0,0.0,1.0,2.0,1.0,0.0,0.0,0.0,0.0,1.0,0.0,0.0,1.0,0.0,1.0,0.0,1.0,1.0,0.0,0.0,1.0,0.0,0.0,1.0,1.0,1.0,0.0,0.0,0.0,0.0,0.0,1.0,0.0,0.0,0.0,1.0,0.0,1.0,0.0,0.0,0.0,1.0,1.0,0.0,0.0,1.0,0.0,0.0,0.0,0.0
