,0,1,2,3,4,5,6,7,8,9,10,11,12,13,14,15,16,17,18,19,20,21,22,23,24,25,26,27,28,29,30,31,32,33,34,35,36,37,38,39,40,41,42,43,44,45,46,47,48,49,50,51,52,53,54,55,56,57,58,59,60,61,62,63,64,65,66,67,68,69,70,71,72,73,74,75,76,77,78,79,80,81,82,83,84,85,86,87,88,89,90,91,92,93,94,95,96,97,98,99,100,101,102,103,104,105,106,107,108
0,-1.0,6332882.0,9138602.0,15138684.0,15179702.0,16067592.0,17230082.0,18484284.0,18594520.0,19712559.0,22299984.0,23792734.0,25927032.0,26048553.0,28565521.0,29750612.0,30211072.0,32358289.0,41560467.0,43688214.0,47247868.0,48495906.0,48959778.0,49817093.0,49928961.0,54675238.0,69048174.0,69772862.0,70468048.0,73052821.0,74481416.0,86828262.0,87250666.0,91747884.0,108021761.0,109982213.0,117482917.0,123610994.0,124203870.0,125797024.0,126410054.0,132001846.0,135643063.0,142770380.0,150881077.0,156277913.0,159644517.0,175109934.0,186485330.0,194594896.0,220119286.0,225185044.0,226590372.0,230637111.0,238169051.0,244042517.0,244152633.0,244529400.0,245027772.0,246312432.0,247251614.0,250334613.0,254766784.0,255343133.0,257747817.0,263022323.0,263515257.0,263607988.0,266620405.0,267190152.0,268529448.0,269680826.0,279039469.0,283022885.0,284342900.0,288599704.0,289975846.0,290039931.0,290748225.0,292999669.0,293461847.0,294280010.0,294523668.0,302114430.0,302144631.0,304677043.0,313799444.0,318368471.0,321612773.0,358127799.0,359509980.0,365900601.0,369028288.0,370501016.0,374225825.0,381696542.0,388082574.0,388466657.0,389823625.0,402037439.0,405174180.0,406558256.0,412575180.0,416174910.0,416701673.0,425840443.0,430123127.0,434626652.0,439616909.0
1,6332882.0,0.0,3.0,9.0,2.0,7.0,11.0,3.0,1.0,0.0,3.0,4.0,0.0,10.0,0.0,3.0,0.0,1.0,0.0,0.0,6.0,2.0,6.0,6.0,1.0,3.0,2.0,0.0,2.0,2.0,1.0,0.0,1.0,9.0,2.0,12.0,4.0,3.0,1.0,4.0,1.0,1.0,2.0,0.0,10.0,1.0,0.0,2.0,0.0,8.0,0.0,7.0,6.0,2.0,1.0,1.0,4.0,0.0,1.0,1.0,16.0,1.0,0.0,1.0,0.0,3.0,5.0,3.0,0.0,0.0,1.0,0.0,0.0,0.0,2.0,0.0,0.0,0.0,0.0,0.0,0.0,3.0,0.0,0.0,1.0,0.0,0.0,2.0,0.0,3.0,12.0,2.0,7.0,0.0,0.0,2.0,0.0,4.0,2.0,2.0,0.0,0.0,7.0,2.0,0.0,0.0,5.0,2.0,0.0
2,9138602.0,3.0,0.0,78.0,1.0,84.0,64.0,58.0,18.0,0.0,20.0,29.0,0.0,55.0,5.0,31.0,21.0,23.0,20.0,44.0,26.0,61.0,48.0,133.0,103.0,35.0,55.0,0.0,15.0,154.0,47.0,9.0,4.0,18.0,16.0,75.0,12.0,9.0,99.0,78.0,8.0,4.0,47.0,17.0,22.0,119.0,111.0,21.0,14.0,55.0,0.0,30.0,98.0,25.0,77.0,19.0,59.0,60.0,11.0,63.0,36.0,27.0,2.0,51.0,17.0,54.0,7.0,59.0,6.0,44.0,63.0,0.0,54.0,18.0,30.0,0.0,9.0,84.0,16.0,1.0,17.0,22.0,0.0,13.0,2.0,1.0,3.0,13.0,3.0,189.0,20.0,19.0,44.0,0.0,0.0,12.0,3.0,137.0,7.0,45.0,15.0,0.0,11.0,19.0,25.0,1.0,13.0,57.0,0.0
3,15138684.0,9.0,78.0,0.0,11.0,424.0,504.0,87.0,45.0,3.0,31.0,86.0,6.0,283.0,40.0,109.0,9.0,106.0,47.0,21.0,32.0,242.0,104.0,419.0,31.0,52.0,43.0,1.0,17.0,294.0,98.0,14.0,16.0,65.0,20.0,228.0,71.0,24.0,165.0,207.0,34.0,15.0,24.0,33.0,119.0,32.0,18.0,89.0,25.0,209.0,0.0,69.0,601.0,31.0,94.0,3.0,165.0,80.0,25.0,25.0,102.0,39.0,4.0,97.0,48.0,210.0,39.0,105.0,5.0,8.0,166.0,0.0,41.0,116.0,41.0,0.0,13.0,240.0,50.0,7.0,14.0,103.0,0.0,6.0,13.0,2.0,0.0,9.0,0.0,186.0,67.0,17.0,89.0,3.0,1.0,19.0,1.0,73.0,4.0,191.0,18.0,0.0,36.0,18.0,27.0,6.0,16.0,226.0,0.0
4,15179702.0,2.0,1.0,11.0,0.0,1.0,4.0,3.0,2.0,0.0,1.0,1.0,0.0,58.0,1.0,1.0,0.0,5.0,0.0,0.0,0.0,2.0,0.0,9.0,0.0,1.0,1.0,0.0,0.0,2.0,1.0,2.0,1.0,1.0,0.0,22.0,2.0,2.0,0.0,0.0,9.0,0.0,0.0,0.0,9.0,0.0,1.0,0.0,1.0,0.0,0.0,15.0,3.0,0.0,1.0,0.0,0.0,0.0,0.0,0.0,8.0,2.0,0.0,0.0,1.0,3.0,42.0,3.0,0.0,0.0,1.0,0.0,0.0,1.0,0.0,0.0,0.0,0.0,0.0,0.0,0.0,1.0,0.0,0.0,1.0,0.0,0.0,0.0,0.0,2.0,35.0,1.0,9.0,1.0,0.0,0.0,0.0,2.0,1.0,1.0,0.0,0.0,11.0,0.0,2.0,0.0,0.0,1.0,0.0
5,16067592.0,7.0,84.0,424.0,1.0,0.0,643.0,76.0,49.0,7.0,32.0,84.0,4.0,289.0,33.0,111.0,19.0,128.0,37.0,32.0,49.0,392.0,124.0,499.0,41.0,67.0,41.0,13.0,19.0,326.0,112.0,22.0,25.0,67.0,16.0,294.0,120.0,17.0,222.0,221.0,16.0,20.0,24.0,43.0,148.0,53.0,18.0,146.0,12.0,190.0,0.0,48.0,264.0,28.0,171.0,4.0,184.0,118.0,27.0,38.0,70.0,71.0,8.0,134.0,35.0,258.0,40.0,141.0,10.0,18.0,202.0,0.0,76.0,122.0,57.0,0.0,29.0,326.0,64.0,11.0,34.0,101.0,0.0,11.0,26.0,2.0,3.0,13.0,0.0,238.0,148.0,21.0,118.0,5.0,1.0,22.0,4.0,83.0,16.0,259.0,24.0,0.0,27.0,18.0,25.0,5.0,13.0,273.0,0.0
6,17230082.0,11.0,64.0,504.0,4.0,643.0,0.0,117.0,57.0,10.0,54.0,116.0,14.0,344.0,63.0,227.0,20.0,159.0,37.0,33.0,57.0,504.0,186.0,844.0,35.0,45.0,53.0,16.0,29.0,259.0,162.0,15.0,76.0,95.0,23.0,475.0,97.0,39.0,255.0,490.0,32.0,27.0,29.0,43.0,286.0,66.0,16.0,80.0,25.0,502.0,0.0,108.0,428.0,34.0,98.0,12.0,337.0,119.0,36.0,41.0,151.0,60.0,4.0,105.0,48.0,246.0,121.0,218.0,11.0,25.0,252.0,0.0,67.0,202.0,61.0,0.0,28.0,498.0,57.0,7.0,31.0,175.0,0.0,8.0,32.0,2.0,2.0,15.0,0.0,330.0,224.0,18.0,212.0,6.0,1.0,35.0,5.0,118.0,9.0,434.0,35.0,0.0,65.0,22.0,25.0,8.0,15.0,406.0,0.0
7,18484284.0,3.0,58.0,87.0,3.0,76.0,117.0,0.0,17.0,21.0,22.0,28.0,34.0,43.0,10.0,37.0,6.0,34.0,14.0,11.0,57.0,46.0,52.0,119.0,42.0,24.0,37.0,0.0,22.0,80.0,58.0,14.0,14.0,10.0,22.0,124.0,44.0,8.0,42.0,48.0,19.0,23.0,17.0,24.0,111.0,14.0,17.0,8.0,15.0,56.0,0.0,52.0,127.0,34.0,30.0,16.0,69.0,26.0,13.0,31.0,54.0,56.0,2.0,41.0,35.0,42.0,77.0,56.0,9.0,4.0,27.0,0.0,8.0,17.0,23.0,0.0,5.0,60.0,7.0,2.0,3.0,30.0,0.0,1.0,86.0,0.0,9.0,20.0,0.0,95.0,83.0,14.0,130.0,17.0,0.0,19.0,13.0,28.0,8.0,32.0,11.0,1.0,12.0,17.0,34.0,9.0,14.0,39.0,0.0
8,18594520.0,1.0,18.0,45.0,2.0,49.0,57.0,17.0,0.0,2.0,2.0,8.0,0.0,21.0,1.0,16.0,2.0,10.0,10.0,4.0,1.0,16.0,17.0,43.0,10.0,16.0,13.0,1.0,6.0,36.0,12.0,4.0,1.0,8.0,1.0,52.0,15.0,7.0,23.0,18.0,14.0,7.0,4.0,6.0,33.0,12.0,5.0,16.0,1.0,25.0,0.0,14.0,46.0,5.0,8.0,3.0,19.0,12.0,5.0,1.0,23.0,12.0,0.0,11.0,10.0,15.0,16.0,16.0,1.0,1.0,23.0,0.0,5.0,7.0,3.0,0.0,1.0,23.0,2.0,0.0,1.0,13.0,0.0,1.0,5.0,0.0,0.0,7.0,0.0,31.0,28.0,9.0,38.0,2.0,0.0,1.0,5.0,17.0,2.0,16.0,0.0,0.0,4.0,1.0,3.0,3.0,5.0,20.0,0.0
9,19712559.0,0.0,0.0,3.0,0.0,7.0,10.0,21.0,2.0,0.0,0.0,0.0,1.0,3.0,1.0,6.0,0.0,1.0,1.0,0.0,0.0,0.0,0.0,8.0,0.0,0.0,0.0,0.0,1.0,1.0,3.0,1.0,0.0,0.0,0.0,23.0,12.0,0.0,1.0,0.0,0.0,10.0,0.0,1.0,29.0,1.0,0.0,1.0,0.0,8.0,0.0,3.0,1.0,0.0,0.0,0.0,4.0,1.0,0.0,0.0,2.0,27.0,0.0,0.0,14.0,1.0,26.0,2.0,0.0,0.0,1.0,0.0,0.0,1.0,0.0,0.0,1.0,2.0,0.0,0.0,0.0,0.0,0.0,0.0,28.0,0.0,0.0,0.0,0.0,1.0,22.0,0.0,28.0,10.0,0.0,0.0,3.0,0.0,0.0,1.0,0.0,0.0,1.0,0.0,0.0,1.0,0.0,1.0,0.0
10,22299984.0,3.0,20.0,31.0,1.0,32.0,54.0,22.0,2.0,0.0,0.0,20.0,2.0,18.0,5.0,3.0,0.0,17.0,2.0,2.0,11.0,14.0,23.0,78.0,6.0,26.0,22.0,0.0,9.0,31.0,7.0,1.0,6.0,2.0,13.0,52.0,1.0,10.0,9.0,10.0,6.0,3.0,14.0,2.0,17.0,5.0,8.0,0.0,12.0,11.0,0.0,23.0,60.0,11.0,2.0,2.0,12.0,7.0,2.0,11.0,26.0,4.0,0.0,16.0,8.0,26.0,6.0,41.0,5.0,1.0,7.0,0.0,1.0,4.0,18.0,0.0,1.0,26.0,2.0,0.0,1.0,18.0,0.0,1.0,0.0,0.0,2.0,5.0,0.0,41.0,9.0,18.0,23.0,0.0,0.0,6.0,1.0,20.0,4.0,7.0,14.0,1.0,24.0,9.0,20.0,0.0,9.0,29.0,0.0
11,23792734.0,4.0,29.0,86.0,1.0,84.0,116.0,28.0,8.0,0.0,20.0,0.0,4.0,36.0,7.0,20.0,1.0,30.0,11.0,8.0,20.0,67.0,40.0,95.0,19.0,24.0,23.0,1.0,11.0,59.0,33.0,3.0,6.0,17.0,12.0,66.0,26.0,6.0,38.0,44.0,3.0,3.0,16.0,14.0,22.0,10.0,12.0,16.0,10.0,44.0,0.0,36.0,86.0,16.0,30.0,5.0,51.0,35.0,6.0,12.0,22.0,15.0,2.0,33.0,15.0,54.0,4.0,42.0,6.0,1.0,41.0,0.0,12.0,23.0,29.0,0.0,8.0,74.0,12.0,2.0,6.0,27.0,0.0,2.0,1.0,0.0,1.0,6.0,0.0,63.0,9.0,4.0,22.0,0.0,0.0,9.0,0.0,25.0,1.0,50.0,13.0,0.0,16.0,15.0,14.0,4.0,6.0,45.0,0.0
12,25927032.0,0.0,0.0,6.0,0.0,4.0,14.0,34.0,0.0,1.0,2.0,4.0,0.0,11.0,11.0,2.0,2.0,14.0,3.0,1.0,23.0,8.0,7.0,9.0,3.0,6.0,0.0,2.0,0.0,1.0,2.0,2.0,60.0,1.0,1.0,11.0,1.0,2.0,4.0,3.0,1.0,1.0,1.0,1.0,26.0,1.0,0.0,0.0,1.0,5.0,0.0,14.0,5.0,4.0,3.0,2.0,4.0,2.0,0.0,1.0,10.0,1.0,0.0,5.0,1.0,11.0,158.0,50.0,0.0,2.0,3.0,0.0,1.0,8.0,0.0,0.0,0.0,15.0,1.0,0.0,0.0,12.0,0.0,0.0,0.0,1.0,11.0,0.0,0.0,11.0,8.0,1.0,5.0,0.0,0.0,4.0,1.0,2.0,2.0,3.0,1.0,0.0,3.0,0.0,7.0,0.0,0.0,19.0,0.0
13,26048553.0,10.0,55.0,283.0,58.0,289.0,344.0,43.0,21.0,3.0,18.0,36.0,11.0,0.0,28.0,55.0,16.0,210.0,34.0,15.0,6.0,254.0,75.0,374.0,28.0,87.0,30.0,4.0,6.0,287.0,62.0,48.0,43.0,59.0,5.0,285.0,54.0,91.0,165.0,195.0,59.0,9.0,20.0,41.0,96.0,46.0,28.0,123.0,11.0,237.0,0.0,52.0,115.0,10.0,191.0,2.0,110.0,73.0,10.0,10.0,134.0,47.0,5.0,69.0,22.0,230.0,183.0,129.0,4.0,14.0,177.0,0.0,53.0,105.0,26.0,0.0,17.0,233.0,70.0,6.0,26.0,66.0,0.0,7.0,8.0,2.0,6.0,1.0,0.0,102.0,147.0,55.0,116.0,2.0,1.0,9.0,5.0,42.0,45.0,178.0,8.0,0.0,88.0,3.0,18.0,5.0,25.0,233.0,0.0
14,28565521.0,0.0,5.0,40.0,1.0,33.0,63.0,10.0,1.0,1.0,5.0,7.0,11.0,28.0,0.0,7.0,2.0,10.0,5.0,1.0,7.0,34.0,17.0,49.0,4.0,5.0,6.0,0.0,5.0,19.0,9.0,3.0,2.0,4.0,3.0,30.0,7.0,3.0,17.0,44.0,4.0,2.0,4.0,4.0,40.0,4.0,2.0,7.0,4.0,61.0,0.0,22.0,22.0,4.0,13.0,0.0,15.0,5.0,1.0,5.0,21.0,6.0,1.0,11.0,2.0,35.0,6.0,11.0,1.0,1.0,15.0,0.0,2.0,15.0,5.0,0.0,0.0,33.0,12.0,0.0,0.0,13.0,0.0,0.0,1.0,1.0,1.0,1.0,0.0,14.0,9.0,3.0,9.0,0.0,0.0,2.0,1.0,11.0,1.0,14.0,2.0,0.0,5.0,3.0,5.0,0.0,0.0,28.0,0.0
15,29750612.0,3.0,31.0,109.0,1.0,111.0,227.0,37.0,16.0,6.0,3.0,20.0,2.0,55.0,7.0,0.0,11.0,20.0,9.0,26.0,9.0,88.0,32.0,164.0,16.0,4.0,11.0,1.0,4.0,63.0,126.0,23.0,4.0,41.0,7.0,95.0,17.0,6.0,75.0,132.0,2.0,11.0,13.0,13.0,82.0,38.0,5.0,17.0,2.0,144.0,0.0,13.0,37.0,8.0,24.0,10.0,221.0,50.0,57.0,43.0,18.0,17.0,3.0,18.0,11.0,52.0,17.0,18.0,1.0,14.0,81.0,0.0,24.0,62.0,18.0,0.0,9.0,133.0,8.0,5.0,14.0,24.0,0.0,6.0,9.0,1.0,0.0,19.0,0.0,103.0,51.0,3.0,31.0,4.0,1.0,38.0,0.0,40.0,1.0,111.0,1.0,0.0,5.0,5.0,4.0,0.0,2.0,72.0,0.0
16,30211072.0,0.0,21.0,9.0,0.0,19.0,20.0,6.0,2.0,0.0,0.0,1.0,2.0,16.0,2.0,11.0,0.0,2.0,3.0,16.0,2.0,44.0,11.0,109.0,37.0,1.0,0.0,0.0,0.0,17.0,14.0,1.0,3.0,5.0,1.0,23.0,1.0,0.0,65.0,61.0,0.0,3.0,2.0,0.0,4.0,97.0,5.0,3.0,0.0,18.0,0.0,3.0,2.0,1.0,27.0,26.0,24.0,66.0,5.0,13.0,1.0,8.0,5.0,7.0,3.0,17.0,1.0,6.0,5.0,19.0,55.0,0.0,43.0,24.0,18.0,0.0,18.0,69.0,3.0,4.0,43.0,8.0,0.0,8.0,1.0,9.0,1.0,0.0,2.0,78.0,9.0,2.0,4.0,0.0,2.0,0.0,1.0,30.0,1.0,49.0,0.0,0.0,1.0,0.0,2.0,0.0,0.0,25.0,0.0
17,32358289.0,1.0,23.0,106.0,5.0,128.0,159.0,34.0,10.0,1.0,17.0,30.0,14.0,210.0,10.0,20.0,2.0,0.0,29.0,7.0,8.0,96.0,36.0,173.0,10.0,49.0,19.0,3.0,9.0,132.0,18.0,14.0,21.0,21.0,5.0,134.0,40.0,37.0,50.0,58.0,27.0,7.0,12.0,22.0,39.0,15.0,17.0,63.0,4.0,64.0,0.0,48.0,78.0,9.0,78.0,1.0,43.0,20.0,4.0,7.0,59.0,22.0,2.0,28.0,12.0,113.0,88.0,110.0,2.0,2.0,69.0,0.0,21.0,40.0,18.0,0.0,6.0,89.0,30.0,2.0,10.0,27.0,0.0,3.0,4.0,0.0,8.0,3.0,0.0,40.0,48.0,21.0,56.0,1.0,0.0,8.0,2.0,30.0,23.0,52.0,7.0,0.0,75.0,4.0,19.0,3.0,16.0,134.0,0.0
18,41560467.0,0.0,20.0,47.0,0.0,37.0,37.0,14.0,10.0,1.0,2.0,11.0,3.0,34.0,5.0,9.0,3.0,29.0,0.0,4.0,6.0,25.0,14.0,33.0,13.0,15.0,10.0,0.0,3.0,48.0,11.0,10.0,8.0,9.0,1.0,33.0,9.0,7.0,23.0,34.0,3.0,3.0,4.0,11.0,14.0,4.0,9.0,13.0,1.0,23.0,0.0,15.0,56.0,8.0,28.0,2.0,16.0,6.0,2.0,4.0,9.0,9.0,2.0,20.0,7.0,33.0,16.0,26.0,1.0,1.0,22.0,0.0,6.0,13.0,6.0,0.0,2.0,36.0,13.0,0.0,0.0,13.0,0.0,1.0,1.0,0.0,1.0,1.0,0.0,20.0,11.0,3.0,16.0,1.0,0.0,2.0,0.0,12.0,1.0,13.0,1.0,1.0,3.0,2.0,5.0,0.0,3.0,29.0,0.0
19,43688214.0,0.0,44.0,21.0,0.0,32.0,33.0,11.0,4.0,0.0,2.0,8.0,1.0,15.0,1.0,26.0,16.0,7.0,4.0,0.0,4.0,34.0,12.0,69.0,18.0,4.0,9.0,0.0,4.0,27.0,55.0,2.0,6.0,10.0,2.0,24.0,5.0,1.0,49.0,39.0,1.0,3.0,5.0,6.0,12.0,34.0,6.0,8.0,0.0,27.0,0.0,4.0,12.0,4.0,17.0,8.0,43.0,36.0,13.0,48.0,4.0,12.0,3.0,10.0,5.0,30.0,2.0,7.0,4.0,20.0,51.0,0.0,29.0,22.0,10.0,0.0,6.0,54.0,8.0,2.0,15.0,15.0,0.0,4.0,2.0,3.0,0.0,5.0,1.0,63.0,6.0,0.0,5.0,0.0,0.0,16.0,0.0,37.0,0.0,40.0,1.0,0.0,1.0,7.0,4.0,0.0,0.0,35.0,0.0
20,47247868.0,6.0,26.0,32.0,0.0,49.0,57.0,57.0,1.0,0.0,11.0,20.0,23.0,6.0,7.0,9.0,2.0,8.0,6.0,4.0,0.0,22.0,32.0,42.0,14.0,10.0,11.0,0.0,9.0,25.0,18.0,5.0,21.0,12.0,8.0,33.0,17.0,3.0,15.0,19.0,2.0,1.0,5.0,2.0,28.0,4.0,9.0,2.0,9.0,20.0,0.0,16.0,70.0,51.0,15.0,7.0,23.0,12.0,3.0,12.0,28.0,5.0,1.0,28.0,3.0,31.0,59.0,19.0,2.0,2.0,12.0,0.0,2.0,7.0,22.0,0.0,0.0,30.0,6.0,1.0,2.0,25.0,0.0,1.0,2.0,0.0,43.0,5.0,0.0,63.0,6.0,2.0,27.0,0.0,0.0,23.0,0.0,20.0,0.0,10.0,13.0,1.0,6.0,14.0,24.0,2.0,4.0,26.0,0.0
21,48495906.0,2.0,61.0,242.0,2.0,392.0,504.0,46.0,16.0,0.0,14.0,67.0,8.0,254.0,34.0,88.0,44.0,96.0,25.0,34.0,22.0,0.0,152.0,472.0,43.0,43.0,27.0,36.0,7.0,173.0,110.0,22.0,49.0,69.0,9.0,238.0,51.0,22.0,274.0,252.0,12.0,10.0,15.0,64.0,73.0,109.0,9.0,78.0,9.0,262.0,0.0,44.0,120.0,18.0,189.0,1.0,167.0,169.0,14.0,29.0,66.0,38.0,11.0,78.0,19.0,266.0,20.0,112.0,11.0,41.0,236.0,0.0,121.0,149.0,50.0,0.0,37.0,418.0,89.0,12.0,62.0,134.0,0.0,24.0,6.0,6.0,2.0,1.0,1.0,237.0,60.0,15.0,77.0,1.0,3.0,13.0,2.0,76.0,7.0,304.0,7.0,0.0,19.0,12.0,20.0,9.0,7.0,265.0,0.0
22,48959778.0,6.0,48.0,104.0,0.0,124.0,186.0,52.0,17.0,0.0,23.0,40.0,7.0,75.0,17.0,32.0,11.0,36.0,14.0,12.0,32.0,152.0,0.0,187.0,30.0,32.0,32.0,8.0,15.0,84.0,46.0,3.0,34.0,28.0,8.0,121.0,39.0,8.0,103.0,88.0,9.0,9.0,17.0,13.0,56.0,32.0,10.0,8.0,9.0,117.0,0.0,36.0,94.0,23.0,63.0,2.0,77.0,59.0,7.0,21.0,53.0,17.0,3.0,57.0,20.0,109.0,16.0,53.0,6.0,17.0,59.0,0.0,44.0,51.0,38.0,0.0,17.0,183.0,27.0,3.0,11.0,72.0,0.0,4.0,2.0,3.0,3.0,10.0,0.0,162.0,25.0,15.0,58.0,0.0,1.0,12.0,1.0,63.0,12.0,126.0,8.0,0.0,16.0,18.0,13.0,3.0,14.0,99.0,0.0
23,49817093.0,6.0,133.0,419.0,9.0,499.0,844.0,119.0,43.0,8.0,78.0,95.0,9.0,374.0,49.0,164.0,109.0,173.0,33.0,69.0,42.0,472.0,187.0,0.0,68.0,66.0,67.0,0.0,18.0,338.0,191.0,25.0,62.0,73.0,53.0,466.0,75.0,40.0,431.0,454.0,26.0,35.0,37.0,43.0,158.0,309.0,29.0,69.0,35.0,328.0,0.0,83.0,358.0,26.0,155.0,9.0,265.0,286.0,29.0,84.0,114.0,90.0,21.0,118.0,72.0,319.0,45.0,240.0,28.0,112.0,371.0,0.0,188.0,194.0,98.0,0.0,51.0,707.0,54.0,17.0,122.0,180.0,0.0,34.0,18.0,18.0,3.0,18.0,3.0,605.0,149.0,22.0,140.0,5.0,2.0,37.0,4.0,179.0,9.0,437.0,60.0,2.0,107.0,31.0,42.0,6.0,27.0,558.0,0.0
24,49928961.0,1.0,103.0,31.0,0.0,41.0,35.0,42.0,10.0,0.0,6.0,19.0,3.0,28.0,4.0,16.0,37.0,10.0,13.0,18.0,14.0,43.0,30.0,68.0,0.0,16.0,26.0,2.0,7.0,53.0,24.0,2.0,5.0,8.0,14.0,29.0,7.0,6.0,34.0,23.0,4.0,4.0,16.0,7.0,18.0,43.0,38.0,13.0,6.0,30.0,0.0,19.0,44.0,14.0,40.0,59.0,25.0,20.0,16.0,24.0,16.0,15.0,3.0,34.0,5.0,31.0,8.0,44.0,2.0,22.0,32.0,0.0,17.0,9.0,14.0,0.0,7.0,41.0,8.0,1.0,5.0,17.0,0.0,4.0,4.0,1.0,4.0,5.0,0.0,72.0,13.0,6.0,25.0,1.0,0.0,8.0,0.0,48.0,2.0,12.0,3.0,0.0,6.0,9.0,10.0,3.0,5.0,24.0,0.0
25,54675238.0,3.0,35.0,52.0,1.0,67.0,45.0,24.0,16.0,0.0,26.0,24.0,6.0,87.0,5.0,4.0,1.0,49.0,15.0,4.0,10.0,43.0,32.0,66.0,16.0,0.0,20.0,1.0,7.0,65.0,9.0,6.0,7.0,9.0,6.0,81.0,9.0,36.0,37.0,12.0,17.0,7.0,10.0,14.0,22.0,10.0,16.0,20.0,3.0,41.0,0.0,25.0,66.0,9.0,58.0,1.0,22.0,13.0,1.0,9.0,51.0,16.0,0.0,28.0,11.0,82.0,29.0,45.0,2.0,3.0,28.0,0.0,12.0,16.0,16.0,0.0,6.0,51.0,17.0,3.0,5.0,19.0,0.0,4.0,10.0,0.0,5.0,3.0,0.0,40.0,10.0,67.0,60.0,1.0,0.0,1.0,2.0,18.0,30.0,25.0,12.0,0.0,28.0,4.0,20.0,4.0,23.0,43.0,0.0
26,69048174.0,2.0,55.0,43.0,1.0,41.0,53.0,37.0,13.0,0.0,22.0,23.0,0.0,30.0,6.0,11.0,0.0,19.0,10.0,9.0,11.0,27.0,32.0,67.0,26.0,20.0,0.0,0.0,12.0,61.0,27.0,6.0,5.0,8.0,8.0,42.0,8.0,5.0,26.0,28.0,6.0,7.0,22.0,10.0,22.0,8.0,24.0,10.0,13.0,22.0,0.0,19.0,50.0,15.0,20.0,8.0,25.0,24.0,6.0,24.0,26.0,12.0,0.0,34.0,19.0,27.0,7.0,36.0,9.0,9.0,26.0,0.0,7.0,12.0,20.0,0.0,6.0,40.0,2.0,2.0,7.0,14.0,0.0,7.0,2.0,0.0,0.0,9.0,0.0,60.0,15.0,10.0,27.0,0.0,0.0,5.0,0.0,24.0,3.0,12.0,8.0,1.0,13.0,11.0,11.0,1.0,9.0,22.0,0.0
27,69772862.0,0.0,0.0,1.0,0.0,13.0,16.0,0.0,1.0,0.0,0.0,1.0,2.0,4.0,0.0,1.0,0.0,3.0,0.0,0.0,0.0,36.0,8.0,0.0,2.0,1.0,0.0,0.0,0.0,2.0,2.0,0.0,0.0,0.0,0.0,2.0,1.0,0.0,1.0,2.0,0.0,0.0,0.0,0.0,0.0,0.0,0.0,3.0,0.0,3.0,0.0,1.0,3.0,1.0,10.0,0.0,0.0,0.0,0.0,0.0,2.0,1.0,0.0,3.0,0.0,13.0,0.0,2.0,0.0,0.0,4.0,0.0,1.0,2.0,0.0,0.0,0.0,6.0,0.0,0.0,0.0,1.0,0.0,0.0,0.0,0.0,0.0,0.0,0.0,3.0,2.0,1.0,2.0,0.0,0.0,0.0,0.0,1.0,0.0,0.0,0.0,0.0,1.0,0.0,0.0,1.0,0.0,4.0,0.0
28,70468048.0,2.0,15.0,17.0,0.0,19.0,29.0,22.0,6.0,1.0,9.0,11.0,0.0,6.0,5.0,4.0,0.0,9.0,3.0,4.0,9.0,7.0,15.0,18.0,7.0,7.0,12.0,0.0,0.0,17.0,14.0,1.0,2.0,4.0,7.0,25.0,7.0,6.0,11.0,14.0,8.0,3.0,7.0,3.0,13.0,7.0,5.0,1.0,7.0,13.0,0.0,10.0,23.0,5.0,3.0,8.0,9.0,5.0,2.0,9.0,15.0,4.0,0.0,9.0,9.0,8.0,3.0,14.0,7.0,0.0,9.0,0.0,2.0,2.0,10.0,0.0,2.0,15.0,0.0,1.0,2.0,5.0,0.0,1.0,1.0,0.0,1.0,5.0,0.0,19.0,7.0,8.0,14.0,1.0,0.0,7.0,1.0,19.0,1.0,5.0,3.0,0.0,9.0,7.0,4.0,0.0,3.0,10.0,0.0
29,73052821.0,2.0,154.0,294.0,2.0,326.0,259.0,80.0,36.0,1.0,31.0,59.0,1.0,287.0,19.0,63.0,17.0,132.0,48.0,27.0,25.0,173.0,84.0,338.0,53.0,65.0,61.0,2.0,17.0,0.0,96.0,26.0,13.0,55.0,15.0,225.0,68.0,13.0,155.0,161.0,20.0,17.0,53.0,40.0,89.0,54.0,87.0,134.0,16.0,120.0,0.0,34.0,191.0,24.0,160.0,6.0,137.0,74.0,22.0,49.0,75.0,72.0,9.0,97.0,40.0,177.0,27.0,123.0,16.0,21.0,161.0,0.0,54.0,77.0,47.0,0.0,21.0,216.0,49.0,7.0,23.0,64.0,0.0,15.0,6.0,0.0,0.0,13.0,0.0,183.0,66.0,20.0,89.0,5.0,1.0,14.0,6.0,83.0,9.0,120.0,25.0,2.0,36.0,14.0,23.0,6.0,24.0,222.0,0.0
30,74481416.0,1.0,47.0,98.0,1.0,112.0,162.0,58.0,12.0,3.0,7.0,33.0,2.0,62.0,9.0,126.0,14.0,18.0,11.0,55.0,18.0,110.0,46.0,191.0,24.0,9.0,27.0,2.0,14.0,96.0,0.0,30.0,8.0,30.0,4.0,88.0,20.0,4.0,85.0,123.0,3.0,5.0,22.0,18.0,80.0,39.0,10.0,23.0,9.0,80.0,0.0,10.0,55.0,8.0,37.0,16.0,164.0,54.0,67.0,155.0,22.0,19.0,6.0,36.0,17.0,64.0,11.0,32.0,7.0,16.0,110.0,0.0,37.0,76.0,27.0,0.0,13.0,145.0,19.0,6.0,24.0,41.0,0.0,8.0,5.0,6.0,0.0,18.0,0.0,110.0,25.0,4.0,38.0,3.0,0.0,73.0,0.0,53.0,2.0,95.0,7.0,0.0,6.0,16.0,8.0,1.0,4.0,93.0,0.0
31,86828262.0,0.0,9.0,14.0,2.0,22.0,15.0,14.0,4.0,1.0,1.0,3.0,2.0,48.0,3.0,23.0,1.0,14.0,10.0,2.0,5.0,22.0,3.0,25.0,2.0,6.0,6.0,0.0,1.0,26.0,30.0,0.0,5.0,13.0,1.0,54.0,12.0,2.0,18.0,31.0,8.0,2.0,6.0,12.0,26.0,10.0,5.0,19.0,0.0,28.0,0.0,8.0,5.0,2.0,28.0,0.0,26.0,9.0,5.0,16.0,16.0,8.0,0.0,5.0,4.0,22.0,14.0,12.0,2.0,2.0,19.0,0.0,7.0,16.0,3.0,0.0,2.0,28.0,0.0,0.0,3.0,7.0,0.0,0.0,1.0,0.0,1.0,0.0,0.0,13.0,27.0,0.0,15.0,1.0,0.0,10.0,2.0,7.0,3.0,12.0,5.0,1.0,5.0,1.0,1.0,1.0,7.0,18.0,0.0
32,87250666.0,1.0,4.0,16.0,1.0,25.0,76.0,14.0,1.0,0.0,6.0,6.0,60.0,43.0,2.0,4.0,3.0,21.0,8.0,6.0,21.0,49.0,34.0,62.0,5.0,7.0,5.0,0.0,2.0,13.0,8.0,5.0,0.0,5.0,1.0,47.0,3.0,3.0,32.0,43.0,5.0,0.0,5.0,6.0,20.0,10.0,0.0,6.0,0.0,43.0,0.0,6.0,14.0,8.0,17.0,1.0,22.0,14.0,1.0,1.0,27.0,5.0,1.0,5.0,0.0,39.0,74.0,95.0,2.0,7.0,21.0,0.0,16.0,20.0,5.0,0.0,2.0,73.0,15.0,2.0,7.0,68.0,0.0,0.0,1.0,1.0,6.0,2.0,0.0,52.0,4.0,5.0,17.0,0.0,0.0,8.0,3.0,6.0,5.0,45.0,7.0,0.0,10.0,0.0,5.0,0.0,2.0,59.0,0.0
33,91747884.0,9.0,18.0,65.0,1.0,67.0,95.0,10.0,8.0,0.0,2.0,17.0,1.0,59.0,4.0,41.0,5.0,21.0,9.0,10.0,12.0,69.0,28.0,73.0,8.0,9.0,8.0,0.0,4.0,55.0,30.0,13.0,5.0,0.0,4.0,64.0,13.0,2.0,37.0,58.0,3.0,4.0,3.0,105.0,29.0,13.0,3.0,21.0,2.0,68.0,0.0,8.0,18.0,5.0,24.0,3.0,45.0,29.0,7.0,7.0,15.0,8.0,1.0,17.0,4.0,30.0,4.0,15.0,2.0,10.0,52.0,0.0,12.0,42.0,9.0,0.0,5.0,57.0,13.0,4.0,7.0,18.0,0.0,4.0,3.0,0.0,1.0,1.0,0.0,37.0,28.0,1.0,21.0,2.0,0.0,5.0,0.0,24.0,2.0,63.0,0.0,0.0,0.0,1.0,1.0,0.0,1.0,54.0,0.0
34,108021761.0,2.0,16.0,20.0,0.0,16.0,23.0,22.0,1.0,0.0,13.0,12.0,1.0,5.0,3.0,7.0,1.0,5.0,1.0,2.0,8.0,9.0,8.0,53.0,14.0,6.0,8.0,0.0,7.0,15.0,4.0,1.0,1.0,4.0,0.0,13.0,1.0,8.0,5.0,7.0,6.0,3.0,7.0,1.0,7.0,1.0,2.0,1.0,3.0,10.0,0.0,26.0,44.0,6.0,5.0,4.0,9.0,5.0,8.0,5.0,18.0,1.0,0.0,6.0,3.0,10.0,8.0,17.0,3.0,1.0,6.0,0.0,0.0,2.0,5.0,0.0,0.0,6.0,0.0,0.0,1.0,7.0,0.0,0.0,1.0,0.0,6.0,2.0,0.0,20.0,101.0,2.0,20.0,0.0,0.0,5.0,0.0,8.0,0.0,10.0,7.0,0.0,4.0,5.0,5.0,0.0,1.0,10.0,0.0
35,109982213.0,12.0,75.0,228.0,22.0,294.0,475.0,124.0,52.0,23.0,52.0,66.0,11.0,285.0,30.0,95.0,23.0,134.0,33.0,24.0,33.0,238.0,121.0,466.0,29.0,81.0,42.0,2.0,25.0,225.0,88.0,54.0,47.0,64.0,13.0,0.0,103.0,41.0,155.0,224.0,61.0,41.0,21.0,44.0,338.0,93.0,17.0,51.0,13.0,272.0,0.0,110.0,154.0,27.0,120.0,3.0,168.0,106.0,22.0,26.0,228.0,89.0,9.0,63.0,59.0,205.0,400.0,157.0,7.0,31.0,170.0,0.0,64.0,97.0,54.0,0.0,21.0,291.0,38.0,6.0,39.0,73.0,0.0,15.0,68.0,2.0,2.0,15.0,1.0,231.0,273.0,40.0,386.0,26.0,3.0,14.0,22.0,106.0,25.0,189.0,32.0,0.0,75.0,13.0,24.0,11.0,25.0,200.0,0.0
36,117482917.0,4.0,12.0,71.0,2.0,120.0,97.0,44.0,15.0,12.0,1.0,26.0,1.0,54.0,7.0,17.0,1.0,40.0,9.0,5.0,17.0,51.0,39.0,75.0,7.0,9.0,8.0,1.0,7.0,68.0,20.0,12.0,3.0,13.0,1.0,103.0,0.0,3.0,37.0,31.0,9.0,13.0,9.0,14.0,56.0,1.0,3.0,37.0,1.0,34.0,0.0,19.0,36.0,14.0,95.0,0.0,31.0,10.0,9.0,2.0,25.0,42.0,1.0,36.0,12.0,77.0,42.0,30.0,3.0,0.0,24.0,0.0,7.0,11.0,1.0,0.0,2.0,37.0,4.0,0.0,1.0,13.0,0.0,0.0,30.0,0.0,2.0,1.0,0.0,28.0,52.0,2.0,106.0,26.0,0.0,5.0,11.0,11.0,3.0,33.0,1.0,0.0,6.0,4.0,2.0,6.0,4.0,53.0,0.0
37,123610994.0,3.0,9.0,24.0,2.0,17.0,39.0,8.0,7.0,0.0,10.0,6.0,2.0,91.0,3.0,6.0,0.0,37.0,7.0,1.0,3.0,22.0,8.0,40.0,6.0,36.0,5.0,0.0,6.0,13.0,4.0,2.0,3.0,2.0,8.0,41.0,3.0,0.0,13.0,10.0,10.0,3.0,3.0,5.0,13.0,4.0,5.0,1.0,0.0,92.0,0.0,13.0,9.0,3.0,12.0,1.0,2.0,1.0,1.0,2.0,56.0,2.0,0.0,3.0,5.0,34.0,22.0,27.0,1.0,2.0,12.0,0.0,3.0,8.0,2.0,0.0,1.0,18.0,6.0,0.0,0.0,6.0,0.0,0.0,5.0,0.0,4.0,1.0,0.0,7.0,8.0,34.0,26.0,0.0,3.0,3.0,2.0,8.0,10.0,8.0,1.0,0.0,34.0,0.0,7.0,0.0,8.0,25.0,0.0
38,124203870.0,1.0,99.0,165.0,0.0,222.0,255.0,42.0,23.0,1.0,9.0,38.0,4.0,165.0,17.0,75.0,65.0,50.0,23.0,49.0,15.0,274.0,103.0,431.0,34.0,37.0,26.0,1.0,11.0,155.0,85.0,18.0,32.0,37.0,5.0,155.0,37.0,13.0,0.0,276.0,10.0,7.0,19.0,32.0,38.0,181.0,10.0,41.0,5.0,180.0,0.0,8.0,124.0,15.0,124.0,4.0,145.0,178.0,14.0,33.0,36.0,41.0,13.0,69.0,16.0,183.0,12.0,75.0,19.0,73.0,210.0,0.0,145.0,133.0,43.0,0.0,37.0,390.0,42.0,15.0,70.0,103.0,0.0,21.0,5.0,12.0,1.0,2.0,1.0,299.0,29.0,11.0,59.0,4.0,3.0,11.0,5.0,96.0,14.0,278.0,3.0,1.0,11.0,13.0,9.0,4.0,9.0,190.0,0.0
39,125797024.0,4.0,78.0,207.0,0.0,221.0,490.0,48.0,18.0,0.0,10.0,44.0,3.0,195.0,44.0,132.0,61.0,58.0,34.0,39.0,19.0,252.0,88.0,454.0,23.0,12.0,28.0,2.0,14.0,161.0,123.0,31.0,43.0,58.0,7.0,224.0,31.0,10.0,276.0,0.0,8.0,6.0,27.0,30.0,77.0,170.0,19.0,38.0,15.0,328.0,0.0,41.0,135.0,17.0,85.0,9.0,231.0,121.0,17.0,41.0,47.0,34.0,7.0,57.0,23.0,158.0,11.0,59.0,20.0,57.0,244.0,0.0,80.0,167.0,43.0,0.0,25.0,419.0,38.0,8.0,63.0,79.0,0.0,12.0,3.0,10.0,0.0,9.0,2.0,273.0,42.0,5.0,49.0,1.0,4.0,20.0,2.0,107.0,7.0,267.0,9.0,0.0,11.0,11.0,6.0,3.0,7.0,164.0,0.0
40,126410054.0,1.0,8.0,34.0,9.0,16.0,32.0,19.0,14.0,0.0,6.0,3.0,1.0,59.0,4.0,2.0,0.0,27.0,3.0,1.0,2.0,12.0,9.0,26.0,4.0,17.0,6.0,0.0,8.0,20.0,3.0,8.0,5.0,3.0,6.0,61.0,9.0,10.0,10.0,8.0,0.0,7.0,2.0,3.0,28.0,5.0,1.0,3.0,3.0,15.0,0.0,22.0,28.0,3.0,17.0,1.0,4.0,2.0,1.0,1.0,34.0,2.0,0.0,4.0,10.0,20.0,43.0,9.0,1.0,0.0,12.0,0.0,1.0,5.0,1.0,0.0,0.0,15.0,2.0,0.0,1.0,3.0,0.0,0.0,2.0,0.0,0.0,1.0,0.0,12.0,29.0,16.0,35.0,1.0,0.0,0.0,0.0,8.0,9.0,6.0,3.0,0.0,16.0,2.0,3.0,0.0,7.0,12.0,0.0
41,132001846.0,1.0,4.0,15.0,0.0,20.0,27.0,23.0,7.0,10.0,3.0,3.0,1.0,9.0,2.0,11.0,3.0,7.0,3.0,3.0,1.0,10.0,9.0,35.0,4.0,7.0,7.0,0.0,3.0,17.0,5.0,2.0,0.0,4.0,3.0,41.0,13.0,3.0,7.0,6.0,7.0,0.0,1.0,3.0,39.0,4.0,0.0,0.0,1.0,15.0,0.0,8.0,10.0,3.0,6.0,0.0,15.0,6.0,2.0,3.0,13.0,23.0,0.0,4.0,15.0,10.0,14.0,9.0,0.0,1.0,13.0,0.0,3.0,7.0,2.0,0.0,2.0,17.0,1.0,0.0,2.0,3.0,0.0,0.0,19.0,0.0,0.0,6.0,0.0,16.0,37.0,6.0,37.0,11.0,0.0,0.0,1.0,9.0,2.0,6.0,0.0,0.0,4.0,1.0,0.0,2.0,5.0,5.0,0.0
42,135643063.0,2.0,47.0,24.0,0.0,24.0,29.0,17.0,4.0,0.0,14.0,16.0,1.0,20.0,4.0,13.0,2.0,12.0,4.0,5.0,5.0,15.0,17.0,37.0,16.0,10.0,22.0,0.0,7.0,53.0,22.0,6.0,5.0,3.0,7.0,21.0,9.0,3.0,19.0,27.0,2.0,1.0,0.0,7.0,9.0,11.0,44.0,4.0,3.0,12.0,0.0,12.0,25.0,5.0,17.0,9.0,15.0,8.0,5.0,28.0,8.0,10.0,0.0,12.0,8.0,17.0,4.0,22.0,8.0,4.0,18.0,0.0,7.0,6.0,10.0,0.0,3.0,23.0,1.0,0.0,1.0,13.0,0.0,2.0,0.0,1.0,6.0,9.0,0.0,31.0,2.0,1.0,18.0,0.0,0.0,10.0,2.0,17.0,0.0,12.0,4.0,0.0,10.0,10.0,4.0,0.0,2.0,17.0,0.0
43,142770380.0,0.0,17.0,33.0,0.0,43.0,43.0,24.0,6.0,1.0,2.0,14.0,1.0,41.0,4.0,13.0,0.0,22.0,11.0,6.0,2.0,64.0,13.0,43.0,7.0,14.0,10.0,0.0,3.0,40.0,18.0,12.0,6.0,105.0,1.0,44.0,14.0,5.0,32.0,30.0,3.0,3.0,7.0,0.0,18.0,12.0,14.0,12.0,2.0,31.0,0.0,21.0,21.0,4.0,30.0,2.0,24.0,11.0,3.0,8.0,16.0,11.0,0.0,14.0,6.0,29.0,10.0,27.0,1.0,2.0,23.0,0.0,8.0,15.0,11.0,0.0,5.0,41.0,11.0,2.0,3.0,7.0,0.0,1.0,1.0,0.0,1.0,2.0,0.0,25.0,24.0,6.0,27.0,2.0,0.0,8.0,1.0,9.0,2.0,27.0,2.0,0.0,5.0,3.0,4.0,1.0,6.0,31.0,0.0
44,150881077.0,10.0,22.0,119.0,9.0,148.0,286.0,111.0,33.0,29.0,17.0,22.0,26.0,96.0,40.0,82.0,4.0,39.0,14.0,12.0,28.0,73.0,56.0,158.0,18.0,22.0,22.0,0.0,13.0,89.0,80.0,26.0,20.0,29.0,7.0,338.0,56.0,13.0,38.0,77.0,28.0,39.0,9.0,18.0,0.0,15.0,5.0,21.0,8.0,114.0,0.0,91.0,80.0,16.0,32.0,1.0,107.0,26.0,29.0,22.0,163.0,60.0,0.0,25.0,41.0,69.0,421.0,46.0,3.0,1.0,63.0,0.0,8.0,31.0,9.0,0.0,4.0,91.0,10.0,0.0,4.0,30.0,0.0,0.0,83.0,2.0,24.0,26.0,0.0,75.0,276.0,10.0,291.0,19.0,0.0,32.0,9.0,30.0,11.0,58.0,10.0,0.0,19.0,13.0,6.0,12.0,7.0,50.0,0.0
45,156277913.0,1.0,119.0,32.0,0.0,53.0,66.0,14.0,12.0,1.0,5.0,10.0,1.0,46.0,4.0,38.0,97.0,15.0,4.0,34.0,4.0,109.0,32.0,309.0,43.0,10.0,8.0,0.0,7.0,54.0,39.0,10.0,10.0,13.0,1.0,93.0,1.0,4.0,181.0,170.0,5.0,4.0,11.0,12.0,15.0,0.0,23.0,6.0,1.0,84.0,0.0,11.0,21.0,1.0,62.0,4.0,78.0,139.0,2.0,32.0,20.0,23.0,15.0,25.0,14.0,57.0,2.0,25.0,6.0,86.0,152.0,0.0,126.0,42.0,36.0,0.0,29.0,205.0,5.0,7.0,95.0,21.0,0.0,29.0,1.0,11.0,1.0,4.0,2.0,244.0,11.0,7.0,20.0,0.0,4.0,6.0,2.0,110.0,2.0,117.0,1.0,0.0,8.0,5.0,8.0,1.0,2.0,62.0,0.0
46,159644517.0,0.0,111.0,18.0,1.0,18.0,16.0,17.0,5.0,0.0,8.0,12.0,0.0,28.0,2.0,5.0,5.0,17.0,9.0,6.0,9.0,9.0,10.0,29.0,38.0,16.0,24.0,0.0,5.0,87.0,10.0,5.0,0.0,3.0,2.0,17.0,3.0,5.0,10.0,19.0,1.0,0.0,44.0,14.0,5.0,23.0,0.0,7.0,4.0,10.0,0.0,17.0,27.0,5.0,26.0,1.0,4.0,4.0,2.0,18.0,8.0,8.0,0.0,5.0,13.0,18.0,3.0,19.0,3.0,5.0,22.0,0.0,3.0,5.0,6.0,0.0,1.0,11.0,3.0,2.0,0.0,3.0,0.0,0.0,3.0,0.0,0.0,2.0,0.0,21.0,13.0,7.0,13.0,0.0,0.0,6.0,1.0,18.0,6.0,4.0,2.0,1.0,7.0,3.0,9.0,0.0,5.0,9.0,0.0
47,175109934.0,2.0,21.0,89.0,0.0,146.0,80.0,8.0,16.0,1.0,0.0,16.0,0.0,123.0,7.0,17.0,3.0,63.0,13.0,8.0,2.0,78.0,8.0,69.0,13.0,20.0,10.0,3.0,1.0,134.0,23.0,19.0,6.0,21.0,1.0,51.0,37.0,1.0,41.0,38.0,3.0,0.0,4.0,12.0,21.0,6.0,7.0,0.0,0.0,38.0,0.0,29.0,35.0,2.0,92.0,2.0,32.0,21.0,7.0,9.0,7.0,21.0,3.0,26.0,5.0,60.0,8.0,27.0,1.0,2.0,50.0,0.0,11.0,30.0,10.0,0.0,4.0,59.0,16.0,1.0,4.0,12.0,0.0,2.0,4.0,1.0,3.0,1.0,0.0,18.0,34.0,2.0,14.0,2.0,0.0,4.0,0.0,6.0,3.0,36.0,1.0,0.0,1.0,0.0,5.0,3.0,2.0,69.0,0.0
48,186485330.0,0.0,14.0,25.0,1.0,12.0,25.0,15.0,1.0,0.0,12.0,10.0,1.0,11.0,4.0,2.0,0.0,4.0,1.0,0.0,9.0,9.0,9.0,35.0,6.0,3.0,13.0,0.0,7.0,16.0,9.0,0.0,0.0,2.0,3.0,13.0,1.0,0.0,5.0,15.0,3.0,1.0,3.0,2.0,8.0,1.0,4.0,0.0,0.0,11.0,0.0,10.0,25.0,5.0,2.0,1.0,9.0,2.0,1.0,6.0,16.0,3.0,0.0,10.0,7.0,10.0,0.0,19.0,2.0,0.0,8.0,0.0,2.0,1.0,6.0,0.0,1.0,9.0,0.0,0.0,1.0,7.0,0.0,0.0,0.0,0.0,1.0,3.0,0.0,19.0,2.0,3.0,5.0,0.0,0.0,0.0,1.0,9.0,0.0,6.0,6.0,0.0,3.0,5.0,6.0,0.0,3.0,12.0,0.0
49,194594896.0,8.0,55.0,209.0,0.0,190.0,502.0,56.0,25.0,8.0,11.0,44.0,5.0,237.0,61.0,144.0,18.0,64.0,23.0,27.0,20.0,262.0,117.0,328.0,30.0,41.0,22.0,3.0,13.0,120.0,80.0,28.0,43.0,68.0,10.0,272.0,34.0,92.0,180.0,328.0,15.0,15.0,12.0,31.0,114.0,84.0,10.0,38.0,11.0,0.0,0.0,45.0,107.0,23.0,74.0,7.0,238.0,101.0,17.0,31.0,175.0,24.0,8.0,54.0,17.0,171.0,60.0,56.0,4.0,47.0,172.0,0.0,59.0,137.0,35.0,0.0,16.0,333.0,30.0,6.0,32.0,72.0,0.0,9.0,15.0,2.0,1.0,10.0,1.0,248.0,76.0,26.0,109.0,2.0,3.0,25.0,2.0,93.0,9.0,270.0,5.0,1.0,22.0,13.0,7.0,4.0,11.0,146.0,0.0
50,220119286.0,0.0,0.0,0.0,0.0,0.0,0.0,0.0,0.0,0.0,0.0,0.0,0.0,0.0,0.0,0.0,0.0,0.0,0.0,0.0,0.0,0.0,0.0,0.0,0.0,0.0,0.0,0.0,0.0,0.0,0.0,0.0,0.0,0.0,0.0,0.0,0.0,0.0,0.0,0.0,0.0,0.0,0.0,0.0,0.0,0.0,0.0,0.0,0.0,0.0,0.0,0.0,0.0,0.0,0.0,0.0,0.0,0.0,0.0,0.0,0.0,0.0,0.0,0.0,0.0,0.0,0.0,0.0,0.0,0.0,0.0,0.0,0.0,0.0,0.0,0.0,0.0,0.0,0.0,0.0,0.0,0.0,0.0,0.0,0.0,0.0,0.0,0.0,0.0,0.0,0.0,0.0,0.0,0.0,0.0,0.0,0.0,0.0,0.0,0.0,0.0,0.0,0.0,0.0,0.0,0.0,0.0,0.0,0.0
51,225185044.0,7.0,30.0,69.0,15.0,48.0,108.0,52.0,14.0,3.0,23.0,36.0,14.0,52.0,22.0,13.0,3.0,48.0,15.0,4.0,16.0,44.0,36.0,83.0,19.0,25.0,19.0,1.0,10.0,34.0,10.0,8.0,6.0,8.0,26.0,110.0,19.0,13.0,8.0,41.0,22.0,8.0,12.0,21.0,91.0,11.0,17.0,29.0,10.0,45.0,0.0,0.0,82.0,24.0,32.0,9.0,23.0,9.0,4.0,11.0,70.0,15.0,1.0,16.0,9.0,60.0,90.0,56.0,4.0,1.0,20.0,0.0,4.0,5.0,16.0,0.0,1.0,41.0,16.0,0.0,2.0,9.0,0.0,0.0,15.0,0.0,15.0,6.0,0.0,64.0,109.0,15.0,139.0,7.0,0.0,10.0,7.0,22.0,15.0,10.0,11.0,0.0,18.0,11.0,22.0,5.0,9.0,38.0,0.0
52,226590372.0,6.0,98.0,601.0,3.0,264.0,428.0,127.0,46.0,1.0,60.0,86.0,5.0,115.0,22.0,37.0,2.0,78.0,56.0,12.0,70.0,120.0,94.0,358.0,44.0,66.0,50.0,3.0,23.0,191.0,55.0,5.0,14.0,18.0,44.0,154.0,36.0,9.0,124.0,135.0,28.0,10.0,25.0,21.0,80.0,21.0,27.0,35.0,25.0,107.0,0.0,82.0,0.0,43.0,71.0,13.0,102.0,47.0,13.0,35.0,93.0,29.0,3.0,117.0,40.0,167.0,45.0,140.0,12.0,7.0,72.0,0.0,18.0,42.0,58.0,0.0,8.0,156.0,35.0,4.0,4.0,86.0,0.0,3.0,9.0,0.0,5.0,9.0,0.0,259.0,37.0,15.0,83.0,1.0,0.0,15.0,2.0,69.0,2.0,83.0,34.0,2.0,50.0,26.0,46.0,7.0,14.0,144.0,0.0
53,230637111.0,2.0,25.0,31.0,0.0,28.0,34.0,34.0,5.0,0.0,11.0,16.0,4.0,10.0,4.0,8.0,1.0,9.0,8.0,4.0,51.0,18.0,23.0,26.0,14.0,9.0,15.0,1.0,5.0,24.0,8.0,2.0,8.0,5.0,6.0,27.0,14.0,3.0,15.0,17.0,3.0,3.0,5.0,4.0,16.0,1.0,5.0,2.0,5.0,23.0,0.0,24.0,43.0,0.0,16.0,4.0,17.0,10.0,3.0,5.0,21.0,5.0,1.0,14.0,5.0,24.0,9.0,15.0,2.0,1.0,6.0,0.0,3.0,3.0,10.0,0.0,0.0,21.0,1.0,0.0,1.0,14.0,0.0,0.0,1.0,0.0,5.0,4.0,0.0,51.0,5.0,3.0,18.0,0.0,0.0,17.0,1.0,16.0,1.0,6.0,8.0,1.0,5.0,7.0,9.0,2.0,4.0,12.0,0.0
54,238169051.0,1.0,77.0,94.0,1.0,171.0,98.0,30.0,8.0,0.0,2.0,30.0,3.0,191.0,13.0,24.0,27.0,78.0,28.0,17.0,15.0,189.0,63.0,155.0,40.0,58.0,20.0,10.0,3.0,160.0,37.0,28.0,17.0,24.0,5.0,120.0,95.0,12.0,124.0,85.0,17.0,6.0,17.0,30.0,32.0,62.0,26.0,92.0,2.0,74.0,0.0,32.0,71.0,16.0,0.0,2.0,71.0,70.0,6.0,16.0,45.0,42.0,6.0,52.0,11.0,197.0,35.0,64.0,4.0,16.0,96.0,0.0,69.0,50.0,29.0,0.0,29.0,147.0,61.0,6.0,32.0,27.0,0.0,12.0,14.0,3.0,6.0,2.0,0.0,94.0,59.0,32.0,90.0,1.0,2.0,5.0,5.0,35.0,16.0,90.0,0.0,1.0,5.0,7.0,11.0,4.0,9.0,109.0,0.0
55,244042517.0,1.0,19.0,3.0,0.0,4.0,12.0,16.0,3.0,0.0,2.0,5.0,2.0,2.0,0.0,10.0,26.0,1.0,2.0,8.0,7.0,1.0,2.0,9.0,59.0,1.0,8.0,0.0,8.0,6.0,16.0,0.0,1.0,3.0,4.0,3.0,0.0,1.0,4.0,9.0,1.0,0.0,9.0,2.0,1.0,4.0,1.0,2.0,1.0,7.0,0.0,9.0,13.0,4.0,2.0,0.0,5.0,2.0,13.0,10.0,4.0,1.0,1.0,4.0,2.0,2.0,4.0,3.0,3.0,4.0,3.0,0.0,2.0,1.0,4.0,0.0,1.0,3.0,0.0,0.0,2.0,3.0,0.0,2.0,1.0,0.0,1.0,2.0,0.0,14.0,3.0,0.0,4.0,0.0,0.0,6.0,0.0,13.0,0.0,1.0,2.0,0.0,2.0,3.0,2.0,0.0,0.0,1.0,0.0
56,244152633.0,4.0,59.0,165.0,0.0,184.0,337.0,69.0,19.0,4.0,12.0,51.0,4.0,110.0,15.0,221.0,24.0,43.0,16.0,43.0,23.0,167.0,77.0,265.0,25.0,22.0,25.0,0.0,9.0,137.0,164.0,26.0,22.0,45.0,9.0,168.0,31.0,2.0,145.0,231.0,4.0,15.0,15.0,24.0,107.0,78.0,4.0,32.0,9.0,238.0,0.0,23.0,102.0,17.0,71.0,5.0,0.0,102.0,48.0,62.0,43.0,39.0,8.0,59.0,18.0,107.0,25.0,46.0,3.0,39.0,124.0,0.0,68.0,72.0,44.0,0.0,25.0,229.0,53.0,7.0,31.0,58.0,0.0,15.0,18.0,1.0,0.0,15.0,0.0,190.0,70.0,6.0,74.0,5.0,1.0,35.0,2.0,78.0,1.0,196.0,3.0,0.0,7.0,20.0,8.0,4.0,6.0,97.0,0.0
57,244529400.0,0.0,60.0,80.0,0.0,118.0,119.0,26.0,12.0,1.0,7.0,35.0,2.0,73.0,5.0,50.0,66.0,20.0,6.0,36.0,12.0,169.0,59.0,286.0,20.0,13.0,24.0,0.0,5.0,74.0,54.0,9.0,14.0,29.0,5.0,106.0,10.0,1.0,178.0,121.0,2.0,6.0,8.0,11.0,26.0,139.0,4.0,21.0,2.0,101.0,0.0,9.0,47.0,10.0,70.0,2.0,102.0,0.0,8.0,21.0,17.0,31.0,9.0,34.0,13.0,92.0,1.0,24.0,8.0,52.0,159.0,0.0,102.0,74.0,44.0,0.0,26.0,236.0,23.0,9.0,74.0,56.0,0.0,27.0,4.0,11.0,0.0,1.0,1.0,204.0,26.0,3.0,21.0,0.0,5.0,9.0,1.0,55.0,2.0,166.0,2.0,0.0,4.0,9.0,4.0,2.0,3.0,88.0,0.0
58,245027772.0,1.0,11.0,25.0,0.0,27.0,36.0,13.0,5.0,0.0,2.0,6.0,0.0,10.0,1.0,57.0,5.0,4.0,2.0,13.0,3.0,14.0,7.0,29.0,16.0,1.0,6.0,0.0,2.0,22.0,67.0,5.0,1.0,7.0,8.0,22.0,9.0,1.0,14.0,17.0,1.0,2.0,5.0,3.0,29.0,2.0,2.0,7.0,1.0,17.0,0.0,4.0,13.0,3.0,6.0,13.0,48.0,8.0,0.0,36.0,11.0,3.0,1.0,14.0,7.0,7.0,14.0,12.0,1.0,4.0,19.0,0.0,1.0,14.0,3.0,0.0,0.0,18.0,0.0,0.0,0.0,5.0,0.0,0.0,4.0,1.0,1.0,6.0,0.0,13.0,18.0,0.0,15.0,0.0,0.0,25.0,1.0,9.0,0.0,16.0,1.0,0.0,2.0,2.0,0.0,0.0,1.0,12.0,0.0
59,246312432.0,1.0,63.0,25.0,0.0,38.0,41.0,31.0,1.0,0.0,11.0,12.0,1.0,10.0,5.0,43.0,13.0,7.0,4.0,48.0,12.0,29.0,21.0,84.0,24.0,9.0,24.0,0.0,9.0,49.0,155.0,16.0,1.0,7.0,5.0,26.0,2.0,2.0,33.0,41.0,1.0,3.0,28.0,8.0,22.0,32.0,18.0,9.0,6.0,31.0,0.0,11.0,35.0,5.0,16.0,10.0,62.0,21.0,36.0,0.0,11.0,9.0,1.0,20.0,9.0,21.0,1.0,25.0,5.0,12.0,37.0,0.0,13.0,17.0,21.0,0.0,4.0,49.0,5.0,1.0,9.0,17.0,0.0,7.0,1.0,5.0,2.0,9.0,0.0,61.0,7.0,1.0,6.0,1.0,0.0,61.0,0.0,36.0,0.0,19.0,5.0,0.0,4.0,18.0,9.0,0.0,2.0,27.0,0.0
60,247251614.0,16.0,36.0,102.0,8.0,70.0,151.0,54.0,23.0,2.0,26.0,22.0,10.0,134.0,21.0,18.0,1.0,59.0,9.0,4.0,28.0,66.0,53.0,114.0,16.0,51.0,26.0,2.0,15.0,75.0,22.0,16.0,27.0,15.0,18.0,228.0,25.0,56.0,36.0,47.0,34.0,13.0,8.0,16.0,163.0,20.0,8.0,7.0,16.0,175.0,0.0,70.0,93.0,21.0,45.0,4.0,43.0,17.0,11.0,11.0,0.0,13.0,1.0,37.0,34.0,91.0,213.0,56.0,4.0,5.0,27.0,0.0,7.0,19.0,11.0,0.0,4.0,65.0,2.0,0.0,5.0,34.0,0.0,1.0,11.0,1.0,12.0,6.0,0.0,74.0,139.0,39.0,154.0,3.0,2.0,3.0,7.0,35.0,21.0,29.0,19.0,0.0,39.0,11.0,7.0,3.0,14.0,58.0,0.0
61,250334613.0,1.0,27.0,39.0,2.0,71.0,60.0,56.0,12.0,27.0,4.0,15.0,1.0,47.0,6.0,17.0,8.0,22.0,9.0,12.0,5.0,38.0,17.0,90.0,15.0,16.0,12.0,1.0,4.0,72.0,19.0,8.0,5.0,8.0,1.0,89.0,42.0,2.0,41.0,34.0,2.0,23.0,10.0,11.0,60.0,23.0,8.0,21.0,3.0,24.0,0.0,15.0,29.0,5.0,42.0,1.0,39.0,31.0,3.0,9.0,13.0,0.0,4.0,23.0,31.0,42.0,27.0,29.0,5.0,4.0,47.0,0.0,20.0,27.0,18.0,0.0,7.0,61.0,10.0,2.0,9.0,11.0,0.0,1.0,80.0,3.0,1.0,10.0,1.0,40.0,69.0,4.0,77.0,32.0,0.0,4.0,10.0,24.0,5.0,25.0,3.0,0.0,6.0,4.0,6.0,4.0,5.0,35.0,0.0
62,254766784.0,0.0,2.0,4.0,0.0,8.0,4.0,2.0,0.0,0.0,0.0,2.0,0.0,5.0,1.0,3.0,5.0,2.0,2.0,3.0,1.0,11.0,3.0,21.0,3.0,0.0,0.0,0.0,0.0,9.0,6.0,0.0,1.0,1.0,0.0,9.0,1.0,0.0,13.0,7.0,0.0,0.0,0.0,0.0,0.0,15.0,0.0,3.0,0.0,8.0,0.0,1.0,3.0,1.0,6.0,1.0,8.0,9.0,1.0,1.0,1.0,4.0,0.0,5.0,0.0,9.0,1.0,3.0,0.0,6.0,7.0,0.0,9.0,5.0,5.0,0.0,5.0,18.0,1.0,1.0,7.0,0.0,0.0,3.0,0.0,0.0,0.0,0.0,0.0,17.0,0.0,2.0,2.0,0.0,0.0,0.0,0.0,4.0,0.0,10.0,1.0,0.0,0.0,1.0,1.0,0.0,0.0,5.0,0.0
63,255343133.0,1.0,51.0,97.0,0.0,134.0,105.0,41.0,11.0,0.0,16.0,33.0,5.0,69.0,11.0,18.0,7.0,28.0,20.0,10.0,28.0,78.0,57.0,118.0,34.0,28.0,34.0,3.0,9.0,97.0,36.0,5.0,5.0,17.0,6.0,63.0,36.0,3.0,69.0,57.0,4.0,4.0,12.0,14.0,25.0,25.0,5.0,26.0,10.0,54.0,0.0,16.0,117.0,14.0,52.0,4.0,59.0,34.0,14.0,20.0,37.0,23.0,5.0,0.0,14.0,87.0,6.0,78.0,6.0,11.0,50.0,0.0,23.0,24.0,28.0,0.0,9.0,105.0,11.0,2.0,9.0,41.0,0.0,7.0,4.0,1.0,10.0,4.0,0.0,105.0,13.0,7.0,31.0,1.0,0.0,7.0,0.0,35.0,5.0,55.0,12.0,0.0,11.0,14.0,13.0,6.0,7.0,74.0,0.0
64,257747817.0,0.0,17.0,48.0,1.0,35.0,48.0,35.0,10.0,14.0,8.0,15.0,1.0,22.0,2.0,11.0,3.0,12.0,7.0,5.0,3.0,19.0,20.0,72.0,5.0,11.0,19.0,0.0,9.0,40.0,17.0,4.0,0.0,4.0,3.0,59.0,12.0,5.0,16.0,23.0,10.0,15.0,8.0,6.0,41.0,14.0,13.0,5.0,7.0,17.0,0.0,9.0,40.0,5.0,11.0,2.0,18.0,13.0,7.0,9.0,34.0,31.0,0.0,14.0,0.0,21.0,26.0,23.0,3.0,2.0,27.0,0.0,4.0,11.0,8.0,0.0,2.0,37.0,2.0,0.0,4.0,14.0,0.0,0.0,28.0,1.0,2.0,5.0,0.0,34.0,33.0,8.0,49.0,7.0,0.0,1.0,3.0,18.0,2.0,16.0,6.0,0.0,14.0,6.0,5.0,0.0,7.0,15.0,0.0
65,263022323.0,3.0,54.0,210.0,3.0,258.0,246.0,42.0,15.0,1.0,26.0,54.0,11.0,230.0,35.0,52.0,17.0,113.0,33.0,30.0,31.0,266.0,109.0,319.0,31.0,82.0,27.0,13.0,8.0,177.0,64.0,22.0,39.0,30.0,10.0,205.0,77.0,34.0,183.0,158.0,20.0,10.0,17.0,29.0,69.0,57.0,18.0,60.0,10.0,171.0,0.0,60.0,167.0,24.0,197.0,2.0,107.0,92.0,7.0,21.0,91.0,42.0,9.0,87.0,21.0,0.0,62.0,87.0,5.0,18.0,131.0,0.0,85.0,84.0,32.0,0.0,25.0,270.0,81.0,8.0,25.0,86.0,0.0,10.0,14.0,3.0,11.0,2.0,0.0,227.0,59.0,34.0,110.0,1.0,3.0,15.0,6.0,68.0,24.0,160.0,29.0,1.0,26.0,11.0,24.0,8.0,18.0,211.0,0.0
66,263515257.0,5.0,7.0,39.0,42.0,40.0,121.0,77.0,16.0,26.0,6.0,4.0,158.0,183.0,6.0,17.0,1.0,88.0,16.0,2.0,59.0,20.0,16.0,45.0,8.0,29.0,7.0,0.0,3.0,27.0,11.0,14.0,74.0,4.0,8.0,400.0,42.0,22.0,12.0,11.0,43.0,14.0,4.0,10.0,421.0,2.0,3.0,8.0,0.0,60.0,0.0,90.0,45.0,9.0,35.0,4.0,25.0,1.0,14.0,1.0,213.0,27.0,1.0,6.0,26.0,62.0,0.0,76.0,0.0,1.0,10.0,0.0,0.0,4.0,0.0,0.0,1.0,23.0,5.0,0.0,0.0,29.0,0.0,0.0,47.0,0.0,27.0,6.0,0.0,26.0,243.0,15.0,343.0,7.0,0.0,4.0,15.0,10.0,19.0,11.0,31.0,0.0,31.0,0.0,21.0,4.0,8.0,50.0,0.0
67,263607988.0,3.0,59.0,105.0,3.0,141.0,218.0,56.0,16.0,2.0,41.0,42.0,50.0,129.0,11.0,18.0,6.0,110.0,26.0,7.0,19.0,112.0,53.0,240.0,44.0,45.0,36.0,2.0,14.0,123.0,32.0,12.0,95.0,15.0,17.0,157.0,30.0,27.0,75.0,59.0,9.0,9.0,22.0,27.0,46.0,25.0,19.0,27.0,19.0,56.0,0.0,56.0,140.0,15.0,64.0,3.0,46.0,24.0,12.0,25.0,56.0,29.0,3.0,78.0,23.0,87.0,76.0,0.0,7.0,12.0,55.0,0.0,14.0,37.0,27.0,0.0,8.0,118.0,13.0,4.0,7.0,84.0,0.0,2.0,5.0,1.0,9.0,7.0,0.0,91.0,44.0,23.0,82.0,3.0,1.0,8.0,8.0,48.0,13.0,44.0,21.0,0.0,39.0,18.0,24.0,4.0,16.0,195.0,0.0
68,266620405.0,0.0,6.0,5.0,0.0,10.0,11.0,9.0,1.0,0.0,5.0,6.0,0.0,4.0,1.0,1.0,5.0,2.0,1.0,4.0,2.0,11.0,6.0,28.0,2.0,2.0,9.0,0.0,7.0,16.0,7.0,2.0,2.0,2.0,3.0,7.0,3.0,1.0,19.0,20.0,1.0,0.0,8.0,1.0,3.0,6.0,3.0,1.0,2.0,4.0,0.0,4.0,12.0,2.0,4.0,3.0,3.0,8.0,1.0,5.0,4.0,5.0,0.0,6.0,3.0,5.0,0.0,7.0,0.0,1.0,8.0,0.0,3.0,3.0,5.0,0.0,2.0,23.0,0.0,2.0,2.0,4.0,0.0,0.0,0.0,0.0,1.0,1.0,1.0,19.0,0.0,0.0,4.0,0.0,0.0,2.0,1.0,6.0,0.0,12.0,2.0,1.0,3.0,2.0,0.0,1.0,0.0,11.0,0.0
69,267190152.0,0.0,44.0,8.0,0.0,18.0,25.0,4.0,1.0,0.0,1.0,1.0,2.0,14.0,1.0,14.0,19.0,2.0,1.0,20.0,2.0,41.0,17.0,112.0,22.0,3.0,9.0,0.0,0.0,21.0,16.0,2.0,7.0,10.0,1.0,31.0,0.0,2.0,73.0,57.0,0.0,1.0,4.0,2.0,1.0,86.0,5.0,2.0,0.0,47.0,0.0,1.0,7.0,1.0,16.0,4.0,39.0,52.0,4.0,12.0,5.0,4.0,6.0,11.0,2.0,18.0,1.0,12.0,1.0,0.0,44.0,0.0,48.0,16.0,14.0,0.0,10.0,76.0,4.0,5.0,28.0,16.0,0.0,15.0,0.0,2.0,0.0,1.0,3.0,115.0,2.0,3.0,6.0,0.0,4.0,3.0,2.0,46.0,3.0,50.0,1.0,0.0,1.0,2.0,2.0,0.0,3.0,21.0,0.0
70,268529448.0,1.0,63.0,166.0,1.0,202.0,252.0,27.0,23.0,1.0,7.0,41.0,3.0,177.0,15.0,81.0,55.0,69.0,22.0,51.0,12.0,236.0,59.0,371.0,32.0,28.0,26.0,4.0,9.0,161.0,110.0,19.0,21.0,52.0,6.0,170.0,24.0,12.0,210.0,244.0,12.0,13.0,18.0,23.0,63.0,152.0,22.0,50.0,8.0,172.0,0.0,20.0,72.0,6.0,96.0,3.0,124.0,159.0,19.0,37.0,27.0,47.0,7.0,50.0,27.0,131.0,10.0,55.0,8.0,44.0,0.0,0.0,95.0,140.0,44.0,0.0,28.0,309.0,41.0,8.0,81.0,75.0,0.0,16.0,8.0,11.0,0.0,7.0,2.0,183.0,51.0,11.0,70.0,2.0,5.0,22.0,3.0,74.0,4.0,221.0,2.0,0.0,13.0,5.0,9.0,5.0,4.0,164.0,0.0
71,269680826.0,0.0,0.0,0.0,0.0,0.0,0.0,0.0,0.0,0.0,0.0,0.0,0.0,0.0,0.0,0.0,0.0,0.0,0.0,0.0,0.0,0.0,0.0,0.0,0.0,0.0,0.0,0.0,0.0,0.0,0.0,0.0,0.0,0.0,0.0,0.0,0.0,0.0,0.0,0.0,0.0,0.0,0.0,0.0,0.0,0.0,0.0,0.0,0.0,0.0,0.0,0.0,0.0,0.0,0.0,0.0,0.0,0.0,0.0,0.0,0.0,0.0,0.0,0.0,0.0,0.0,0.0,0.0,0.0,0.0,0.0,0.0,0.0,0.0,0.0,0.0,0.0,0.0,0.0,0.0,0.0,0.0,0.0,0.0,0.0,0.0,0.0,0.0,0.0,0.0,0.0,0.0,0.0,0.0,0.0,0.0,0.0,0.0,0.0,0.0,0.0,0.0,0.0,0.0,0.0,0.0,0.0,0.0,0.0
72,279039469.0,0.0,54.0,41.0,0.0,76.0,67.0,8.0,5.0,0.0,1.0,12.0,1.0,53.0,2.0,24.0,43.0,21.0,6.0,29.0,2.0,121.0,44.0,188.0,17.0,12.0,7.0,1.0,2.0,54.0,37.0,7.0,16.0,12.0,0.0,64.0,7.0,3.0,145.0,80.0,1.0,3.0,7.0,8.0,8.0,126.0,3.0,11.0,2.0,59.0,0.0,4.0,18.0,3.0,69.0,2.0,68.0,102.0,1.0,13.0,7.0,20.0,9.0,23.0,4.0,85.0,0.0,14.0,3.0,48.0,95.0,0.0,0.0,54.0,32.0,0.0,32.0,165.0,22.0,6.0,49.0,40.0,0.0,18.0,2.0,9.0,2.0,1.0,1.0,151.0,8.0,4.0,17.0,1.0,4.0,6.0,3.0,36.0,3.0,125.0,0.0,1.0,1.0,4.0,4.0,0.0,2.0,74.0,0.0
73,283022885.0,0.0,18.0,116.0,1.0,122.0,202.0,17.0,7.0,1.0,4.0,23.0,8.0,105.0,15.0,62.0,24.0,40.0,13.0,22.0,7.0,149.0,51.0,194.0,9.0,16.0,12.0,2.0,2.0,77.0,76.0,16.0,20.0,42.0,2.0,97.0,11.0,8.0,133.0,167.0,5.0,7.0,6.0,15.0,31.0,42.0,5.0,30.0,1.0,137.0,0.0,5.0,42.0,3.0,50.0,1.0,72.0,74.0,14.0,17.0,19.0,27.0,5.0,24.0,11.0,84.0,4.0,37.0,3.0,16.0,140.0,0.0,54.0,0.0,21.0,0.0,22.0,233.0,25.0,5.0,30.0,56.0,0.0,7.0,3.0,5.0,0.0,0.0,0.0,92.0,11.0,7.0,31.0,1.0,1.0,12.0,2.0,32.0,5.0,138.0,2.0,0.0,4.0,1.0,8.0,0.0,4.0,115.0,0.0
74,284342900.0,2.0,30.0,41.0,0.0,57.0,61.0,23.0,3.0,0.0,18.0,29.0,0.0,26.0,5.0,18.0,18.0,18.0,6.0,10.0,22.0,50.0,38.0,98.0,14.0,16.0,20.0,0.0,10.0,47.0,27.0,3.0,5.0,9.0,5.0,54.0,1.0,2.0,43.0,43.0,1.0,2.0,10.0,11.0,9.0,36.0,6.0,10.0,6.0,35.0,0.0,16.0,58.0,10.0,29.0,4.0,44.0,44.0,3.0,21.0,11.0,18.0,5.0,28.0,8.0,32.0,0.0,27.0,5.0,14.0,44.0,0.0,32.0,21.0,0.0,0.0,18.0,69.0,7.0,8.0,24.0,18.0,0.0,15.0,4.0,0.0,0.0,8.0,0.0,73.0,7.0,5.0,8.0,0.0,1.0,10.0,0.0,44.0,0.0,38.0,9.0,0.0,12.0,12.0,10.0,0.0,6.0,40.0,0.0
75,288599704.0,0.0,0.0,0.0,0.0,0.0,0.0,0.0,0.0,0.0,0.0,0.0,0.0,0.0,0.0,0.0,0.0,0.0,0.0,0.0,0.0,0.0,0.0,0.0,0.0,0.0,0.0,0.0,0.0,0.0,0.0,0.0,0.0,0.0,0.0,0.0,0.0,0.0,0.0,0.0,0.0,0.0,0.0,0.0,0.0,0.0,0.0,0.0,0.0,0.0,0.0,0.0,0.0,0.0,0.0,0.0,0.0,0.0,0.0,0.0,0.0,0.0,0.0,0.0,0.0,0.0,0.0,0.0,0.0,0.0,0.0,0.0,0.0,0.0,0.0,0.0,0.0,0.0,0.0,0.0,0.0,0.0,0.0,0.0,0.0,0.0,0.0,0.0,0.0,0.0,0.0,0.0,0.0,0.0,0.0,0.0,0.0,0.0,0.0,0.0,0.0,0.0,0.0,0.0,0.0,0.0,0.0,0.0,0.0
76,289975846.0,0.0,9.0,13.0,0.0,29.0,28.0,5.0,1.0,1.0,1.0,8.0,0.0,17.0,0.0,9.0,18.0,6.0,2.0,6.0,0.0,37.0,17.0,51.0,7.0,6.0,6.0,0.0,2.0,21.0,13.0,2.0,2.0,5.0,0.0,21.0,2.0,1.0,37.0,25.0,0.0,2.0,3.0,5.0,4.0,29.0,1.0,4.0,1.0,16.0,0.0,1.0,8.0,0.0,29.0,1.0,25.0,26.0,0.0,4.0,4.0,7.0,5.0,9.0,2.0,25.0,1.0,8.0,2.0,10.0,28.0,0.0,32.0,22.0,18.0,0.0,0.0,49.0,4.0,5.0,16.0,9.0,0.0,8.0,2.0,1.0,0.0,1.0,0.0,36.0,6.0,2.0,4.0,1.0,1.0,1.0,0.0,12.0,0.0,36.0,1.0,0.0,1.0,2.0,4.0,0.0,1.0,30.0,0.0
