,0,1,2,3,4,5,6,7,8,9,10,11,12,13,14,15,16,17,18,19,20,21,22,23,24,25,26,27,28,29,30,31,32,33,34,35,36,37,38,39,40,41,42,43,44,45,46,47,48,49,50,51,52,53,54,55,56,57,58,59,60,61,62,63,64,65,66,67,68,69,70,71,72,73,74,75,76,77,78,79,80,81,82,83,84,85,86,87,88,89,90,91,92,93,94,95,96,97,98,99,100,101
0,-1.0,778057.0,9378802.0,14749971.0,15529147.0,16131860.0,20097381.0,20439936.0,27355545.0,34699794.0,42198823.0,45192838.0,47379354.0,47655781.0,49323761.0,49817093.0,50645038.0,55837229.0,60568628.0,63831819.0,64149875.0,67964859.0,69179772.0,71294722.0,73025086.0,78985632.0,80791048.0,87250666.0,96894552.0,97101016.0,108590056.0,114775132.0,117802966.0,130810427.0,133483236.0,135643063.0,145401113.0,148653311.0,159167229.0,180261346.0,182197793.0,191990026.0,209651406.0,210824047.0,235718672.0,244896607.0,247012412.0,247494866.0,253451653.0,255040592.0,258047934.0,261885661.0,262821567.0,263515257.0,266562398.0,267088381.0,268184418.0,269680826.0,271201613.0,272259832.0,272323854.0,274052325.0,275670270.0,279573378.0,280461953.0,284059062.0,287425961.0,287709447.0,287755830.0,287848520.0,288479798.0,289104235.0,289974673.0,294523668.0,302144631.0,309930491.0,312304468.0,316654348.0,318368471.0,328794414.0,329409390.0,335432912.0,336574898.0,348020077.0,349839280.0,361870458.0,365232621.0,369028288.0,381696542.0,383602088.0,384822746.0,385160961.0,388466657.0,388505530.0,393409059.0,394285779.0,402037439.0,405793312.0,407433127.0,408971802.0,409763432.0,415931947.0
1,778057.0,0.0,149.0,309.0,20.0,196.0,23.0,115.0,58.0,99.0,23.0,81.0,372.0,343.0,226.0,476.0,226.0,22.0,132.0,12.0,23.0,17.0,3.0,11.0,122.0,7.0,67.0,24.0,0.0,0.0,6.0,247.0,9.0,207.0,83.0,27.0,8.0,176.0,0.0,49.0,15.0,55.0,22.0,17.0,486.0,118.0,263.0,18.0,121.0,207.0,51.0,348.0,155.0,21.0,4.0,96.0,8.0,0.0,36.0,3.0,13.0,7.0,156.0,24.0,35.0,13.0,59.0,78.0,158.0,16.0,45.0,30.0,28.0,0.0,10.0,65.0,20.0,47.0,10.0,15.0,23.0,30.0,0.0,5.0,1.0,9.0,0.0,83.0,24.0,68.0,84.0,0.0,62.0,7.0,0.0,116.0,155.0,0.0,28.0,96.0,1.0,56.0
2,9378802.0,149.0,0.0,82.0,8.0,43.0,11.0,29.0,11.0,34.0,0.0,52.0,108.0,97.0,74.0,97.0,59.0,1.0,40.0,0.0,6.0,9.0,0.0,2.0,23.0,0.0,29.0,5.0,0.0,0.0,0.0,50.0,1.0,83.0,31.0,4.0,0.0,55.0,0.0,8.0,2.0,16.0,2.0,1.0,138.0,32.0,104.0,7.0,30.0,62.0,10.0,95.0,19.0,21.0,0.0,19.0,0.0,0.0,3.0,1.0,3.0,0.0,35.0,4.0,4.0,2.0,3.0,20.0,17.0,4.0,6.0,1.0,1.0,0.0,5.0,22.0,7.0,6.0,0.0,2.0,7.0,3.0,0.0,0.0,0.0,0.0,0.0,24.0,3.0,15.0,48.0,0.0,5.0,0.0,0.0,21.0,41.0,0.0,3.0,29.0,1.0,12.0
3,14749971.0,309.0,82.0,0.0,181.0,452.0,55.0,194.0,83.0,75.0,48.0,313.0,316.0,274.0,293.0,486.0,274.0,54.0,253.0,28.0,105.0,31.0,6.0,32.0,446.0,17.0,95.0,25.0,0.0,0.0,37.0,670.0,67.0,304.0,575.0,69.0,51.0,331.0,0.0,66.0,40.0,125.0,60.0,30.0,408.0,116.0,350.0,35.0,195.0,359.0,157.0,412.0,246.0,82.0,6.0,120.0,27.0,0.0,62.0,21.0,30.0,13.0,198.0,24.0,56.0,10.0,123.0,166.0,162.0,24.0,187.0,39.0,41.0,0.0,36.0,76.0,28.0,159.0,46.0,37.0,13.0,82.0,19.0,41.0,5.0,30.0,10.0,170.0,89.0,120.0,78.0,3.0,144.0,10.0,0.0,124.0,217.0,0.0,120.0,152.0,2.0,53.0
4,15529147.0,20.0,8.0,181.0,0.0,64.0,4.0,51.0,2.0,8.0,3.0,126.0,13.0,27.0,15.0,49.0,12.0,26.0,59.0,2.0,56.0,9.0,3.0,1.0,102.0,2.0,5.0,3.0,0.0,0.0,3.0,102.0,1.0,43.0,153.0,6.0,6.0,36.0,0.0,6.0,5.0,31.0,11.0,17.0,16.0,13.0,45.0,2.0,18.0,18.0,20.0,30.0,46.0,6.0,8.0,27.0,17.0,0.0,14.0,0.0,0.0,3.0,19.0,7.0,15.0,3.0,28.0,46.0,17.0,1.0,54.0,17.0,18.0,0.0,2.0,8.0,3.0,53.0,1.0,1.0,1.0,26.0,9.0,3.0,2.0,2.0,3.0,8.0,18.0,5.0,3.0,1.0,34.0,1.0,0.0,26.0,20.0,0.0,48.0,9.0,0.0,6.0
5,16131860.0,196.0,43.0,452.0,64.0,0.0,19.0,116.0,91.0,47.0,23.0,114.0,250.0,169.0,167.0,580.0,243.0,87.0,257.0,21.0,94.0,40.0,5.0,22.0,290.0,13.0,66.0,24.0,0.0,0.0,15.0,462.0,34.0,183.0,262.0,34.0,42.0,223.0,0.0,30.0,25.0,80.0,64.0,53.0,327.0,126.0,332.0,31.0,144.0,240.0,110.0,364.0,256.0,22.0,10.0,142.0,32.0,0.0,108.0,15.0,9.0,26.0,198.0,38.0,75.0,15.0,163.0,197.0,189.0,3.0,200.0,72.0,62.0,0.0,9.0,94.0,29.0,157.0,22.0,20.0,9.0,129.0,17.0,25.0,8.0,29.0,14.0,76.0,39.0,105.0,43.0,3.0,159.0,22.0,0.0,126.0,247.0,0.0,128.0,125.0,3.0,49.0
6,20097381.0,23.0,11.0,55.0,4.0,19.0,0.0,13.0,24.0,40.0,0.0,19.0,30.0,33.0,16.0,48.0,117.0,8.0,26.0,0.0,26.0,11.0,3.0,4.0,13.0,0.0,56.0,35.0,0.0,0.0,1.0,37.0,0.0,25.0,28.0,2.0,2.0,14.0,0.0,14.0,0.0,1.0,5.0,5.0,65.0,29.0,27.0,70.0,37.0,41.0,3.0,35.0,13.0,106.0,0.0,7.0,2.0,0.0,9.0,1.0,10.0,2.0,24.0,3.0,2.0,4.0,10.0,9.0,39.0,5.0,6.0,3.0,3.0,0.0,3.0,15.0,0.0,1.0,1.0,1.0,4.0,8.0,1.0,0.0,0.0,0.0,1.0,51.0,7.0,11.0,21.0,0.0,10.0,2.0,0.0,7.0,23.0,0.0,7.0,8.0,0.0,9.0
7,20439936.0,115.0,29.0,194.0,51.0,116.0,13.0,0.0,33.0,37.0,13.0,127.0,86.0,96.0,67.0,140.0,86.0,20.0,91.0,9.0,38.0,17.0,6.0,5.0,152.0,4.0,32.0,7.0,0.0,0.0,5.0,224.0,11.0,87.0,159.0,14.0,12.0,82.0,0.0,22.0,12.0,45.0,29.0,18.0,118.0,61.0,113.0,13.0,68.0,87.0,70.0,109.0,102.0,13.0,7.0,58.0,13.0,0.0,36.0,1.0,10.0,7.0,63.0,15.0,38.0,8.0,42.0,81.0,71.0,3.0,59.0,29.0,25.0,0.0,5.0,29.0,11.0,66.0,7.0,6.0,7.0,36.0,5.0,28.0,3.0,9.0,8.0,26.0,42.0,39.0,31.0,2.0,40.0,3.0,0.0,71.0,76.0,0.0,56.0,37.0,1.0,30.0
8,27355545.0,58.0,11.0,83.0,2.0,91.0,24.0,33.0,0.0,9.0,2.0,1.0,70.0,17.0,34.0,93.0,95.0,0.0,29.0,5.0,24.0,3.0,1.0,7.0,27.0,2.0,53.0,12.0,0.0,0.0,2.0,92.0,12.0,45.0,36.0,8.0,8.0,29.0,0.0,18.0,3.0,11.0,10.0,1.0,137.0,9.0,46.0,20.0,29.0,69.0,16.0,97.0,38.0,104.0,0.0,4.0,1.0,0.0,14.0,3.0,25.0,1.0,28.0,2.0,11.0,0.0,14.0,19.0,29.0,2.0,11.0,3.0,8.0,0.0,11.0,9.0,7.0,14.0,3.0,9.0,5.0,8.0,0.0,0.0,0.0,4.0,0.0,72.0,7.0,34.0,33.0,0.0,23.0,5.0,0.0,16.0,27.0,0.0,4.0,16.0,0.0,9.0
9,34699794.0,99.0,34.0,75.0,8.0,47.0,40.0,37.0,9.0,0.0,14.0,24.0,62.0,135.0,67.0,111.0,76.0,23.0,48.0,3.0,16.0,15.0,2.0,7.0,43.0,1.0,45.0,17.0,0.0,0.0,3.0,68.0,4.0,70.0,30.0,11.0,4.0,43.0,0.0,33.0,7.0,21.0,16.0,13.0,87.0,51.0,60.0,25.0,48.0,52.0,17.0,118.0,55.0,28.0,3.0,35.0,5.0,0.0,22.0,0.0,8.0,4.0,65.0,15.0,22.0,9.0,25.0,31.0,72.0,7.0,12.0,13.0,16.0,0.0,5.0,31.0,13.0,24.0,3.0,5.0,7.0,20.0,2.0,2.0,0.0,5.0,1.0,39.0,7.0,27.0,21.0,0.0,28.0,6.0,0.0,42.0,48.0,0.0,19.0,19.0,2.0,32.0
10,42198823.0,23.0,0.0,48.0,3.0,23.0,0.0,13.0,2.0,14.0,0.0,9.0,10.0,31.0,43.0,21.0,19.0,10.0,21.0,2.0,11.0,2.0,1.0,2.0,33.0,5.0,7.0,4.0,0.0,0.0,1.0,28.0,5.0,35.0,22.0,15.0,10.0,18.0,0.0,6.0,6.0,7.0,12.0,3.0,15.0,7.0,12.0,5.0,15.0,11.0,10.0,27.0,29.0,3.0,2.0,6.0,8.0,0.0,11.0,0.0,2.0,1.0,15.0,1.0,13.0,1.0,15.0,17.0,10.0,1.0,12.0,6.0,6.0,0.0,1.0,2.0,5.0,29.0,1.0,1.0,0.0,28.0,3.0,1.0,2.0,5.0,5.0,5.0,1.0,12.0,3.0,2.0,5.0,0.0,0.0,17.0,10.0,0.0,25.0,3.0,0.0,3.0
11,45192838.0,81.0,52.0,313.0,126.0,114.0,19.0,127.0,1.0,24.0,9.0,0.0,53.0,98.0,59.0,124.0,41.0,21.0,136.0,5.0,44.0,22.0,0.0,4.0,330.0,1.0,15.0,5.0,0.0,0.0,10.0,303.0,7.0,133.0,714.0,18.0,16.0,96.0,0.0,9.0,15.0,129.0,6.0,16.0,65.0,47.0,110.0,13.0,22.0,85.0,99.0,80.0,62.0,11.0,10.0,67.0,9.0,0.0,16.0,0.0,1.0,2.0,49.0,14.0,23.0,6.0,26.0,53.0,46.0,3.0,42.0,18.0,12.0,0.0,6.0,27.0,8.0,36.0,9.0,4.0,2.0,24.0,2.0,25.0,0.0,1.0,0.0,17.0,96.0,18.0,15.0,0.0,20.0,3.0,0.0,42.0,61.0,0.0,42.0,35.0,1.0,17.0
12,47379354.0,372.0,108.0,316.0,13.0,250.0,30.0,86.0,70.0,62.0,10.0,53.0,0.0,217.0,187.0,882.0,325.0,18.0,98.0,16.0,16.0,7.0,0.0,13.0,110.0,15.0,109.0,39.0,0.0,0.0,7.0,247.0,13.0,172.0,91.0,29.0,14.0,192.0,0.0,61.0,8.0,43.0,22.0,13.0,989.0,93.0,245.0,20.0,126.0,186.0,40.0,332.0,124.0,73.0,3.0,55.0,6.0,0.0,36.0,2.0,6.0,8.0,123.0,18.0,28.0,6.0,60.0,73.0,117.0,30.0,43.0,18.0,23.0,0.0,9.0,69.0,25.0,37.0,7.0,15.0,20.0,23.0,2.0,3.0,2.0,9.0,0.0,104.0,11.0,76.0,88.0,0.0,79.0,7.0,0.0,66.0,148.0,0.0,22.0,92.0,1.0,43.0
13,47655781.0,343.0,97.0,274.0,27.0,169.0,33.0,96.0,17.0,135.0,31.0,98.0,217.0,0.0,402.0,329.0,182.0,43.0,134.0,12.0,41.0,33.0,5.0,12.0,125.0,4.0,45.0,25.0,0.0,0.0,15.0,213.0,5.0,154.0,60.0,18.0,5.0,229.0,0.0,36.0,8.0,50.0,21.0,25.0,263.0,146.0,304.0,23.0,105.0,224.0,46.0,403.0,151.0,23.0,7.0,168.0,19.0,0.0,50.0,5.0,17.0,10.0,217.0,47.0,45.0,17.0,72.0,119.0,169.0,21.0,63.0,43.0,43.0,0.0,21.0,96.0,35.0,65.0,3.0,12.0,12.0,41.0,3.0,2.0,2.0,1.0,1.0,77.0,17.0,38.0,59.0,0.0,43.0,7.0,0.0,168.0,246.0,0.0,62.0,101.0,1.0,51.0
14,49323761.0,226.0,74.0,293.0,15.0,167.0,16.0,67.0,34.0,67.0,43.0,59.0,187.0,402.0,0.0,299.0,214.0,15.0,76.0,15.0,31.0,20.0,2.0,12.0,90.0,4.0,26.0,16.0,0.0,0.0,4.0,190.0,14.0,114.0,65.0,12.0,7.0,244.0,0.0,19.0,5.0,33.0,15.0,14.0,266.0,93.0,263.0,20.0,84.0,229.0,43.0,421.0,105.0,30.0,9.0,112.0,8.0,0.0,26.0,4.0,8.0,7.0,190.0,19.0,20.0,8.0,67.0,101.0,108.0,1.0,50.0,20.0,19.0,0.0,18.0,79.0,17.0,40.0,5.0,11.0,6.0,25.0,1.0,2.0,0.0,7.0,0.0,89.0,19.0,28.0,58.0,0.0,45.0,4.0,0.0,110.0,208.0,0.0,30.0,104.0,0.0,33.0
15,49817093.0,476.0,97.0,486.0,49.0,580.0,48.0,140.0,93.0,111.0,21.0,124.0,882.0,329.0,299.0,0.0,368.0,200.0,318.0,26.0,116.0,72.0,18.0,29.0,284.0,17.0,97.0,62.0,0.0,0.0,22.0,495.0,30.0,215.0,200.0,37.0,40.0,276.0,0.0,52.0,31.0,83.0,78.0,89.0,1243.0,264.0,498.0,64.0,197.0,336.0,123.0,698.0,403.0,42.0,12.0,305.0,78.0,0.0,166.0,13.0,10.0,35.0,342.0,67.0,122.0,42.0,242.0,384.0,394.0,8.0,252.0,127.0,142.0,0.0,18.0,154.0,59.0,270.0,18.0,36.0,22.0,208.0,20.0,18.0,9.0,21.0,13.0,140.0,37.0,136.0,85.0,4.0,179.0,32.0,0.0,273.0,437.0,0.0,299.0,165.0,7.0,105.0
16,50645038.0,226.0,59.0,274.0,12.0,243.0,117.0,86.0,95.0,76.0,19.0,41.0,325.0,182.0,214.0,368.0,0.0,30.0,144.0,19.0,35.0,24.0,9.0,19.0,164.0,10.0,183.0,65.0,0.0,0.0,8.0,273.0,17.0,291.0,272.0,27.0,16.0,108.0,0.0,89.0,16.0,38.0,34.0,16.0,476.0,87.0,189.0,75.0,154.0,209.0,76.0,364.0,130.0,111.0,1.0,48.0,10.0,0.0,50.0,3.0,18.0,8.0,144.0,13.0,35.0,4.0,69.0,59.0,124.0,24.0,33.0,18.0,24.0,0.0,10.0,59.0,16.0,48.0,9.0,15.0,17.0,32.0,2.0,8.0,1.0,17.0,1.0,167.0,22.0,102.0,108.0,1.0,80.0,8.0,0.0,63.0,95.0,0.0,31.0,63.0,0.0,43.0
17,55837229.0,22.0,1.0,54.0,26.0,87.0,8.0,20.0,0.0,23.0,10.0,21.0,18.0,43.0,15.0,200.0,30.0,0.0,68.0,2.0,59.0,14.0,9.0,3.0,54.0,2.0,16.0,5.0,0.0,0.0,7.0,76.0,2.0,30.0,38.0,9.0,11.0,26.0,0.0,9.0,8.0,17.0,39.0,66.0,29.0,55.0,69.0,21.0,22.0,13.0,25.0,57.0,114.0,2.0,3.0,66.0,44.0,0.0,61.0,0.0,0.0,14.0,38.0,26.0,62.0,19.0,88.0,166.0,107.0,0.0,104.0,56.0,101.0,0.0,2.0,22.0,12.0,148.0,2.0,2.0,3.0,103.0,22.0,8.0,7.0,5.0,16.0,7.0,7.0,19.0,2.0,1.0,59.0,9.0,0.0,79.0,72.0,0.0,171.0,11.0,1.0,23.0
18,60568628.0,132.0,40.0,253.0,59.0,257.0,26.0,91.0,29.0,48.0,21.0,136.0,98.0,134.0,76.0,318.0,144.0,68.0,0.0,17.0,61.0,25.0,5.0,16.0,314.0,9.0,58.0,15.0,0.0,0.0,17.0,244.0,19.0,258.0,269.0,18.0,30.0,83.0,0.0,41.0,20.0,70.0,47.0,41.0,137.0,83.0,255.0,38.0,84.0,113.0,94.0,173.0,189.0,7.0,12.0,110.0,35.0,0.0,112.0,8.0,9.0,20.0,134.0,39.0,88.0,17.0,86.0,176.0,151.0,5.0,142.0,59.0,72.0,0.0,5.0,49.0,24.0,140.0,12.0,18.0,12.0,113.0,9.0,8.0,6.0,11.0,7.0,45.0,12.0,87.0,39.0,3.0,86.0,16.0,0.0,115.0,151.0,0.0,116.0,50.0,2.0,39.0
19,63831819.0,12.0,0.0,28.0,2.0,21.0,0.0,9.0,5.0,3.0,2.0,5.0,16.0,12.0,15.0,26.0,19.0,2.0,17.0,0.0,3.0,2.0,1.0,43.0,17.0,3.0,5.0,0.0,0.0,0.0,21.0,26.0,37.0,11.0,9.0,0.0,3.0,13.0,0.0,10.0,15.0,1.0,5.0,1.0,13.0,7.0,12.0,1.0,14.0,14.0,7.0,15.0,25.0,22.0,1.0,3.0,1.0,0.0,7.0,10.0,17.0,0.0,11.0,1.0,5.0,0.0,7.0,10.0,10.0,0.0,10.0,2.0,5.0,0.0,53.0,1.0,1.0,9.0,5.0,38.0,2.0,4.0,0.0,1.0,1.0,4.0,0.0,49.0,3.0,55.0,3.0,0.0,9.0,1.0,0.0,10.0,9.0,0.0,8.0,2.0,0.0,3.0
20,64149875.0,23.0,6.0,105.0,56.0,94.0,26.0,38.0,24.0,16.0,11.0,44.0,16.0,41.0,31.0,116.0,35.0,59.0,61.0,3.0,0.0,38.0,8.0,1.0,73.0,3.0,20.0,25.0,0.0,0.0,2.0,104.0,2.0,40.0,80.0,7.0,17.0,32.0,0.0,2.0,2.0,16.0,51.0,49.0,38.0,32.0,59.0,60.0,51.0,25.0,36.0,45.0,98.0,57.0,7.0,53.0,42.0,0.0,45.0,0.0,1.0,11.0,33.0,19.0,42.0,9.0,82.0,100.0,55.0,1.0,110.0,47.0,37.0,0.0,1.0,18.0,8.0,144.0,1.0,2.0,3.0,82.0,58.0,3.0,5.0,4.0,21.0,11.0,31.0,8.0,10.0,1.0,86.0,6.0,0.0,56.0,53.0,0.0,132.0,15.0,1.0,21.0
21,67964859.0,17.0,9.0,31.0,9.0,40.0,11.0,17.0,3.0,15.0,2.0,22.0,7.0,33.0,20.0,72.0,24.0,14.0,25.0,2.0,38.0,0.0,3.0,3.0,26.0,1.0,14.0,6.0,0.0,0.0,1.0,53.0,1.0,19.0,35.0,4.0,3.0,25.0,0.0,0.0,2.0,6.0,5.0,9.0,21.0,33.0,37.0,20.0,14.0,28.0,23.0,42.0,28.0,8.0,4.0,32.0,11.0,0.0,16.0,0.0,0.0,4.0,29.0,4.0,8.0,0.0,17.0,30.0,41.0,1.0,18.0,13.0,7.0,0.0,2.0,16.0,7.0,19.0,2.0,1.0,2.0,13.0,3.0,1.0,0.0,1.0,1.0,9.0,16.0,3.0,3.0,0.0,15.0,4.0,0.0,27.0,40.0,0.0,23.0,18.0,1.0,10.0
22,69179772.0,3.0,0.0,6.0,3.0,5.0,3.0,6.0,1.0,2.0,1.0,0.0,0.0,5.0,2.0,18.0,9.0,9.0,5.0,1.0,8.0,3.0,0.0,0.0,4.0,0.0,3.0,1.0,0.0,0.0,0.0,8.0,0.0,2.0,3.0,1.0,0.0,3.0,0.0,1.0,1.0,0.0,2.0,4.0,6.0,5.0,1.0,2.0,2.0,2.0,1.0,9.0,10.0,0.0,0.0,5.0,2.0,0.0,2.0,0.0,1.0,1.0,2.0,2.0,3.0,5.0,7.0,16.0,8.0,0.0,13.0,6.0,7.0,0.0,0.0,2.0,0.0,26.0,0.0,1.0,2.0,7.0,6.0,1.0,0.0,2.0,2.0,4.0,2.0,4.0,0.0,0.0,2.0,0.0,0.0,6.0,7.0,0.0,30.0,1.0,0.0,1.0
23,71294722.0,11.0,2.0,32.0,1.0,22.0,4.0,5.0,7.0,7.0,2.0,4.0,13.0,12.0,12.0,29.0,19.0,3.0,16.0,43.0,1.0,3.0,0.0,0.0,15.0,0.0,8.0,0.0,0.0,0.0,29.0,28.0,48.0,17.0,14.0,8.0,2.0,6.0,0.0,21.0,17.0,2.0,4.0,1.0,16.0,3.0,6.0,3.0,20.0,15.0,5.0,24.0,25.0,37.0,0.0,2.0,2.0,0.0,2.0,19.0,31.0,3.0,11.0,2.0,6.0,0.0,10.0,9.0,10.0,0.0,10.0,2.0,4.0,0.0,90.0,2.0,1.0,5.0,5.0,44.0,0.0,10.0,2.0,1.0,0.0,10.0,0.0,88.0,4.0,63.0,8.0,0.0,9.0,1.0,0.0,6.0,5.0,0.0,7.0,4.0,0.0,3.0
24,73025086.0,122.0,23.0,446.0,102.0,290.0,13.0,152.0,27.0,43.0,33.0,330.0,110.0,125.0,90.0,284.0,164.0,54.0,314.0,17.0,73.0,26.0,4.0,15.0,0.0,10.0,58.0,14.0,0.0,0.0,17.0,494.0,28.0,245.0,679.0,61.0,58.0,132.0,0.0,32.0,27.0,122.0,46.0,35.0,158.0,85.0,214.0,18.0,99.0,140.0,196.0,174.0,201.0,10.0,11.0,101.0,30.0,0.0,82.0,7.0,6.0,15.0,109.0,30.0,58.0,10.0,93.0,123.0,131.0,5.0,127.0,54.0,52.0,0.0,9.0,49.0,24.0,135.0,24.0,17.0,12.0,124.0,10.0,56.0,7.0,19.0,9.0,63.0,70.0,78.0,28.0,3.0,95.0,13.0,0.0,109.0,125.0,0.0,115.0,57.0,2.0,52.0
25,78985632.0,7.0,0.0,17.0,2.0,13.0,0.0,4.0,2.0,1.0,5.0,1.0,15.0,4.0,4.0,17.0,10.0,2.0,9.0,3.0,3.0,1.0,0.0,0.0,10.0,0.0,2.0,2.0,0.0,0.0,1.0,16.0,2.0,12.0,12.0,2.0,4.0,1.0,0.0,4.0,5.0,3.0,3.0,0.0,8.0,0.0,10.0,1.0,9.0,5.0,7.0,10.0,9.0,2.0,0.0,0.0,6.0,0.0,6.0,0.0,2.0,0.0,3.0,0.0,4.0,1.0,6.0,2.0,6.0,0.0,2.0,2.0,5.0,0.0,1.0,2.0,1.0,9.0,1.0,2.0,0.0,5.0,0.0,1.0,2.0,1.0,1.0,3.0,2.0,9.0,2.0,0.0,4.0,0.0,0.0,4.0,1.0,0.0,5.0,0.0,0.0,3.0
26,80791048.0,67.0,29.0,95.0,5.0,66.0,56.0,32.0,53.0,45.0,7.0,15.0,109.0,45.0,26.0,97.0,183.0,16.0,58.0,5.0,20.0,14.0,3.0,8.0,58.0,2.0,0.0,69.0,0.0,0.0,5.0,90.0,13.0,83.0,82.0,13.0,7.0,25.0,0.0,35.0,3.0,15.0,19.0,6.0,154.0,41.0,53.0,66.0,57.0,46.0,25.0,89.0,57.0,446.0,1.0,12.0,5.0,0.0,30.0,5.0,23.0,6.0,54.0,10.0,19.0,5.0,24.0,26.0,48.0,17.0,16.0,11.0,15.0,0.0,4.0,18.0,18.0,19.0,7.0,7.0,4.0,14.0,3.0,3.0,1.0,6.0,0.0,92.0,11.0,44.0,65.0,0.0,37.0,8.0,0.0,27.0,48.0,0.0,10.0,13.0,1.0,22.0
27,87250666.0,24.0,5.0,25.0,3.0,24.0,35.0,7.0,12.0,17.0,4.0,5.0,39.0,25.0,16.0,62.0,65.0,5.0,15.0,0.0,25.0,6.0,1.0,0.0,14.0,2.0,69.0,0.0,0.0,0.0,1.0,26.0,0.0,9.0,31.0,5.0,5.0,19.0,0.0,3.0,2.0,5.0,5.0,5.0,74.0,36.0,29.0,62.0,8.0,12.0,1.0,32.0,13.0,76.0,1.0,11.0,2.0,0.0,9.0,0.0,5.0,6.0,28.0,2.0,4.0,1.0,13.0,23.0,19.0,3.0,8.0,6.0,3.0,0.0,1.0,19.0,12.0,6.0,2.0,0.0,1.0,6.0,2.0,1.0,0.0,2.0,0.0,17.0,8.0,6.0,14.0,0.0,6.0,3.0,0.0,17.0,45.0,0.0,10.0,9.0,0.0,9.0
28,96894552.0,0.0,0.0,0.0,0.0,0.0,0.0,0.0,0.0,0.0,0.0,0.0,0.0,0.0,0.0,0.0,0.0,0.0,0.0,0.0,0.0,0.0,0.0,0.0,0.0,0.0,0.0,0.0,0.0,0.0,0.0,0.0,0.0,0.0,0.0,0.0,0.0,0.0,0.0,0.0,0.0,0.0,0.0,0.0,0.0,0.0,0.0,0.0,0.0,0.0,0.0,0.0,0.0,0.0,0.0,0.0,0.0,0.0,0.0,0.0,0.0,0.0,0.0,0.0,0.0,0.0,0.0,0.0,0.0,0.0,0.0,0.0,0.0,0.0,0.0,0.0,0.0,0.0,0.0,0.0,0.0,0.0,0.0,0.0,0.0,0.0,0.0,0.0,0.0,0.0,0.0,0.0,0.0,0.0,0.0,0.0,0.0,0.0,0.0,0.0,0.0,0.0
29,97101016.0,0.0,0.0,0.0,0.0,0.0,0.0,0.0,0.0,0.0,0.0,0.0,0.0,0.0,0.0,0.0,0.0,0.0,0.0,0.0,0.0,0.0,0.0,0.0,0.0,0.0,0.0,0.0,0.0,0.0,0.0,0.0,0.0,0.0,0.0,0.0,0.0,0.0,0.0,0.0,0.0,0.0,0.0,0.0,0.0,0.0,0.0,0.0,0.0,0.0,0.0,0.0,0.0,0.0,0.0,0.0,0.0,0.0,0.0,0.0,0.0,0.0,0.0,0.0,0.0,0.0,0.0,0.0,0.0,0.0,0.0,0.0,0.0,0.0,0.0,0.0,0.0,0.0,0.0,0.0,0.0,0.0,0.0,0.0,0.0,0.0,0.0,0.0,0.0,0.0,0.0,0.0,0.0,0.0,0.0,0.0,0.0,0.0,0.0,0.0,0.0,0.0
30,108590056.0,6.0,0.0,37.0,3.0,15.0,1.0,5.0,2.0,3.0,1.0,10.0,7.0,15.0,4.0,22.0,8.0,7.0,17.0,21.0,2.0,1.0,0.0,29.0,17.0,1.0,5.0,1.0,0.0,0.0,0.0,27.0,18.0,17.0,15.0,5.0,8.0,9.0,0.0,8.0,9.0,8.0,6.0,1.0,7.0,4.0,7.0,0.0,10.0,8.0,8.0,11.0,20.0,6.0,0.0,5.0,2.0,0.0,8.0,13.0,14.0,0.0,11.0,2.0,5.0,1.0,7.0,8.0,11.0,0.0,17.0,6.0,6.0,0.0,25.0,2.0,1.0,7.0,10.0,22.0,2.0,8.0,0.0,4.0,1.0,2.0,0.0,20.0,4.0,28.0,2.0,0.0,8.0,2.0,0.0,10.0,8.0,0.0,6.0,1.0,0.0,4.0
31,114775132.0,247.0,50.0,670.0,102.0,462.0,37.0,224.0,92.0,68.0,28.0,303.0,247.0,213.0,190.0,495.0,273.0,76.0,244.0,26.0,104.0,53.0,8.0,28.0,494.0,16.0,90.0,26.0,0.0,0.0,27.0,0.0,38.0,279.0,612.0,47.0,55.0,261.0,0.0,50.0,51.0,132.0,62.0,46.0,326.0,154.0,299.0,31.0,187.0,272.0,195.0,399.0,279.0,26.0,6.0,137.0,39.0,0.0,85.0,17.0,16.0,19.0,187.0,41.0,74.0,21.0,147.0,148.0,202.0,5.0,174.0,72.0,67.0,0.0,19.0,84.0,31.0,145.0,36.0,26.0,12.0,117.0,24.0,52.0,8.0,34.0,13.0,98.0,104.0,114.0,55.0,4.0,148.0,16.0,0.0,149.0,199.0,0.0,113.0,132.0,1.0,62.0
32,117802966.0,9.0,1.0,67.0,1.0,34.0,0.0,11.0,12.0,4.0,5.0,7.0,13.0,5.0,14.0,30.0,17.0,2.0,19.0,37.0,2.0,1.0,0.0,48.0,28.0,2.0,13.0,0.0,0.0,0.0,18.0,38.0,0.0,24.0,31.0,9.0,9.0,16.0,0.0,8.0,18.0,8.0,12.0,1.0,18.0,2.0,16.0,3.0,10.0,17.0,8.0,18.0,25.0,35.0,0.0,1.0,2.0,0.0,8.0,28.0,23.0,0.0,8.0,4.0,11.0,0.0,11.0,13.0,10.0,1.0,9.0,3.0,3.0,0.0,40.0,3.0,2.0,11.0,17.0,32.0,1.0,5.0,1.0,3.0,0.0,7.0,0.0,75.0,6.0,47.0,4.0,0.0,10.0,3.0,0.0,5.0,12.0,0.0,23.0,6.0,0.0,4.0
33,130810427.0,207.0,83.0,304.0,43.0,183.0,25.0,87.0,45.0,70.0,35.0,133.0,172.0,154.0,114.0,215.0,291.0,30.0,258.0,11.0,40.0,19.0,2.0,17.0,245.0,12.0,83.0,9.0,0.0,0.0,17.0,279.0,24.0,0.0,335.0,46.0,38.0,91.0,0.0,66.0,29.0,134.0,32.0,13.0,209.0,50.0,182.0,27.0,116.0,151.0,114.0,171.0,142.0,23.0,6.0,39.0,14.0,0.0,44.0,10.0,11.0,7.0,77.0,19.0,52.0,8.0,55.0,67.0,94.0,15.0,72.0,19.0,33.0,0.0,9.0,23.0,13.0,89.0,17.0,13.0,14.0,61.0,4.0,18.0,4.0,22.0,8.0,90.0,22.0,95.0,54.0,3.0,62.0,11.0,0.0,69.0,57.0,0.0,62.0,45.0,0.0,39.0
34,133483236.0,83.0,31.0,575.0,153.0,262.0,28.0,159.0,36.0,30.0,22.0,714.0,91.0,60.0,65.0,200.0,272.0,38.0,269.0,9.0,80.0,35.0,3.0,14.0,679.0,12.0,82.0,31.0,0.0,0.0,15.0,612.0,31.0,335.0,0.0,38.0,44.0,105.0,0.0,39.0,25.0,189.0,34.0,20.0,134.0,42.0,173.0,80.0,69.0,125.0,205.0,125.0,115.0,54.0,8.0,54.0,12.0,0.0,39.0,11.0,12.0,5.0,62.0,18.0,46.0,6.0,60.0,64.0,75.0,10.0,98.0,21.0,31.0,0.0,8.0,30.0,7.0,71.0,42.0,10.0,4.0,66.0,5.0,56.0,5.0,19.0,5.0,69.0,143.0,70.0,32.0,2.0,88.0,11.0,0.0,50.0,70.0,0.0,61.0,66.0,0.0,25.0
35,135643063.0,27.0,4.0,69.0,6.0,34.0,2.0,14.0,8.0,11.0,15.0,18.0,29.0,18.0,12.0,37.0,27.0,9.0,18.0,0.0,7.0,4.0,1.0,8.0,61.0,2.0,13.0,5.0,0.0,0.0,5.0,47.0,9.0,46.0,38.0,0.0,18.0,13.0,0.0,7.0,11.0,11.0,8.0,3.0,25.0,10.0,24.0,6.0,30.0,23.0,20.0,31.0,35.0,4.0,2.0,8.0,6.0,0.0,11.0,2.0,2.0,0.0,13.0,5.0,12.0,1.0,15.0,10.0,14.0,1.0,19.0,5.0,6.0,0.0,0.0,3.0,7.0,17.0,9.0,3.0,2.0,14.0,2.0,6.0,1.0,7.0,3.0,18.0,10.0,16.0,6.0,1.0,17.0,5.0,0.0,13.0,12.0,0.0,26.0,3.0,0.0,10.0
36,145401113.0,8.0,0.0,51.0,6.0,42.0,2.0,12.0,8.0,4.0,10.0,16.0,14.0,5.0,7.0,40.0,16.0,11.0,30.0,3.0,17.0,3.0,0.0,2.0,58.0,4.0,7.0,5.0,0.0,0.0,8.0,55.0,9.0,38.0,44.0,18.0,0.0,12.0,0.0,3.0,7.0,7.0,14.0,4.0,19.0,6.0,30.0,7.0,24.0,30.0,29.0,20.0,41.0,6.0,1.0,5.0,11.0,0.0,19.0,4.0,3.0,2.0,6.0,4.0,15.0,0.0,18.0,17.0,16.0,0.0,28.0,10.0,11.0,0.0,0.0,1.0,2.0,40.0,9.0,2.0,1.0,27.0,5.0,8.0,2.0,5.0,3.0,12.0,9.0,22.0,4.0,2.0,20.0,3.0,0.0,17.0,8.0,0.0,27.0,3.0,1.0,5.0
37,148653311.0,176.0,55.0,331.0,36.0,223.0,14.0,82.0,29.0,43.0,18.0,96.0,192.0,229.0,244.0,276.0,108.0,26.0,83.0,13.0,32.0,25.0,3.0,6.0,132.0,1.0,25.0,19.0,0.0,0.0,9.0,261.0,16.0,91.0,105.0,13.0,12.0,0.0,0.0,16.0,10.0,37.0,18.0,14.0,229.0,82.0,236.0,12.0,82.0,222.0,40.0,220.0,98.0,30.0,6.0,100.0,17.0,0.0,25.0,5.0,7.0,9.0,109.0,16.0,20.0,2.0,57.0,95.0,95.0,3.0,106.0,26.0,17.0,0.0,10.0,50.0,16.0,51.0,8.0,13.0,5.0,36.0,4.0,4.0,0.0,8.0,3.0,58.0,20.0,34.0,51.0,0.0,52.0,6.0,0.0,85.0,180.0,0.0,60.0,90.0,1.0,28.0
38,159167229.0,0.0,0.0,0.0,0.0,0.0,0.0,0.0,0.0,0.0,0.0,0.0,0.0,0.0,0.0,0.0,0.0,0.0,0.0,0.0,0.0,0.0,0.0,0.0,0.0,0.0,0.0,0.0,0.0,0.0,0.0,0.0,0.0,0.0,0.0,0.0,0.0,0.0,0.0,0.0,0.0,0.0,0.0,0.0,0.0,0.0,0.0,0.0,0.0,0.0,0.0,0.0,0.0,0.0,0.0,0.0,0.0,0.0,0.0,0.0,0.0,0.0,0.0,0.0,0.0,0.0,0.0,0.0,0.0,0.0,0.0,0.0,0.0,0.0,0.0,0.0,0.0,0.0,0.0,0.0,0.0,0.0,0.0,0.0,0.0,0.0,0.0,0.0,0.0,0.0,0.0,0.0,0.0,0.0,0.0,0.0,0.0,0.0,0.0,0.0,0.0,0.0
39,180261346.0,49.0,8.0,66.0,6.0,30.0,14.0,22.0,18.0,33.0,6.0,9.0,61.0,36.0,19.0,52.0,89.0,9.0,41.0,10.0,2.0,0.0,1.0,21.0,32.0,4.0,35.0,3.0,0.0,0.0,8.0,50.0,8.0,66.0,39.0,7.0,3.0,16.0,0.0,0.0,8.0,8.0,9.0,3.0,83.0,14.0,33.0,10.0,50.0,33.0,12.0,54.0,27.0,42.0,0.0,6.0,3.0,0.0,7.0,3.0,35.0,1.0,25.0,1.0,10.0,0.0,9.0,9.0,34.0,23.0,4.0,3.0,8.0,0.0,12.0,7.0,4.0,12.0,4.0,13.0,7.0,7.0,2.0,2.0,0.0,4.0,0.0,168.0,4.0,46.0,23.0,0.0,16.0,2.0,0.0,20.0,11.0,0.0,7.0,8.0,0.0,20.0
40,182197793.0,15.0,2.0,40.0,5.0,25.0,0.0,12.0,3.0,7.0,6.0,15.0,8.0,8.0,5.0,31.0,16.0,8.0,20.0,15.0,2.0,2.0,1.0,17.0,27.0,5.0,3.0,2.0,0.0,0.0,9.0,51.0,18.0,29.0,25.0,11.0,7.0,10.0,0.0,8.0,0.0,11.0,5.0,4.0,10.0,4.0,11.0,2.0,16.0,16.0,10.0,23.0,29.0,8.0,0.0,8.0,6.0,0.0,8.0,3.0,3.0,1.0,10.0,6.0,14.0,1.0,14.0,11.0,17.0,0.0,15.0,6.0,8.0,0.0,15.0,0.0,2.0,10.0,7.0,12.0,0.0,8.0,2.0,11.0,2.0,6.0,2.0,10.0,8.0,35.0,3.0,1.0,6.0,1.0,0.0,16.0,5.0,0.0,12.0,4.0,0.0,6.0
41,191990026.0,55.0,16.0,125.0,31.0,80.0,1.0,45.0,11.0,21.0,7.0,129.0,43.0,50.0,33.0,83.0,38.0,17.0,70.0,1.0,16.0,6.0,0.0,2.0,122.0,3.0,15.0,5.0,0.0,0.0,8.0,132.0,8.0,134.0,189.0,11.0,7.0,37.0,0.0,8.0,11.0,0.0,7.0,6.0,55.0,26.0,60.0,3.0,20.0,44.0,45.0,59.0,52.0,1.0,4.0,27.0,7.0,0.0,19.0,4.0,0.0,3.0,33.0,20.0,27.0,6.0,21.0,24.0,34.0,1.0,34.0,19.0,17.0,0.0,3.0,17.0,4.0,29.0,12.0,4.0,2.0,20.0,0.0,20.0,3.0,4.0,1.0,17.0,18.0,20.0,9.0,1.0,19.0,4.0,0.0,31.0,36.0,0.0,18.0,27.0,0.0,9.0
42,209651406.0,22.0,2.0,60.0,11.0,64.0,5.0,29.0,10.0,16.0,12.0,6.0,22.0,21.0,15.0,78.0,34.0,39.0,47.0,5.0,51.0,5.0,2.0,4.0,46.0,3.0,19.0,5.0,0.0,0.0,6.0,62.0,12.0,32.0,34.0,8.0,14.0,18.0,0.0,9.0,5.0,7.0,0.0,28.0,20.0,21.0,45.0,8.0,36.0,18.0,21.0,31.0,83.0,2.0,1.0,16.0,30.0,0.0,54.0,2.0,5.0,21.0,36.0,12.0,33.0,8.0,85.0,52.0,50.0,3.0,78.0,41.0,34.0,0.0,1.0,9.0,10.0,79.0,2.0,5.0,1.0,95.0,44.0,4.0,6.0,5.0,32.0,13.0,4.0,28.0,6.0,3.0,74.0,4.0,0.0,49.0,50.0,0.0,78.0,4.0,2.0,14.0
43,210824047.0,17.0,1.0,30.0,17.0,53.0,5.0,18.0,1.0,13.0,3.0,16.0,13.0,25.0,14.0,89.0,16.0,66.0,41.0,1.0,49.0,9.0,4.0,1.0,35.0,0.0,6.0,5.0,0.0,0.0,1.0,46.0,1.0,13.0,20.0,3.0,4.0,14.0,0.0,3.0,4.0,6.0,28.0,0.0,19.0,26.0,45.0,15.0,15.0,9.0,15.0,27.0,57.0,1.0,2.0,39.0,22.0,0.0,33.0,0.0,0.0,10.0,31.0,17.0,32.0,5.0,49.0,63.0,53.0,0.0,53.0,30.0,31.0,0.0,1.0,12.0,7.0,57.0,2.0,0.0,1.0,62.0,14.0,3.0,2.0,1.0,14.0,2.0,3.0,8.0,1.0,1.0,32.0,4.0,0.0,44.0,39.0,0.0,88.0,7.0,2.0,19.0
44,235718672.0,486.0,138.0,408.0,16.0,327.0,65.0,118.0,137.0,87.0,15.0,65.0,989.0,263.0,266.0,1243.0,476.0,29.0,137.0,13.0,38.0,21.0,6.0,16.0,158.0,8.0,154.0,74.0,0.0,0.0,7.0,326.0,18.0,209.0,134.0,25.0,19.0,229.0,0.0,83.0,10.0,55.0,20.0,19.0,0.0,161.0,310.0,33.0,165.0,277.0,46.0,514.0,147.0,206.0,4.0,90.0,10.0,0.0,37.0,4.0,22.0,9.0,171.0,18.0,27.0,7.0,85.0,81.0,151.0,11.0,43.0,23.0,20.0,0.0,16.0,91.0,27.0,47.0,5.0,15.0,22.0,24.0,5.0,3.0,1.0,9.0,0.0,216.0,21.0,96.0,189.0,0.0,96.0,9.0,0.0,97.0,194.0,0.0,28.0,126.0,2.0,50.0
45,244896607.0,118.0,32.0,116.0,13.0,126.0,29.0,61.0,9.0,51.0,7.0,47.0,93.0,146.0,93.0,264.0,87.0,55.0,83.0,7.0,32.0,33.0,5.0,3.0,85.0,0.0,41.0,36.0,0.0,0.0,4.0,154.0,2.0,50.0,42.0,10.0,6.0,82.0,0.0,14.0,4.0,26.0,21.0,26.0,161.0,0.0,154.0,36.0,55.0,74.0,40.0,192.0,112.0,11.0,5.0,114.0,19.0,0.0,54.0,1.0,2.0,15.0,141.0,24.0,28.0,14.0,72.0,104.0,145.0,3.0,44.0,43.0,29.0,0.0,2.0,75.0,30.0,49.0,1.0,5.0,13.0,34.0,3.0,1.0,2.0,2.0,0.0,29.0,12.0,17.0,20.0,0.0,49.0,10.0,0.0,109.0,182.0,0.0,68.0,60.0,2.0,49.0
46,247012412.0,263.0,104.0,350.0,45.0,332.0,27.0,113.0,46.0,60.0,12.0,110.0,245.0,304.0,263.0,498.0,189.0,69.0,255.0,12.0,59.0,37.0,1.0,6.0,214.0,10.0,53.0,29.0,0.0,0.0,7.0,299.0,16.0,182.0,173.0,24.0,30.0,236.0,0.0,33.0,11.0,60.0,45.0,45.0,310.0,154.0,0.0,36.0,108.0,237.0,68.0,327.0,207.0,13.0,11.0,181.0,34.0,0.0,98.0,5.0,6.0,27.0,217.0,35.0,65.0,16.0,115.0,226.0,174.0,7.0,148.0,69.0,61.0,0.0,7.0,119.0,36.0,125.0,5.0,11.0,12.0,95.0,9.0,5.0,5.0,6.0,9.0,58.0,17.0,61.0,58.0,4.0,102.0,19.0,0.0,206.0,317.0,0.0,115.0,131.0,4.0,56.0
47,247494866.0,18.0,7.0,35.0,2.0,31.0,70.0,13.0,20.0,25.0,5.0,13.0,20.0,23.0,20.0,64.0,75.0,21.0,38.0,1.0,60.0,20.0,2.0,3.0,18.0,1.0,66.0,62.0,0.0,0.0,0.0,31.0,3.0,27.0,80.0,6.0,7.0,12.0,0.0,10.0,2.0,3.0,8.0,15.0,33.0,36.0,36.0,0.0,12.0,21.0,11.0,38.0,26.0,95.0,1.0,11.0,5.0,0.0,18.0,1.0,3.0,3.0,34.0,2.0,10.0,1.0,21.0,27.0,41.0,2.0,5.0,7.0,9.0,0.0,1.0,15.0,8.0,13.0,0.0,0.0,2.0,12.0,3.0,1.0,0.0,0.0,0.0,21.0,12.0,8.0,13.0,0.0,22.0,4.0,0.0,16.0,49.0,0.0,15.0,11.0,0.0,17.0
48,253451653.0,121.0,30.0,195.0,18.0,144.0,37.0,68.0,29.0,48.0,15.0,22.0,126.0,105.0,84.0,197.0,154.0,22.0,84.0,14.0,51.0,14.0,2.0,20.0,99.0,9.0,57.0,8.0,0.0,0.0,10.0,187.0,10.0,116.0,69.0,30.0,24.0,82.0,0.0,50.0,16.0,20.0,36.0,15.0,165.0,55.0,108.0,12.0,0.0,141.0,53.0,208.0,125.0,15.0,1.0,52.0,53.0,0.0,45.0,6.0,11.0,4.0,75.0,13.0,37.0,5.0,66.0,51.0,95.0,20.0,60.0,17.0,32.0,0.0,7.0,26.0,14.0,83.0,9.0,16.0,7.0,65.0,46.0,9.0,4.0,14.0,20.0,90.0,13.0,91.0,32.0,2.0,65.0,5.0,0.0,69.0,64.0,0.0,46.0,39.0,2.0,38.0
49,255040592.0,207.0,62.0,359.0,18.0,240.0,41.0,87.0,69.0,52.0,11.0,85.0,186.0,224.0,229.0,336.0,209.0,13.0,113.0,14.0,25.0,28.0,2.0,15.0,140.0,5.0,46.0,12.0,0.0,0.0,8.0,272.0,17.0,151.0,125.0,23.0,30.0,222.0,0.0,33.0,16.0,44.0,18.0,9.0,277.0,74.0,237.0,21.0,141.0,0.0,79.0,314.0,115.0,31.0,4.0,76.0,11.0,0.0,41.0,7.0,14.0,3.0,117.0,14.0,25.0,6.0,44.0,59.0,103.0,6.0,52.0,19.0,21.0,0.0,14.0,59.0,16.0,45.0,7.0,13.0,4.0,32.0,3.0,11.0,1.0,7.0,2.0,75.0,39.0,61.0,83.0,3.0,45.0,5.0,0.0,72.0,151.0,0.0,24.0,105.0,3.0,27.0
50,258047934.0,51.0,10.0,157.0,20.0,110.0,3.0,70.0,16.0,17.0,10.0,99.0,40.0,46.0,43.0,123.0,76.0,25.0,94.0,7.0,36.0,23.0,1.0,5.0,196.0,7.0,25.0,1.0,0.0,0.0,8.0,195.0,8.0,114.0,205.0,20.0,29.0,40.0,0.0,12.0,10.0,45.0,21.0,15.0,46.0,40.0,68.0,11.0,53.0,79.0,0.0,83.0,92.0,0.0,3.0,34.0,18.0,0.0,47.0,3.0,3.0,7.0,53.0,15.0,32.0,7.0,43.0,49.0,62.0,0.0,66.0,24.0,24.0,0.0,1.0,21.0,10.0,59.0,2.0,6.0,5.0,56.0,3.0,26.0,5.0,3.0,2.0,20.0,28.0,34.0,11.0,2.0,40.0,5.0,0.0,44.0,60.0,0.0,44.0,23.0,1.0,18.0
51,261885661.0,348.0,95.0,412.0,30.0,364.0,35.0,109.0,97.0,118.0,27.0,80.0,332.0,403.0,421.0,698.0,364.0,57.0,173.0,15.0,45.0,42.0,9.0,24.0,174.0,10.0,89.0,32.0,0.0,0.0,11.0,399.0,18.0,171.0,125.0,31.0,20.0,220.0,0.0,54.0,23.0,59.0,31.0,27.0,514.0,192.0,327.0,38.0,208.0,314.0,83.0,0.0,227.0,27.0,5.0,156.0,21.0,0.0,83.0,5.0,18.0,13.0,303.0,44.0,57.0,19.0,123.0,147.0,267.0,11.0,86.0,52.0,50.0,0.0,21.0,116.0,41.0,92.0,8.0,23.0,18.0,54.0,3.0,9.0,2.0,18.0,2.0,119.0,34.0,115.0,62.0,0.0,112.0,15.0,0.0,186.0,305.0,0.0,70.0,152.0,1.0,76.0
52,262821567.0,155.0,19.0,246.0,46.0,256.0,13.0,102.0,38.0,55.0,29.0,62.0,124.0,151.0,105.0,403.0,130.0,114.0,189.0,25.0,98.0,28.0,10.0,25.0,201.0,9.0,57.0,13.0,0.0,0.0,20.0,279.0,25.0,142.0,115.0,35.0,41.0,98.0,0.0,27.0,29.0,52.0,83.0,57.0,147.0,112.0,207.0,26.0,125.0,115.0,92.0,227.0,0.0,13.0,9.0,136.0,67.0,0.0,130.0,13.0,10.0,23.0,147.0,62.0,109.0,25.0,190.0,219.0,193.0,3.0,185.0,98.0,109.0,0.0,15.0,52.0,26.0,225.0,19.0,29.0,12.0,171.0,50.0,12.0,9.0,27.0,22.0,52.0,26.0,98.0,35.0,3.0,137.0,24.0,0.0,162.0,178.0,0.0,237.0,51.0,3.0,55.0
53,263515257.0,21.0,21.0,82.0,6.0,22.0,106.0,13.0,104.0,28.0,3.0,11.0,73.0,23.0,30.0,42.0,111.0,2.0,7.0,22.0,57.0,8.0,0.0,37.0,10.0,2.0,446.0,76.0,0.0,0.0,6.0,26.0,35.0,23.0,54.0,4.0,6.0,30.0,0.0,42.0,8.0,1.0,2.0,1.0,206.0,11.0,13.0,95.0,15.0,31.0,0.0,27.0,13.0,0.0,0.0,2.0,0.0,0.0,1.0,25.0,121.0,0.0,14.0,1.0,2.0,1.0,5.0,4.0,8.0,1.0,1.0,0.0,0.0,0.0,48.0,7.0,4.0,0.0,5.0,11.0,9.0,0.0,0.0,1.0,0.0,1.0,0.0,305.0,4.0,46.0,66.0,0.0,9.0,0.0,0.0,4.0,11.0,0.0,2.0,5.0,0.0,2.0
54,266562398.0,4.0,0.0,6.0,8.0,10.0,0.0,7.0,0.0,3.0,2.0,10.0,3.0,7.0,9.0,12.0,1.0,3.0,12.0,1.0,7.0,4.0,0.0,0.0,11.0,0.0,1.0,1.0,0.0,0.0,0.0,6.0,0.0,6.0,8.0,2.0,1.0,6.0,0.0,0.0,0.0,4.0,1.0,2.0,4.0,5.0,11.0,1.0,1.0,4.0,3.0,5.0,9.0,0.0,0.0,10.0,1.0,0.0,4.0,0.0,0.0,0.0,4.0,2.0,4.0,1.0,5.0,11.0,6.0,0.0,6.0,6.0,1.0,0.0,0.0,2.0,2.0,10.0,0.0,1.0,0.0,5.0,1.0,0.0,0.0,0.0,0.0,0.0,0.0,1.0,1.0,0.0,1.0,1.0,0.0,6.0,7.0,0.0,13.0,1.0,0.0,2.0
55,267088381.0,96.0,19.0,120.0,27.0,142.0,7.0,58.0,4.0,35.0,6.0,67.0,55.0,168.0,112.0,305.0,48.0,66.0,110.0,3.0,53.0,32.0,5.0,2.0,101.0,0.0,12.0,11.0,0.0,0.0,5.0,137.0,1.0,39.0,54.0,8.0,5.0,100.0,0.0,6.0,8.0,27.0,16.0,39.0,90.0,114.0,181.0,11.0,52.0,76.0,34.0,156.0,136.0,2.0,10.0,0.0,32.0,0.0,54.0,0.0,2.0,12.0,122.0,23.0,46.0,11.0,90.0,178.0,118.0,3.0,93.0,48.0,47.0,0.0,3.0,58.0,24.0,95.0,0.0,4.0,5.0,84.0,5.0,5.0,2.0,3.0,6.0,25.0,18.0,15.0,23.0,1.0,34.0,10.0,0.0,150.0,160.0,0.0,160.0,59.0,5.0,36.0
56,268184418.0,8.0,0.0,27.0,17.0,32.0,2.0,13.0,1.0,5.0,8.0,9.0,6.0,19.0,8.0,78.0,10.0,44.0,35.0,1.0,42.0,11.0,2.0,2.0,30.0,6.0,5.0,2.0,0.0,0.0,2.0,39.0,2.0,14.0,12.0,6.0,11.0,17.0,0.0,3.0,6.0,7.0,30.0,22.0,10.0,19.0,34.0,5.0,53.0,11.0,18.0,21.0,67.0,0.0,1.0,32.0,0.0,0.0,39.0,0.0,1.0,11.0,19.0,16.0,33.0,8.0,48.0,65.0,37.0,0.0,63.0,30.0,51.0,0.0,0.0,5.0,2.0,86.0,1.0,2.0,1.0,62.0,47.0,4.0,4.0,3.0,16.0,2.0,2.0,12.0,2.0,2.0,32.0,1.0,0.0,46.0,27.0,0.0,89.0,3.0,2.0,10.0
57,269680826.0,0.0,0.0,0.0,0.0,0.0,0.0,0.0,0.0,0.0,0.0,0.0,0.0,0.0,0.0,0.0,0.0,0.0,0.0,0.0,0.0,0.0,0.0,0.0,0.0,0.0,0.0,0.0,0.0,0.0,0.0,0.0,0.0,0.0,0.0,0.0,0.0,0.0,0.0,0.0,0.0,0.0,0.0,0.0,0.0,0.0,0.0,0.0,0.0,0.0,0.0,0.0,0.0,0.0,0.0,0.0,0.0,0.0,0.0,0.0,0.0,0.0,0.0,0.0,0.0,0.0,0.0,0.0,0.0,0.0,0.0,0.0,0.0,0.0,0.0,0.0,0.0,0.0,0.0,0.0,0.0,0.0,0.0,0.0,0.0,0.0,0.0,0.0,0.0,0.0,0.0,0.0,0.0,0.0,0.0,0.0,0.0,0.0,0.0,0.0,0.0,0.0
58,271201613.0,36.0,3.0,62.0,14.0,108.0,9.0,36.0,14.0,22.0,11.0,16.0,36.0,50.0,26.0,166.0,50.0,61.0,112.0,7.0,45.0,16.0,2.0,2.0,82.0,6.0,30.0,9.0,0.0,0.0,8.0,85.0,8.0,44.0,39.0,11.0,19.0,25.0,0.0,7.0,8.0,19.0,54.0,33.0,37.0,54.0,98.0,18.0,45.0,41.0,47.0,83.0,130.0,1.0,4.0,54.0,39.0,0.0,0.0,4.0,2.0,17.0,61.0,25.0,58.0,11.0,86.0,98.0,106.0,1.0,84.0,61.0,61.0,0.0,1.0,25.0,19.0,96.0,4.0,7.0,8.0,103.0,13.0,3.0,7.0,7.0,15.0,9.0,6.0,43.0,6.0,2.0,59.0,13.0,0.0,87.0,99.0,0.0,90.0,11.0,1.0,32.0
59,272259832.0,3.0,1.0,21.0,0.0,15.0,1.0,1.0,3.0,0.0,0.0,0.0,2.0,5.0,4.0,13.0,3.0,0.0,8.0,10.0,0.0,0.0,0.0,19.0,7.0,0.0,5.0,0.0,0.0,0.0,13.0,17.0,28.0,10.0,11.0,2.0,4.0,5.0,0.0,3.0,3.0,4.0,2.0,0.0,4.0,1.0,5.0,1.0,6.0,7.0,3.0,5.0,13.0,25.0,0.0,0.0,0.0,0.0,4.0,0.0,14.0,0.0,4.0,1.0,4.0,0.0,4.0,3.0,4.0,0.0,6.0,3.0,3.0,0.0,20.0,0.0,1.0,3.0,10.0,14.0,1.0,1.0,0.0,0.0,0.0,4.0,0.0,35.0,1.0,17.0,1.0,0.0,2.0,1.0,0.0,3.0,2.0,0.0,0.0,1.0,0.0,3.0
60,272323854.0,13.0,3.0,30.0,0.0,9.0,10.0,10.0,25.0,8.0,2.0,1.0,6.0,17.0,8.0,10.0,18.0,0.0,9.0,17.0,1.0,0.0,1.0,31.0,6.0,2.0,23.0,5.0,0.0,0.0,14.0,16.0,23.0,11.0,12.0,2.0,3.0,7.0,0.0,35.0,3.0,0.0,5.0,0.0,22.0,2.0,6.0,3.0,11.0,14.0,3.0,18.0,10.0,121.0,0.0,2.0,1.0,0.0,2.0,14.0,0.0,0.0,5.0,1.0,2.0,0.0,2.0,3.0,5.0,2.0,2.0,2.0,2.0,0.0,49.0,0.0,2.0,3.0,2.0,24.0,2.0,4.0,0.0,0.0,0.0,1.0,0.0,178.0,0.0,32.0,19.0,0.0,10.0,1.0,0.0,4.0,4.0,0.0,0.0,0.0,0.0,7.0
61,274052325.0,7.0,0.0,13.0,3.0,26.0,2.0,7.0,1.0,4.0,1.0,2.0,8.0,10.0,7.0,35.0,8.0,14.0,20.0,0.0,11.0,4.0,1.0,3.0,15.0,0.0,6.0,6.0,0.0,0.0,0.0,19.0,0.0,7.0,5.0,0.0,2.0,9.0,0.0,1.0,1.0,3.0,21.0,10.0,9.0,15.0,27.0,3.0,4.0,3.0,7.0,13.0,23.0,0.0,0.0,12.0,11.0,0.0,17.0,0.0,0.0,0.0,18.0,4.0,8.0,4.0,25.0,29.0,17.0,0.0,30.0,20.0,13.0,0.0,2.0,8.0,8.0,19.0,2.0,1.0,0.0,30.0,9.0,1.0,2.0,0.0,6.0,5.0,3.0,5.0,0.0,0.0,15.0,3.0,0.0,26.0,31.0,0.0,25.0,3.0,0.0,2.0
62,275670270.0,156.0,35.0,198.0,19.0,198.0,24.0,63.0,28.0,65.0,15.0,49.0,123.0,217.0,190.0,342.0,144.0,38.0,134.0,11.0,33.0,29.0,2.0,11.0,109.0,3.0,54.0,28.0,0.0,0.0,11.0,187.0,8.0,77.0,62.0,13.0,6.0,109.0,0.0,25.0,10.0,33.0,36.0,31.0,171.0,141.0,217.0,34.0,75.0,117.0,53.0,303.0,147.0,14.0,4.0,122.0,19.0,0.0,61.0,4.0,5.0,18.0,0.0,28.0,33.0,14.0,91.0,131.0,149.0,5.0,57.0,41.0,27.0,0.0,13.0,92.0,43.0,54.0,4.0,14.0,8.0,43.0,3.0,4.0,2.0,7.0,2.0,50.0,17.0,52.0,29.0,0.0,66.0,7.0,0.0,124.0,257.0,0.0,61.0,82.0,3.0,46.0
63,279573378.0,24.0,4.0,24.0,7.0,38.0,3.0,15.0,2.0,15.0,1.0,14.0,18.0,47.0,19.0,67.0,13.0,26.0,39.0,1.0,19.0,4.0,2.0,2.0,30.0,0.0,10.0,2.0,0.0,0.0,2.0,41.0,4.0,19.0,18.0,5.0,4.0,16.0,0.0,1.0,6.0,20.0,12.0,17.0,18.0,24.0,35.0,2.0,13.0,14.0,15.0,44.0,62.0,1.0,2.0,23.0,16.0,0.0,25.0,1.0,1.0,4.0,28.0,0.0,43.0,21.0,24.0,30.0,48.0,0.0,37.0,24.0,41.0,0.0,3.0,11.0,5.0,40.0,3.0,4.0,1.0,28.0,5.0,4.0,3.0,1.0,2.0,3.0,2.0,17.0,1.0,0.0,20.0,4.0,0.0,22.0,33.0,0.0,29.0,10.0,2.0,13.0
64,280461953.0,35.0,4.0,56.0,15.0,75.0,2.0,38.0,11.0,22.0,13.0,23.0,28.0,45.0,20.0,122.0,35.0,62.0,88.0,5.0,42.0,8.0,3.0,6.0,58.0,4.0,19.0,4.0,0.0,0.0,5.0,74.0,11.0,52.0,46.0,12.0,15.0,20.0,0.0,10.0,14.0,27.0,33.0,32.0,27.0,28.0,65.0,10.0,37.0,25.0,32.0,57.0,109.0,2.0,4.0,46.0,33.0,0.0,58.0,4.0,2.0,8.0,33.0,43.0,0.0,26.0,50.0,70.0,75.0,0.0,75.0,38.0,77.0,0.0,1.0,14.0,14.0,91.0,5.0,6.0,2.0,71.0,12.0,6.0,6.0,9.0,8.0,8.0,4.0,44.0,4.0,4.0,41.0,9.0,0.0,62.0,48.0,0.0,89.0,14.0,2.0,22.0
65,284059062.0,13.0,2.0,10.0,3.0,15.0,4.0,8.0,0.0,9.0,1.0,6.0,6.0,17.0,8.0,42.0,4.0,19.0,17.0,0.0,9.0,0.0,5.0,0.0,10.0,1.0,5.0,1.0,0.0,0.0,1.0,21.0,0.0,8.0,6.0,1.0,0.0,2.0,0.0,0.0,1.0,6.0,8.0,5.0,7.0,14.0,16.0,1.0,5.0,6.0,7.0,19.0,25.0,1.0,1.0,11.0,8.0,0.0,11.0,0.0,0.0,4.0,14.0,21.0,26.0,0.0,16.0,24.0,24.0,0.0,24.0,13.0,33.0,0.0,0.0,4.0,4.0,24.0,0.0,1.0,0.0,15.0,1.0,0.0,1.0,0.0,1.0,2.0,0.0,5.0,2.0,1.0,8.0,3.0,0.0,12.0,16.0,0.0,26.0,4.0,1.0,4.0
66,287425961.0,59.0,3.0,123.0,28.0,163.0,10.0,42.0,14.0,25.0,15.0,26.0,60.0,72.0,67.0,242.0,69.0,88.0,86.0,7.0,82.0,17.0,7.0,10.0,93.0,6.0,24.0,13.0,0.0,0.0,7.0,147.0,11.0,55.0,60.0,15.0,18.0,57.0,0.0,9.0,14.0,21.0,85.0,49.0,85.0,72.0,115.0,21.0,66.0,44.0,43.0,123.0,190.0,5.0,5.0,90.0,48.0,0.0,86.0,4.0,2.0,25.0,91.0,24.0,50.0,16.0,0.0,147.0,108.0,2.0,148.0,66.0,52.0,0.0,4.0,41.0,20.0,156.0,8.0,9.0,9.0,120.0,42.0,8.0,6.0,14.0,32.0,32.0,19.0,35.0,13.0,2.0,125.0,15.0,0.0,111.0,131.0,0.0,196.0,23.0,1.0,38.0
67,287709447.0,78.0,20.0,166.0,46.0,197.0,9.0,81.0,19.0,31.0,17.0,53.0,73.0,119.0,101.0,384.0,59.0,166.0,176.0,10.0,100.0,30.0,16.0,9.0,123.0,2.0,26.0,23.0,0.0,0.0,8.0,148.0,13.0,67.0,64.0,10.0,17.0,95.0,0.0,9.0,11.0,24.0,52.0,63.0,81.0,104.0,226.0,27.0,51.0,59.0,49.0,147.0,219.0,4.0,11.0,178.0,65.0,0.0,98.0,3.0,3.0,29.0,131.0,30.0,70.0,24.0,147.0,0.0,140.0,2.0,262.0,81.0,98.0,0.0,6.0,99.0,25.0,231.0,5.0,12.0,5.0,144.0,23.0,3.0,6.0,11.0,10.0,36.0,15.0,39.0,21.0,3.0,89.0,14.0,0.0,156.0,224.0,0.0,301.0,50.0,3.0,33.0
68,287755830.0,158.0,17.0,162.0,17.0,189.0,39.0,71.0,29.0,72.0,10.0,46.0,117.0,169.0,108.0,394.0,124.0,107.0,151.0,10.0,55.0,41.0,8.0,10.0,131.0,6.0,48.0,19.0,0.0,0.0,11.0,202.0,10.0,94.0,75.0,14.0,16.0,95.0,0.0,34.0,17.0,34.0,50.0,53.0,151.0,145.0,174.0,41.0,95.0,103.0,62.0,267.0,193.0,8.0,6.0,118.0,37.0,0.0,106.0,4.0,5.0,17.0,149.0,48.0,75.0,24.0,108.0,140.0,0.0,6.0,89.0,67.0,78.0,0.0,6.0,60.0,26.0,104.0,6.0,17.0,16.0,93.0,12.0,6.0,5.0,11.0,5.0,45.0,17.0,83.0,27.0,0.0,86.0,19.0,0.0,144.0,182.0,0.0,116.0,58.0,2.0,79.0
69,287848520.0,16.0,4.0,24.0,1.0,3.0,5.0,3.0,2.0,7.0,1.0,3.0,30.0,21.0,1.0,8.0,24.0,0.0,5.0,0.0,1.0,1.0,0.0,0.0,5.0,0.0,17.0,3.0,0.0,0.0,0.0,5.0,1.0,15.0,10.0,1.0,0.0,3.0,0.0,23.0,0.0,1.0,3.0,0.0,11.0,3.0,7.0,2.0,20.0,6.0,0.0,11.0,3.0,1.0,0.0,3.0,0.0,0.0,1.0,0.0,2.0,0.0,5.0,0.0,0.0,0.0,2.0,2.0,6.0,0.0,1.0,1.0,0.0,0.0,1.0,2.0,0.0,0.0,0.0,0.0,1.0,1.0,0.0,0.0,0.0,0.0,0.0,6.0,2.0,4.0,5.0,0.0,0.0,0.0,0.0,4.0,3.0,0.0,0.0,2.0,0.0,4.0
70,288479798.0,45.0,6.0,187.0,54.0,200.0,6.0,59.0,11.0,12.0,12.0,42.0,43.0,63.0,50.0,252.0,33.0,104.0,142.0,10.0,110.0,18.0,13.0,10.0,127.0,2.0,16.0,8.0,0.0,0.0,17.0,174.0,9.0,72.0,98.0,19.0,28.0,106.0,0.0,4.0,15.0,34.0,78.0,53.0,43.0,44.0,148.0,5.0,60.0,52.0,66.0,86.0,185.0,1.0,6.0,93.0,63.0,0.0,84.0,6.0,2.0,30.0,57.0,37.0,75.0,24.0,148.0,262.0,89.0,1.0,0.0,77.0,93.0,0.0,4.0,30.0,11.0,228.0,10.0,13.0,4.0,141.0,42.0,13.0,9.0,18.0,19.0,13.0,15.0,33.0,7.0,3.0,135.0,10.0,0.0,104.0,114.0,0.0,221.0,27.0,3.0,20.0
71,289104235.0,30.0,1.0,39.0,17.0,72.0,3.0,29.0,3.0,13.0,6.0,18.0,18.0,43.0,20.0,127.0,18.0,56.0,59.0,2.0,47.0,13.0,6.0,2.0,54.0,2.0,11.0,6.0,0.0,0.0,6.0,72.0,3.0,19.0,21.0,5.0,10.0,26.0,0.0,3.0,6.0,19.0,41.0,30.0,23.0,43.0,69.0,7.0,17.0,19.0,24.0,52.0,98.0,0.0,6.0,48.0,30.0,0.0,61.0,3.0,2.0,20.0,41.0,24.0,38.0,13.0,66.0,81.0,67.0,1.0,77.0,0.0,44.0,0.0,1.0,22.0,13.0,87.0,2.0,4.0,4.0,68.0,17.0,2.0,7.0,6.0,12.0,5.0,4.0,17.0,4.0,1.0,43.0,8.0,0.0,68.0,64.0,0.0,81.0,12.0,0.0,19.0
72,289974673.0,28.0,1.0,41.0,18.0,62.0,3.0,25.0,8.0,16.0,6.0,12.0,23.0,43.0,19.0,142.0,24.0,101.0,72.0,5.0,37.0,7.0,7.0,4.0,52.0,5.0,15.0,3.0,0.0,0.0,6.0,67.0,3.0,33.0,31.0,6.0,11.0,17.0,0.0,8.0,8.0,17.0,34.0,31.0,20.0,29.0,61.0,9.0,32.0,21.0,24.0,50.0,109.0,0.0,1.0,47.0,51.0,0.0,61.0,3.0,2.0,13.0,27.0,41.0,77.0,33.0,52.0,98.0,78.0,0.0,93.0,44.0,0.0,0.0,2.0,13.0,8.0,103.0,3.0,6.0,2.0,76.0,15.0,5.0,10.0,8.0,6.0,8.0,3.0,23.0,4.0,3.0,39.0,8.0,0.0,67.0,49.0,0.0,95.0,10.0,2.0,17.0
73,294523668.0,0.0,0.0,0.0,0.0,0.0,0.0,0.0,0.0,0.0,0.0,0.0,0.0,0.0,0.0,0.0,0.0,0.0,0.0,0.0,0.0,0.0,0.0,0.0,0.0,0.0,0.0,0.0,0.0,0.0,0.0,0.0,0.0,0.0,0.0,0.0,0.0,0.0,0.0,0.0,0.0,0.0,0.0,0.0,0.0,0.0,0.0,0.0,0.0,0.0,0.0,0.0,0.0,0.0,0.0,0.0,0.0,0.0,0.0,0.0,0.0,0.0,0.0,0.0,0.0,0.0,0.0,0.0,0.0,0.0,0.0,0.0,0.0,0.0,0.0,0.0,0.0,0.0,0.0,0.0,0.0,0.0,0.0,0.0,0.0,0.0,0.0,0.0,0.0,0.0,0.0,0.0,0.0,0.0,0.0,0.0,0.0,0.0,0.0,0.0,0.0,0.0
74,302144631.0,10.0,5.0,36.0,2.0,9.0,3.0,5.0,11.0,5.0,1.0,6.0,9.0,21.0,18.0,18.0,10.0,2.0,5.0,53.0,1.0,2.0,0.0,90.0,9.0,1.0,4.0,1.0,0.0,0.0,25.0,19.0,40.0,9.0,8.0,0.0,0.0,10.0,0.0,12.0,15.0,3.0,1.0,1.0,16.0,2.0,7.0,1.0,7.0,14.0,1.0,21.0,15.0,48.0,0.0,3.0,0.0,0.0,1.0,20.0,49.0,2.0,13.0,3.0,1.0,0.0,4.0,6.0,6.0,1.0,4.0,1.0,2.0,0.0,0.0,2.0,0.0,2.0,7.0,60.0,0.0,2.0,0.0,0.0,0.0,4.0,0.0,117.0,1.0,62.0,4.0,0.0,0.0,0.0,0.0,4.0,4.0,0.0,0.0,2.0,0.0,3.0
75,309930491.0,65.0,22.0,76.0,8.0,94.0,15.0,29.0,9.0,31.0,2.0,27.0,69.0,96.0,79.0,154.0,59.0,22.0,49.0,1.0,18.0,16.0,2.0,2.0,49.0,2.0,18.0,19.0,0.0,0.0,2.0,84.0,3.0,23.0,30.0,3.0,1.0,50.0,0.0,7.0,0.0,17.0,9.0,12.0,91.0,75.0,119.0,15.0,26.0,59.0,21.0,116.0,52.0,7.0,2.0,58.0,5.0,0.0,25.0,0.0,0.0,8.0,92.0,11.0,14.0,4.0,41.0,99.0,60.0,2.0,30.0,22.0,13.0,0.0,2.0,0.0,21.0,24.0,0.0,1.0,1.0,13.0,1.0,1.0,1.0,0.0,0.0,19.0,9.0,10.0,19.0,0.0,21.0,5.0,0.0,52.0,144.0,0.0,24.0,45.0,1.0,17.0
76,312304468.0,20.0,7.0,28.0,3.0,29.0,0.0,11.0,7.0,13.0,5.0,8.0,25.0,35.0,17.0,59.0,16.0,12.0,24.0,1.0,8.0,7.0,0.0,1.0,24.0,1.0,18.0,12.0,0.0,0.0,1.0,31.0,2.0,13.0,7.0,7.0,2.0,16.0,0.0,4.0,2.0,4.0,10.0,7.0,27.0,30.0,36.0,8.0,14.0,16.0,10.0,41.0,26.0,4.0,2.0,24.0,2.0,0.0,19.0,1.0,2.0,8.0,43.0,5.0,14.0,4.0,20.0,25.0,26.0,0.0,11.0,13.0,8.0,0.0,0.0,21.0,0.0,13.0,0.0,2.0,3.0,16.0,1.0,0.0,2.0,0.0,1.0,4.0,1.0,12.0,6.0,0.0,16.0,5.0,0.0,27.0,56.0,0.0,14.0,12.0,1.0,15.0
77,316654348.0,47.0,6.0,159.0,53.0,157.0,1.0,66.0,14.0,24.0,29.0,36.0,37.0,65.0,40.0,270.0,48.0,148.0,140.0,9.0,144.0,19.0,26.0,5.0,135.0,9.0,19.0,6.0,0.0,0.0,7.0,145.0,11.0,89.0,71.0,17.0,40.0,51.0,0.0,12.0,10.0,29.0,79.0,57.0,47.0,49.0,125.0,13.0,83.0,45.0,59.0,92.0,225.0,0.0,10.0,95.0,86.0,0.0,96.0,3.0,3.0,19.0,54.0,40.0,91.0,24.0,156.0,231.0,104.0,0.0,228.0,87.0,103.0,0.0,2.0,24.0,13.0,0.0,9.0,9.0,5.0,156.0,76.0,7.0,8.0,11.0,27.0,15.0,9.0,42.0,7.0,4.0,129.0,14.0,0.0,109.0,84.0,0.0,282.0,20.0,6.0,37.0
78,318368471.0,10.0,0.0,46.0,1.0,22.0,1.0,7.0,3.0,3.0,1.0,9.0,7.0,3.0,5.0,18.0,9.0,2.0,12.0,5.0,1.0,2.0,0.0,5.0,24.0,1.0,7.0,2.0,0.0,0.0,10.0,36.0,17.0,17.0,42.0,9.0,9.0,8.0,0.0,4.0,7.0,12.0,2.0,2.0,5.0,1.0,5.0,0.0,9.0,7.0,2.0,8.0,19.0,5.0,0.0,0.0,1.0,0.0,4.0,10.0,2.0,2.0,4.0,3.0,5.0,0.0,8.0,5.0,6.0,0.0,10.0,2.0,3.0,0.0,7.0,0.0,0.0,9.0,0.0,7.0,0.0,3.0,1.0,10.0,0.0,5.0,1.0,6.0,10.0,12.0,0.0,0.0,11.0,4.0,0.0,3.0,3.0,0.0,6.0,0.0,0.0,4.0
79,328794414.0,15.0,2.0,37.0,1.0,20.0,1.0,6.0,9.0,5.0,1.0,4.0,15.0,12.0,11.0,36.0,15.0,2.0,18.0,38.0,2.0,1.0,1.0,44.0,17.0,2.0,7.0,0.0,0.0,0.0,22.0,26.0,32.0,13.0,10.0,3.0,2.0,13.0,0.0,13.0,12.0,4.0,5.0,0.0,15.0,5.0,11.0,0.0,16.0,13.0,6.0,23.0,29.0,11.0,1.0,4.0,2.0,0.0,7.0,14.0,24.0,1.0,14.0,4.0,6.0,1.0,9.0,12.0,17.0,0.0,13.0,4.0,6.0,0.0,60.0,1.0,2.0,9.0,7.0,0.0,2.0,6.0,1.0,1.0,0.0,5.0,0.0,65.0,0.0,54.0,5.0,0.0,7.0,2.0,0.0,8.0,8.0,0.0,3.0,2.0,0.0,8.0
