,0,1,2,3,4,5,6,7,8,9,10,11,12,13,14,15,16,17,18,19,20,21,22,23,24,25,26,27,28,29,30,31,32,33,34,35,36,37,38,39,40,41,42,43,44,45,46,47,48,49,50,51,52,53,54,55,56,57,58,59,60,61,62,63,64,65,66,67,68,69,70,71,72,73,74,75,76,77,78,79,80,81,82,83,84,85,86,87,88,89,90,91,92,93,94,95,96,97,98,99,100,101,102,103,104,105,106,107,108,109,110,111,112,113,114,115,116,117,118,119,120,121,122,123,124,125,126,127,128,129,130,131,132,133,134,135,136,137,138,139,140,141,142,143,144,145,146,147,148,149,150
0,-1.0,11527202.0,18447907.0,31394603.0,38473472.0,41555288.0,49704500.0,52915212.0,60585863.0,65705154.0,65766056.0,71294722.0,75055396.0,86713455.0,88955642.0,101824385.0,136668589.0,210824047.0,229423749.0,234958981.0,234987253.0,235002936.0,235016615.0,235017564.0,235027659.0,235031383.0,235038511.0,235049190.0,235061645.0,235120851.0,235133815.0,235144644.0,235239044.0,235244721.0,235311592.0,235327869.0,235371205.0,235372141.0,235412941.0,235571847.0,235572234.0,235573221.0,235573919.0,235585808.0,235589107.0,235593353.0,235595678.0,235600534.0,235602290.0,235604645.0,235617791.0,235619991.0,235627963.0,235628521.0,235629053.0,235629274.0,235632067.0,235633785.0,235635319.0,235635664.0,235636649.0,235636944.0,235637445.0,235637805.0,235642668.0,235644513.0,235649193.0,235653027.0,235653830.0,235656055.0,235659706.0,235659779.0,235660166.0,235660698.0,235661342.0,235662702.0,235663710.0,235666549.0,235667201.0,235667782.0,235671204.0,235672077.0,235675462.0,235676104.0,235677728.0,235677956.0,235678528.0,235682468.0,235685482.0,235689519.0,235691456.0,235693397.0,235697080.0,235698786.0,235700121.0,235708493.0,240864395.0,243130731.0,244118655.0,252379338.0,252702702.0,254460428.0,255630029.0,256148938.0,262232740.0,270762885.0,270770932.0,272259832.0,276654387.0,279154506.0,281118098.0,281669464.0,283718439.0,285831156.0,287229977.0,288168641.0,288599704.0,292175585.0,294017920.0,298112519.0,301514075.0,302144631.0,302448097.0,306275900.0,310769612.0,312905716.0,313618438.0,316144548.0,317262357.0,330994588.0,339034131.0,350725789.0,354708537.0,359179176.0,361525299.0,361947583.0,365187887.0,367585280.0,374893717.0,378522968.0,378709673.0,382287248.0,383925055.0,394271408.0,407433127.0,409228836.0,415808107.0,424560925.0,425932577.0,426039146.0,431498631.0
1,11527202.0,0.0,10.0,2.0,36.0,14.0,1.0,4.0,0.0,15.0,47.0,3.0,0.0,6.0,10.0,1.0,0.0,5.0,0.0,0.0,0.0,0.0,0.0,0.0,0.0,0.0,0.0,0.0,0.0,0.0,0.0,0.0,0.0,0.0,0.0,0.0,0.0,0.0,0.0,0.0,0.0,0.0,0.0,0.0,0.0,0.0,0.0,0.0,0.0,0.0,0.0,0.0,0.0,0.0,0.0,0.0,0.0,0.0,0.0,0.0,0.0,0.0,0.0,0.0,0.0,0.0,0.0,0.0,0.0,0.0,0.0,0.0,0.0,0.0,0.0,0.0,0.0,0.0,0.0,0.0,0.0,0.0,0.0,0.0,0.0,0.0,0.0,0.0,0.0,0.0,0.0,0.0,0.0,0.0,0.0,0.0,0.0,0.0,7.0,1.0,20.0,0.0,0.0,0.0,2.0,8.0,0.0,0.0,2.0,17.0,2.0,0.0,0.0,5.0,13.0,0.0,0.0,2.0,5.0,3.0,3.0,0.0,0.0,3.0,0.0,7.0,0.0,0.0,0.0,0.0,5.0,0.0,7.0,0.0,0.0,9.0,0.0,32.0,0.0,0.0,6.0,0.0,0.0,0.0,34.0,9.0,0.0,0.0,25.0,0.0,0.0
2,18447907.0,10.0,0.0,5.0,45.0,7.0,0.0,87.0,0.0,43.0,20.0,29.0,15.0,34.0,6.0,7.0,0.0,7.0,1.0,0.0,0.0,0.0,0.0,0.0,0.0,0.0,0.0,0.0,0.0,0.0,0.0,0.0,0.0,0.0,0.0,0.0,0.0,0.0,1.0,0.0,0.0,0.0,0.0,0.0,0.0,1.0,0.0,0.0,0.0,0.0,0.0,0.0,0.0,0.0,0.0,0.0,0.0,0.0,0.0,0.0,1.0,0.0,0.0,0.0,1.0,1.0,0.0,0.0,0.0,0.0,0.0,0.0,0.0,0.0,0.0,0.0,1.0,0.0,0.0,0.0,0.0,0.0,0.0,0.0,0.0,0.0,0.0,0.0,0.0,0.0,1.0,0.0,0.0,0.0,0.0,0.0,0.0,1.0,30.0,11.0,7.0,12.0,0.0,7.0,12.0,29.0,0.0,5.0,0.0,2.0,3.0,13.0,5.0,1.0,3.0,0.0,0.0,20.0,18.0,3.0,19.0,11.0,0.0,3.0,1.0,6.0,0.0,0.0,1.0,0.0,6.0,3.0,38.0,12.0,0.0,2.0,0.0,0.0,2.0,0.0,1.0,0.0,0.0,0.0,14.0,1.0,0.0,0.0,1.0,4.0,0.0
3,31394603.0,2.0,5.0,0.0,11.0,5.0,2.0,1.0,0.0,12.0,12.0,0.0,2.0,0.0,0.0,1.0,2.0,3.0,10.0,0.0,0.0,0.0,0.0,0.0,0.0,0.0,0.0,0.0,0.0,0.0,0.0,0.0,0.0,0.0,0.0,0.0,0.0,0.0,0.0,0.0,0.0,0.0,0.0,0.0,0.0,0.0,0.0,0.0,0.0,0.0,0.0,0.0,0.0,0.0,0.0,0.0,0.0,0.0,0.0,0.0,0.0,0.0,0.0,0.0,1.0,1.0,0.0,0.0,0.0,0.0,0.0,0.0,0.0,0.0,0.0,0.0,0.0,0.0,0.0,0.0,0.0,0.0,0.0,0.0,0.0,0.0,0.0,0.0,0.0,0.0,0.0,0.0,0.0,0.0,0.0,0.0,0.0,0.0,8.0,3.0,4.0,0.0,0.0,0.0,1.0,5.0,0.0,1.0,2.0,21.0,1.0,11.0,0.0,3.0,4.0,1.0,0.0,11.0,4.0,3.0,5.0,0.0,0.0,2.0,1.0,5.0,4.0,1.0,0.0,0.0,24.0,2.0,35.0,4.0,0.0,0.0,0.0,0.0,0.0,0.0,2.0,0.0,0.0,0.0,11.0,1.0,0.0,0.0,4.0,3.0,0.0
4,38473472.0,36.0,45.0,11.0,0.0,173.0,9.0,32.0,0.0,90.0,83.0,9.0,5.0,36.0,42.0,2.0,11.0,60.0,0.0,0.0,0.0,0.0,0.0,0.0,0.0,0.0,0.0,0.0,0.0,0.0,0.0,0.0,0.0,0.0,0.0,0.0,0.0,0.0,0.0,1.0,0.0,0.0,0.0,0.0,0.0,0.0,0.0,0.0,0.0,0.0,0.0,0.0,0.0,0.0,0.0,0.0,0.0,0.0,0.0,0.0,0.0,0.0,0.0,0.0,0.0,0.0,0.0,0.0,0.0,0.0,0.0,0.0,0.0,0.0,0.0,0.0,0.0,0.0,0.0,0.0,0.0,0.0,0.0,0.0,0.0,1.0,0.0,0.0,0.0,0.0,0.0,0.0,0.0,0.0,0.0,0.0,3.0,0.0,47.0,38.0,41.0,14.0,2.0,4.0,18.0,131.0,0.0,4.0,36.0,36.0,12.0,49.0,2.0,19.0,84.0,1.0,0.0,44.0,14.0,44.0,35.0,2.0,0.0,14.0,14.0,48.0,18.0,5.0,0.0,4.0,27.0,13.0,9.0,35.0,0.0,38.0,0.0,32.0,4.0,2.0,18.0,0.0,0.0,0.0,261.0,47.0,0.0,0.0,87.0,13.0,0.0
5,41555288.0,14.0,7.0,5.0,173.0,0.0,1.0,4.0,0.0,17.0,29.0,4.0,1.0,7.0,19.0,0.0,4.0,39.0,0.0,0.0,0.0,0.0,0.0,0.0,0.0,0.0,0.0,0.0,0.0,0.0,0.0,0.0,0.0,0.0,0.0,0.0,0.0,0.0,0.0,0.0,0.0,0.0,0.0,0.0,0.0,0.0,0.0,0.0,0.0,0.0,0.0,0.0,0.0,0.0,0.0,0.0,0.0,0.0,0.0,0.0,0.0,0.0,0.0,0.0,0.0,0.0,0.0,0.0,0.0,0.0,0.0,0.0,0.0,0.0,0.0,0.0,0.0,0.0,0.0,0.0,0.0,0.0,0.0,0.0,0.0,0.0,0.0,0.0,0.0,0.0,0.0,0.0,0.0,0.0,0.0,0.0,2.0,1.0,21.0,9.0,40.0,2.0,0.0,0.0,7.0,37.0,0.0,1.0,21.0,21.0,3.0,23.0,1.0,3.0,19.0,1.0,0.0,15.0,8.0,36.0,33.0,0.0,0.0,3.0,5.0,27.0,6.0,2.0,0.0,0.0,19.0,8.0,2.0,27.0,1.0,22.0,0.0,15.0,1.0,2.0,13.0,0.0,0.0,0.0,214.0,18.0,0.0,0.0,28.0,8.0,0.0
6,49704500.0,1.0,0.0,2.0,9.0,1.0,0.0,0.0,0.0,12.0,10.0,0.0,0.0,2.0,3.0,0.0,3.0,1.0,0.0,0.0,0.0,0.0,0.0,0.0,0.0,0.0,0.0,0.0,0.0,0.0,0.0,0.0,0.0,0.0,0.0,0.0,0.0,0.0,0.0,0.0,0.0,0.0,0.0,0.0,0.0,0.0,0.0,0.0,0.0,0.0,0.0,0.0,0.0,0.0,0.0,0.0,0.0,0.0,0.0,0.0,0.0,0.0,0.0,0.0,0.0,0.0,0.0,0.0,0.0,0.0,0.0,0.0,0.0,0.0,0.0,0.0,0.0,0.0,0.0,0.0,0.0,0.0,0.0,0.0,0.0,0.0,0.0,0.0,0.0,0.0,0.0,0.0,0.0,0.0,0.0,0.0,0.0,0.0,3.0,5.0,3.0,0.0,1.0,0.0,2.0,8.0,0.0,0.0,2.0,26.0,0.0,8.0,0.0,2.0,9.0,0.0,0.0,2.0,0.0,5.0,1.0,0.0,0.0,5.0,0.0,21.0,7.0,1.0,0.0,0.0,33.0,1.0,4.0,1.0,0.0,5.0,0.0,1.0,0.0,5.0,15.0,0.0,0.0,0.0,16.0,6.0,0.0,0.0,7.0,2.0,0.0
7,52915212.0,4.0,87.0,1.0,32.0,4.0,0.0,0.0,0.0,19.0,12.0,33.0,3.0,27.0,3.0,0.0,19.0,2.0,1.0,0.0,0.0,0.0,0.0,0.0,0.0,1.0,0.0,0.0,0.0,0.0,0.0,0.0,1.0,0.0,0.0,0.0,0.0,0.0,0.0,1.0,0.0,0.0,0.0,0.0,0.0,1.0,0.0,0.0,0.0,0.0,0.0,0.0,0.0,0.0,0.0,0.0,0.0,0.0,0.0,0.0,0.0,0.0,0.0,0.0,0.0,1.0,0.0,0.0,0.0,0.0,0.0,0.0,0.0,0.0,1.0,0.0,0.0,0.0,0.0,0.0,1.0,0.0,0.0,0.0,0.0,0.0,0.0,0.0,0.0,0.0,0.0,0.0,0.0,0.0,0.0,0.0,0.0,0.0,13.0,40.0,3.0,29.0,0.0,23.0,15.0,17.0,0.0,17.0,0.0,12.0,0.0,7.0,5.0,2.0,4.0,0.0,0.0,14.0,8.0,1.0,13.0,43.0,0.0,2.0,42.0,6.0,4.0,1.0,0.0,0.0,7.0,2.0,50.0,12.0,0.0,1.0,0.0,1.0,18.0,0.0,0.0,0.0,0.0,0.0,10.0,11.0,0.0,0.0,1.0,2.0,0.0
8,60585863.0,0.0,0.0,0.0,0.0,0.0,0.0,0.0,0.0,0.0,2.0,0.0,0.0,0.0,0.0,0.0,0.0,0.0,1.0,0.0,0.0,0.0,0.0,1.0,0.0,0.0,0.0,0.0,0.0,0.0,0.0,0.0,1.0,0.0,0.0,0.0,0.0,0.0,0.0,0.0,0.0,0.0,0.0,0.0,0.0,0.0,0.0,0.0,0.0,0.0,0.0,0.0,0.0,1.0,0.0,0.0,0.0,0.0,0.0,0.0,0.0,0.0,0.0,0.0,0.0,0.0,0.0,1.0,0.0,0.0,0.0,0.0,1.0,0.0,0.0,0.0,1.0,0.0,0.0,0.0,0.0,0.0,0.0,0.0,0.0,0.0,0.0,1.0,0.0,0.0,0.0,0.0,0.0,0.0,0.0,0.0,0.0,0.0,0.0,0.0,0.0,0.0,0.0,0.0,0.0,0.0,0.0,0.0,0.0,0.0,0.0,1.0,0.0,0.0,0.0,0.0,0.0,0.0,0.0,0.0,0.0,0.0,0.0,0.0,0.0,0.0,0.0,0.0,0.0,0.0,0.0,0.0,1.0,0.0,0.0,0.0,0.0,0.0,0.0,0.0,0.0,0.0,0.0,0.0,0.0,1.0,0.0,0.0,0.0,0.0,0.0
9,65705154.0,15.0,43.0,12.0,90.0,17.0,12.0,19.0,0.0,0.0,29.0,11.0,7.0,18.0,11.0,3.0,4.0,8.0,2.0,0.0,0.0,0.0,0.0,0.0,0.0,0.0,0.0,0.0,0.0,0.0,0.0,0.0,0.0,0.0,0.0,0.0,0.0,0.0,0.0,0.0,0.0,0.0,0.0,0.0,1.0,0.0,0.0,0.0,0.0,0.0,0.0,0.0,0.0,0.0,0.0,0.0,0.0,0.0,0.0,0.0,0.0,0.0,0.0,0.0,1.0,2.0,0.0,0.0,0.0,0.0,1.0,0.0,0.0,0.0,0.0,0.0,1.0,0.0,0.0,0.0,0.0,0.0,0.0,0.0,0.0,0.0,0.0,0.0,0.0,0.0,0.0,0.0,0.0,0.0,0.0,0.0,0.0,2.0,31.0,22.0,13.0,4.0,4.0,0.0,3.0,39.0,0.0,4.0,6.0,24.0,4.0,20.0,3.0,9.0,34.0,0.0,0.0,25.0,37.0,10.0,15.0,1.0,0.0,16.0,7.0,25.0,5.0,1.0,1.0,0.0,17.0,5.0,15.0,9.0,1.0,14.0,0.0,5.0,1.0,4.0,8.0,0.0,0.0,0.0,59.0,8.0,0.0,0.0,23.0,3.0,0.0
10,65766056.0,47.0,20.0,12.0,83.0,29.0,10.0,12.0,2.0,29.0,0.0,4.0,6.0,3.0,9.0,1.0,6.0,5.0,0.0,0.0,0.0,0.0,0.0,0.0,0.0,0.0,0.0,0.0,0.0,0.0,0.0,0.0,0.0,0.0,0.0,0.0,0.0,0.0,0.0,0.0,0.0,0.0,0.0,0.0,0.0,0.0,0.0,0.0,0.0,0.0,0.0,0.0,0.0,0.0,0.0,0.0,0.0,0.0,0.0,0.0,0.0,0.0,0.0,0.0,1.0,2.0,1.0,0.0,0.0,0.0,0.0,0.0,0.0,0.0,0.0,0.0,0.0,0.0,0.0,0.0,0.0,0.0,0.0,0.0,0.0,0.0,0.0,0.0,0.0,0.0,0.0,0.0,0.0,0.0,0.0,0.0,0.0,1.0,16.0,11.0,25.0,4.0,0.0,0.0,4.0,15.0,0.0,2.0,5.0,62.0,7.0,6.0,1.0,4.0,25.0,0.0,0.0,14.0,13.0,4.0,13.0,0.0,0.0,5.0,3.0,26.0,10.0,2.0,0.0,0.0,19.0,6.0,22.0,4.0,1.0,12.0,0.0,16.0,2.0,2.0,15.0,0.0,0.0,0.0,118.0,23.0,0.0,0.0,47.0,5.0,0.0
11,71294722.0,3.0,29.0,0.0,9.0,4.0,0.0,33.0,0.0,11.0,4.0,0.0,1.0,6.0,1.0,0.0,1.0,1.0,1.0,0.0,0.0,0.0,0.0,0.0,0.0,0.0,0.0,0.0,0.0,0.0,0.0,0.0,0.0,0.0,0.0,0.0,0.0,0.0,0.0,0.0,0.0,0.0,0.0,0.0,0.0,0.0,0.0,0.0,0.0,0.0,0.0,0.0,0.0,0.0,0.0,0.0,0.0,0.0,0.0,0.0,1.0,0.0,0.0,0.0,0.0,0.0,0.0,0.0,0.0,0.0,0.0,0.0,0.0,0.0,0.0,0.0,1.0,0.0,0.0,0.0,0.0,0.0,0.0,0.0,0.0,0.0,0.0,0.0,0.0,0.0,0.0,0.0,0.0,0.0,0.0,0.0,0.0,0.0,8.0,8.0,1.0,0.0,0.0,0.0,15.0,8.0,0.0,19.0,0.0,1.0,0.0,4.0,4.0,2.0,1.0,0.0,0.0,1.0,1.0,1.0,2.0,90.0,0.0,2.0,7.0,4.0,1.0,0.0,0.0,0.0,2.0,1.0,30.0,2.0,0.0,1.0,0.0,1.0,2.0,0.0,0.0,0.0,0.0,0.0,7.0,0.0,0.0,0.0,2.0,1.0,0.0
12,75055396.0,0.0,15.0,2.0,5.0,1.0,0.0,3.0,0.0,7.0,6.0,1.0,0.0,4.0,2.0,0.0,0.0,0.0,0.0,0.0,0.0,0.0,0.0,0.0,0.0,0.0,0.0,0.0,0.0,0.0,0.0,0.0,0.0,0.0,0.0,0.0,0.0,0.0,0.0,0.0,0.0,0.0,0.0,0.0,0.0,0.0,0.0,0.0,0.0,0.0,0.0,0.0,0.0,0.0,0.0,0.0,0.0,0.0,0.0,0.0,0.0,0.0,0.0,0.0,1.0,1.0,0.0,0.0,0.0,0.0,0.0,0.0,0.0,0.0,0.0,0.0,0.0,0.0,0.0,0.0,0.0,0.0,0.0,0.0,0.0,0.0,0.0,0.0,0.0,0.0,0.0,0.0,0.0,0.0,0.0,0.0,0.0,0.0,7.0,2.0,1.0,1.0,0.0,2.0,1.0,7.0,0.0,3.0,0.0,0.0,2.0,8.0,1.0,0.0,0.0,0.0,0.0,7.0,6.0,1.0,7.0,0.0,0.0,0.0,0.0,2.0,0.0,0.0,0.0,0.0,0.0,1.0,1.0,4.0,0.0,0.0,0.0,0.0,1.0,0.0,0.0,0.0,0.0,0.0,0.0,0.0,0.0,0.0,0.0,1.0,0.0
13,86713455.0,6.0,34.0,0.0,36.0,7.0,2.0,27.0,0.0,18.0,3.0,6.0,4.0,0.0,2.0,0.0,1.0,4.0,0.0,0.0,0.0,0.0,0.0,0.0,0.0,0.0,0.0,0.0,0.0,0.0,0.0,0.0,0.0,0.0,0.0,0.0,0.0,0.0,0.0,0.0,0.0,0.0,0.0,0.0,0.0,0.0,0.0,0.0,0.0,0.0,0.0,0.0,0.0,0.0,0.0,0.0,0.0,0.0,0.0,0.0,0.0,0.0,0.0,0.0,0.0,0.0,0.0,0.0,0.0,0.0,0.0,0.0,0.0,0.0,0.0,0.0,0.0,0.0,0.0,0.0,0.0,0.0,0.0,0.0,0.0,0.0,0.0,0.0,0.0,0.0,0.0,0.0,0.0,0.0,0.0,0.0,0.0,1.0,27.0,14.0,2.0,10.0,0.0,2.0,11.0,17.0,0.0,0.0,1.0,7.0,0.0,11.0,0.0,23.0,5.0,0.0,0.0,15.0,5.0,1.0,4.0,4.0,0.0,12.0,6.0,2.0,0.0,1.0,0.0,0.0,1.0,1.0,4.0,4.0,0.0,5.0,0.0,1.0,4.0,0.0,0.0,0.0,0.0,0.0,11.0,11.0,0.0,0.0,3.0,0.0,0.0
14,88955642.0,10.0,6.0,0.0,42.0,19.0,3.0,3.0,0.0,11.0,9.0,1.0,2.0,2.0,0.0,0.0,1.0,9.0,0.0,0.0,0.0,0.0,0.0,0.0,0.0,0.0,0.0,0.0,0.0,0.0,0.0,0.0,0.0,0.0,0.0,0.0,0.0,0.0,0.0,0.0,0.0,0.0,0.0,0.0,0.0,0.0,0.0,0.0,0.0,0.0,0.0,0.0,0.0,0.0,0.0,0.0,0.0,0.0,0.0,0.0,0.0,0.0,0.0,0.0,0.0,0.0,0.0,0.0,0.0,0.0,0.0,0.0,0.0,0.0,0.0,0.0,0.0,0.0,0.0,0.0,0.0,0.0,0.0,0.0,0.0,0.0,0.0,0.0,0.0,0.0,0.0,0.0,0.0,0.0,0.0,0.0,0.0,0.0,3.0,3.0,13.0,0.0,0.0,0.0,3.0,19.0,0.0,1.0,5.0,6.0,2.0,9.0,1.0,1.0,8.0,0.0,0.0,3.0,2.0,5.0,4.0,0.0,0.0,1.0,3.0,8.0,2.0,0.0,0.0,0.0,4.0,1.0,3.0,4.0,0.0,5.0,0.0,1.0,0.0,1.0,5.0,0.0,0.0,0.0,24.0,3.0,0.0,0.0,14.0,2.0,0.0
15,101824385.0,1.0,7.0,1.0,2.0,0.0,0.0,0.0,0.0,3.0,1.0,0.0,0.0,0.0,0.0,0.0,0.0,0.0,0.0,0.0,0.0,0.0,0.0,0.0,0.0,0.0,0.0,0.0,0.0,0.0,0.0,0.0,0.0,0.0,0.0,0.0,0.0,0.0,0.0,0.0,0.0,0.0,0.0,0.0,0.0,0.0,0.0,0.0,0.0,0.0,0.0,0.0,0.0,0.0,0.0,0.0,0.0,0.0,0.0,0.0,0.0,0.0,0.0,0.0,0.0,0.0,0.0,0.0,0.0,0.0,0.0,0.0,0.0,0.0,0.0,0.0,0.0,0.0,0.0,0.0,0.0,0.0,0.0,0.0,0.0,0.0,0.0,0.0,0.0,0.0,1.0,0.0,0.0,0.0,0.0,0.0,0.0,0.0,0.0,0.0,3.0,0.0,0.0,0.0,1.0,1.0,0.0,0.0,0.0,0.0,0.0,3.0,0.0,0.0,1.0,0.0,0.0,0.0,2.0,0.0,1.0,0.0,0.0,2.0,0.0,0.0,0.0,0.0,0.0,0.0,2.0,0.0,3.0,0.0,0.0,0.0,0.0,0.0,0.0,0.0,0.0,0.0,0.0,0.0,1.0,0.0,0.0,0.0,0.0,0.0,0.0
16,136668589.0,0.0,0.0,2.0,11.0,4.0,3.0,19.0,0.0,4.0,6.0,1.0,0.0,1.0,1.0,0.0,0.0,1.0,0.0,0.0,0.0,0.0,0.0,0.0,0.0,0.0,0.0,0.0,0.0,0.0,0.0,0.0,0.0,0.0,0.0,0.0,0.0,0.0,0.0,0.0,0.0,0.0,0.0,0.0,0.0,0.0,0.0,0.0,0.0,0.0,0.0,0.0,0.0,0.0,0.0,0.0,0.0,0.0,0.0,0.0,0.0,0.0,0.0,0.0,0.0,0.0,0.0,0.0,0.0,0.0,0.0,0.0,0.0,0.0,0.0,0.0,0.0,0.0,0.0,0.0,0.0,0.0,0.0,0.0,0.0,0.0,0.0,0.0,0.0,0.0,0.0,0.0,0.0,0.0,0.0,0.0,0.0,0.0,5.0,50.0,0.0,27.0,0.0,25.0,2.0,8.0,0.0,2.0,3.0,11.0,1.0,1.0,0.0,2.0,1.0,1.0,0.0,5.0,0.0,0.0,8.0,1.0,0.0,2.0,72.0,20.0,9.0,1.0,0.0,0.0,6.0,3.0,1.0,1.0,0.0,0.0,0.0,0.0,21.0,1.0,3.0,0.0,0.0,0.0,7.0,8.0,0.0,0.0,4.0,3.0,0.0
17,210824047.0,5.0,7.0,3.0,60.0,39.0,1.0,2.0,0.0,8.0,5.0,1.0,0.0,4.0,9.0,0.0,1.0,0.0,1.0,0.0,0.0,0.0,0.0,0.0,0.0,0.0,0.0,0.0,0.0,0.0,0.0,0.0,0.0,0.0,0.0,0.0,0.0,0.0,0.0,0.0,0.0,0.0,0.0,0.0,0.0,0.0,0.0,0.0,0.0,0.0,0.0,0.0,0.0,0.0,0.0,0.0,0.0,0.0,0.0,0.0,0.0,0.0,0.0,0.0,0.0,0.0,0.0,0.0,0.0,0.0,0.0,0.0,0.0,0.0,0.0,0.0,0.0,0.0,0.0,0.0,0.0,0.0,0.0,0.0,0.0,0.0,0.0,0.0,0.0,0.0,0.0,0.0,0.0,0.0,0.0,0.0,0.0,0.0,15.0,4.0,6.0,1.0,1.0,0.0,1.0,32.0,0.0,0.0,11.0,12.0,0.0,23.0,0.0,1.0,5.0,0.0,0.0,6.0,4.0,24.0,16.0,1.0,0.0,1.0,2.0,9.0,5.0,1.0,0.0,0.0,18.0,3.0,15.0,18.0,0.0,9.0,0.0,6.0,0.0,2.0,4.0,0.0,0.0,0.0,88.0,3.0,0.0,0.0,11.0,1.0,0.0
18,229423749.0,0.0,1.0,10.0,0.0,0.0,0.0,1.0,1.0,2.0,0.0,1.0,0.0,0.0,0.0,0.0,0.0,1.0,0.0,1517.0,200.0,1772.0,1408.0,121.0,1480.0,533.0,32.0,765.0,74.0,650.0,1308.0,182.0,145.0,668.0,854.0,39.0,684.0,0.0,19.0,125.0,1254.0,593.0,1246.0,891.0,765.0,8.0,14.0,180.0,254.0,507.0,1346.0,1520.0,1394.0,125.0,673.0,62.0,656.0,468.0,141.0,96.0,1355.0,143.0,686.0,652.0,342.0,86.0,1305.0,2.0,548.0,0.0,444.0,1.0,7.0,1337.0,179.0,601.0,15.0,1054.0,131.0,1118.0,31.0,1373.0,1465.0,43.0,162.0,1465.0,768.0,128.0,691.0,1414.0,115.0,1472.0,711.0,1165.0,1286.0,42.0,0.0,0.0,6.0,0.0,1.0,0.0,0.0,0.0,0.0,0.0,0.0,0.0,0.0,21.0,0.0,1.0,0.0,0.0,3.0,0.0,0.0,0.0,0.0,1.0,0.0,0.0,0.0,0.0,0.0,0.0,1.0,0.0,0.0,0.0,17.0,0.0,355.0,0.0,0.0,0.0,0.0,0.0,0.0,0.0,1.0,0.0,0.0,0.0,2.0,0.0,0.0,0.0,0.0,0.0,0.0
19,234958981.0,0.0,0.0,0.0,0.0,0.0,0.0,0.0,0.0,0.0,0.0,0.0,0.0,0.0,0.0,0.0,0.0,0.0,1517.0,0.0,69.0,1600.0,1153.0,123.0,1319.0,7.0,16.0,5.0,89.0,142.0,1174.0,44.0,46.0,1.0,321.0,8.0,2.0,0.0,8.0,38.0,1297.0,672.0,1283.0,180.0,6.0,5.0,3.0,32.0,23.0,554.0,1521.0,1337.0,1498.0,30.0,1.0,71.0,1.0,521.0,25.0,25.0,1357.0,0.0,2.0,1.0,29.0,10.0,1369.0,2.0,5.0,0.0,242.0,0.0,1.0,1477.0,199.0,24.0,5.0,572.0,44.0,724.0,11.0,1514.0,1305.0,48.0,69.0,1424.0,183.0,145.0,11.0,1320.0,111.0,1356.0,3.0,1029.0,1293.0,51.0,0.0,0.0,0.0,0.0,0.0,0.0,0.0,0.0,0.0,0.0,0.0,0.0,0.0,0.0,0.0,0.0,0.0,0.0,0.0,0.0,0.0,0.0,0.0,0.0,0.0,0.0,0.0,0.0,0.0,0.0,0.0,0.0,0.0,0.0,0.0,0.0,49.0,1.0,0.0,0.0,0.0,0.0,0.0,0.0,1.0,0.0,0.0,0.0,0.0,0.0,0.0,0.0,0.0,0.0,0.0
20,234987253.0,0.0,0.0,0.0,0.0,0.0,0.0,0.0,0.0,0.0,0.0,0.0,0.0,0.0,0.0,0.0,0.0,0.0,200.0,69.0,0.0,103.0,61.0,43.0,124.0,44.0,0.0,12.0,54.0,97.0,65.0,113.0,22.0,53.0,100.0,14.0,45.0,0.0,0.0,4.0,66.0,63.0,66.0,66.0,8.0,3.0,2.0,65.0,127.0,59.0,69.0,66.0,118.0,10.0,41.0,42.0,42.0,59.0,8.0,3.0,66.0,79.0,43.0,53.0,148.0,66.0,65.0,1.0,39.0,0.0,137.0,0.0,0.0,66.0,58.0,46.0,4.0,64.0,5.0,87.0,0.0,68.0,98.0,42.0,87.0,63.0,93.0,48.0,42.0,111.0,47.0,64.0,45.0,132.0,61.0,48.0,0.0,0.0,0.0,0.0,0.0,0.0,0.0,0.0,0.0,0.0,0.0,0.0,0.0,0.0,0.0,0.0,0.0,0.0,0.0,0.0,0.0,0.0,0.0,0.0,0.0,0.0,0.0,0.0,0.0,0.0,0.0,0.0,0.0,0.0,0.0,0.0,6.0,1.0,0.0,0.0,0.0,0.0,0.0,0.0,0.0,0.0,0.0,0.0,0.0,0.0,0.0,0.0,0.0,0.0,0.0
21,235002936.0,0.0,0.0,0.0,0.0,0.0,0.0,0.0,0.0,0.0,0.0,0.0,0.0,0.0,0.0,0.0,0.0,0.0,1772.0,1600.0,103.0,0.0,1372.0,119.0,1463.0,39.0,18.0,15.0,89.0,172.0,1413.0,98.0,45.0,36.0,350.0,31.0,32.0,0.0,9.0,38.0,1394.0,636.0,1389.0,181.0,17.0,3.0,4.0,77.0,74.0,543.0,1522.0,1533.0,1560.0,37.0,34.0,72.0,33.0,516.0,22.0,27.0,1370.0,51.0,34.0,34.0,79.0,58.0,1444.0,3.0,37.0,0.0,289.0,0.0,3.0,1509.0,194.0,51.0,10.0,574.0,42.0,704.0,12.0,1528.0,1456.0,47.0,97.0,1635.0,200.0,143.0,44.0,1593.0,111.0,1423.0,36.0,1044.0,1351.0,51.0,0.0,0.0,0.0,0.0,0.0,0.0,0.0,0.0,0.0,0.0,0.0,0.0,0.0,0.0,0.0,0.0,0.0,0.0,0.0,0.0,0.0,0.0,0.0,0.0,0.0,0.0,0.0,0.0,0.0,0.0,0.0,0.0,0.0,0.0,0.0,0.0,52.0,1.0,0.0,0.0,0.0,0.0,0.0,0.0,0.0,0.0,0.0,0.0,0.0,0.0,0.0,0.0,0.0,0.0,0.0
22,235016615.0,0.0,0.0,0.0,0.0,0.0,0.0,0.0,0.0,0.0,0.0,0.0,0.0,0.0,0.0,0.0,0.0,0.0,1408.0,1153.0,61.0,1372.0,0.0,95.0,1074.0,58.0,16.0,52.0,73.0,157.0,1240.0,32.0,40.0,32.0,278.0,9.0,62.0,0.0,5.0,32.0,961.0,428.0,906.0,182.0,54.0,3.0,2.0,26.0,22.0,387.0,1177.0,1456.0,1149.0,24.0,146.0,58.0,184.0,366.0,22.0,20.0,1103.0,0.0,62.0,46.0,20.0,6.0,969.0,1.0,46.0,0.0,193.0,0.0,3.0,1146.0,146.0,60.0,2.0,441.0,37.0,455.0,9.0,1148.0,1258.0,42.0,61.0,1294.0,318.0,105.0,189.0,1294.0,92.0,1174.0,75.0,814.0,1028.0,45.0,0.0,0.0,0.0,0.0,0.0,0.0,0.0,0.0,0.0,0.0,0.0,0.0,0.0,0.0,0.0,0.0,0.0,0.0,0.0,0.0,0.0,0.0,0.0,0.0,0.0,0.0,0.0,0.0,0.0,0.0,0.0,0.0,0.0,0.0,0.0,0.0,46.0,0.0,0.0,0.0,0.0,0.0,0.0,0.0,0.0,0.0,0.0,0.0,0.0,0.0,0.0,0.0,0.0,0.0,0.0
23,235017564.0,0.0,0.0,0.0,0.0,0.0,0.0,0.0,1.0,0.0,0.0,0.0,0.0,0.0,0.0,0.0,0.0,0.0,121.0,123.0,43.0,119.0,95.0,0.0,113.0,5.0,2.0,1.0,61.0,89.0,115.0,17.0,15.0,3.0,96.0,1.0,2.0,0.0,1.0,4.0,124.0,112.0,126.0,112.0,3.0,2.0,0.0,0.0,1.0,111.0,121.0,107.0,111.0,6.0,4.0,47.0,4.0,114.0,3.0,3.0,115.0,0.0,3.0,2.0,3.0,1.0,121.0,0.0,4.0,0.0,100.0,1.0,1.0,119.0,101.0,1.0,3.0,109.0,2.0,111.0,3.0,121.0,120.0,39.0,38.0,117.0,76.0,82.0,4.0,119.0,61.0,112.0,3.0,99.0,121.0,40.0,0.0,0.0,0.0,0.0,0.0,0.0,0.0,0.0,0.0,0.0,0.0,0.0,0.0,0.0,0.0,0.0,0.0,0.0,0.0,0.0,0.0,0.0,0.0,0.0,0.0,0.0,0.0,0.0,0.0,0.0,0.0,0.0,0.0,0.0,0.0,0.0,11.0,0.0,0.0,0.0,0.0,0.0,0.0,0.0,0.0,0.0,0.0,0.0,0.0,0.0,0.0,0.0,0.0,0.0,0.0
24,235027659.0,0.0,0.0,0.0,0.0,0.0,0.0,0.0,0.0,0.0,0.0,0.0,0.0,0.0,0.0,0.0,0.0,0.0,1480.0,1319.0,124.0,1463.0,1074.0,113.0,0.0,53.0,15.0,6.0,86.0,178.0,1068.0,91.0,47.0,50.0,292.0,27.0,46.0,0.0,8.0,30.0,1279.0,511.0,1161.0,157.0,5.0,2.0,5.0,63.0,104.0,418.0,1171.0,1238.0,1257.0,28.0,48.0,69.0,51.0,399.0,26.0,19.0,1427.0,108.0,49.0,50.0,129.0,82.0,1254.0,2.0,51.0,0.0,312.0,0.0,1.0,1201.0,164.0,65.0,10.0,444.0,43.0,567.0,12.0,1190.0,1093.0,46.0,89.0,1263.0,196.0,121.0,57.0,1149.0,103.0,1450.0,53.0,941.0,1311.0,51.0,0.0,0.0,0.0,0.0,0.0,0.0,0.0,0.0,0.0,0.0,0.0,0.0,0.0,0.0,0.0,0.0,0.0,0.0,0.0,0.0,0.0,0.0,0.0,0.0,0.0,0.0,0.0,0.0,0.0,0.0,0.0,0.0,0.0,0.0,0.0,0.0,42.0,0.0,0.0,0.0,0.0,0.0,0.0,0.0,0.0,0.0,0.0,0.0,0.0,0.0,0.0,0.0,0.0,0.0,0.0
25,235031383.0,0.0,0.0,0.0,0.0,0.0,0.0,1.0,0.0,0.0,0.0,0.0,0.0,0.0,0.0,0.0,0.0,0.0,533.0,7.0,44.0,39.0,58.0,5.0,53.0,0.0,5.0,351.0,2.0,613.0,21.0,52.0,18.0,701.0,545.0,13.0,729.0,0.0,5.0,27.0,10.0,2.0,9.0,317.0,353.0,10.0,3.0,36.0,68.0,8.0,15.0,40.0,62.0,28.0,769.0,1.0,744.0,7.0,11.0,10.0,32.0,81.0,753.0,698.0,102.0,58.0,6.0,4.0,727.0,0.0,128.0,1.0,2.0,16.0,4.0,683.0,7.0,231.0,21.0,445.0,12.0,17.0,136.0,1.0,19.0,25.0,675.0,2.0,767.0,50.0,5.0,9.0,781.0,104.0,10.0,0.0,0.0,0.0,0.0,0.0,0.0,0.0,0.0,0.0,0.0,0.0,0.0,0.0,0.0,1.0,0.0,0.0,0.0,0.0,0.0,0.0,0.0,0.0,0.0,0.0,0.0,0.0,0.0,0.0,0.0,0.0,0.0,0.0,0.0,0.0,0.0,0.0,17.0,1.0,0.0,0.0,0.0,0.0,0.0,0.0,0.0,0.0,0.0,0.0,0.0,0.0,0.0,0.0,0.0,0.0,0.0
26,235038511.0,0.0,0.0,0.0,0.0,0.0,0.0,0.0,0.0,0.0,0.0,0.0,0.0,0.0,0.0,0.0,0.0,0.0,32.0,16.0,0.0,18.0,16.0,2.0,15.0,5.0,0.0,4.0,0.0,7.0,14.0,3.0,2.0,3.0,7.0,1.0,7.0,0.0,5.0,3.0,16.0,7.0,15.0,3.0,4.0,0.0,0.0,0.0,1.0,5.0,14.0,18.0,15.0,2.0,4.0,0.0,4.0,5.0,1.0,2.0,19.0,0.0,7.0,2.0,0.0,3.0,15.0,1.0,7.0,0.0,7.0,0.0,0.0,16.0,3.0,4.0,6.0,6.0,2.0,9.0,5.0,15.0,12.0,1.0,0.0,17.0,5.0,0.0,5.0,15.0,0.0,19.0,5.0,11.0,20.0,0.0,0.0,0.0,0.0,0.0,0.0,0.0,0.0,0.0,0.0,0.0,0.0,0.0,0.0,0.0,0.0,0.0,0.0,0.0,0.0,0.0,0.0,0.0,0.0,0.0,0.0,0.0,0.0,0.0,0.0,0.0,0.0,0.0,0.0,0.0,0.0,0.0,4.0,0.0,0.0,0.0,0.0,0.0,0.0,0.0,0.0,0.0,0.0,0.0,0.0,0.0,0.0,0.0,0.0,0.0,0.0
27,235049190.0,0.0,0.0,0.0,0.0,0.0,0.0,0.0,0.0,0.0,0.0,0.0,0.0,0.0,0.0,0.0,0.0,0.0,765.0,5.0,12.0,15.0,52.0,1.0,6.0,351.0,4.0,0.0,1.0,381.0,14.0,16.0,24.0,354.0,371.0,5.0,398.0,0.0,5.0,16.0,5.0,1.0,6.0,838.0,934.0,2.0,3.0,16.0,9.0,4.0,13.0,39.0,15.0,14.0,397.0,0.0,395.0,5.0,13.0,7.0,45.0,1.0,397.0,358.0,18.0,3.0,4.0,1.0,394.0,0.0,10.0,0.0,1.0,15.0,0.0,394.0,1.0,633.0,16.0,359.0,7.0,13.0,176.0,0.0,10.0,16.0,366.0,1.0,400.0,14.0,6.0,11.0,399.0,15.0,5.0,0.0,0.0,0.0,0.0,0.0,0.0,0.0,0.0,0.0,0.0,0.0,0.0,0.0,0.0,0.0,0.0,0.0,0.0,0.0,0.0,0.0,0.0,0.0,0.0,0.0,0.0,0.0,0.0,0.0,0.0,0.0,0.0,0.0,0.0,0.0,0.0,0.0,7.0,1.0,0.0,0.0,0.0,0.0,0.0,0.0,0.0,0.0,0.0,0.0,0.0,0.0,0.0,0.0,0.0,0.0,0.0
28,235061645.0,0.0,0.0,0.0,0.0,0.0,0.0,0.0,0.0,0.0,0.0,0.0,0.0,0.0,0.0,0.0,0.0,0.0,74.0,89.0,54.0,89.0,73.0,61.0,86.0,2.0,0.0,1.0,0.0,85.0,84.0,22.0,14.0,0.0,75.0,0.0,0.0,0.0,0.0,3.0,88.0,89.0,89.0,88.0,0.0,2.0,0.0,2.0,1.0,88.0,90.0,75.0,81.0,2.0,0.0,66.0,0.0,87.0,2.0,0.0,86.0,0.0,0.0,0.0,4.0,0.0,88.0,1.0,0.0,0.0,87.0,0.0,0.0,88.0,87.0,0.0,0.0,87.0,0.0,81.0,1.0,90.0,89.0,44.0,47.0,88.0,68.0,73.0,0.0,88.0,71.0,82.0,1.0,77.0,83.0,50.0,0.0,0.0,0.0,0.0,0.0,0.0,0.0,0.0,0.0,0.0,0.0,0.0,0.0,0.0,0.0,0.0,0.0,0.0,0.0,0.0,0.0,0.0,0.0,0.0,0.0,0.0,0.0,0.0,0.0,0.0,0.0,0.0,0.0,0.0,0.0,0.0,10.0,1.0,0.0,0.0,0.0,0.0,0.0,0.0,0.0,0.0,0.0,0.0,0.0,0.0,0.0,0.0,0.0,0.0,0.0
29,235120851.0,0.0,0.0,0.0,0.0,0.0,0.0,0.0,0.0,0.0,0.0,0.0,0.0,0.0,0.0,0.0,0.0,0.0,650.0,142.0,97.0,172.0,157.0,89.0,178.0,613.0,7.0,381.0,85.0,0.0,145.0,71.0,34.0,685.0,731.0,14.0,641.0,0.0,11.0,23.0,137.0,135.0,140.0,489.0,381.0,10.0,3.0,36.0,62.0,140.0,149.0,155.0,183.0,29.0,643.0,66.0,671.0,133.0,12.0,7.0,158.0,79.0,653.0,694.0,100.0,53.0,136.0,2.0,664.0,0.0,242.0,2.0,5.0,151.0,127.0,657.0,16.0,406.0,19.0,567.0,9.0,153.0,253.0,49.0,68.0,160.0,831.0,107.0,660.0,177.0,99.0,128.0,666.0,216.0,132.0,51.0,0.0,0.0,0.0,0.0,0.0,0.0,0.0,0.0,0.0,0.0,0.0,0.0,0.0,0.0,0.0,0.0,0.0,0.0,0.0,0.0,0.0,0.0,0.0,0.0,0.0,0.0,0.0,0.0,0.0,0.0,0.0,0.0,0.0,0.0,0.0,0.0,23.0,0.0,0.0,0.0,0.0,0.0,0.0,0.0,0.0,0.0,0.0,0.0,0.0,0.0,0.0,0.0,0.0,0.0,0.0
30,235133815.0,0.0,0.0,0.0,0.0,0.0,0.0,0.0,0.0,0.0,0.0,0.0,0.0,0.0,0.0,0.0,0.0,0.0,1308.0,1174.0,65.0,1413.0,1240.0,115.0,1068.0,21.0,14.0,14.0,84.0,145.0,0.0,38.0,38.0,12.0,292.0,8.0,14.0,0.0,4.0,34.0,1032.0,500.0,985.0,172.0,17.0,4.0,2.0,29.0,19.0,460.0,1219.0,1240.0,1193.0,32.0,14.0,65.0,16.0,439.0,19.0,17.0,1046.0,1.0,16.0,11.0,16.0,9.0,1035.0,3.0,17.0,0.0,215.0,0.0,3.0,1198.0,175.0,27.0,6.0,470.0,34.0,490.0,9.0,1212.0,1251.0,45.0,64.0,1336.0,168.0,132.0,21.0,1349.0,104.0,1026.0,16.0,786.0,976.0,49.0,0.0,0.0,0.0,0.0,0.0,0.0,0.0,0.0,0.0,0.0,0.0,0.0,0.0,0.0,0.0,0.0,0.0,0.0,0.0,0.0,0.0,0.0,0.0,0.0,0.0,0.0,0.0,0.0,0.0,0.0,0.0,0.0,0.0,0.0,0.0,0.0,50.0,1.0,0.0,0.0,0.0,0.0,0.0,0.0,0.0,0.0,0.0,0.0,0.0,0.0,0.0,0.0,0.0,0.0,0.0
31,235144644.0,0.0,0.0,0.0,0.0,0.0,0.0,0.0,0.0,0.0,0.0,0.0,0.0,0.0,0.0,0.0,0.0,0.0,182.0,44.0,113.0,98.0,32.0,17.0,91.0,52.0,3.0,16.0,22.0,71.0,38.0,0.0,28.0,54.0,72.0,24.0,46.0,0.0,12.0,24.0,42.0,27.0,40.0,35.0,19.0,4.0,0.0,107.0,131.0,24.0,43.0,38.0,116.0,33.0,46.0,16.0,45.0,25.0,8.0,7.0,41.0,74.0,46.0,54.0,155.0,81.0,36.0,3.0,44.0,0.0,102.0,2.0,1.0,44.0,25.0,49.0,21.0,32.0,21.0,60.0,7.0,46.0,108.0,19.0,87.0,38.0,64.0,20.0,44.0,103.0,22.0,38.0,48.0,75.0,38.0,17.0,0.0,0.0,0.0,0.0,0.0,0.0,0.0,0.0,0.0,0.0,0.0,0.0,0.0,1.0,0.0,0.0,0.0,0.0,0.0,0.0,0.0,0.0,0.0,0.0,0.0,0.0,0.0,0.0,0.0,0.0,0.0,0.0,0.0,0.0,0.0,0.0,6.0,1.0,0.0,0.0,0.0,0.0,0.0,0.0,0.0,0.0,0.0,0.0,0.0,0.0,0.0,0.0,0.0,0.0,0.0
32,235239044.0,0.0,0.0,0.0,0.0,0.0,0.0,1.0,1.0,0.0,0.0,0.0,0.0,0.0,0.0,0.0,0.0,0.0,145.0,46.0,22.0,45.0,40.0,15.0,47.0,18.0,2.0,24.0,14.0,34.0,38.0,28.0,0.0,23.0,37.0,1.0,17.0,0.0,11.0,24.0,45.0,24.0,42.0,37.0,22.0,5.0,1.0,17.0,9.0,21.0,44.0,45.0,42.0,23.0,21.0,12.0,23.0,24.0,10.0,8.0,41.0,4.0,17.0,23.0,29.0,16.0,42.0,0.0,21.0,0.0,31.0,0.0,6.0,41.0,22.0,14.0,9.0,34.0,22.0,42.0,17.0,43.0,44.0,14.0,23.0,45.0,38.0,15.0,26.0,37.0,15.0,41.0,20.0,42.0,40.0,12.0,0.0,0.0,0.0,0.0,0.0,0.0,0.0,0.0,0.0,0.0,0.0,0.0,0.0,0.0,0.0,0.0,0.0,0.0,0.0,0.0,0.0,0.0,1.0,0.0,0.0,0.0,0.0,0.0,0.0,0.0,0.0,0.0,0.0,0.0,0.0,0.0,11.0,0.0,0.0,0.0,0.0,0.0,0.0,0.0,0.0,0.0,0.0,0.0,0.0,0.0,0.0,0.0,0.0,0.0,0.0
33,235244721.0,0.0,0.0,0.0,0.0,0.0,0.0,0.0,0.0,0.0,0.0,0.0,0.0,0.0,0.0,0.0,0.0,0.0,668.0,1.0,53.0,36.0,32.0,3.0,50.0,701.0,3.0,354.0,0.0,685.0,12.0,54.0,23.0,0.0,666.0,14.0,618.0,0.0,1.0,21.0,1.0,0.0,1.0,321.0,352.0,2.0,8.0,45.0,76.0,3.0,10.0,36.0,55.0,31.0,627.0,0.0,661.0,1.0,24.0,10.0,25.0,83.0,637.0,1374.0,110.0,50.0,1.0,0.0,637.0,0.0,134.0,0.0,0.0,11.0,0.0,643.0,4.0,221.0,20.0,461.0,2.0,11.0,105.0,0.0,24.0,27.0,1041.0,0.0,650.0,48.0,6.0,5.0,672.0,102.0,2.0,0.0,0.0,0.0,0.0,0.0,0.0,0.0,0.0,0.0,0.0,0.0,0.0,0.0,0.0,0.0,0.0,0.0,0.0,0.0,0.0,0.0,0.0,0.0,0.0,0.0,0.0,0.0,0.0,0.0,0.0,0.0,0.0,0.0,0.0,0.0,0.0,0.0,7.0,0.0,0.0,0.0,0.0,0.0,0.0,0.0,0.0,0.0,0.0,0.0,0.0,0.0,0.0,0.0,0.0,0.0,0.0
34,235311592.0,0.0,0.0,0.0,0.0,0.0,0.0,0.0,0.0,0.0,0.0,0.0,0.0,0.0,0.0,0.0,0.0,0.0,854.0,321.0,100.0,350.0,278.0,96.0,292.0,545.0,7.0,371.0,75.0,731.0,292.0,72.0,37.0,666.0,0.0,13.0,532.0,0.0,6.0,29.0,298.0,316.0,312.0,475.0,368.0,4.0,2.0,49.0,68.0,318.0,328.0,290.0,344.0,28.0,535.0,59.0,543.0,293.0,15.0,11.0,279.0,62.0,538.0,631.0,88.0,47.0,309.0,0.0,550.0,0.0,299.0,0.0,1.0,317.0,173.0,557.0,4.0,562.0,22.0,732.0,5.0,332.0,416.0,41.0,65.0,313.0,780.0,123.0,544.0,339.0,87.0,280.0,555.0,319.0,293.0,44.0,0.0,0.0,0.0,0.0,0.0,0.0,0.0,0.0,0.0,0.0,0.0,0.0,0.0,0.0,0.0,0.0,0.0,0.0,0.0,0.0,0.0,0.0,0.0,0.0,0.0,0.0,0.0,0.0,0.0,0.0,0.0,0.0,0.0,0.0,0.0,0.0,25.0,0.0,0.0,0.0,0.0,0.0,0.0,0.0,0.0,0.0,0.0,0.0,0.0,0.0,0.0,0.0,0.0,0.0,0.0
35,235327869.0,0.0,0.0,0.0,0.0,0.0,0.0,0.0,0.0,0.0,0.0,0.0,0.0,0.0,0.0,0.0,0.0,0.0,39.0,8.0,14.0,31.0,9.0,1.0,27.0,13.0,1.0,5.0,0.0,14.0,8.0,24.0,1.0,14.0,13.0,0.0,15.0,0.0,0.0,0.0,9.0,1.0,9.0,3.0,5.0,0.0,0.0,26.0,24.0,2.0,8.0,12.0,34.0,4.0,16.0,0.0,15.0,0.0,1.0,1.0,10.0,22.0,15.0,14.0,23.0,24.0,9.0,0.0,14.0,0.0,24.0,0.0,0.0,7.0,0.0,13.0,4.0,2.0,1.0,11.0,1.0,6.0,32.0,0.0,19.0,8.0,14.0,0.0,15.0,33.0,1.0,9.0,15.0,7.0,9.0,0.0,0.0,0.0,0.0,0.0,0.0,0.0,0.0,0.0,0.0,0.0,0.0,0.0,0.0,0.0,0.0,0.0,0.0,0.0,0.0,0.0,0.0,0.0,0.0,0.0,0.0,0.0,0.0,0.0,0.0,0.0,0.0,0.0,0.0,0.0,0.0,0.0,0.0,0.0,0.0,0.0,0.0,0.0,0.0,0.0,0.0,0.0,0.0,0.0,0.0,0.0,0.0,0.0,0.0,0.0,0.0
36,235371205.0,0.0,0.0,0.0,0.0,0.0,0.0,0.0,0.0,0.0,0.0,0.0,0.0,0.0,0.0,0.0,0.0,0.0,684.0,2.0,45.0,32.0,62.0,2.0,46.0,729.0,7.0,398.0,0.0,641.0,14.0,46.0,17.0,618.0,532.0,15.0,0.0,0.0,2.0,21.0,1.0,1.0,1.0,369.0,393.0,2.0,4.0,41.0,75.0,7.0,11.0,37.0,51.0,23.0,1196.0,0.0,907.0,3.0,25.0,13.0,27.0,76.0,1377.0,625.0,102.0,42.0,1.0,0.0,807.0,0.0,122.0,0.0,0.0,13.0,0.0,734.0,3.0,292.0,17.0,449.0,2.0,11.0,281.0,0.0,27.0,18.0,643.0,0.0,1007.0,40.0,2.0,5.0,1173.0,102.0,2.0,0.0,0.0,0.0,0.0,0.0,0.0,0.0,0.0,0.0,0.0,0.0,0.0,0.0,0.0,0.0,0.0,0.0,0.0,0.0,0.0,0.0,0.0,0.0,0.0,0.0,0.0,0.0,0.0,0.0,0.0,0.0,0.0,0.0,0.0,0.0,0.0,0.0,8.0,0.0,0.0,0.0,0.0,0.0,0.0,0.0,0.0,0.0,0.0,0.0,0.0,0.0,0.0,0.0,0.0,0.0,0.0
37,235372141.0,0.0,0.0,0.0,0.0,0.0,0.0,0.0,0.0,0.0,0.0,0.0,0.0,0.0,0.0,0.0,0.0,0.0,0.0,0.0,0.0,0.0,0.0,0.0,0.0,0.0,0.0,0.0,0.0,0.0,0.0,0.0,0.0,0.0,0.0,0.0,0.0,0.0,0.0,0.0,0.0,0.0,0.0,0.0,0.0,0.0,0.0,0.0,0.0,0.0,0.0,0.0,0.0,0.0,0.0,0.0,0.0,0.0,0.0,0.0,0.0,0.0,0.0,0.0,0.0,0.0,0.0,0.0,0.0,0.0,0.0,0.0,0.0,0.0,0.0,0.0,0.0,0.0,0.0,0.0,0.0,0.0,0.0,0.0,0.0,0.0,0.0,0.0,0.0,0.0,0.0,0.0,0.0,0.0,0.0,0.0,0.0,0.0,0.0,0.0,0.0,0.0,0.0,0.0,0.0,0.0,0.0,0.0,0.0,0.0,0.0,0.0,0.0,0.0,0.0,0.0,0.0,0.0,0.0,0.0,0.0,0.0,0.0,0.0,0.0,0.0,0.0,0.0,0.0,0.0,0.0,0.0,0.0,0.0,0.0,0.0,0.0,0.0,0.0,0.0,0.0,0.0,0.0,0.0,0.0,0.0,0.0,0.0,0.0,0.0,0.0
38,235412941.0,0.0,1.0,0.0,0.0,0.0,0.0,0.0,0.0,0.0,0.0,0.0,0.0,0.0,0.0,0.0,0.0,0.0,19.0,8.0,0.0,9.0,5.0,1.0,8.0,5.0,5.0,5.0,0.0,11.0,4.0,12.0,11.0,1.0,6.0,0.0,2.0,0.0,0.0,11.0,11.0,1.0,8.0,5.0,8.0,6.0,0.0,0.0,2.0,1.0,5.0,6.0,8.0,16.0,2.0,0.0,2.0,2.0,0.0,0.0,11.0,0.0,2.0,1.0,6.0,13.0,9.0,1.0,13.0,0.0,11.0,1.0,4.0,5.0,3.0,2.0,14.0,1.0,8.0,2.0,11.0,5.0,4.0,2.0,0.0,7.0,1.0,2.0,2.0,3.0,4.0,8.0,2.0,5.0,9.0,0.0,0.0,0.0,0.0,0.0,0.0,0.0,0.0,0.0,0.0,0.0,0.0,0.0,0.0,0.0,0.0,1.0,0.0,0.0,0.0,0.0,0.0,0.0,0.0,0.0,0.0,0.0,0.0,0.0,0.0,0.0,0.0,0.0,0.0,0.0,0.0,0.0,15.0,0.0,0.0,0.0,0.0,0.0,0.0,0.0,0.0,0.0,0.0,0.0,1.0,0.0,0.0,0.0,0.0,0.0,0.0
39,235571847.0,0.0,0.0,0.0,1.0,0.0,0.0,1.0,0.0,0.0,0.0,0.0,0.0,0.0,0.0,0.0,0.0,0.0,125.0,38.0,4.0,38.0,32.0,4.0,30.0,27.0,3.0,16.0,3.0,23.0,34.0,24.0,24.0,21.0,29.0,0.0,21.0,0.0,11.0,0.0,31.0,18.0,33.0,27.0,23.0,9.0,1.0,13.0,11.0,16.0,35.0,37.0,30.0,26.0,18.0,2.0,16.0,17.0,16.0,9.0,32.0,2.0,20.0,19.0,17.0,9.0,33.0,2.0,19.0,0.0,24.0,2.0,3.0,32.0,6.0,23.0,9.0,27.0,22.0,26.0,13.0,35.0,32.0,4.0,7.0,35.0,23.0,7.0,15.0,34.0,6.0,34.0,18.0,37.0,34.0,1.0,0.0,0.0,0.0,0.0,0.0,0.0,0.0,0.0,0.0,0.0,0.0,0.0,0.0,1.0,0.0,0.0,0.0,0.0,0.0,0.0,0.0,0.0,0.0,0.0,0.0,0.0,0.0,0.0,0.0,0.0,0.0,0.0,0.0,0.0,0.0,0.0,15.0,0.0,0.0,0.0,0.0,0.0,0.0,0.0,0.0,0.0,0.0,0.0,0.0,0.0,0.0,0.0,0.0,0.0,0.0
40,235572234.0,0.0,0.0,0.0,0.0,0.0,0.0,0.0,0.0,0.0,0.0,0.0,0.0,0.0,0.0,0.0,0.0,0.0,1254.0,1297.0,66.0,1394.0,961.0,124.0,1279.0,10.0,16.0,5.0,88.0,137.0,1032.0,42.0,45.0,1.0,298.0,9.0,1.0,0.0,11.0,31.0,0.0,588.0,1322.0,169.0,6.0,7.0,4.0,21.0,20.0,494.0,1176.0,1123.0,1184.0,28.0,1.0,71.0,3.0,473.0,17.0,20.0,1268.0,0.0,1.0,0.0,24.0,10.0,1412.0,2.0,10.0,0.0,227.0,0.0,5.0,1184.0,188.0,10.0,11.0,519.0,37.0,606.0,15.0,1191.0,1059.0,48.0,63.0,1220.0,162.0,142.0,10.0,1102.0,111.0,1330.0,3.0,890.0,1327.0,51.0,0.0,0.0,0.0,0.0,0.0,0.0,0.0,0.0,0.0,0.0,0.0,0.0,0.0,0.0,0.0,0.0,0.0,0.0,0.0,0.0,0.0,0.0,0.0,0.0,0.0,0.0,0.0,0.0,0.0,0.0,0.0,0.0,0.0,0.0,0.0,0.0,47.0,1.0,0.0,0.0,0.0,0.0,0.0,0.0,0.0,0.0,0.0,0.0,0.0,0.0,0.0,0.0,0.0,0.0,0.0
41,235573221.0,0.0,0.0,0.0,0.0,0.0,0.0,0.0,0.0,0.0,0.0,0.0,0.0,0.0,0.0,0.0,0.0,0.0,593.0,672.0,63.0,636.0,428.0,112.0,511.0,2.0,7.0,1.0,89.0,135.0,500.0,27.0,24.0,0.0,316.0,1.0,1.0,0.0,1.0,18.0,588.0,0.0,627.0,175.0,2.0,3.0,3.0,14.0,11.0,530.0,622.0,516.0,602.0,17.0,1.0,71.0,0.0,496.0,11.0,6.0,509.0,0.0,1.0,0.0,15.0,4.0,620.0,0.0,2.0,0.0,227.0,0.0,1.0,625.0,198.0,11.0,2.0,542.0,15.0,578.0,4.0,671.0,546.0,47.0,57.0,590.0,184.0,143.0,3.0,553.0,97.0,557.0,0.0,512.0,575.0,50.0,0.0,0.0,0.0,0.0,0.0,0.0,0.0,0.0,0.0,0.0,0.0,0.0,0.0,0.0,0.0,0.0,0.0,0.0,0.0,0.0,0.0,0.0,0.0,0.0,0.0,0.0,0.0,0.0,0.0,0.0,0.0,0.0,0.0,0.0,0.0,0.0,24.0,0.0,0.0,0.0,0.0,0.0,0.0,0.0,0.0,0.0,0.0,0.0,0.0,0.0,0.0,0.0,0.0,0.0,0.0
42,235573919.0,0.0,0.0,0.0,0.0,0.0,0.0,0.0,0.0,0.0,0.0,0.0,0.0,0.0,0.0,0.0,0.0,0.0,1246.0,1283.0,66.0,1389.0,906.0,126.0,1161.0,9.0,15.0,6.0,89.0,140.0,985.0,40.0,42.0,1.0,312.0,9.0,1.0,0.0,8.0,33.0,1322.0,627.0,0.0,179.0,9.0,5.0,4.0,23.0,17.0,532.0,1149.0,1076.0,1144.0,29.0,1.0,71.0,3.0,513.0,16.0,17.0,1158.0,0.0,2.0,1.0,22.0,9.0,1393.0,5.0,6.0,0.0,240.0,1.0,4.0,1140.0,198.0,16.0,6.0,564.0,33.0,664.0,15.0,1166.0,1016.0,47.0,62.0,1168.0,168.0,141.0,11.0,1055.0,110.0,1212.0,2.0,851.0,1211.0,51.0,0.0,0.0,0.0,0.0,0.0,0.0,0.0,0.0,0.0,0.0,0.0,0.0,0.0,0.0,0.0,0.0,0.0,0.0,0.0,0.0,0.0,0.0,0.0,0.0,0.0,0.0,0.0,0.0,0.0,0.0,0.0,0.0,0.0,0.0,0.0,0.0,41.0,1.0,0.0,0.0,0.0,0.0,0.0,0.0,0.0,0.0,0.0,0.0,0.0,0.0,0.0,0.0,0.0,0.0,0.0
43,235585808.0,0.0,0.0,0.0,0.0,0.0,0.0,0.0,0.0,0.0,0.0,0.0,0.0,0.0,0.0,0.0,0.0,0.0,891.0,180.0,66.0,181.0,182.0,112.0,157.0,317.0,3.0,838.0,88.0,489.0,172.0,35.0,37.0,321.0,475.0,3.0,369.0,0.0,5.0,27.0,169.0,175.0,179.0,0.0,831.0,5.0,2.0,21.0,14.0,174.0,181.0,186.0,163.0,18.0,370.0,70.0,369.0,168.0,19.0,12.0,197.0,3.0,370.0,323.0,20.0,5.0,175.0,1.0,362.0,0.0,155.0,0.0,1.0,176.0,156.0,373.0,4.0,811.0,20.0,491.0,4.0,184.0,343.0,47.0,62.0,180.0,443.0,124.0,370.0,175.0,99.0,157.0,374.0,157.0,168.0,51.0,0.0,0.0,0.0,0.0,0.0,0.0,0.0,0.0,0.0,0.0,0.0,0.0,0.0,0.0,0.0,0.0,0.0,0.0,0.0,0.0,0.0,0.0,0.0,0.0,0.0,0.0,0.0,0.0,0.0,0.0,0.0,0.0,0.0,0.0,0.0,0.0,21.0,0.0,0.0,0.0,0.0,0.0,0.0,0.0,0.0,0.0,0.0,0.0,0.0,0.0,0.0,0.0,0.0,0.0,0.0
44,235589107.0,0.0,0.0,0.0,0.0,0.0,0.0,0.0,0.0,1.0,0.0,0.0,0.0,0.0,0.0,0.0,0.0,0.0,765.0,6.0,8.0,17.0,54.0,3.0,5.0,353.0,4.0,934.0,0.0,381.0,17.0,19.0,22.0,352.0,368.0,5.0,393.0,0.0,8.0,23.0,6.0,2.0,9.0,831.0,0.0,3.0,2.0,14.0,8.0,4.0,14.0,43.0,15.0,20.0,393.0,0.0,393.0,4.0,15.0,10.0,47.0,0.0,394.0,354.0,16.0,11.0,8.0,3.0,392.0,0.0,14.0,1.0,4.0,19.0,4.0,393.0,6.0,630.0,20.0,357.0,12.0,15.0,173.0,1.0,10.0,18.0,362.0,1.0,398.0,13.0,8.0,10.0,395.0,12.0,7.0,0.0,0.0,0.0,0.0,0.0,0.0,0.0,0.0,0.0,0.0,0.0,0.0,0.0,0.0,0.0,0.0,0.0,0.0,0.0,0.0,0.0,0.0,0.0,0.0,0.0,0.0,0.0,0.0,0.0,0.0,0.0,0.0,0.0,0.0,0.0,0.0,0.0,8.0,0.0,0.0,0.0,0.0,0.0,0.0,0.0,0.0,0.0,0.0,0.0,0.0,0.0,0.0,0.0,0.0,0.0,0.0
45,235593353.0,0.0,1.0,0.0,0.0,0.0,0.0,1.0,0.0,0.0,0.0,0.0,0.0,0.0,0.0,0.0,0.0,0.0,8.0,5.0,3.0,3.0,3.0,2.0,2.0,10.0,0.0,2.0,2.0,10.0,4.0,4.0,5.0,2.0,4.0,0.0,2.0,0.0,6.0,9.0,7.0,3.0,5.0,5.0,3.0,0.0,0.0,0.0,0.0,3.0,3.0,4.0,5.0,10.0,2.0,1.0,1.0,3.0,0.0,0.0,4.0,0.0,2.0,2.0,2.0,11.0,5.0,0.0,7.0,0.0,8.0,2.0,6.0,3.0,4.0,2.0,10.0,4.0,7.0,5.0,4.0,4.0,4.0,4.0,2.0,5.0,4.0,5.0,2.0,3.0,2.0,4.0,3.0,4.0,2.0,1.0,0.0,0.0,0.0,0.0,0.0,0.0,0.0,0.0,0.0,0.0,0.0,0.0,0.0,0.0,0.0,0.0,0.0,0.0,0.0,0.0,0.0,0.0,0.0,0.0,0.0,0.0,0.0,0.0,0.0,0.0,0.0,0.0,0.0,0.0,0.0,0.0,5.0,0.0,0.0,0.0,0.0,0.0,0.0,0.0,0.0,0.0,0.0,0.0,0.0,0.0,0.0,0.0,0.0,0.0,0.0
46,235595678.0,0.0,0.0,0.0,0.0,0.0,0.0,0.0,0.0,0.0,0.0,0.0,0.0,0.0,0.0,0.0,0.0,0.0,14.0,3.0,2.0,4.0,2.0,0.0,5.0,3.0,0.0,3.0,0.0,3.0,2.0,0.0,1.0,8.0,2.0,0.0,4.0,0.0,0.0,1.0,4.0,3.0,4.0,2.0,2.0,0.0,0.0,1.0,2.0,2.0,3.0,2.0,3.0,2.0,5.0,0.0,4.0,2.0,0.0,1.0,4.0,0.0,4.0,10.0,2.0,1.0,3.0,0.0,4.0,0.0,1.0,0.0,0.0,3.0,0.0,5.0,0.0,4.0,1.0,8.0,0.0,3.0,4.0,0.0,0.0,4.0,8.0,0.0,5.0,3.0,0.0,5.0,4.0,4.0,4.0,0.0,0.0,0.0,0.0,0.0,0.0,0.0,0.0,0.0,0.0,0.0,0.0,0.0,0.0,0.0,0.0,0.0,0.0,0.0,0.0,0.0,0.0,0.0,0.0,0.0,0.0,0.0,0.0,0.0,0.0,0.0,0.0,0.0,0.0,0.0,0.0,0.0,0.0,0.0,0.0,0.0,0.0,0.0,0.0,0.0,0.0,0.0,0.0,0.0,0.0,0.0,0.0,0.0,0.0,0.0,0.0
47,235600534.0,0.0,0.0,0.0,0.0,0.0,0.0,0.0,0.0,0.0,0.0,0.0,0.0,0.0,0.0,0.0,0.0,0.0,180.0,32.0,65.0,77.0,26.0,0.0,63.0,36.0,0.0,16.0,2.0,36.0,29.0,107.0,17.0,45.0,49.0,26.0,41.0,0.0,0.0,13.0,21.0,14.0,23.0,21.0,14.0,0.0,1.0,0.0,102.0,11.0,29.0,27.0,81.0,14.0,41.0,1.0,39.0,9.0,9.0,17.0,21.0,55.0,41.0,41.0,113.0,50.0,25.0,1.0,33.0,0.0,60.0,0.0,0.0,24.0,3.0,39.0,6.0,20.0,15.0,36.0,1.0,30.0,101.0,0.0,69.0,28.0,44.0,4.0,42.0,85.0,4.0,24.0,42.0,30.0,20.0,0.0,0.0,0.0,0.0,0.0,0.0,0.0,0.0,0.0,0.0,0.0,0.0,0.0,0.0,0.0,0.0,0.0,0.0,0.0,0.0,0.0,0.0,0.0,0.0,0.0,0.0,0.0,0.0,0.0,0.0,0.0,0.0,0.0,0.0,0.0,0.0,0.0,0.0,1.0,0.0,0.0,0.0,0.0,0.0,0.0,0.0,0.0,0.0,0.0,0.0,0.0,0.0,0.0,0.0,0.0,0.0
48,235602290.0,0.0,0.0,0.0,0.0,0.0,0.0,0.0,0.0,0.0,0.0,0.0,0.0,0.0,0.0,0.0,0.0,0.0,254.0,23.0,127.0,74.0,22.0,1.0,104.0,68.0,1.0,9.0,1.0,62.0,19.0,131.0,9.0,76.0,68.0,24.0,75.0,0.0,2.0,11.0,20.0,11.0,17.0,14.0,8.0,0.0,2.0,102.0,0.0,6.0,23.0,22.0,96.0,11.0,70.0,0.0,67.0,6.0,13.0,12.0,15.0,119.0,75.0,75.0,238.0,86.0,19.0,1.0,61.0,0.0,121.0,0.0,1.0,19.0,2.0,68.0,6.0,13.0,16.0,50.0,0.0,23.0,92.0,0.0,67.0,23.0,75.0,2.0,70.0,76.0,1.0,21.0,78.0,143.0,17.0,0.0,0.0,0.0,0.0,0.0,0.0,0.0,0.0,0.0,0.0,0.0,0.0,0.0,0.0,0.0,0.0,0.0,0.0,0.0,0.0,0.0,0.0,0.0,0.0,0.0,0.0,0.0,0.0,0.0,0.0,0.0,0.0,0.0,0.0,0.0,0.0,0.0,1.0,1.0,0.0,0.0,0.0,0.0,0.0,0.0,0.0,0.0,0.0,0.0,0.0,0.0,0.0,0.0,0.0,0.0,0.0
49,235604645.0,0.0,0.0,0.0,0.0,0.0,0.0,0.0,0.0,0.0,0.0,0.0,0.0,0.0,0.0,0.0,0.0,0.0,507.0,554.0,59.0,543.0,387.0,111.0,418.0,8.0,5.0,4.0,88.0,140.0,460.0,24.0,21.0,3.0,318.0,2.0,7.0,0.0,1.0,16.0,494.0,530.0,532.0,174.0,4.0,3.0,2.0,11.0,6.0,0.0,536.0,440.0,509.0,13.0,7.0,70.0,6.0,504.0,6.0,3.0,420.0,2.0,6.0,4.0,13.0,4.0,524.0,0.0,7.0,0.0,229.0,0.0,0.0,530.0,195.0,11.0,2.0,517.0,8.0,494.0,3.0,551.0,483.0,47.0,51.0,520.0,175.0,142.0,8.0,495.0,96.0,468.0,5.0,432.0,487.0,50.0,0.0,0.0,0.0,0.0,0.0,0.0,0.0,0.0,0.0,0.0,0.0,0.0,0.0,0.0,0.0,0.0,0.0,0.0,0.0,0.0,0.0,0.0,0.0,0.0,0.0,0.0,0.0,0.0,0.0,0.0,0.0,0.0,0.0,0.0,0.0,0.0,23.0,0.0,0.0,0.0,0.0,0.0,0.0,0.0,0.0,0.0,0.0,0.0,0.0,0.0,0.0,0.0,0.0,0.0,0.0
50,235617791.0,0.0,0.0,0.0,0.0,0.0,0.0,0.0,0.0,0.0,0.0,0.0,0.0,0.0,0.0,0.0,0.0,0.0,1346.0,1521.0,69.0,1522.0,1177.0,121.0,1171.0,15.0,14.0,13.0,90.0,149.0,1219.0,43.0,44.0,10.0,328.0,8.0,11.0,0.0,5.0,35.0,1176.0,622.0,1149.0,181.0,14.0,3.0,3.0,29.0,23.0,536.0,0.0,1318.0,1457.0,29.0,10.0,71.0,11.0,503.0,24.0,19.0,1198.0,0.0,12.0,9.0,26.0,9.0,1211.0,2.0,16.0,0.0,241.0,0.0,2.0,1441.0,199.0,30.0,5.0,554.0,41.0,659.0,11.0,1480.0,1351.0,47.0,68.0,1457.0,191.0,145.0,16.0,1356.0,105.0,1213.0,12.0,1002.0,1160.0,51.0,0.0,0.0,0.0,0.0,0.0,0.0,0.0,0.0,0.0,0.0,0.0,0.0,0.0,0.0,0.0,0.0,0.0,0.0,1.0,0.0,0.0,0.0,0.0,0.0,0.0,0.0,0.0,0.0,0.0,0.0,0.0,0.0,0.0,0.0,0.0,0.0,51.0,1.0,0.0,0.0,0.0,0.0,0.0,0.0,0.0,0.0,0.0,0.0,0.0,0.0,0.0,0.0,0.0,0.0,0.0
51,235619991.0,0.0,0.0,0.0,0.0,0.0,0.0,0.0,0.0,0.0,0.0,0.0,0.0,0.0,0.0,0.0,0.0,0.0,1520.0,1337.0,66.0,1533.0,1456.0,107.0,1238.0,40.0,18.0,39.0,75.0,155.0,1240.0,38.0,45.0,36.0,290.0,12.0,37.0,0.0,6.0,37.0,1123.0,516.0,1076.0,186.0,43.0,4.0,2.0,27.0,22.0,440.0,1318.0,0.0,1297.0,34.0,34.0,63.0,37.0,417.0,23.0,22.0,1243.0,0.0,39.0,38.0,21.0,11.0,1138.0,2.0,41.0,0.0,213.0,0.0,4.0,1292.0,164.0,55.0,8.0,487.0,45.0,549.0,15.0,1292.0,1283.0,45.0,69.0,1462.0,179.0,119.0,44.0,1328.0,93.0,1315.0,36.0,976.0,1182.0,48.0,0.0,0.0,0.0,0.0,0.0,0.0,0.0,0.0,0.0,0.0,0.0,0.0,0.0,0.0,0.0,0.0,0.0,0.0,0.0,0.0,0.0,0.0,0.0,0.0,0.0,0.0,0.0,0.0,0.0,0.0,0.0,0.0,0.0,0.0,0.0,0.0,52.0,0.0,0.0,0.0,0.0,0.0,0.0,0.0,0.0,0.0,0.0,0.0,0.0,0.0,0.0,0.0,0.0,0.0,0.0
52,235627963.0,0.0,0.0,0.0,0.0,0.0,0.0,0.0,0.0,0.0,0.0,0.0,0.0,0.0,0.0,0.0,0.0,0.0,1394.0,1498.0,118.0,1560.0,1149.0,111.0,1257.0,62.0,15.0,15.0,81.0,183.0,1193.0,116.0,42.0,55.0,344.0,34.0,51.0,0.0,8.0,30.0,1184.0,602.0,1144.0,163.0,15.0,5.0,3.0,81.0,96.0,509.0,1457.0,1297.0,0.0,33.0,51.0,65.0,49.0,482.0,18.0,21.0,1223.0,78.0,52.0,54.0,107.0,90.0,1208.0,2.0,56.0,0.0,296.0,0.0,3.0,1478.0,172.0,64.0,15.0,537.0,42.0,674.0,14.0,1472.0,1331.0,47.0,99.0,1432.0,206.0,130.0,56.0,1367.0,102.0,1226.0,55.0,1031.0,1172.0,50.0,0.0,0.0,0.0,0.0,0.0,0.0,0.0,0.0,0.0,0.0,0.0,0.0,0.0,0.0,0.0,0.0,0.0,0.0,0.0,0.0,0.0,0.0,0.0,0.0,0.0,0.0,0.0,0.0,0.0,0.0,0.0,0.0,0.0,0.0,0.0,0.0,53.0,1.0,0.0,0.0,0.0,0.0,0.0,0.0,0.0,0.0,0.0,0.0,0.0,0.0,0.0,0.0,0.0,0.0,0.0
53,235628521.0,0.0,0.0,0.0,0.0,0.0,0.0,0.0,1.0,0.0,0.0,0.0,0.0,0.0,0.0,0.0,0.0,0.0,125.0,30.0,10.0,37.0,24.0,6.0,28.0,28.0,2.0,14.0,2.0,29.0,32.0,33.0,23.0,31.0,28.0,4.0,23.0,0.0,16.0,26.0,28.0,17.0,29.0,18.0,20.0,10.0,2.0,14.0,11.0,13.0,29.0,34.0,33.0,0.0,24.0,2.0,24.0,13.0,4.0,5.0,34.0,7.0,24.0,30.0,20.0,20.0,30.0,4.0,25.0,0.0,26.0,3.0,5.0,28.0,16.0,24.0,6.0,21.0,18.0,29.0,9.0,31.0,28.0,3.0,9.0,34.0,35.0,3.0,23.0,29.0,4.0,28.0,23.0,26.0,28.0,1.0,0.0,0.0,1.0,0.0,0.0,0.0,0.0,0.0,0.0,0.0,0.0,0.0,0.0,0.0,0.0,0.0,0.0,0.0,0.0,0.0,0.0,0.0,0.0,0.0,0.0,0.0,0.0,0.0,0.0,0.0,0.0,0.0,0.0,0.0,0.0,0.0,17.0,0.0,0.0,0.0,0.0,0.0,0.0,0.0,0.0,0.0,0.0,0.0,0.0,0.0,0.0,0.0,0.0,0.0,0.0
54,235629053.0,0.0,0.0,0.0,0.0,0.0,0.0,0.0,0.0,0.0,0.0,0.0,0.0,0.0,0.0,0.0,0.0,0.0,673.0,1.0,41.0,34.0,146.0,4.0,48.0,769.0,4.0,397.0,0.0,643.0,14.0,46.0,21.0,627.0,535.0,16.0,1196.0,0.0,2.0,18.0,1.0,1.0,1.0,370.0,393.0,2.0,5.0,41.0,70.0,7.0,10.0,34.0,51.0,24.0,0.0,0.0,1144.0,2.0,24.0,11.0,28.0,75.0,1227.0,636.0,99.0,44.0,1.0,0.0,793.0,0.0,119.0,1.0,0.0,12.0,0.0,743.0,4.0,291.0,20.0,445.0,4.0,11.0,285.0,0.0,24.0,18.0,719.0,0.0,1266.0,42.0,3.0,5.0,1320.0,93.0,2.0,0.0,0.0,0.0,0.0,0.0,0.0,0.0,0.0,0.0,0.0,0.0,0.0,0.0,0.0,0.0,0.0,0.0,0.0,0.0,0.0,0.0,0.0,0.0,0.0,0.0,0.0,0.0,0.0,0.0,0.0,0.0,0.0,0.0,0.0,0.0,0.0,0.0,7.0,0.0,0.0,0.0,0.0,0.0,0.0,0.0,0.0,0.0,0.0,0.0,0.0,0.0,0.0,0.0,0.0,0.0,0.0
55,235629274.0,0.0,0.0,0.0,0.0,0.0,0.0,0.0,0.0,0.0,0.0,0.0,0.0,0.0,0.0,0.0,0.0,0.0,62.0,71.0,42.0,72.0,58.0,47.0,69.0,1.0,0.0,0.0,66.0,66.0,65.0,16.0,12.0,0.0,59.0,0.0,0.0,0.0,0.0,2.0,71.0,71.0,71.0,70.0,0.0,1.0,0.0,1.0,0.0,70.0,71.0,63.0,65.0,2.0,0.0,0.0,0.0,68.0,2.0,0.0,68.0,0.0,0.0,0.0,2.0,0.0,70.0,0.0,0.0,0.0,68.0,0.0,0.0,70.0,68.0,0.0,0.0,70.0,0.0,67.0,1.0,71.0,69.0,37.0,38.0,69.0,53.0,57.0,0.0,69.0,56.0,66.0,0.0,57.0,69.0,40.0,0.0,0.0,0.0,0.0,0.0,0.0,0.0,0.0,0.0,0.0,0.0,0.0,0.0,0.0,0.0,0.0,0.0,0.0,0.0,0.0,0.0,0.0,0.0,0.0,0.0,0.0,0.0,0.0,0.0,0.0,0.0,0.0,0.0,0.0,0.0,0.0,6.0,0.0,0.0,0.0,0.0,0.0,0.0,0.0,0.0,0.0,0.0,0.0,0.0,0.0,0.0,0.0,0.0,0.0,0.0
56,235632067.0,0.0,0.0,0.0,0.0,0.0,0.0,0.0,0.0,0.0,0.0,0.0,0.0,0.0,0.0,0.0,0.0,0.0,656.0,1.0,42.0,33.0,184.0,4.0,51.0,744.0,4.0,395.0,0.0,671.0,16.0,45.0,23.0,661.0,543.0,15.0,907.0,0.0,2.0,16.0,3.0,0.0,3.0,369.0,393.0,1.0,4.0,39.0,67.0,6.0,11.0,37.0,49.0,24.0,1144.0,0.0,0.0,1.0,20.0,12.0,30.0,79.0,960.0,711.0,101.0,45.0,2.0,0.0,800.0,0.0,127.0,0.0,0.0,13.0,0.0,737.0,4.0,292.0,21.0,447.0,4.0,12.0,150.0,0.0,25.0,22.0,808.0,0.0,1191.0,42.0,3.0,7.0,1102.0,103.0,2.0,0.0,0.0,0.0,0.0,0.0,0.0,0.0,0.0,0.0,0.0,0.0,0.0,0.0,0.0,0.0,0.0,0.0,0.0,0.0,0.0,0.0,0.0,0.0,0.0,0.0,0.0,0.0,0.0,0.0,0.0,0.0,0.0,0.0,0.0,0.0,0.0,0.0,10.0,0.0,0.0,0.0,0.0,0.0,0.0,0.0,0.0,0.0,0.0,0.0,0.0,0.0,0.0,0.0,0.0,0.0,0.0
