,0,1,2,3,4,5,6,7,8,9,10,11,12,13,14,15,16,17,18,19,20,21,22,23,24,25,26,27,28,29,30,31,32,33,34,35,36,37,38,39,40,41,42,43,44,45,46,47,48,49,50,51,52,53,54,55,56,57,58,59,60,61,62,63,64,65,66,67,68,69,70,71,72,73,74,75,76,77,78,79,80,81,82,83,84,85,86,87,88,89,90,91,92,93,94,95,96,97,98,99,100,101,102,103,104,105,106,107,108,109,110,111,112,113,114,115,116,117,118,119,120,121,122,123,124,125,126,127,128,129,130,131,132,133,134,135,136,137,138,139,140,141,142,143,144,145,146,147,148,149,150,151,152,153,154,155,156,157,158,159,160,161,162,163,164,165,166,167,168,169,170,171,172,173,174,175,176,177,178,179,180,181,182,183,184,185,186,187,188,189
0,-1.0,5242.0,9624742.0,11277572.0,11966392.0,14358520.0,15699801.0,17469492.0,17682351.0,18916716.0,20107290.0,20708260.0,20753721.0,24179525.0,24264540.0,25937737.0,30709612.0,32517594.0,35617996.0,37593470.0,39953073.0,47066924.0,47107118.0,47870267.0,48376323.0,48495906.0,48680856.0,48700450.0,48959778.0,48983320.0,49472202.0,49923648.0,49986620.0,50064327.0,50552213.0,50645038.0,51820950.0,52763281.0,56920617.0,57072321.0,57246401.0,59587240.0,60568628.0,62810335.0,64954756.0,71024346.0,71294722.0,75055396.0,79596678.0,80352427.0,85855414.0,88273770.0,93796425.0,94763091.0,98724873.0,101710782.0,108711275.0,110810192.0,113328432.0,120058328.0,124578114.0,140714549.0,141180837.0,149428179.0,150134916.0,151753975.0,153949977.0,153992051.0,159002621.0,177002568.0,183138723.0,190408552.0,190932580.0,192477353.0,194008664.0,194920096.0,205504482.0,210824047.0,217078361.0,221644660.0,224191683.0,224387167.0,225931255.0,230847428.0,232678279.0,233052695.0,234871417.0,235784026.0,244305479.0,244511558.0,245650642.0,245901604.0,246114884.0,246875675.0,249040812.0,251196980.0,252221366.0,252513670.0,253451653.0,253985692.0,254923486.0,255078164.0,255946453.0,256442158.0,258536563.0,258694951.0,259618478.0,262777973.0,263225101.0,265814972.0,266141540.0,267088381.0,267612513.0,268139655.0,268433279.0,268445390.0,269535015.0,271056512.0,271622481.0,271791007.0,275093764.0,275188451.0,275523472.0,275596449.0,277455563.0,281553266.0,282259323.0,283217424.0,283223454.0,285115375.0,285876938.0,286424432.0,288211201.0,288917382.0,290436372.0,290474399.0,291329034.0,292202330.0,294523668.0,298110296.0,299566836.0,301155113.0,302144631.0,305163986.0,306876691.0,306983485.0,307512769.0,312669043.0,317009052.0,317262357.0,317678508.0,326375492.0,330994588.0,332525543.0,333904942.0,335545738.0,338067793.0,339451456.0,346822832.0,348661583.0,353291813.0,360183195.0,366079944.0,367473622.0,369028288.0,369820320.0,370129195.0,370728558.0,373381781.0,373842798.0,374574322.0,378419883.0,380823724.0,390677644.0,391006249.0,391454776.0,393348427.0,394694673.0,406558256.0,412303032.0,413489377.0,427024439.0,427865020.0,432717648.0,438412675.0,439843069.0,442650840.0,442956656.0,453289121.0,453868198.0
1,5242.0,0.0,3.0,1.0,22.0,8.0,71.0,189.0,202.0,7.0,30.0,6.0,0.0,0.0,155.0,66.0,0.0,4.0,28.0,52.0,3.0,46.0,60.0,1.0,1.0,102.0,34.0,84.0,17.0,0.0,6.0,88.0,20.0,8.0,21.0,65.0,13.0,165.0,22.0,2.0,0.0,10.0,71.0,48.0,9.0,11.0,2.0,0.0,22.0,117.0,17.0,0.0,34.0,4.0,0.0,4.0,71.0,5.0,16.0,0.0,33.0,2.0,6.0,12.0,5.0,26.0,16.0,4.0,18.0,65.0,2.0,0.0,13.0,65.0,49.0,26.0,0.0,6.0,57.0,31.0,2.0,50.0,5.0,12.0,0.0,7.0,4.0,10.0,57.0,19.0,97.0,188.0,3.0,47.0,0.0,8.0,8.0,0.0,93.0,27.0,0.0,7.0,11.0,435.0,81.0,8.0,150.0,5.0,6.0,0.0,38.0,63.0,2.0,6.0,0.0,39.0,10.0,0.0,4.0,21.0,11.0,39.0,9.0,3.0,4.0,10.0,0.0,45.0,9.0,1.0,25.0,13.0,10.0,0.0,15.0,9.0,1.0,2.0,0.0,32.0,63.0,2.0,0.0,86.0,43.0,23.0,2.0,11.0,42.0,0.0,0.0,20.0,0.0,8.0,0.0,3.0,0.0,9.0,12.0,5.0,0.0,0.0,0.0,5.0,15.0,1.0,0.0,6.0,18.0,14.0,18.0,0.0,0.0,17.0,0.0,0.0,3.0,4.0,0.0,1.0,0.0,1.0,19.0,7.0,8.0,0.0,0.0,1.0,8.0,0.0
2,9624742.0,3.0,0.0,0.0,37.0,0.0,20.0,339.0,2.0,16.0,9.0,1.0,1.0,7.0,9.0,8.0,0.0,1.0,349.0,7.0,1.0,25.0,70.0,7.0,0.0,2.0,58.0,5.0,8.0,0.0,0.0,7.0,0.0,28.0,42.0,39.0,5.0,58.0,0.0,0.0,3.0,3.0,5.0,0.0,191.0,19.0,2.0,4.0,3.0,11.0,22.0,0.0,6.0,0.0,1.0,0.0,35.0,11.0,2.0,0.0,203.0,18.0,2.0,0.0,0.0,2.0,0.0,3.0,305.0,70.0,0.0,0.0,11.0,61.0,5.0,2.0,10.0,1.0,37.0,53.0,0.0,0.0,1.0,61.0,0.0,12.0,87.0,10.0,0.0,0.0,15.0,13.0,4.0,4.0,0.0,0.0,2.0,0.0,8.0,6.0,0.0,1.0,2.0,6.0,14.0,0.0,6.0,1.0,0.0,0.0,9.0,0.0,1.0,3.0,0.0,1.0,1.0,0.0,0.0,0.0,2.0,2.0,1.0,0.0,0.0,0.0,0.0,1.0,0.0,2.0,1.0,3.0,1.0,0.0,3.0,1.0,0.0,0.0,0.0,2.0,3.0,0.0,0.0,7.0,1.0,1.0,1.0,0.0,8.0,0.0,0.0,3.0,0.0,3.0,0.0,0.0,0.0,3.0,0.0,9.0,0.0,0.0,0.0,0.0,3.0,3.0,0.0,0.0,0.0,2.0,0.0,0.0,0.0,0.0,0.0,0.0,7.0,0.0,1.0,155.0,2.0,1.0,2.0,4.0,33.0,14.0,0.0,13.0,42.0,1.0
3,11277572.0,1.0,0.0,0.0,14.0,8.0,28.0,17.0,13.0,12.0,6.0,0.0,1.0,4.0,14.0,4.0,6.0,1.0,4.0,11.0,1.0,4.0,9.0,1.0,2.0,7.0,11.0,5.0,10.0,0.0,3.0,7.0,7.0,13.0,6.0,20.0,2.0,12.0,4.0,10.0,1.0,9.0,7.0,2.0,3.0,157.0,28.0,1.0,5.0,3.0,7.0,0.0,1.0,0.0,0.0,0.0,26.0,4.0,17.0,2.0,12.0,18.0,0.0,6.0,0.0,5.0,0.0,2.0,6.0,24.0,32.0,0.0,18.0,34.0,7.0,12.0,3.0,0.0,30.0,16.0,2.0,1.0,0.0,22.0,10.0,1.0,0.0,4.0,10.0,0.0,43.0,8.0,4.0,2.0,0.0,0.0,3.0,0.0,16.0,5.0,0.0,1.0,1.0,20.0,14.0,1.0,13.0,0.0,0.0,0.0,7.0,1.0,0.0,3.0,0.0,1.0,0.0,0.0,1.0,8.0,1.0,0.0,0.0,0.0,1.0,1.0,0.0,4.0,0.0,1.0,0.0,28.0,0.0,0.0,2.0,1.0,3.0,0.0,0.0,3.0,5.0,42.0,37.0,9.0,1.0,0.0,0.0,0.0,5.0,0.0,0.0,1.0,0.0,3.0,0.0,0.0,0.0,1.0,6.0,12.0,0.0,0.0,0.0,20.0,144.0,0.0,0.0,0.0,2.0,2.0,1.0,0.0,17.0,1.0,0.0,0.0,6.0,0.0,0.0,2.0,2.0,0.0,14.0,2.0,5.0,2.0,0.0,4.0,3.0,11.0
4,11966392.0,22.0,37.0,14.0,0.0,41.0,172.0,305.0,120.0,84.0,43.0,38.0,6.0,55.0,43.0,37.0,25.0,222.0,142.0,177.0,6.0,83.0,188.0,26.0,16.0,80.0,194.0,18.0,60.0,2.0,37.0,61.0,20.0,154.0,108.0,192.0,49.0,246.0,4.0,5.0,4.0,46.0,39.0,29.0,89.0,73.0,20.0,9.0,12.0,31.0,88.0,0.0,7.0,0.0,2.0,5.0,194.0,110.0,49.0,10.0,191.0,64.0,4.0,25.0,4.0,29.0,0.0,37.0,114.0,244.0,6.0,1.0,168.0,358.0,47.0,35.0,50.0,5.0,164.0,236.0,8.0,2.0,2.0,208.0,41.0,22.0,22.0,174.0,32.0,2.0,105.0,113.0,34.0,24.0,0.0,1.0,28.0,0.0,64.0,32.0,0.0,5.0,6.0,119.0,87.0,2.0,42.0,1.0,2.0,0.0,34.0,17.0,1.0,15.0,1.0,26.0,4.0,0.0,1.0,23.0,13.0,5.0,2.0,2.0,1.0,1.0,0.0,18.0,2.0,7.0,0.0,56.0,2.0,2.0,6.0,7.0,2.0,0.0,0.0,14.0,41.0,9.0,13.0,73.0,6.0,8.0,2.0,4.0,61.0,1.0,2.0,14.0,0.0,38.0,0.0,2.0,2.0,11.0,14.0,48.0,0.0,0.0,0.0,15.0,83.0,3.0,0.0,2.0,21.0,8.0,5.0,1.0,8.0,7.0,0.0,0.0,37.0,1.0,2.0,28.0,12.0,5.0,65.0,7.0,32.0,18.0,0.0,26.0,118.0,10.0
5,14358520.0,8.0,0.0,8.0,41.0,0.0,49.0,46.0,130.0,19.0,7.0,1.0,5.0,3.0,17.0,8.0,4.0,46.0,17.0,21.0,3.0,23.0,21.0,19.0,0.0,18.0,12.0,5.0,17.0,0.0,15.0,28.0,4.0,17.0,17.0,48.0,22.0,21.0,3.0,0.0,0.0,24.0,10.0,13.0,9.0,21.0,3.0,4.0,2.0,2.0,33.0,0.0,0.0,0.0,0.0,0.0,45.0,39.0,15.0,2.0,25.0,21.0,0.0,9.0,2.0,10.0,0.0,9.0,11.0,47.0,6.0,0.0,48.0,123.0,11.0,9.0,13.0,0.0,19.0,61.0,4.0,0.0,0.0,40.0,11.0,3.0,1.0,55.0,20.0,0.0,63.0,14.0,26.0,6.0,0.0,0.0,16.0,0.0,9.0,9.0,0.0,2.0,2.0,18.0,14.0,0.0,13.0,0.0,0.0,0.0,15.0,0.0,0.0,7.0,1.0,7.0,0.0,0.0,0.0,27.0,8.0,1.0,1.0,1.0,0.0,1.0,0.0,5.0,0.0,0.0,0.0,99.0,0.0,0.0,4.0,0.0,1.0,0.0,0.0,4.0,7.0,7.0,3.0,19.0,2.0,3.0,0.0,3.0,31.0,0.0,0.0,1.0,0.0,5.0,0.0,0.0,0.0,4.0,8.0,5.0,0.0,0.0,0.0,3.0,39.0,0.0,0.0,0.0,6.0,2.0,2.0,0.0,3.0,4.0,0.0,0.0,116.0,0.0,0.0,0.0,4.0,2.0,45.0,1.0,4.0,0.0,0.0,3.0,14.0,2.0
6,15699801.0,71.0,20.0,28.0,172.0,49.0,0.0,358.0,243.0,61.0,85.0,16.0,6.0,22.0,159.0,73.0,12.0,27.0,135.0,116.0,15.0,122.0,168.0,40.0,4.0,138.0,152.0,37.0,99.0,0.0,35.0,133.0,36.0,95.0,145.0,289.0,84.0,235.0,61.0,8.0,4.0,97.0,116.0,181.0,69.0,117.0,27.0,22.0,23.0,50.0,145.0,0.0,16.0,1.0,1.0,6.0,306.0,87.0,73.0,13.0,149.0,85.0,7.0,40.0,16.0,44.0,6.0,38.0,106.0,302.0,15.0,1.0,136.0,361.0,82.0,46.0,25.0,15.0,212.0,221.0,12.0,18.0,9.0,199.0,12.0,27.0,11.0,86.0,134.0,6.0,234.0,175.0,54.0,49.0,0.0,11.0,34.0,0.0,131.0,60.0,0.0,22.0,15.0,284.0,146.0,3.0,84.0,2.0,9.0,1.0,110.0,32.0,8.0,26.0,2.0,56.0,7.0,0.0,1.0,41.0,36.0,23.0,7.0,3.0,2.0,5.0,0.0,40.0,5.0,3.0,12.0,68.0,6.0,4.0,22.0,8.0,7.0,1.0,0.0,37.0,62.0,28.0,13.0,122.0,21.0,22.0,2.0,17.0,308.0,2.0,3.0,21.0,0.0,30.0,0.0,1.0,3.0,18.0,39.0,28.0,0.0,0.0,0.0,25.0,192.0,3.0,0.0,4.0,33.0,17.0,18.0,1.0,10.0,22.0,0.0,0.0,49.0,4.0,1.0,24.0,15.0,5.0,104.0,16.0,39.0,20.0,0.0,20.0,112.0,13.0
7,17469492.0,189.0,339.0,17.0,305.0,46.0,358.0,0.0,547.0,158.0,148.0,78.0,7.0,100.0,243.0,295.0,17.0,91.0,918.0,399.0,6.0,244.0,622.0,49.0,18.0,254.0,467.0,37.0,107.0,0.0,66.0,170.0,54.0,258.0,572.0,548.0,119.0,1187.0,23.0,6.0,5.0,199.0,164.0,99.0,363.0,88.0,20.0,21.0,28.0,78.0,160.0,0.0,16.0,1.0,1.0,3.0,981.0,191.0,73.0,19.0,507.0,106.0,5.0,69.0,9.0,149.0,1.0,78.0,649.0,770.0,3.0,0.0,191.0,1038.0,141.0,63.0,44.0,12.0,375.0,717.0,10.0,9.0,5.0,480.0,12.0,54.0,109.0,258.0,128.0,4.0,360.0,753.0,77.0,80.0,0.0,10.0,52.0,0.0,198.0,71.0,0.0,13.0,15.0,508.0,261.0,0.0,112.0,2.0,0.0,1.0,94.0,78.0,1.0,34.0,2.0,106.0,6.0,0.0,5.0,26.0,34.0,18.0,9.0,4.0,1.0,3.0,0.0,44.0,4.0,15.0,4.0,65.0,3.0,1.0,17.0,7.0,4.0,1.0,0.0,30.0,106.0,9.0,7.0,320.0,13.0,29.0,3.0,18.0,487.0,1.0,1.0,22.0,0.0,34.0,0.0,0.0,0.0,17.0,26.0,36.0,0.0,0.0,0.0,15.0,134.0,5.0,0.0,2.0,50.0,16.0,14.0,1.0,9.0,21.0,0.0,0.0,68.0,1.0,8.0,199.0,16.0,11.0,165.0,23.0,239.0,66.0,0.0,42.0,299.0,8.0
8,17682351.0,202.0,2.0,13.0,120.0,130.0,243.0,547.0,0.0,58.0,67.0,10.0,15.0,80.0,275.0,191.0,18.0,115.0,61.0,169.0,2.0,94.0,308.0,23.0,71.0,558.0,310.0,11.0,81.0,26.0,170.0,65.0,109.0,182.0,107.0,392.0,50.0,405.0,71.0,6.0,11.0,245.0,150.0,149.0,30.0,92.0,9.0,12.0,12.0,31.0,42.0,0.0,29.0,5.0,0.0,1.0,259.0,60.0,164.0,9.0,113.0,42.0,2.0,72.0,7.0,81.0,0.0,149.0,59.0,282.0,5.0,0.0,105.0,536.0,124.0,44.0,17.0,9.0,254.0,139.0,5.0,7.0,5.0,96.0,11.0,33.0,6.0,117.0,262.0,9.0,245.0,343.0,28.0,72.0,0.0,20.0,18.0,0.0,164.0,35.0,0.0,10.0,33.0,776.0,155.0,11.0,92.0,10.0,2.0,0.0,52.0,98.0,0.0,12.0,0.0,85.0,14.0,0.0,11.0,89.0,21.0,7.0,5.0,5.0,15.0,16.0,0.0,76.0,17.0,3.0,0.0,168.0,20.0,0.0,13.0,27.0,8.0,0.0,0.0,54.0,72.0,11.0,11.0,218.0,4.0,47.0,0.0,42.0,166.0,0.0,0.0,40.0,0.0,25.0,0.0,0.0,1.0,24.0,38.0,22.0,1.0,3.0,0.0,20.0,140.0,5.0,0.0,8.0,57.0,33.0,47.0,1.0,8.0,5.0,0.0,0.0,105.0,13.0,1.0,3.0,10.0,3.0,141.0,6.0,32.0,4.0,0.0,3.0,37.0,7.0
9,18916716.0,7.0,16.0,12.0,84.0,19.0,61.0,158.0,58.0,0.0,12.0,22.0,6.0,54.0,26.0,6.0,19.0,49.0,101.0,85.0,4.0,54.0,113.0,11.0,7.0,23.0,99.0,10.0,31.0,0.0,14.0,37.0,10.0,132.0,96.0,65.0,47.0,160.0,2.0,2.0,2.0,24.0,21.0,7.0,47.0,35.0,11.0,11.0,12.0,13.0,42.0,0.0,3.0,0.0,1.0,1.0,152.0,43.0,32.0,6.0,95.0,58.0,2.0,21.0,2.0,17.0,0.0,16.0,59.0,109.0,8.0,0.0,64.0,181.0,16.0,10.0,25.0,2.0,59.0,152.0,7.0,1.0,1.0,214.0,6.0,13.0,11.0,57.0,10.0,1.0,67.0,21.0,23.0,12.0,0.0,1.0,14.0,0.0,38.0,19.0,0.0,2.0,5.0,18.0,75.0,0.0,18.0,0.0,0.0,0.0,23.0,3.0,0.0,15.0,0.0,8.0,3.0,0.0,1.0,33.0,6.0,3.0,1.0,3.0,3.0,1.0,0.0,10.0,0.0,1.0,1.0,49.0,1.0,0.0,2.0,5.0,1.0,0.0,0.0,10.0,15.0,13.0,4.0,27.0,4.0,5.0,0.0,3.0,19.0,1.0,0.0,7.0,0.0,13.0,0.0,0.0,0.0,8.0,21.0,142.0,0.0,0.0,0.0,7.0,59.0,3.0,0.0,1.0,16.0,4.0,1.0,2.0,6.0,9.0,0.0,0.0,17.0,0.0,2.0,12.0,12.0,1.0,46.0,11.0,9.0,8.0,0.0,7.0,82.0,8.0
10,20107290.0,30.0,9.0,6.0,43.0,7.0,85.0,148.0,67.0,12.0,0.0,3.0,2.0,3.0,52.0,87.0,3.0,3.0,38.0,60.0,5.0,51.0,92.0,5.0,1.0,53.0,109.0,17.0,43.0,0.0,15.0,36.0,6.0,23.0,65.0,100.0,8.0,111.0,3.0,5.0,1.0,10.0,38.0,29.0,27.0,18.0,8.0,8.0,13.0,25.0,35.0,0.0,10.0,0.0,1.0,0.0,102.0,21.0,20.0,30.0,43.0,26.0,2.0,78.0,6.0,57.0,0.0,20.0,38.0,95.0,3.0,0.0,33.0,67.0,44.0,35.0,7.0,2.0,67.0,57.0,6.0,1.0,0.0,48.0,1.0,13.0,5.0,17.0,24.0,2.0,80.0,150.0,13.0,22.0,0.0,5.0,9.0,0.0,57.0,29.0,0.0,2.0,6.0,228.0,63.0,0.0,43.0,1.0,0.0,0.0,37.0,28.0,1.0,10.0,0.0,26.0,2.0,0.0,1.0,3.0,11.0,8.0,1.0,3.0,1.0,1.0,0.0,13.0,0.0,2.0,1.0,16.0,1.0,0.0,8.0,1.0,2.0,0.0,0.0,11.0,41.0,3.0,3.0,56.0,2.0,7.0,1.0,2.0,54.0,1.0,0.0,6.0,0.0,13.0,0.0,0.0,0.0,7.0,9.0,5.0,0.0,0.0,0.0,21.0,38.0,3.0,0.0,0.0,21.0,4.0,1.0,1.0,6.0,4.0,0.0,0.0,11.0,1.0,0.0,10.0,6.0,3.0,11.0,7.0,14.0,8.0,0.0,16.0,36.0,4.0
11,20708260.0,6.0,1.0,0.0,38.0,1.0,16.0,78.0,10.0,22.0,3.0,0.0,0.0,125.0,11.0,38.0,69.0,61.0,15.0,246.0,0.0,9.0,230.0,83.0,5.0,15.0,282.0,6.0,6.0,0.0,2.0,7.0,2.0,343.0,63.0,45.0,0.0,132.0,1.0,1.0,1.0,17.0,5.0,8.0,5.0,8.0,1.0,1.0,1.0,9.0,26.0,0.0,0.0,0.0,1.0,0.0,80.0,44.0,6.0,1.0,41.0,6.0,2.0,3.0,0.0,6.0,0.0,4.0,15.0,197.0,0.0,0.0,17.0,59.0,5.0,2.0,53.0,2.0,71.0,38.0,1.0,1.0,1.0,74.0,57.0,2.0,1.0,6.0,4.0,0.0,6.0,55.0,10.0,2.0,0.0,2.0,0.0,0.0,11.0,1.0,0.0,0.0,0.0,39.0,4.0,0.0,1.0,0.0,0.0,0.0,6.0,0.0,0.0,0.0,0.0,9.0,0.0,0.0,0.0,3.0,1.0,4.0,0.0,0.0,0.0,0.0,0.0,0.0,0.0,44.0,0.0,22.0,0.0,0.0,0.0,0.0,5.0,0.0,0.0,0.0,3.0,2.0,1.0,11.0,0.0,0.0,0.0,0.0,38.0,0.0,0.0,1.0,0.0,8.0,0.0,2.0,0.0,0.0,0.0,98.0,0.0,0.0,0.0,0.0,16.0,0.0,0.0,0.0,1.0,0.0,0.0,0.0,1.0,1.0,0.0,0.0,3.0,0.0,0.0,2.0,0.0,0.0,4.0,2.0,5.0,2.0,0.0,2.0,11.0,0.0
12,20753721.0,0.0,1.0,1.0,6.0,5.0,6.0,7.0,15.0,6.0,2.0,0.0,0.0,0.0,0.0,0.0,0.0,1.0,7.0,0.0,0.0,4.0,6.0,0.0,1.0,1.0,1.0,0.0,3.0,0.0,1.0,4.0,1.0,0.0,1.0,7.0,12.0,2.0,0.0,0.0,1.0,1.0,0.0,0.0,3.0,2.0,0.0,1.0,1.0,1.0,13.0,0.0,0.0,0.0,0.0,0.0,5.0,5.0,1.0,2.0,4.0,5.0,1.0,1.0,0.0,1.0,0.0,2.0,6.0,2.0,0.0,0.0,6.0,10.0,0.0,1.0,1.0,0.0,4.0,14.0,1.0,0.0,0.0,6.0,0.0,1.0,0.0,3.0,4.0,0.0,7.0,0.0,5.0,1.0,0.0,0.0,5.0,0.0,1.0,1.0,0.0,0.0,1.0,3.0,2.0,0.0,2.0,0.0,0.0,0.0,2.0,0.0,0.0,1.0,0.0,0.0,1.0,0.0,0.0,3.0,6.0,0.0,1.0,1.0,0.0,0.0,0.0,1.0,0.0,0.0,0.0,14.0,0.0,0.0,1.0,0.0,1.0,0.0,0.0,1.0,0.0,0.0,0.0,2.0,1.0,0.0,0.0,0.0,4.0,0.0,0.0,0.0,0.0,0.0,0.0,0.0,0.0,3.0,0.0,1.0,0.0,0.0,0.0,0.0,2.0,0.0,0.0,0.0,0.0,0.0,0.0,0.0,0.0,0.0,0.0,0.0,3.0,0.0,0.0,1.0,0.0,0.0,7.0,2.0,1.0,1.0,0.0,0.0,4.0,0.0
13,24179525.0,0.0,7.0,4.0,55.0,3.0,22.0,100.0,80.0,54.0,3.0,125.0,0.0,0.0,11.0,12.0,126.0,547.0,40.0,236.0,2.0,7.0,101.0,16.0,35.0,8.0,171.0,1.0,10.0,0.0,3.0,3.0,9.0,443.0,28.0,29.0,10.0,131.0,4.0,1.0,0.0,42.0,6.0,1.0,17.0,35.0,3.0,2.0,0.0,3.0,22.0,0.0,0.0,0.0,1.0,1.0,51.0,36.0,12.0,0.0,116.0,41.0,0.0,13.0,0.0,9.0,0.0,5.0,25.0,145.0,1.0,4.0,21.0,351.0,1.0,0.0,220.0,3.0,38.0,107.0,0.0,0.0,1.0,100.0,29.0,8.0,0.0,23.0,3.0,2.0,12.0,28.0,16.0,4.0,0.0,0.0,1.0,0.0,18.0,2.0,0.0,0.0,2.0,11.0,10.0,0.0,0.0,1.0,0.0,0.0,4.0,1.0,0.0,1.0,0.0,3.0,0.0,0.0,0.0,5.0,1.0,22.0,0.0,0.0,1.0,0.0,0.0,2.0,1.0,4.0,0.0,18.0,0.0,0.0,0.0,0.0,0.0,0.0,0.0,2.0,2.0,0.0,5.0,9.0,0.0,3.0,0.0,0.0,13.0,0.0,0.0,1.0,0.0,4.0,0.0,1.0,0.0,1.0,1.0,88.0,0.0,0.0,0.0,3.0,43.0,0.0,0.0,0.0,0.0,0.0,0.0,0.0,1.0,2.0,0.0,0.0,3.0,0.0,1.0,1.0,0.0,0.0,14.0,1.0,4.0,5.0,0.0,11.0,19.0,2.0
14,24264540.0,155.0,9.0,14.0,43.0,17.0,159.0,243.0,275.0,26.0,52.0,11.0,0.0,11.0,0.0,102.0,4.0,10.0,51.0,51.0,18.0,96.0,97.0,12.0,6.0,171.0,112.0,45.0,71.0,3.0,24.0,63.0,27.0,42.0,99.0,204.0,15.0,200.0,31.0,3.0,4.0,118.0,152.0,73.0,36.0,42.0,14.0,9.0,20.0,92.0,35.0,0.0,160.0,30.0,2.0,4.0,108.0,31.0,60.0,8.0,73.0,33.0,11.0,42.0,14.0,42.0,9.0,41.0,45.0,149.0,9.0,1.0,51.0,260.0,76.0,114.0,3.0,17.0,139.0,64.0,8.0,31.0,3.0,54.0,5.0,40.0,8.0,27.0,69.0,108.0,262.0,207.0,12.0,64.0,0.0,15.0,14.0,0.0,148.0,63.0,0.0,19.0,181.0,415.0,146.0,161.0,196.0,74.0,6.0,4.0,64.0,45.0,8.0,40.0,2.0,43.0,153.0,0.0,103.0,19.0,12.0,29.0,21.0,29.0,90.0,181.0,0.0,374.0,206.0,3.0,6.0,23.0,190.0,4.0,24.0,330.0,4.0,0.0,0.0,385.0,79.0,12.0,10.0,108.0,17.0,421.0,7.0,242.0,92.0,1.0,5.0,289.0,0.0,18.0,0.0,0.0,2.0,162.0,36.0,6.0,13.0,20.0,0.0,37.0,65.0,2.0,1.0,54.0,26.0,256.0,265.0,3.0,7.0,13.0,0.0,0.0,16.0,172.0,0.0,14.0,9.0,2.0,28.0,30.0,21.0,7.0,0.0,7.0,36.0,6.0
15,25937737.0,66.0,8.0,4.0,37.0,8.0,73.0,295.0,191.0,6.0,87.0,38.0,0.0,12.0,102.0,0.0,6.0,17.0,22.0,152.0,2.0,39.0,171.0,8.0,2.0,175.0,158.0,8.0,43.0,0.0,13.0,32.0,33.0,18.0,48.0,124.0,3.0,247.0,8.0,7.0,0.0,29.0,70.0,90.0,21.0,22.0,9.0,11.0,4.0,36.0,14.0,0.0,5.0,0.0,0.0,0.0,84.0,12.0,19.0,7.0,36.0,5.0,1.0,78.0,2.0,118.0,1.0,25.0,21.0,158.0,5.0,0.0,13.0,94.0,53.0,14.0,10.0,7.0,76.0,28.0,2.0,0.0,2.0,21.0,5.0,13.0,3.0,18.0,61.0,1.0,67.0,459.0,3.0,54.0,0.0,17.0,6.0,0.0,57.0,12.0,0.0,1.0,4.0,444.0,84.0,0.0,33.0,0.0,0.0,1.0,28.0,90.0,0.0,1.0,0.0,95.0,0.0,0.0,0.0,11.0,14.0,6.0,0.0,1.0,0.0,1.0,0.0,15.0,0.0,4.0,0.0,13.0,0.0,0.0,11.0,0.0,3.0,0.0,0.0,9.0,46.0,3.0,10.0,98.0,1.0,7.0,0.0,9.0,109.0,0.0,0.0,2.0,0.0,13.0,0.0,0.0,0.0,1.0,10.0,2.0,0.0,0.0,0.0,4.0,46.0,0.0,0.0,0.0,10.0,1.0,2.0,0.0,1.0,1.0,0.0,0.0,5.0,0.0,0.0,14.0,2.0,9.0,21.0,2.0,15.0,2.0,0.0,3.0,5.0,2.0
16,30709612.0,0.0,0.0,6.0,25.0,4.0,12.0,17.0,18.0,19.0,3.0,69.0,0.0,126.0,4.0,6.0,0.0,222.0,1.0,230.0,14.0,0.0,19.0,4.0,28.0,11.0,54.0,3.0,11.0,1.0,5.0,3.0,1.0,144.0,14.0,24.0,12.0,24.0,3.0,1.0,0.0,32.0,2.0,4.0,0.0,19.0,2.0,1.0,0.0,7.0,17.0,0.0,0.0,0.0,4.0,0.0,15.0,78.0,8.0,1.0,15.0,7.0,2.0,6.0,0.0,1.0,1.0,4.0,8.0,164.0,6.0,0.0,16.0,284.0,1.0,0.0,197.0,2.0,29.0,40.0,1.0,1.0,0.0,41.0,54.0,0.0,0.0,43.0,9.0,1.0,9.0,6.0,17.0,3.0,0.0,0.0,0.0,0.0,8.0,4.0,0.0,1.0,3.0,11.0,14.0,0.0,0.0,0.0,0.0,0.0,1.0,0.0,1.0,1.0,1.0,13.0,0.0,0.0,0.0,5.0,1.0,103.0,0.0,2.0,1.0,1.0,0.0,2.0,0.0,4.0,0.0,22.0,1.0,2.0,1.0,5.0,0.0,0.0,0.0,4.0,0.0,0.0,4.0,8.0,2.0,3.0,10.0,3.0,9.0,0.0,11.0,3.0,0.0,2.0,0.0,23.0,0.0,0.0,2.0,69.0,0.0,0.0,0.0,7.0,48.0,0.0,0.0,0.0,0.0,0.0,1.0,0.0,0.0,3.0,0.0,0.0,1.0,0.0,0.0,0.0,1.0,0.0,7.0,1.0,3.0,1.0,0.0,0.0,1.0,3.0
17,32517594.0,4.0,1.0,1.0,222.0,46.0,27.0,91.0,115.0,49.0,3.0,61.0,1.0,547.0,10.0,17.0,222.0,0.0,14.0,300.0,5.0,21.0,74.0,26.0,60.0,16.0,137.0,3.0,14.0,0.0,12.0,16.0,17.0,144.0,20.0,111.0,13.0,62.0,6.0,1.0,0.0,115.0,9.0,5.0,6.0,26.0,4.0,2.0,2.0,3.0,71.0,0.0,0.0,0.0,2.0,1.0,74.0,232.0,8.0,1.0,71.0,23.0,1.0,13.0,0.0,11.0,0.0,11.0,26.0,314.0,0.0,0.0,265.0,1442.0,5.0,4.0,511.0,3.0,47.0,220.0,2.0,1.0,0.0,92.0,196.0,1.0,0.0,960.0,36.0,0.0,34.0,26.0,61.0,7.0,0.0,3.0,5.0,0.0,21.0,3.0,0.0,1.0,3.0,28.0,10.0,0.0,4.0,0.0,1.0,1.0,3.0,1.0,0.0,2.0,0.0,23.0,0.0,0.0,1.0,35.0,4.0,43.0,0.0,3.0,0.0,0.0,0.0,0.0,0.0,11.0,0.0,72.0,0.0,1.0,0.0,2.0,18.0,0.0,0.0,5.0,6.0,0.0,2.0,56.0,1.0,1.0,3.0,1.0,57.0,0.0,3.0,3.0,0.0,0.0,0.0,7.0,0.0,0.0,2.0,36.0,0.0,0.0,0.0,2.0,93.0,0.0,0.0,0.0,2.0,0.0,0.0,0.0,0.0,3.0,0.0,0.0,12.0,0.0,0.0,0.0,0.0,0.0,72.0,1.0,21.0,2.0,0.0,1.0,15.0,1.0
18,35617996.0,28.0,349.0,4.0,142.0,17.0,135.0,918.0,61.0,101.0,38.0,15.0,7.0,40.0,51.0,22.0,1.0,14.0,0.0,51.0,5.0,110.0,203.0,21.0,1.0,37.0,174.0,19.0,46.0,0.0,19.0,54.0,2.0,101.0,200.0,200.0,96.0,302.0,2.0,1.0,4.0,29.0,55.0,7.0,394.0,40.0,9.0,13.0,17.0,30.0,111.0,0.0,5.0,0.0,1.0,4.0,307.0,79.0,31.0,8.0,418.0,89.0,2.0,15.0,6.0,29.0,0.0,27.0,658.0,292.0,1.0,1.0,86.0,328.0,41.0,25.0,17.0,3.0,123.0,333.0,9.0,2.0,2.0,326.0,0.0,36.0,112.0,90.0,19.0,2.0,126.0,96.0,43.0,20.0,0.0,1.0,26.0,0.0,59.0,41.0,0.0,9.0,5.0,39.0,97.0,0.0,37.0,2.0,0.0,0.0,41.0,3.0,0.0,26.0,1.0,18.0,4.0,0.0,1.0,13.0,21.0,7.0,3.0,3.0,1.0,2.0,0.0,18.0,0.0,5.0,0.0,24.0,2.0,1.0,5.0,3.0,1.0,0.0,0.0,16.0,33.0,4.0,3.0,72.0,5.0,13.0,1.0,2.0,45.0,1.0,0.0,6.0,0.0,19.0,0.0,0.0,0.0,8.0,14.0,17.0,0.0,0.0,0.0,5.0,33.0,5.0,0.0,2.0,26.0,10.0,2.0,1.0,5.0,14.0,0.0,0.0,31.0,0.0,3.0,165.0,12.0,6.0,53.0,15.0,79.0,32.0,0.0,21.0,218.0,5.0
19,37593470.0,52.0,7.0,11.0,177.0,21.0,116.0,399.0,169.0,85.0,60.0,246.0,0.0,236.0,51.0,152.0,230.0,300.0,51.0,0.0,4.0,67.0,396.0,72.0,30.0,158.0,517.0,13.0,79.0,0.0,31.0,77.0,14.0,510.0,128.0,191.0,8.0,471.0,13.0,10.0,1.0,49.0,52.0,55.0,27.0,52.0,16.0,5.0,12.0,39.0,50.0,0.0,7.0,0.0,1.0,0.0,396.0,149.0,26.0,13.0,120.0,37.0,2.0,53.0,3.0,66.0,0.0,22.0,43.0,814.0,14.0,0.0,172.0,438.0,65.0,33.0,198.0,11.0,220.0,271.0,9.0,1.0,3.0,237.0,58.0,13.0,4.0,201.0,62.0,1.0,124.0,257.0,46.0,36.0,0.0,12.0,16.0,0.0,92.0,23.0,0.0,1.0,7.0,325.0,102.0,1.0,36.0,1.0,2.0,0.0,46.0,60.0,0.0,5.0,1.0,95.0,1.0,0.0,0.0,15.0,8.0,18.0,1.0,2.0,1.0,0.0,0.0,10.0,0.0,41.0,0.0,61.0,1.0,0.0,12.0,2.0,8.0,0.0,0.0,7.0,51.0,4.0,20.0,90.0,2.0,4.0,1.0,2.0,181.0,1.0,1.0,11.0,0.0,25.0,0.0,2.0,1.0,2.0,17.0,139.0,0.0,0.0,0.0,16.0,128.0,1.0,0.0,0.0,12.0,3.0,1.0,1.0,5.0,0.0,0.0,0.0,36.0,0.0,1.0,7.0,4.0,2.0,83.0,7.0,26.0,5.0,0.0,19.0,41.0,8.0
20,39953073.0,3.0,1.0,1.0,6.0,3.0,15.0,6.0,2.0,4.0,5.0,0.0,0.0,2.0,18.0,2.0,14.0,5.0,5.0,4.0,0.0,7.0,7.0,1.0,3.0,8.0,22.0,12.0,12.0,0.0,2.0,18.0,0.0,9.0,16.0,11.0,9.0,8.0,0.0,0.0,1.0,4.0,10.0,4.0,4.0,5.0,4.0,2.0,11.0,53.0,5.0,0.0,9.0,0.0,188.0,4.0,7.0,9.0,9.0,0.0,8.0,5.0,86.0,5.0,3.0,1.0,11.0,1.0,4.0,10.0,0.0,0.0,9.0,20.0,5.0,15.0,4.0,10.0,13.0,9.0,2.0,37.0,5.0,7.0,8.0,3.0,0.0,4.0,1.0,13.0,15.0,20.0,4.0,13.0,0.0,5.0,17.0,0.0,128.0,23.0,1.0,74.0,10.0,63.0,22.0,0.0,9.0,5.0,7.0,77.0,115.0,2.0,202.0,47.0,14.0,4.0,18.0,0.0,3.0,1.0,1.0,204.0,44.0,5.0,3.0,8.0,0.0,11.0,12.0,4.0,13.0,3.0,9.0,26.0,15.0,13.0,0.0,0.0,0.0,28.0,9.0,1.0,1.0,6.0,37.0,14.0,45.0,4.0,0.0,0.0,82.0,12.0,0.0,4.0,8.0,20.0,14.0,3.0,8.0,1.0,0.0,0.0,0.0,3.0,10.0,0.0,1.0,3.0,3.0,23.0,3.0,1.0,2.0,174.0,1.0,0.0,0.0,4.0,0.0,0.0,1.0,0.0,1.0,15.0,0.0,2.0,0.0,1.0,5.0,3.0
21,47066924.0,46.0,25.0,4.0,83.0,23.0,122.0,244.0,94.0,54.0,51.0,9.0,4.0,7.0,96.0,39.0,0.0,21.0,110.0,67.0,7.0,0.0,129.0,14.0,1.0,66.0,90.0,45.0,51.0,0.0,26.0,105.0,13.0,72.0,108.0,142.0,39.0,185.0,13.0,0.0,4.0,29.0,84.0,38.0,70.0,33.0,10.0,17.0,20.0,69.0,55.0,0.0,50.0,0.0,1.0,2.0,168.0,63.0,32.0,6.0,98.0,46.0,7.0,23.0,17.0,16.0,11.0,25.0,87.0,167.0,2.0,0.0,81.0,183.0,49.0,58.0,7.0,11.0,118.0,134.0,7.0,12.0,3.0,127.0,2.0,21.0,13.0,56.0,43.0,14.0,170.0,288.0,30.0,45.0,0.0,12.0,26.0,0.0,94.0,70.0,0.0,7.0,18.0,183.0,113.0,4.0,92.0,4.0,12.0,1.0,51.0,13.0,3.0,34.0,1.0,18.0,12.0,0.0,2.0,12.0,8.0,37.0,8.0,7.0,4.0,3.0,0.0,28.0,10.0,3.0,3.0,18.0,5.0,1.0,29.0,12.0,2.0,0.0,0.0,37.0,66.0,3.0,1.0,103.0,10.0,22.0,2.0,10.0,59.0,2.0,1.0,19.0,0.0,20.0,0.0,0.0,1.0,18.0,14.0,7.0,0.0,0.0,0.0,6.0,64.0,4.0,0.0,3.0,29.0,18.0,7.0,1.0,6.0,11.0,0.0,0.0,21.0,3.0,2.0,19.0,13.0,4.0,37.0,18.0,32.0,16.0,0.0,11.0,76.0,2.0
22,47107118.0,60.0,70.0,9.0,188.0,21.0,168.0,622.0,308.0,113.0,92.0,230.0,6.0,101.0,97.0,171.0,19.0,74.0,203.0,396.0,7.0,129.0,0.0,114.0,49.0,314.0,775.0,21.0,97.0,14.0,102.0,100.0,42.0,453.0,258.0,289.0,40.0,574.0,6.0,10.0,11.0,112.0,69.0,76.0,117.0,79.0,15.0,17.0,14.0,49.0,97.0,0.0,3.0,0.0,2.0,3.0,383.0,78.0,81.0,18.0,240.0,66.0,4.0,64.0,3.0,65.0,0.0,99.0,173.0,512.0,6.0,0.0,97.0,302.0,70.0,39.0,86.0,11.0,322.0,343.0,6.0,2.0,6.0,280.0,22.0,41.0,25.0,84.0,69.0,2.0,177.0,427.0,32.0,41.0,0.0,5.0,26.0,0.0,123.0,35.0,0.0,5.0,8.0,436.0,119.0,0.0,57.0,0.0,1.0,1.0,80.0,48.0,1.0,16.0,0.0,85.0,4.0,0.0,1.0,19.0,17.0,20.0,2.0,3.0,1.0,4.0,0.0,18.0,0.0,37.0,1.0,67.0,2.0,0.0,8.0,4.0,20.0,0.0,0.0,15.0,65.0,4.0,6.0,127.0,10.0,11.0,2.0,7.0,207.0,1.0,0.0,12.0,0.0,33.0,0.0,1.0,1.0,8.0,17.0,76.0,0.0,0.0,0.0,12.0,108.0,9.0,0.0,1.0,23.0,3.0,4.0,3.0,5.0,10.0,0.0,0.0,36.0,0.0,2.0,63.0,11.0,1.0,60.0,11.0,50.0,22.0,0.0,46.0,159.0,6.0
23,47870267.0,1.0,7.0,1.0,26.0,19.0,40.0,49.0,23.0,11.0,5.0,83.0,0.0,16.0,12.0,8.0,4.0,26.0,21.0,72.0,1.0,14.0,114.0,0.0,4.0,21.0,160.0,5.0,13.0,1.0,15.0,8.0,1.0,82.0,69.0,44.0,4.0,46.0,1.0,1.0,0.0,35.0,7.0,5.0,10.0,6.0,2.0,2.0,1.0,9.0,22.0,0.0,2.0,0.0,1.0,0.0,40.0,13.0,10.0,2.0,26.0,11.0,1.0,8.0,2.0,3.0,0.0,15.0,16.0,102.0,0.0,0.0,26.0,51.0,8.0,4.0,20.0,2.0,72.0,38.0,1.0,0.0,0.0,39.0,13.0,4.0,2.0,8.0,3.0,0.0,20.0,19.0,7.0,6.0,0.0,3.0,3.0,0.0,16.0,5.0,0.0,1.0,1.0,17.0,12.0,0.0,3.0,0.0,0.0,1.0,13.0,2.0,0.0,6.0,0.0,9.0,1.0,0.0,0.0,0.0,4.0,5.0,1.0,0.0,0.0,1.0,0.0,2.0,0.0,28.0,0.0,34.0,0.0,0.0,4.0,0.0,3.0,0.0,0.0,4.0,9.0,0.0,1.0,10.0,0.0,2.0,0.0,2.0,31.0,0.0,0.0,0.0,0.0,4.0,0.0,0.0,0.0,2.0,1.0,13.0,0.0,0.0,0.0,1.0,6.0,4.0,0.0,0.0,2.0,1.0,0.0,0.0,1.0,1.0,0.0,0.0,33.0,0.0,0.0,11.0,2.0,0.0,3.0,1.0,5.0,3.0,0.0,1.0,17.0,1.0
24,48376323.0,1.0,0.0,2.0,16.0,0.0,4.0,18.0,71.0,7.0,1.0,5.0,1.0,35.0,6.0,2.0,28.0,60.0,1.0,30.0,3.0,1.0,49.0,4.0,0.0,61.0,46.0,1.0,10.0,6.0,26.0,2.0,14.0,61.0,15.0,33.0,3.0,14.0,4.0,0.0,4.0,39.0,3.0,1.0,2.0,8.0,5.0,2.0,0.0,3.0,5.0,0.0,0.0,0.0,7.0,0.0,4.0,10.0,31.0,1.0,15.0,9.0,4.0,11.0,0.0,0.0,0.0,39.0,3.0,31.0,1.0,0.0,2.0,84.0,2.0,3.0,42.0,1.0,40.0,15.0,1.0,2.0,0.0,11.0,10.0,0.0,0.0,5.0,5.0,0.0,7.0,19.0,5.0,4.0,0.0,2.0,1.0,0.0,25.0,1.0,0.0,1.0,2.0,23.0,5.0,2.0,3.0,0.0,0.0,4.0,7.0,2.0,2.0,0.0,1.0,14.0,1.0,0.0,0.0,2.0,1.0,10.0,3.0,2.0,0.0,0.0,0.0,2.0,0.0,2.0,0.0,7.0,0.0,0.0,0.0,1.0,4.0,0.0,0.0,4.0,3.0,0.0,4.0,20.0,1.0,3.0,1.0,0.0,2.0,0.0,2.0,0.0,0.0,4.0,0.0,1.0,0.0,1.0,2.0,7.0,0.0,0.0,0.0,3.0,28.0,1.0,0.0,0.0,3.0,1.0,1.0,0.0,0.0,3.0,0.0,0.0,1.0,1.0,0.0,0.0,0.0,0.0,1.0,3.0,2.0,2.0,0.0,0.0,1.0,0.0
25,48495906.0,102.0,2.0,7.0,80.0,18.0,138.0,254.0,558.0,23.0,53.0,15.0,1.0,8.0,171.0,175.0,11.0,16.0,37.0,158.0,8.0,66.0,314.0,21.0,61.0,0.0,247.0,14.0,153.0,23.0,122.0,86.0,49.0,135.0,120.0,307.0,17.0,280.0,26.0,5.0,8.0,176.0,189.0,156.0,17.0,38.0,4.0,8.0,12.0,57.0,26.0,0.0,15.0,4.0,0.0,5.0,105.0,49.0,109.0,15.0,97.0,27.0,2.0,66.0,6.0,39.0,0.0,138.0,39.0,245.0,4.0,0.0,60.0,262.0,100.0,30.0,16.0,36.0,236.0,89.0,7.0,5.0,3.0,44.0,7.0,22.0,4.0,53.0,113.0,5.0,136.0,303.0,14.0,99.0,0.0,60.0,18.0,0.0,119.0,39.0,0.0,9.0,22.0,525.0,275.0,4.0,57.0,6.0,5.0,0.0,45.0,167.0,1.0,11.0,0.0,182.0,6.0,0.0,6.0,22.0,11.0,6.0,7.0,3.0,6.0,11.0,0.0,38.0,6.0,6.0,1.0,23.0,9.0,0.0,15.0,12.0,10.0,0.0,0.0,31.0,78.0,14.0,6.0,166.0,4.0,27.0,0.0,23.0,126.0,1.0,1.0,19.0,0.0,25.0,0.0,1.0,2.0,9.0,56.0,6.0,1.0,1.0,0.0,8.0,77.0,4.0,0.0,4.0,33.0,14.0,21.0,2.0,8.0,8.0,0.0,0.0,16.0,5.0,0.0,8.0,8.0,3.0,45.0,8.0,25.0,6.0,0.0,12.0,24.0,2.0
26,48680856.0,34.0,58.0,11.0,194.0,12.0,152.0,467.0,310.0,99.0,109.0,282.0,1.0,171.0,112.0,158.0,54.0,137.0,174.0,517.0,22.0,90.0,775.0,160.0,46.0,247.0,0.0,28.0,131.0,18.0,112.0,60.0,20.0,543.0,400.0,304.0,27.0,528.0,10.0,12.0,7.0,257.0,83.0,55.0,77.0,63.0,13.0,13.0,19.0,64.0,67.0,0.0,12.0,1.0,12.0,2.0,310.0,94.0,100.0,29.0,241.0,70.0,14.0,115.0,6.0,52.0,0.0,98.0,130.0,573.0,10.0,0.0,115.0,416.0,73.0,40.0,105.0,16.0,322.0,230.0,9.0,6.0,2.0,278.0,43.0,31.0,14.0,50.0,42.0,5.0,152.0,292.0,21.0,42.0,0.0,8.0,10.0,0.0,119.0,42.0,0.0,16.0,18.0,380.0,120.0,0.0,49.0,3.0,2.0,9.0,101.0,39.0,6.0,25.0,5.0,74.0,8.0,0.0,3.0,13.0,6.0,19.0,5.0,2.0,1.0,3.0,0.0,22.0,5.0,73.0,3.0,57.0,2.0,2.0,10.0,9.0,12.0,0.0,0.0,20.0,56.0,6.0,5.0,99.0,10.0,20.0,7.0,8.0,115.0,1.0,4.0,15.0,0.0,33.0,0.0,2.0,7.0,8.0,17.0,109.0,0.0,0.0,0.0,18.0,105.0,8.0,0.0,2.0,18.0,15.0,8.0,1.0,9.0,12.0,0.0,0.0,34.0,1.0,1.0,50.0,8.0,4.0,32.0,11.0,42.0,19.0,0.0,34.0,128.0,6.0
27,48700450.0,84.0,5.0,5.0,18.0,5.0,37.0,37.0,11.0,10.0,17.0,6.0,0.0,1.0,45.0,8.0,3.0,3.0,19.0,13.0,12.0,45.0,21.0,5.0,1.0,14.0,28.0,0.0,21.0,0.0,6.0,75.0,0.0,18.0,33.0,33.0,7.0,29.0,1.0,2.0,1.0,5.0,36.0,11.0,14.0,9.0,7.0,5.0,30.0,153.0,16.0,0.0,32.0,0.0,3.0,1.0,33.0,15.0,12.0,7.0,19.0,19.0,18.0,9.0,6.0,7.0,18.0,6.0,17.0,29.0,1.0,0.0,27.0,33.0,19.0,26.0,4.0,5.0,32.0,27.0,6.0,50.0,0.0,25.0,5.0,9.0,2.0,10.0,9.0,17.0,50.0,73.0,10.0,29.0,0.0,8.0,6.0,0.0,43.0,44.0,0.0,9.0,9.0,180.0,42.0,1.0,78.0,4.0,4.0,3.0,25.0,2.0,6.0,22.0,1.0,5.0,2.0,0.0,1.0,2.0,3.0,86.0,9.0,3.0,1.0,3.0,0.0,18.0,8.0,3.0,65.0,11.0,5.0,2.0,13.0,6.0,0.0,2.0,0.0,26.0,54.0,4.0,1.0,17.0,55.0,26.0,10.0,5.0,5.0,0.0,5.0,14.0,0.0,12.0,0.0,7.0,1.0,7.0,9.0,2.0,0.0,0.0,0.0,7.0,14.0,2.0,0.0,0.0,8.0,9.0,3.0,0.0,8.0,18.0,0.0,0.0,7.0,4.0,0.0,2.0,8.0,1.0,5.0,17.0,3.0,3.0,0.0,4.0,22.0,3.0
28,48959778.0,17.0,8.0,10.0,60.0,17.0,99.0,107.0,81.0,31.0,43.0,6.0,3.0,10.0,71.0,43.0,11.0,14.0,46.0,79.0,12.0,51.0,97.0,13.0,10.0,153.0,131.0,21.0,0.0,3.0,30.0,57.0,4.0,72.0,113.0,157.0,30.0,123.0,6.0,12.0,2.0,73.0,75.0,55.0,36.0,34.0,12.0,14.0,17.0,27.0,40.0,0.0,5.0,1.0,1.0,1.0,70.0,51.0,50.0,14.0,80.0,42.0,4.0,38.0,6.0,24.0,0.0,37.0,44.0,136.0,10.0,0.0,65.0,178.0,65.0,31.0,12.0,21.0,151.0,73.0,8.0,3.0,1.0,77.0,10.0,24.0,3.0,32.0,33.0,1.0,85.0,82.0,22.0,45.0,0.0,19.0,16.0,0.0,54.0,37.0,0.0,9.0,15.0,159.0,140.0,0.0,39.0,2.0,4.0,1.0,48.0,40.0,1.0,20.0,0.0,72.0,4.0,0.0,1.0,14.0,9.0,7.0,3.0,3.0,2.0,3.0,0.0,23.0,1.0,17.0,1.0,31.0,3.0,1.0,7.0,5.0,8.0,0.0,0.0,14.0,53.0,9.0,2.0,53.0,5.0,16.0,0.0,10.0,30.0,1.0,1.0,9.0,0.0,22.0,1.0,1.0,2.0,9.0,38.0,12.0,0.0,0.0,0.0,9.0,58.0,3.0,0.0,2.0,18.0,10.0,5.0,1.0,11.0,8.0,0.0,0.0,21.0,2.0,0.0,10.0,11.0,3.0,33.0,8.0,13.0,10.0,0.0,12.0,39.0,7.0
29,48983320.0,0.0,0.0,0.0,2.0,0.0,0.0,0.0,26.0,0.0,0.0,0.0,0.0,0.0,3.0,0.0,1.0,0.0,0.0,0.0,0.0,0.0,14.0,1.0,6.0,23.0,18.0,0.0,3.0,0.0,30.0,0.0,0.0,15.0,4.0,14.0,0.0,1.0,0.0,0.0,1.0,11.0,0.0,0.0,0.0,0.0,0.0,0.0,0.0,0.0,0.0,0.0,0.0,0.0,0.0,0.0,0.0,0.0,5.0,0.0,1.0,0.0,0.0,2.0,0.0,0.0,0.0,15.0,0.0,2.0,0.0,0.0,0.0,11.0,1.0,0.0,0.0,0.0,8.0,0.0,0.0,0.0,0.0,0.0,3.0,0.0,0.0,0.0,1.0,0.0,0.0,0.0,0.0,0.0,0.0,0.0,0.0,0.0,4.0,0.0,0.0,0.0,0.0,6.0,0.0,0.0,0.0,0.0,0.0,0.0,1.0,1.0,0.0,0.0,0.0,1.0,0.0,0.0,0.0,0.0,0.0,0.0,0.0,0.0,0.0,0.0,0.0,0.0,0.0,0.0,0.0,1.0,0.0,0.0,0.0,0.0,2.0,0.0,0.0,0.0,0.0,0.0,0.0,3.0,0.0,0.0,0.0,0.0,1.0,0.0,0.0,0.0,0.0,0.0,0.0,0.0,0.0,0.0,0.0,0.0,0.0,0.0,0.0,0.0,0.0,1.0,0.0,0.0,0.0,0.0,0.0,0.0,0.0,0.0,0.0,0.0,0.0,0.0,0.0,0.0,0.0,0.0,3.0,0.0,0.0,0.0,0.0,0.0,0.0,0.0
30,49472202.0,6.0,0.0,3.0,37.0,15.0,35.0,66.0,170.0,14.0,15.0,2.0,1.0,3.0,24.0,13.0,5.0,12.0,19.0,31.0,2.0,26.0,102.0,15.0,26.0,122.0,112.0,6.0,30.0,30.0,0.0,26.0,13.0,58.0,69.0,82.0,10.0,41.0,4.0,1.0,2.0,53.0,14.0,15.0,17.0,13.0,4.0,6.0,4.0,8.0,14.0,0.0,4.0,0.0,0.0,0.0,37.0,34.0,39.0,4.0,30.0,12.0,1.0,16.0,3.0,13.0,0.0,70.0,18.0,44.0,1.0,0.0,40.0,96.0,20.0,11.0,5.0,0.0,57.0,52.0,3.0,0.0,0.0,35.0,4.0,6.0,0.0,44.0,20.0,0.0,41.0,34.0,14.0,12.0,0.0,1.0,14.0,0.0,16.0,8.0,0.0,1.0,6.0,79.0,25.0,0.0,14.0,0.0,0.0,0.0,15.0,7.0,0.0,8.0,0.0,15.0,2.0,0.0,1.0,8.0,3.0,3.0,3.0,2.0,0.0,1.0,0.0,8.0,0.0,4.0,0.0,10.0,1.0,0.0,3.0,2.0,6.0,0.0,0.0,9.0,17.0,2.0,1.0,27.0,2.0,8.0,0.0,4.0,25.0,0.0,0.0,2.0,0.0,9.0,0.0,0.0,0.0,6.0,9.0,1.0,0.0,0.0,0.0,3.0,22.0,6.0,0.0,1.0,8.0,2.0,2.0,0.0,2.0,4.0,0.0,0.0,15.0,0.0,0.0,2.0,7.0,0.0,32.0,4.0,4.0,1.0,0.0,4.0,21.0,1.0
31,49923648.0,88.0,7.0,7.0,61.0,28.0,133.0,170.0,65.0,37.0,36.0,7.0,4.0,3.0,63.0,32.0,3.0,16.0,54.0,77.0,18.0,105.0,100.0,8.0,2.0,86.0,60.0,75.0,57.0,0.0,26.0,0.0,7.0,45.0,86.0,120.0,42.0,132.0,8.0,2.0,1.0,19.0,101.0,34.0,34.0,26.0,13.0,10.0,29.0,146.0,53.0,0.0,32.0,1.0,1.0,10.0,150.0,75.0,26.0,9.0,68.0,38.0,23.0,19.0,6.0,30.0,11.0,19.0,52.0,132.0,1.0,0.0,71.0,163.0,42.0,41.0,6.0,21.0,87.0,157.0,8.0,37.0,12.0,94.0,4.0,16.0,7.0,79.0,30.0,17.0,141.0,124.0,49.0,96.0,0.0,49.0,46.0,0.0,95.0,73.0,0.0,13.0,10.0,255.0,144.0,1.0,114.0,5.0,7.0,2.0,46.0,48.0,9.0,34.0,2.0,52.0,11.0,0.0,5.0,13.0,13.0,60.0,13.0,19.0,1.0,5.0,0.0,21.0,2.0,3.0,36.0,23.0,3.0,4.0,28.0,3.0,3.0,2.0,0.0,31.0,77.0,7.0,1.0,70.0,53.0,20.0,5.0,7.0,69.0,0.0,3.0,19.0,0.0,16.0,1.0,2.0,1.0,13.0,20.0,6.0,0.0,0.0,0.0,3.0,51.0,3.0,1.0,1.0,22.0,17.0,3.0,0.0,3.0,24.0,0.0,0.0,28.0,2.0,1.0,9.0,13.0,2.0,38.0,21.0,21.0,11.0,0.0,16.0,70.0,2.0
32,49986620.0,20.0,0.0,7.0,20.0,4.0,36.0,54.0,109.0,10.0,6.0,2.0,1.0,9.0,27.0,33.0,1.0,17.0,2.0,14.0,0.0,13.0,42.0,1.0,14.0,49.0,20.0,0.0,4.0,0.0,13.0,7.0,0.0,14.0,6.0,22.0,2.0,38.0,11.0,3.0,2.0,19.0,16.0,29.0,1.0,15.0,1.0,0.0,1.0,2.0,3.0,0.0,2.0,1.0,0.0,0.0,22.0,3.0,21.0,2.0,6.0,6.0,0.0,10.0,0.0,6.0,0.0,14.0,4.0,23.0,1.0,0.0,10.0,61.0,11.0,7.0,2.0,0.0,23.0,9.0,0.0,2.0,0.0,5.0,5.0,7.0,0.0,7.0,34.0,2.0,17.0,31.0,3.0,6.0,0.0,0.0,0.0,0.0,25.0,3.0,0.0,2.0,4.0,77.0,14.0,0.0,9.0,1.0,0.0,0.0,5.0,11.0,0.0,1.0,0.0,9.0,2.0,0.0,2.0,10.0,1.0,0.0,0.0,0.0,3.0,2.0,0.0,10.0,2.0,0.0,0.0,16.0,2.0,0.0,0.0,4.0,0.0,0.0,0.0,3.0,4.0,3.0,4.0,45.0,0.0,4.0,0.0,5.0,15.0,0.0,0.0,5.0,0.0,3.0,0.0,0.0,0.0,4.0,6.0,10.0,0.0,0.0,0.0,3.0,32.0,0.0,0.0,0.0,2.0,5.0,6.0,0.0,1.0,1.0,0.0,0.0,1.0,1.0,0.0,0.0,1.0,0.0,25.0,1.0,0.0,0.0,0.0,1.0,1.0,1.0
33,50064327.0,8.0,28.0,13.0,154.0,17.0,95.0,258.0,182.0,132.0,23.0,343.0,0.0,443.0,42.0,18.0,144.0,144.0,101.0,510.0,9.0,72.0,453.0,82.0,61.0,135.0,543.0,18.0,72.0,15.0,58.0,45.0,14.0,0.0,201.0,179.0,31.0,323.0,2.0,3.0,9.0,145.0,47.0,9.0,60.0,58.0,11.0,13.0,15.0,29.0,38.0,0.0,3.0,0.0,6.0,2.0,275.0,74.0,95.0,8.0,248.0,78.0,7.0,28.0,3.0,17.0,0.0,64.0,79.0,387.0,5.0,1.0,87.0,302.0,43.0,36.0,102.0,3.0,223.0,183.0,6.0,3.0,1.0,340.0,28.0,19.0,11.0,46.0,16.0,1.0,89.0,110.0,42.0,18.0,0.0,3.0,9.0,0.0,105.0,31.0,0.0,12.0,7.0,87.0,89.0,0.0,34.0,0.0,2.0,7.0,49.0,6.0,1.0,15.0,1.0,21.0,2.0,0.0,1.0,10.0,4.0,14.0,3.0,1.0,2.0,2.0,0.0,16.0,0.0,31.0,2.0,46.0,1.0,0.0,6.0,3.0,10.0,0.0,0.0,12.0,28.0,9.0,8.0,82.0,5.0,10.0,0.0,5.0,57.0,0.0,1.0,8.0,0.0,33.0,1.0,2.0,3.0,4.0,20.0,179.0,0.0,0.0,0.0,4.0,100.0,3.0,0.0,0.0,20.0,4.0,3.0,0.0,13.0,14.0,0.0,0.0,27.0,0.0,0.0,13.0,12.0,3.0,23.0,13.0,19.0,9.0,0.0,22.0,108.0,12.0
34,50552213.0,21.0,42.0,6.0,108.0,17.0,145.0,572.0,107.0,96.0,65.0,63.0,1.0,28.0,99.0,48.0,14.0,20.0,200.0,128.0,16.0,108.0,258.0,69.0,15.0,120.0,400.0,33.0,113.0,4.0,69.0,86.0,6.0,201.0,0.0,241.0,45.0,447.0,5.0,3.0,7.0,114.0,92.0,29.0,107.0,33.0,13.0,12.0,27.0,66.0,64.0,0.0,9.0,0.0,4.0,2.0,257.0,77.0,74.0,17.0,191.0,61.0,9.0,33.0,9.0,31.0,1.0,66.0,124.0,262.0,2.0,0.0,109.0,354.0,58.0,39.0,7.0,14.0,245.0,228.0,9.0,11.0,3.0,245.0,4.0,20.0,24.0,82.0,24.0,5.0,135.0,139.0,32.0,44.0,0.0,13.0,23.0,0.0,111.0,52.0,0.0,13.0,13.0,131.0,182.0,0.0,52.0,2.0,4.0,7.0,77.0,15.0,6.0,31.0,1.0,42.0,5.0,0.0,2.0,6.0,8.0,21.0,6.0,2.0,1.0,2.0,0.0,30.0,0.0,196.0,8.0,27.0,2.0,1.0,11.0,6.0,6.0,0.0,0.0,18.0,62.0,9.0,2.0,85.0,13.0,16.0,2.0,11.0,88.0,1.0,1.0,5.0,0.0,26.0,0.0,2.0,3.0,4.0,23.0,23.0,0.0,0.0,0.0,9.0,61.0,7.0,0.0,0.0,29.0,10.0,6.0,2.0,11.0,20.0,0.0,0.0,40.0,2.0,4.0,40.0,18.0,5.0,37.0,16.0,48.0,30.0,0.0,14.0,163.0,7.0
35,50645038.0,65.0,39.0,20.0,192.0,48.0,289.0,548.0,392.0,65.0,100.0,45.0,7.0,29.0,204.0,124.0,24.0,111.0,200.0,191.0,11.0,142.0,289.0,44.0,33.0,307.0,304.0,33.0,157.0,14.0,82.0,120.0,22.0,179.0,241.0,0.0,78.0,330.0,19.0,7.0,11.0,248.0,144.0,74.0,105.0,86.0,19.0,22.0,21.0,70.0,156.0,0.0,21.0,4.0,0.0,4.0,406.0,153.0,115.0,25.0,263.0,127.0,4.0,62.0,11.0,72.0,2.0,210.0,162.0,514.0,6.0,0.0,184.0,661.0,130.0,52.0,33.0,16.0,362.0,333.0,11.0,12.0,3.0,242.0,114.0,35.0,16.0,130.0,98.0,8.0,263.0,214.0,49.0,56.0,0.0,13.0,41.0,0.0,154.0,58.0,0.0,15.0,23.0,319.0,202.0,9.0,85.0,8.0,1.0,1.0,78.0,48.0,1.0,24.0,1.0,65.0,11.0,0.0,5.0,38.0,23.0,13.0,4.0,4.0,11.0,12.0,0.0,53.0,5.0,22.0,6.0,61.0,7.0,1.0,10.0,15.0,80.0,1.0,0.0,41.0,77.0,19.0,10.0,153.0,11.0,42.0,4.0,26.0,162.0,1.0,1.0,33.0,0.0,32.0,0.0,2.0,2.0,19.0,40.0,19.0,1.0,2.0,0.0,18.0,167.0,4.0,0.0,4.0,31.0,24.0,23.0,2.0,12.0,12.0,0.0,0.0,48.0,9.0,1.0,56.0,15.0,9.0,113.0,17.0,105.0,44.0,0.0,34.0,120.0,11.0
36,51820950.0,13.0,5.0,2.0,49.0,22.0,84.0,119.0,50.0,47.0,8.0,0.0,12.0,10.0,15.0,3.0,12.0,13.0,96.0,8.0,9.0,39.0,40.0,4.0,3.0,17.0,27.0,7.0,30.0,0.0,10.0,42.0,2.0,31.0,45.0,78.0,0.0,52.0,0.0,1.0,2.0,16.0,27.0,5.0,38.0,18.0,2.0,9.0,10.0,12.0,56.0,0.0,2.0,1.0,0.0,2.0,100.0,49.0,26.0,5.0,85.0,37.0,3.0,20.0,4.0,12.0,0.0,9.0,64.0,139.0,1.0,0.0,37.0,138.0,20.0,9.0,8.0,3.0,50.0,143.0,3.0,2.0,8.0,89.0,0.0,9.0,3.0,32.0,12.0,1.0,62.0,16.0,39.0,15.0,0.0,3.0,24.0,0.0,21.0,23.0,0.0,11.0,5.0,22.0,53.0,0.0,16.0,1.0,1.0,1.0,20.0,1.0,1.0,18.0,1.0,6.0,3.0,0.0,1.0,14.0,17.0,8.0,2.0,2.0,3.0,2.0,0.0,10.0,1.0,2.0,1.0,14.0,2.0,2.0,6.0,2.0,0.0,0.0,0.0,13.0,21.0,3.0,2.0,29.0,7.0,11.0,0.0,4.0,15.0,0.0,0.0,6.0,0.0,10.0,0.0,0.0,2.0,4.0,14.0,6.0,1.0,0.0,0.0,6.0,29.0,0.0,1.0,4.0,13.0,7.0,2.0,0.0,3.0,15.0,0.0,0.0,14.0,2.0,1.0,4.0,6.0,2.0,22.0,7.0,9.0,5.0,0.0,3.0,68.0,2.0
37,52763281.0,165.0,58.0,12.0,246.0,21.0,235.0,1187.0,405.0,160.0,111.0,132.0,2.0,131.0,200.0,247.0,24.0,62.0,302.0,471.0,8.0,185.0,574.0,46.0,14.0,280.0,528.0,29.0,123.0,1.0,41.0,132.0,38.0,323.0,447.0,330.0,52.0,0.0,35.0,10.0,10.0,65.0,165.0,99.0,157.0,89.0,19.0,15.0,35.0,103.0,78.0,0.0,20.0,3.0,1.0,4.0,550.0,102.0,68.0,24.0,341.0,81.0,5.0,68.0,13.0,81.0,2.0,62.0,207.0,584.0,5.0,0.0,145.0,387.0,152.0,69.0,37.0,21.0,346.0,290.0,9.0,15.0,7.0,358.0,4.0,49.0,33.0,107.0,144.0,8.0,244.0,572.0,39.0,90.0,0.0,23.0,37.0,0.0,212.0,75.0,0.0,13.0,22.0,573.0,291.0,4.0,104.0,4.0,2.0,1.0,89.0,120.0,1.0,22.0,2.0,122.0,11.0,0.0,4.0,17.0,33.0,16.0,11.0,8.0,5.0,6.0,0.0,44.0,4.0,16.0,1.0,49.0,5.0,2.0,17.0,11.0,5.0,0.0,0.0,34.0,108.0,6.0,9.0,260.0,12.0,28.0,0.0,19.0,202.0,1.0,2.0,20.0,0.0,48.0,0.0,1.0,2.0,9.0,43.0,41.0,0.0,0.0,0.0,12.0,115.0,6.0,0.0,4.0,56.0,18.0,16.0,1.0,11.0,18.0,0.0,0.0,41.0,2.0,3.0,52.0,17.0,6.0,47.0,21.0,74.0,32.0,0.0,60.0,209.0,6.0
38,56920617.0,22.0,0.0,4.0,4.0,3.0,61.0,23.0,71.0,2.0,3.0,1.0,0.0,4.0,31.0,8.0,3.0,6.0,2.0,13.0,0.0,13.0,6.0,1.0,4.0,26.0,10.0,1.0,6.0,0.0,4.0,8.0,11.0,2.0,5.0,19.0,0.0,35.0,0.0,3.0,0.0,15.0,18.0,47.0,0.0,15.0,4.0,0.0,3.0,5.0,2.0,0.0,3.0,0.0,0.0,1.0,5.0,4.0,4.0,2.0,12.0,4.0,0.0,5.0,4.0,3.0,0.0,2.0,3.0,17.0,2.0,0.0,20.0,47.0,22.0,4.0,1.0,2.0,31.0,3.0,0.0,0.0,0.0,5.0,3.0,4.0,0.0,2.0,46.0,0.0,28.0,33.0,0.0,6.0,0.0,4.0,1.0,0.0,31.0,8.0,0.0,3.0,2.0,96.0,22.0,0.0,9.0,0.0,2.0,1.0,8.0,11.0,0.0,1.0,0.0,7.0,0.0,0.0,0.0,7.0,1.0,1.0,1.0,0.0,1.0,0.0,0.0,6.0,0.0,0.0,1.0,8.0,0.0,0.0,6.0,1.0,2.0,0.0,0.0,4.0,9.0,1.0,4.0,21.0,0.0,2.0,0.0,1.0,19.0,0.0,0.0,2.0,0.0,0.0,0.0,0.0,0.0,1.0,4.0,7.0,0.0,0.0,0.0,7.0,37.0,0.0,0.0,0.0,0.0,3.0,5.0,0.0,0.0,2.0,0.0,0.0,1.0,0.0,0.0,0.0,0.0,0.0,3.0,1.0,0.0,1.0,0.0,0.0,1.0,0.0
39,57072321.0,2.0,0.0,10.0,5.0,0.0,8.0,6.0,6.0,2.0,5.0,1.0,0.0,1.0,3.0,7.0,1.0,1.0,1.0,10.0,0.0,0.0,10.0,1.0,0.0,5.0,12.0,2.0,12.0,0.0,1.0,2.0,3.0,3.0,3.0,7.0,1.0,10.0,3.0,0.0,0.0,0.0,6.0,2.0,1.0,24.0,16.0,0.0,3.0,2.0,2.0,0.0,1.0,0.0,0.0,0.0,3.0,1.0,3.0,2.0,4.0,3.0,0.0,8.0,0.0,3.0,0.0,1.0,1.0,11.0,24.0,0.0,14.0,7.0,6.0,4.0,0.0,0.0,11.0,4.0,1.0,0.0,0.0,4.0,2.0,3.0,0.0,3.0,6.0,1.0,8.0,8.0,1.0,4.0,0.0,1.0,1.0,0.0,5.0,2.0,0.0,0.0,0.0,34.0,7.0,1.0,5.0,0.0,0.0,0.0,4.0,4.0,0.0,1.0,0.0,2.0,0.0,0.0,0.0,0.0,0.0,0.0,0.0,0.0,0.0,0.0,0.0,1.0,0.0,0.0,0.0,5.0,1.0,0.0,1.0,1.0,0.0,0.0,0.0,3.0,6.0,1.0,19.0,3.0,1.0,0.0,0.0,1.0,4.0,0.0,0.0,4.0,0.0,3.0,0.0,0.0,0.0,0.0,1.0,2.0,0.0,0.0,0.0,21.0,40.0,0.0,0.0,0.0,1.0,1.0,0.0,0.0,3.0,0.0,0.0,0.0,1.0,0.0,0.0,0.0,0.0,0.0,2.0,0.0,1.0,0.0,0.0,2.0,1.0,3.0
40,57246401.0,0.0,3.0,1.0,4.0,0.0,4.0,5.0,11.0,2.0,1.0,1.0,1.0,0.0,4.0,0.0,0.0,0.0,4.0,1.0,1.0,4.0,11.0,0.0,4.0,8.0,7.0,1.0,2.0,1.0,2.0,1.0,2.0,9.0,7.0,11.0,2.0,10.0,0.0,0.0,0.0,7.0,3.0,0.0,3.0,2.0,1.0,0.0,1.0,1.0,3.0,0.0,1.0,0.0,0.0,0.0,2.0,1.0,8.0,0.0,5.0,3.0,0.0,2.0,0.0,1.0,0.0,8.0,2.0,4.0,0.0,0.0,1.0,6.0,2.0,0.0,1.0,0.0,8.0,4.0,1.0,0.0,0.0,4.0,0.0,1.0,0.0,0.0,0.0,0.0,4.0,4.0,0.0,0.0,0.0,0.0,0.0,0.0,5.0,3.0,0.0,1.0,0.0,4.0,3.0,0.0,0.0,0.0,0.0,0.0,2.0,2.0,0.0,2.0,0.0,0.0,0.0,0.0,0.0,1.0,1.0,0.0,0.0,0.0,1.0,0.0,0.0,1.0,0.0,0.0,0.0,2.0,0.0,0.0,0.0,1.0,1.0,0.0,0.0,0.0,2.0,1.0,0.0,6.0,0.0,1.0,0.0,0.0,0.0,0.0,0.0,1.0,0.0,2.0,0.0,0.0,0.0,1.0,2.0,0.0,0.0,0.0,0.0,0.0,5.0,0.0,0.0,0.0,1.0,0.0,0.0,0.0,1.0,0.0,0.0,0.0,0.0,0.0,0.0,3.0,0.0,0.0,2.0,1.0,1.0,2.0,0.0,0.0,2.0,1.0
41,59587240.0,10.0,3.0,9.0,46.0,24.0,97.0,199.0,245.0,24.0,10.0,17.0,1.0,42.0,118.0,29.0,32.0,115.0,29.0,49.0,4.0,29.0,112.0,35.0,39.0,176.0,257.0,5.0,73.0,11.0,53.0,19.0,19.0,145.0,114.0,248.0,16.0,65.0,15.0,0.0,7.0,0.0,104.0,27.0,41.0,38.0,5.0,7.0,4.0,12.0,20.0,0.0,6.0,1.0,2.0,1.0,49.0,56.0,78.0,8.0,88.0,28.0,1.0,45.0,2.0,12.0,0.0,72.0,44.0,157.0,2.0,0.0,48.0,845.0,28.0,9.0,29.0,10.0,133.0,56.0,4.0,1.0,0.0,64.0,45.0,6.0,1.0,40.0,53.0,2.0,88.0,50.0,6.0,18.0,0.0,5.0,4.0,0.0,50.0,8.0,0.0,6.0,20.0,75.0,55.0,3.0,12.0,2.0,1.0,2.0,27.0,8.0,2.0,10.0,0.0,34.0,2.0,0.0,0.0,17.0,6.0,4.0,3.0,1.0,3.0,3.0,0.0,25.0,0.0,18.0,0.0,30.0,4.0,1.0,2.0,10.0,7.0,0.0,0.0,19.0,16.0,6.0,0.0,76.0,1.0,28.0,0.0,14.0,35.0,1.0,1.0,8.0,0.0,7.0,0.0,2.0,0.0,4.0,16.0,13.0,0.0,0.0,0.0,9.0,65.0,2.0,0.0,0.0,7.0,11.0,15.0,3.0,2.0,1.0,0.0,0.0,6.0,4.0,0.0,6.0,2.0,1.0,52.0,2.0,34.0,18.0,0.0,3.0,25.0,2.0
42,60568628.0,71.0,5.0,7.0,39.0,10.0,116.0,164.0,150.0,21.0,38.0,5.0,0.0,6.0,152.0,70.0,2.0,9.0,55.0,52.0,10.0,84.0,69.0,7.0,3.0,189.0,83.0,36.0,75.0,0.0,14.0,101.0,16.0,47.0,92.0,144.0,27.0,165.0,18.0,6.0,3.0,104.0,0.0,58.0,30.0,22.0,16.0,8.0,30.0,116.0,30.0,0.0,54.0,2.0,0.0,10.0,85.0,36.0,61.0,13.0,74.0,31.0,6.0,31.0,10.0,25.0,2.0,26.0,57.0,127.0,5.0,1.0,62.0,214.0,70.0,42.0,2.0,41.0,111.0,67.0,7.0,17.0,5.0,69.0,3.0,13.0,5.0,20.0,48.0,22.0,132.0,176.0,13.0,103.0,0.0,64.0,20.0,0.0,84.0,73.0,0.0,14.0,30.0,351.0,233.0,4.0,88.0,13.0,13.0,1.0,44.0,110.0,3.0,26.0,0.0,77.0,11.0,0.0,5.0,15.0,17.0,28.0,10.0,6.0,4.0,10.0,0.0,48.0,6.0,1.0,7.0,16.0,6.0,0.0,24.0,12.0,2.0,0.0,0.0,34.0,83.0,5.0,5.0,135.0,11.0,51.0,0.0,21.0,26.0,1.0,1.0,23.0,1.0,23.0,0.0,1.0,2.0,8.0,42.0,3.0,1.0,0.0,0.0,10.0,45.0,1.0,0.0,3.0,28.0,28.0,14.0,1.0,7.0,11.0,0.0,0.0,12.0,11.0,0.0,8.0,13.0,2.0,17.0,26.0,20.0,10.0,0.0,8.0,38.0,4.0
