,0,1,2,3,4,5,6,7,8,9,10,11,12,13,14,15,16,17,18,19,20,21,22,23,24,25,26,27,28,29,30,31,32,33,34,35,36,37,38,39,40,41,42,43,44,45,46,47,48,49,50,51,52,53,54,55,56,57,58,59,60,61,62,63,64,65,66,67,68,69,70,71,72,73,74,75,76,77,78,79,80,81,82,83,84,85,86,87,88,89,90,91,92,93,94,95
0,-1.0,14844272.0,15270176.0,16066982.0,16542687.0,16871096.0,18787073.0,19042030.0,20791292.0,20801977.0,23412516.0,24655962.0,25512074.0,29407850.0,31180024.0,33874201.0,37263014.0,43789332.0,44299861.0,45510215.0,48959778.0,49416159.0,49566762.0,49907570.0,50552213.0,53400136.0,55312746.0,59587240.0,66142460.0,67968069.0,74446328.0,80791048.0,98724873.0,98730352.0,101824385.0,105817486.0,111950228.0,117132579.0,121981131.0,124578114.0,146383105.0,157669973.0,168497805.0,192477353.0,210824047.0,211993075.0,212950064.0,214692441.0,215728577.0,223394024.0,232333839.0,232823702.0,236837404.0,237519969.0,244326533.0,245650642.0,252289482.0,253087503.0,260724365.0,261885661.0,265509222.0,266652338.0,266725461.0,267605023.0,267822363.0,268139655.0,269680826.0,271129460.0,274982664.0,275942684.0,276991521.0,285310298.0,294523668.0,295086635.0,301062162.0,301387285.0,303877284.0,305570199.0,314182036.0,316728267.0,317262357.0,321335111.0,321539119.0,365672609.0,371913770.0,383876429.0,394098186.0,402892880.0,409731314.0,409763432.0,414729957.0,415343898.0,418992848.0,425842620.0,430530678.0,446440458.0
1,14844272.0,0.0,4.0,98.0,7.0,37.0,2.0,20.0,14.0,16.0,0.0,3.0,14.0,4.0,12.0,2.0,0.0,10.0,25.0,37.0,3.0,2.0,0.0,12.0,8.0,13.0,1.0,10.0,3.0,5.0,0.0,6.0,0.0,1.0,0.0,1.0,5.0,31.0,1.0,9.0,3.0,0.0,16.0,57.0,0.0,0.0,5.0,18.0,1.0,0.0,28.0,0.0,6.0,5.0,1.0,17.0,0.0,4.0,12.0,15.0,1.0,5.0,0.0,0.0,6.0,1.0,0.0,5.0,10.0,0.0,41.0,0.0,0.0,8.0,0.0,0.0,0.0,6.0,0.0,0.0,0.0,0.0,0.0,5.0,0.0,12.0,3.0,0.0,0.0,0.0,8.0,27.0,0.0,1.0,4.0,0.0
2,15270176.0,4.0,0.0,32.0,21.0,57.0,29.0,98.0,33.0,85.0,0.0,90.0,39.0,7.0,123.0,15.0,8.0,8.0,143.0,91.0,48.0,21.0,8.0,45.0,103.0,141.0,6.0,32.0,15.0,14.0,0.0,39.0,1.0,42.0,0.0,8.0,22.0,57.0,6.0,113.0,3.0,7.0,2.0,157.0,1.0,1.0,12.0,51.0,16.0,1.0,31.0,0.0,37.0,22.0,7.0,68.0,3.0,27.0,36.0,115.0,3.0,3.0,0.0,0.0,82.0,17.0,0.0,50.0,64.0,10.0,103.0,0.0,0.0,55.0,0.0,0.0,0.0,26.0,26.0,2.0,1.0,1.0,1.0,29.0,0.0,37.0,3.0,0.0,0.0,0.0,39.0,28.0,1.0,26.0,34.0,2.0
3,16066982.0,98.0,32.0,0.0,23.0,67.0,16.0,70.0,39.0,62.0,0.0,38.0,43.0,6.0,39.0,7.0,6.0,28.0,57.0,71.0,19.0,12.0,0.0,45.0,33.0,60.0,5.0,41.0,39.0,17.0,0.0,24.0,0.0,7.0,2.0,9.0,15.0,98.0,2.0,46.0,10.0,4.0,12.0,169.0,3.0,0.0,9.0,74.0,7.0,0.0,75.0,0.0,27.0,18.0,4.0,51.0,3.0,11.0,37.0,47.0,1.0,7.0,0.0,0.0,35.0,8.0,0.0,33.0,40.0,2.0,82.0,0.0,0.0,31.0,0.0,0.0,0.0,18.0,10.0,1.0,0.0,0.0,0.0,16.0,0.0,38.0,7.0,0.0,0.0,0.0,38.0,39.0,0.0,11.0,20.0,1.0
4,16542687.0,7.0,21.0,23.0,0.0,86.0,7.0,161.0,30.0,137.0,0.0,30.0,17.0,5.0,69.0,3.0,25.0,91.0,35.0,51.0,30.0,18.0,4.0,32.0,46.0,193.0,16.0,165.0,11.0,3.0,1.0,55.0,0.0,23.0,1.0,87.0,44.0,37.0,1.0,37.0,2.0,4.0,5.0,256.0,5.0,11.0,10.0,32.0,1.0,0.0,28.0,0.0,38.0,50.0,4.0,37.0,4.0,11.0,35.0,53.0,1.0,19.0,0.0,1.0,40.0,5.0,0.0,64.0,42.0,2.0,116.0,0.0,0.0,15.0,0.0,0.0,1.0,56.0,7.0,2.0,0.0,4.0,3.0,13.0,1.0,34.0,4.0,0.0,0.0,0.0,24.0,28.0,0.0,7.0,12.0,1.0
5,16871096.0,37.0,57.0,67.0,86.0,0.0,41.0,164.0,132.0,385.0,0.0,111.0,156.0,20.0,169.0,14.0,11.0,24.0,114.0,457.0,92.0,68.0,20.0,151.0,123.0,157.0,6.0,200.0,46.0,27.0,0.0,87.0,0.0,47.0,2.0,8.0,164.0,106.0,7.0,129.0,14.0,6.0,146.0,557.0,20.0,31.0,50.0,117.0,7.0,0.0,200.0,0.0,100.0,118.0,17.0,173.0,25.0,75.0,54.0,277.0,4.0,75.0,0.0,0.0,193.0,13.0,0.0,92.0,115.0,8.0,1118.0,0.0,0.0,88.0,1.0,0.0,5.0,245.0,16.0,2.0,1.0,2.0,10.0,36.0,0.0,66.0,14.0,0.0,0.0,0.0,82.0,96.0,6.0,33.0,35.0,2.0
6,18787073.0,2.0,29.0,16.0,7.0,41.0,0.0,42.0,18.0,37.0,0.0,31.0,38.0,4.0,31.0,17.0,2.0,2.0,35.0,33.0,17.0,9.0,10.0,26.0,39.0,39.0,0.0,20.0,24.0,14.0,0.0,19.0,0.0,12.0,1.0,1.0,17.0,33.0,1.0,63.0,3.0,6.0,0.0,78.0,1.0,0.0,7.0,44.0,7.0,0.0,26.0,0.0,17.0,13.0,4.0,41.0,0.0,16.0,19.0,39.0,4.0,6.0,0.0,0.0,32.0,14.0,0.0,32.0,27.0,7.0,51.0,0.0,0.0,26.0,0.0,0.0,0.0,18.0,11.0,0.0,1.0,3.0,0.0,16.0,0.0,28.0,2.0,0.0,0.0,0.0,35.0,21.0,1.0,14.0,17.0,2.0
7,19042030.0,20.0,98.0,70.0,161.0,164.0,42.0,0.0,91.0,252.0,0.0,117.0,115.0,13.0,210.0,23.0,23.0,94.0,165.0,159.0,86.0,48.0,32.0,68.0,187.0,365.0,14.0,189.0,46.0,24.0,1.0,82.0,0.0,64.0,2.0,68.0,75.0,123.0,2.0,188.0,11.0,13.0,7.0,471.0,10.0,11.0,27.0,90.0,13.0,0.0,79.0,0.0,87.0,65.0,13.0,153.0,7.0,48.0,83.0,200.0,4.0,21.0,0.0,0.0,146.0,21.0,0.0,143.0,159.0,12.0,313.0,0.0,0.0,100.0,3.0,0.0,0.0,70.0,35.0,2.0,1.0,3.0,3.0,56.0,0.0,67.0,7.0,0.0,0.0,0.0,86.0,95.0,3.0,44.0,61.0,2.0
8,20791292.0,14.0,33.0,39.0,30.0,132.0,18.0,91.0,0.0,123.0,0.0,51.0,92.0,7.0,89.0,5.0,3.0,5.0,60.0,206.0,31.0,32.0,11.0,39.0,65.0,97.0,3.0,51.0,22.0,16.0,3.0,29.0,0.0,17.0,0.0,4.0,40.0,49.0,1.0,84.0,9.0,1.0,32.0,150.0,5.0,13.0,28.0,92.0,7.0,0.0,117.0,0.0,54.0,45.0,6.0,89.0,6.0,38.0,35.0,162.0,2.0,20.0,0.0,0.0,71.0,6.0,0.0,68.0,57.0,1.0,214.0,0.0,0.0,39.0,1.0,0.0,0.0,37.0,3.0,0.0,0.0,1.0,4.0,23.0,0.0,31.0,9.0,0.0,0.0,0.0,36.0,66.0,1.0,20.0,17.0,1.0
9,20801977.0,16.0,85.0,62.0,137.0,385.0,37.0,252.0,123.0,0.0,0.0,200.0,127.0,16.0,244.0,25.0,27.0,56.0,135.0,355.0,185.0,107.0,6.0,104.0,199.0,292.0,2.0,239.0,77.0,21.0,5.0,146.0,0.0,129.0,0.0,41.0,161.0,108.0,10.0,172.0,17.0,23.0,40.0,587.0,25.0,22.0,70.0,120.0,7.0,0.0,103.0,0.0,148.0,160.0,63.0,232.0,30.0,111.0,111.0,396.0,3.0,43.0,0.0,0.0,376.0,23.0,0.0,166.0,206.0,13.0,628.0,0.0,0.0,82.0,4.0,2.0,2.0,165.0,35.0,0.0,1.0,5.0,14.0,51.0,2.0,92.0,11.0,0.0,2.0,2.0,136.0,135.0,12.0,60.0,30.0,2.0
10,23412516.0,0.0,0.0,0.0,0.0,0.0,0.0,0.0,0.0,0.0,0.0,0.0,0.0,0.0,0.0,0.0,0.0,0.0,0.0,0.0,0.0,0.0,0.0,0.0,0.0,0.0,0.0,0.0,0.0,0.0,0.0,0.0,0.0,0.0,0.0,0.0,0.0,0.0,0.0,0.0,0.0,0.0,0.0,0.0,0.0,0.0,0.0,0.0,0.0,0.0,0.0,0.0,0.0,0.0,0.0,0.0,0.0,0.0,0.0,0.0,0.0,0.0,0.0,0.0,0.0,0.0,0.0,0.0,0.0,0.0,0.0,0.0,0.0,0.0,0.0,0.0,0.0,0.0,0.0,0.0,0.0,0.0,0.0,0.0,0.0,0.0,0.0,0.0,0.0,0.0,0.0,0.0,0.0,0.0,0.0,0.0
11,24655962.0,3.0,90.0,38.0,30.0,111.0,31.0,117.0,51.0,200.0,0.0,0.0,59.0,2.0,614.0,15.0,2.0,5.0,128.0,131.0,79.0,39.0,15.0,44.0,533.0,199.0,22.0,67.0,21.0,12.0,1.0,48.0,8.0,382.0,7.0,35.0,39.0,59.0,6.0,134.0,7.0,7.0,9.0,256.0,16.0,1.0,17.0,55.0,11.0,1.0,62.0,0.0,32.0,19.0,16.0,96.0,6.0,35.0,45.0,216.0,3.0,8.0,0.0,0.0,186.0,14.0,0.0,50.0,74.0,7.0,193.0,0.0,0.0,56.0,1.0,0.0,0.0,57.0,24.0,3.0,0.0,3.0,0.0,25.0,0.0,37.0,3.0,0.0,1.0,0.0,31.0,40.0,2.0,27.0,39.0,1.0
12,25512074.0,14.0,39.0,43.0,17.0,156.0,38.0,115.0,92.0,127.0,0.0,59.0,0.0,16.0,112.0,17.0,4.0,2.0,73.0,162.0,48.0,20.0,21.0,28.0,96.0,83.0,0.0,43.0,29.0,21.0,0.0,33.0,0.0,28.0,1.0,0.0,31.0,72.0,1.0,106.0,10.0,8.0,43.0,167.0,6.0,3.0,21.0,92.0,6.0,0.0,222.0,0.0,39.0,33.0,7.0,105.0,2.0,32.0,37.0,173.0,2.0,14.0,0.0,0.0,101.0,13.0,0.0,64.0,87.0,12.0,240.0,0.0,0.0,74.0,0.0,0.0,0.0,34.0,20.0,0.0,1.0,1.0,0.0,30.0,0.0,41.0,6.0,0.0,0.0,0.0,55.0,43.0,2.0,24.0,29.0,1.0
13,29407850.0,4.0,7.0,6.0,5.0,20.0,4.0,13.0,7.0,16.0,0.0,2.0,16.0,0.0,8.0,2.0,1.0,0.0,9.0,22.0,10.0,7.0,0.0,12.0,8.0,8.0,0.0,9.0,4.0,2.0,0.0,6.0,0.0,0.0,0.0,0.0,9.0,7.0,3.0,8.0,2.0,1.0,0.0,20.0,2.0,1.0,3.0,15.0,2.0,0.0,14.0,0.0,11.0,5.0,3.0,12.0,0.0,5.0,8.0,13.0,1.0,4.0,0.0,0.0,10.0,3.0,0.0,10.0,14.0,0.0,31.0,0.0,0.0,8.0,0.0,0.0,0.0,10.0,1.0,0.0,1.0,0.0,0.0,6.0,0.0,12.0,3.0,0.0,0.0,0.0,9.0,9.0,0.0,3.0,1.0,0.0
14,31180024.0,12.0,123.0,39.0,69.0,169.0,31.0,210.0,89.0,244.0,0.0,614.0,112.0,8.0,0.0,27.0,9.0,15.0,197.0,188.0,103.0,47.0,17.0,62.0,1581.0,319.0,34.0,116.0,19.0,17.0,0.0,58.0,8.0,517.0,5.0,75.0,49.0,90.0,7.0,219.0,7.0,14.0,14.0,430.0,17.0,12.0,15.0,89.0,15.0,1.0,85.0,0.0,59.0,36.0,35.0,160.0,6.0,42.0,73.0,323.0,6.0,11.0,0.0,8.0,279.0,30.0,0.0,91.0,121.0,18.0,307.0,0.0,0.0,80.0,8.0,12.0,0.0,69.0,49.0,2.0,1.0,2.0,0.0,38.0,6.0,43.0,6.0,0.0,0.0,0.0,50.0,60.0,4.0,50.0,47.0,6.0
15,33874201.0,2.0,15.0,7.0,3.0,14.0,17.0,23.0,5.0,25.0,0.0,15.0,17.0,2.0,27.0,0.0,0.0,1.0,18.0,17.0,15.0,48.0,7.0,9.0,30.0,19.0,1.0,8.0,17.0,8.0,0.0,15.0,1.0,16.0,1.0,0.0,3.0,19.0,2.0,22.0,2.0,11.0,0.0,30.0,6.0,1.0,3.0,16.0,4.0,0.0,13.0,0.0,9.0,10.0,49.0,35.0,7.0,10.0,5.0,26.0,7.0,1.0,0.0,6.0,104.0,25.0,0.0,14.0,14.0,17.0,24.0,0.0,0.0,17.0,8.0,10.0,3.0,11.0,31.0,5.0,2.0,1.0,10.0,24.0,6.0,11.0,3.0,0.0,0.0,0.0,12.0,3.0,1.0,65.0,92.0,7.0
16,37263014.0,0.0,8.0,6.0,25.0,11.0,2.0,23.0,3.0,27.0,0.0,2.0,4.0,1.0,9.0,0.0,0.0,21.0,5.0,3.0,5.0,4.0,1.0,5.0,4.0,45.0,7.0,24.0,1.0,1.0,0.0,7.0,0.0,3.0,0.0,82.0,7.0,10.0,1.0,7.0,0.0,1.0,1.0,61.0,0.0,3.0,3.0,7.0,1.0,0.0,2.0,0.0,5.0,7.0,0.0,4.0,0.0,2.0,11.0,7.0,0.0,5.0,0.0,0.0,3.0,1.0,0.0,12.0,12.0,0.0,6.0,0.0,0.0,1.0,0.0,0.0,0.0,6.0,1.0,0.0,0.0,3.0,0.0,1.0,0.0,14.0,0.0,0.0,0.0,0.0,12.0,9.0,1.0,2.0,1.0,0.0
17,43789332.0,10.0,8.0,28.0,91.0,24.0,2.0,94.0,5.0,56.0,0.0,5.0,2.0,0.0,15.0,1.0,21.0,0.0,104.0,10.0,13.0,4.0,3.0,6.0,8.0,128.0,80.0,133.0,10.0,0.0,0.0,87.0,1.0,4.0,0.0,107.0,17.0,32.0,1.0,21.0,0.0,0.0,1.0,688.0,5.0,1.0,0.0,24.0,0.0,0.0,5.0,0.0,5.0,17.0,1.0,20.0,0.0,4.0,218.0,5.0,0.0,2.0,0.0,0.0,28.0,1.0,0.0,26.0,61.0,0.0,25.0,0.0,0.0,1.0,1.0,2.0,0.0,11.0,10.0,0.0,0.0,0.0,2.0,6.0,0.0,68.0,1.0,0.0,0.0,0.0,53.0,99.0,1.0,3.0,2.0,0.0
18,44299861.0,25.0,143.0,57.0,35.0,114.0,35.0,165.0,60.0,135.0,0.0,128.0,73.0,9.0,197.0,18.0,5.0,104.0,0.0,176.0,65.0,31.0,2.0,67.0,138.0,261.0,214.0,48.0,52.0,10.0,0.0,67.0,2.0,54.0,3.0,25.0,32.0,62.0,7.0,149.0,8.0,11.0,12.0,461.0,8.0,7.0,12.0,70.0,13.0,1.0,69.0,0.0,36.0,26.0,13.0,120.0,5.0,29.0,150.0,192.0,1.0,2.0,0.0,0.0,136.0,16.0,0.0,76.0,130.0,12.0,246.0,0.0,0.0,55.0,0.0,1.0,0.0,26.0,30.0,2.0,1.0,6.0,1.0,32.0,0.0,70.0,3.0,0.0,0.0,0.0,78.0,112.0,3.0,30.0,31.0,1.0
19,45510215.0,37.0,91.0,71.0,51.0,457.0,33.0,159.0,206.0,355.0,0.0,131.0,162.0,22.0,188.0,17.0,3.0,10.0,176.0,0.0,96.0,71.0,22.0,135.0,134.0,176.0,11.0,146.0,57.0,16.0,3.0,154.0,1.0,53.0,1.0,2.0,78.0,95.0,11.0,137.0,20.0,14.0,158.0,586.0,9.0,24.0,79.0,158.0,12.0,3.0,193.0,0.0,102.0,116.0,23.0,341.0,15.0,73.0,204.0,377.0,3.0,63.0,0.0,1.0,243.0,19.0,0.0,106.0,181.0,9.0,1064.0,0.0,0.0,111.0,0.0,2.0,1.0,134.0,22.0,0.0,1.0,14.0,7.0,37.0,1.0,119.0,26.0,0.0,1.0,0.0,108.0,183.0,4.0,43.0,32.0,2.0
20,48959778.0,3.0,48.0,19.0,30.0,92.0,17.0,86.0,31.0,185.0,0.0,79.0,48.0,10.0,103.0,15.0,5.0,13.0,65.0,96.0,0.0,43.0,3.0,39.0,113.0,96.0,2.0,73.0,20.0,14.0,0.0,70.0,1.0,75.0,1.0,14.0,58.0,37.0,5.0,80.0,4.0,14.0,1.0,178.0,21.0,11.0,25.0,34.0,5.0,1.0,26.0,0.0,53.0,39.0,20.0,85.0,6.0,49.0,50.0,164.0,3.0,9.0,0.0,0.0,146.0,20.0,0.0,81.0,79.0,11.0,157.0,0.0,0.0,60.0,3.0,0.0,1.0,85.0,31.0,0.0,1.0,1.0,2.0,29.0,0.0,36.0,6.0,0.0,2.0,1.0,55.0,34.0,6.0,32.0,23.0,2.0
21,49416159.0,2.0,21.0,12.0,18.0,68.0,9.0,48.0,32.0,107.0,0.0,39.0,20.0,7.0,47.0,48.0,4.0,4.0,31.0,71.0,43.0,0.0,2.0,15.0,41.0,50.0,1.0,25.0,19.0,5.0,1.0,30.0,1.0,30.0,0.0,4.0,38.0,19.0,5.0,39.0,3.0,14.0,8.0,71.0,25.0,8.0,22.0,28.0,7.0,0.0,29.0,0.0,47.0,34.0,66.0,69.0,11.0,37.0,23.0,120.0,8.0,5.0,0.0,5.0,154.0,10.0,0.0,45.0,40.0,8.0,119.0,0.0,0.0,19.0,3.0,2.0,2.0,27.0,17.0,1.0,0.0,1.0,10.0,28.0,6.0,20.0,6.0,0.0,0.0,1.0,26.0,28.0,5.0,79.0,71.0,3.0
22,49566762.0,0.0,8.0,0.0,4.0,20.0,10.0,32.0,11.0,6.0,0.0,15.0,21.0,0.0,17.0,7.0,1.0,3.0,2.0,22.0,3.0,2.0,0.0,6.0,23.0,9.0,0.0,42.0,1.0,10.0,0.0,11.0,0.0,10.0,2.0,0.0,4.0,30.0,0.0,25.0,0.0,0.0,0.0,88.0,1.0,0.0,2.0,24.0,1.0,0.0,7.0,0.0,5.0,3.0,0.0,24.0,0.0,7.0,6.0,6.0,2.0,5.0,0.0,0.0,18.0,5.0,0.0,4.0,0.0,0.0,54.0,0.0,0.0,24.0,0.0,0.0,0.0,14.0,1.0,0.0,0.0,0.0,0.0,6.0,0.0,18.0,6.0,0.0,0.0,0.0,3.0,1.0,0.0,5.0,14.0,1.0
23,49907570.0,12.0,45.0,45.0,32.0,151.0,26.0,68.0,39.0,104.0,0.0,44.0,28.0,12.0,62.0,9.0,5.0,6.0,67.0,135.0,39.0,15.0,6.0,0.0,60.0,74.0,2.0,107.0,25.0,11.0,0.0,44.0,0.0,14.0,0.0,1.0,53.0,84.0,10.0,60.0,6.0,8.0,5.0,351.0,3.0,5.0,18.0,102.0,10.0,0.0,36.0,0.0,49.0,40.0,6.0,124.0,4.0,23.0,160.0,65.0,4.0,45.0,0.0,0.0,40.0,16.0,0.0,42.0,56.0,6.0,170.0,0.0,0.0,47.0,2.0,0.0,0.0,69.0,11.0,0.0,1.0,1.0,0.0,21.0,0.0,134.0,6.0,0.0,0.0,0.0,102.0,101.0,1.0,11.0,13.0,1.0
24,50552213.0,8.0,103.0,33.0,46.0,123.0,39.0,187.0,65.0,199.0,0.0,533.0,96.0,8.0,1581.0,30.0,4.0,8.0,138.0,134.0,113.0,41.0,23.0,60.0,0.0,238.0,7.0,114.0,15.0,21.0,0.0,64.0,4.0,486.0,5.0,55.0,50.0,93.0,6.0,191.0,7.0,13.0,8.0,353.0,14.0,5.0,19.0,83.0,14.0,0.0,67.0,0.0,60.0,37.0,26.0,135.0,3.0,40.0,58.0,266.0,5.0,19.0,0.0,5.0,230.0,31.0,0.0,81.0,105.0,18.0,252.0,0.0,0.0,83.0,5.0,9.0,1.0,81.0,52.0,2.0,1.0,2.0,0.0,49.0,4.0,45.0,6.0,0.0,1.0,0.0,50.0,40.0,3.0,52.0,42.0,5.0
25,53400136.0,13.0,141.0,60.0,193.0,157.0,39.0,365.0,97.0,292.0,0.0,199.0,83.0,8.0,319.0,19.0,45.0,128.0,261.0,176.0,96.0,50.0,9.0,74.0,238.0,0.0,969.0,252.0,34.0,19.0,4.0,87.0,1.0,170.0,0.0,107.0,96.0,97.0,16.0,233.0,9.0,8.0,5.0,479.0,9.0,16.0,27.0,97.0,19.0,0.0,64.0,0.0,104.0,79.0,15.0,134.0,14.0,46.0,80.0,231.0,6.0,21.0,0.0,2.0,167.0,25.0,0.0,167.0,130.0,13.0,265.0,0.0,0.0,65.0,5.0,3.0,0.0,72.0,36.0,2.0,1.0,3.0,2.0,44.0,0.0,69.0,7.0,0.0,0.0,0.0,97.0,85.0,2.0,42.0,45.0,3.0
26,55312746.0,1.0,6.0,5.0,16.0,6.0,0.0,14.0,3.0,2.0,0.0,22.0,0.0,0.0,34.0,1.0,7.0,80.0,214.0,11.0,2.0,1.0,0.0,2.0,7.0,969.0,0.0,13.0,3.0,0.0,0.0,14.0,2.0,76.0,0.0,74.0,1.0,4.0,5.0,26.0,0.0,1.0,1.0,150.0,2.0,0.0,0.0,6.0,1.0,0.0,0.0,0.0,0.0,0.0,1.0,8.0,0.0,1.0,51.0,3.0,0.0,0.0,0.0,0.0,12.0,1.0,0.0,10.0,37.0,1.0,4.0,0.0,0.0,1.0,0.0,0.0,0.0,0.0,2.0,0.0,0.0,0.0,1.0,5.0,0.0,10.0,0.0,0.0,0.0,0.0,16.0,15.0,0.0,1.0,1.0,0.0
27,59587240.0,10.0,32.0,41.0,165.0,200.0,20.0,189.0,51.0,239.0,0.0,67.0,43.0,9.0,116.0,8.0,24.0,133.0,48.0,146.0,73.0,25.0,42.0,107.0,114.0,252.0,13.0,0.0,14.0,19.0,0.0,132.0,2.0,65.0,0.0,78.0,101.0,111.0,5.0,88.0,8.0,3.0,5.0,843.0,10.0,20.0,30.0,96.0,2.0,1.0,29.0,0.0,77.0,105.0,7.0,88.0,9.0,32.0,210.0,52.0,4.0,128.0,0.0,0.0,62.0,10.0,0.0,80.0,64.0,1.0,307.0,0.0,0.0,43.0,3.0,0.0,1.0,232.0,16.0,0.0,1.0,13.0,3.0,33.0,0.0,87.0,31.0,0.0,0.0,0.0,74.0,69.0,2.0,17.0,15.0,1.0
28,66142460.0,3.0,15.0,39.0,11.0,46.0,24.0,46.0,22.0,77.0,0.0,21.0,29.0,4.0,19.0,17.0,1.0,10.0,52.0,57.0,20.0,19.0,1.0,25.0,15.0,34.0,3.0,14.0,0.0,9.0,1.0,18.0,1.0,5.0,3.0,6.0,25.0,17.0,2.0,34.0,5.0,11.0,2.0,64.0,5.0,10.0,28.0,21.0,2.0,0.0,24.0,0.0,33.0,49.0,16.0,63.0,16.0,20.0,18.0,43.0,4.0,2.0,0.0,0.0,55.0,18.0,0.0,32.0,40.0,3.0,69.0,0.0,0.0,21.0,1.0,0.0,1.0,12.0,7.0,1.0,1.0,1.0,4.0,29.0,0.0,25.0,4.0,0.0,0.0,0.0,40.0,32.0,0.0,17.0,21.0,1.0
29,67968069.0,5.0,14.0,17.0,3.0,27.0,14.0,24.0,16.0,21.0,0.0,12.0,21.0,2.0,17.0,8.0,1.0,0.0,10.0,16.0,14.0,5.0,10.0,11.0,21.0,19.0,0.0,19.0,9.0,0.0,0.0,18.0,0.0,6.0,0.0,0.0,15.0,29.0,1.0,23.0,8.0,2.0,0.0,41.0,0.0,0.0,6.0,22.0,2.0,0.0,18.0,0.0,10.0,12.0,3.0,27.0,0.0,13.0,13.0,17.0,3.0,6.0,0.0,0.0,16.0,8.0,0.0,15.0,15.0,2.0,41.0,0.0,0.0,28.0,0.0,0.0,0.0,21.0,5.0,0.0,1.0,2.0,0.0,8.0,0.0,14.0,6.0,0.0,0.0,0.0,15.0,6.0,0.0,12.0,9.0,1.0
30,74446328.0,0.0,0.0,0.0,1.0,0.0,0.0,1.0,3.0,5.0,0.0,1.0,0.0,0.0,0.0,0.0,0.0,0.0,0.0,3.0,0.0,1.0,0.0,0.0,0.0,4.0,0.0,0.0,1.0,0.0,0.0,0.0,0.0,0.0,0.0,0.0,4.0,0.0,0.0,1.0,0.0,0.0,0.0,4.0,0.0,0.0,2.0,2.0,0.0,0.0,1.0,0.0,2.0,5.0,0.0,2.0,0.0,2.0,1.0,2.0,0.0,1.0,0.0,0.0,1.0,0.0,0.0,1.0,1.0,0.0,3.0,0.0,0.0,0.0,1.0,0.0,0.0,0.0,0.0,0.0,0.0,0.0,0.0,1.0,0.0,2.0,0.0,0.0,0.0,0.0,2.0,0.0,0.0,0.0,0.0,0.0
31,80791048.0,6.0,39.0,24.0,55.0,87.0,19.0,82.0,29.0,146.0,0.0,48.0,33.0,6.0,58.0,15.0,7.0,87.0,67.0,154.0,70.0,30.0,11.0,44.0,64.0,87.0,14.0,132.0,18.0,18.0,0.0,0.0,1.0,33.0,0.0,11.0,52.0,39.0,14.0,62.0,9.0,11.0,2.0,379.0,6.0,29.0,33.0,52.0,3.0,1.0,21.0,0.0,58.0,55.0,14.0,114.0,16.0,40.0,196.0,89.0,5.0,37.0,0.0,1.0,91.0,13.0,0.0,56.0,74.0,8.0,181.0,0.0,0.0,50.0,2.0,2.0,1.0,83.0,19.0,0.0,0.0,9.0,9.0,23.0,0.0,89.0,6.0,0.0,1.0,1.0,90.0,52.0,2.0,25.0,21.0,2.0
32,98724873.0,0.0,1.0,0.0,0.0,0.0,0.0,0.0,0.0,0.0,0.0,8.0,0.0,0.0,8.0,1.0,0.0,1.0,2.0,1.0,1.0,1.0,0.0,0.0,4.0,1.0,2.0,2.0,1.0,0.0,0.0,1.0,0.0,16.0,0.0,0.0,0.0,0.0,2.0,0.0,0.0,1.0,0.0,7.0,1.0,0.0,0.0,0.0,0.0,0.0,0.0,0.0,1.0,1.0,2.0,2.0,0.0,0.0,0.0,2.0,5.0,0.0,0.0,12.0,3.0,21.0,0.0,1.0,1.0,3.0,1.0,0.0,0.0,1.0,67.0,90.0,1.0,0.0,40.0,0.0,0.0,0.0,0.0,1.0,2.0,1.0,0.0,0.0,0.0,0.0,0.0,0.0,0.0,1.0,0.0,6.0
33,98730352.0,1.0,42.0,7.0,23.0,47.0,12.0,64.0,17.0,129.0,0.0,382.0,28.0,0.0,517.0,16.0,3.0,4.0,54.0,53.0,75.0,30.0,10.0,14.0,486.0,170.0,76.0,65.0,5.0,6.0,0.0,33.0,16.0,0.0,3.0,36.0,37.0,26.0,7.0,62.0,2.0,12.0,1.0,141.0,13.0,1.0,9.0,15.0,4.0,0.0,15.0,0.0,21.0,19.0,36.0,44.0,2.0,40.0,14.0,97.0,2.0,6.0,0.0,3.0,150.0,19.0,0.0,29.0,29.0,10.0,80.0,0.0,0.0,23.0,7.0,10.0,0.0,52.0,29.0,1.0,0.0,0.0,0.0,17.0,2.0,9.0,4.0,0.0,1.0,0.0,18.0,5.0,6.0,22.0,22.0,4.0
34,101824385.0,0.0,0.0,2.0,1.0,2.0,1.0,2.0,0.0,0.0,0.0,7.0,1.0,0.0,5.0,1.0,0.0,0.0,3.0,1.0,1.0,0.0,2.0,0.0,5.0,0.0,0.0,0.0,3.0,0.0,0.0,0.0,0.0,3.0,0.0,0.0,0.0,2.0,0.0,6.0,1.0,2.0,0.0,3.0,0.0,0.0,1.0,0.0,0.0,0.0,0.0,0.0,2.0,1.0,1.0,4.0,1.0,2.0,0.0,1.0,0.0,0.0,0.0,0.0,7.0,1.0,0.0,1.0,2.0,0.0,8.0,0.0,0.0,3.0,0.0,0.0,0.0,0.0,0.0,0.0,0.0,1.0,0.0,0.0,0.0,1.0,0.0,0.0,0.0,0.0,0.0,0.0,0.0,0.0,1.0,0.0
35,105817486.0,1.0,8.0,9.0,87.0,8.0,1.0,68.0,4.0,41.0,0.0,35.0,0.0,0.0,75.0,0.0,82.0,107.0,25.0,2.0,14.0,4.0,0.0,1.0,55.0,107.0,74.0,78.0,6.0,0.0,0.0,11.0,0.0,36.0,0.0,0.0,17.0,47.0,2.0,20.0,0.0,0.0,0.0,386.0,4.0,2.0,0.0,3.0,0.0,0.0,3.0,0.0,7.0,6.0,0.0,6.0,0.0,3.0,36.0,8.0,0.0,0.0,0.0,0.0,8.0,0.0,0.0,40.0,86.0,0.0,9.0,0.0,0.0,0.0,0.0,0.0,0.0,7.0,2.0,0.0,0.0,0.0,0.0,2.0,0.0,10.0,0.0,0.0,0.0,0.0,37.0,9.0,0.0,3.0,0.0,0.0
36,111950228.0,5.0,22.0,15.0,44.0,164.0,17.0,75.0,40.0,161.0,0.0,39.0,31.0,9.0,49.0,3.0,7.0,17.0,32.0,78.0,58.0,38.0,4.0,53.0,50.0,96.0,1.0,101.0,25.0,15.0,4.0,52.0,0.0,37.0,0.0,17.0,0.0,30.0,9.0,45.0,8.0,6.0,5.0,152.0,18.0,13.0,35.0,45.0,3.0,0.0,36.0,0.0,103.0,98.0,13.0,69.0,13.0,61.0,34.0,132.0,4.0,32.0,0.0,0.0,73.0,10.0,0.0,74.0,54.0,4.0,195.0,0.0,0.0,24.0,2.0,0.0,2.0,79.0,7.0,0.0,1.0,3.0,7.0,16.0,0.0,37.0,8.0,0.0,2.0,1.0,55.0,41.0,4.0,24.0,10.0,1.0
37,117132579.0,31.0,57.0,98.0,37.0,106.0,33.0,123.0,49.0,108.0,0.0,59.0,72.0,7.0,90.0,19.0,10.0,32.0,62.0,95.0,37.0,19.0,30.0,84.0,93.0,97.0,4.0,111.0,17.0,29.0,0.0,39.0,0.0,26.0,2.0,47.0,30.0,0.0,3.0,97.0,12.0,5.0,4.0,344.0,4.0,3.0,14.0,90.0,9.0,0.0,69.0,0.0,43.0,40.0,7.0,96.0,2.0,28.0,50.0,81.0,3.0,22.0,0.0,0.0,61.0,18.0,0.0,48.0,57.0,9.0,141.0,0.0,0.0,83.0,1.0,0.0,0.0,50.0,18.0,1.0,2.0,1.0,0.0,38.0,0.0,58.0,12.0,0.0,0.0,0.0,45.0,48.0,3.0,19.0,38.0,2.0
38,121981131.0,1.0,6.0,2.0,1.0,7.0,1.0,2.0,1.0,10.0,0.0,6.0,1.0,3.0,7.0,2.0,1.0,1.0,7.0,11.0,5.0,5.0,0.0,10.0,6.0,16.0,5.0,5.0,2.0,1.0,0.0,14.0,2.0,7.0,0.0,2.0,9.0,3.0,0.0,5.0,0.0,3.0,0.0,36.0,1.0,2.0,2.0,18.0,1.0,0.0,2.0,0.0,7.0,2.0,1.0,11.0,0.0,1.0,30.0,4.0,0.0,2.0,0.0,0.0,10.0,3.0,0.0,3.0,4.0,1.0,9.0,0.0,0.0,2.0,0.0,0.0,0.0,2.0,1.0,0.0,0.0,0.0,0.0,2.0,0.0,37.0,2.0,0.0,0.0,0.0,54.0,25.0,0.0,3.0,2.0,0.0
39,124578114.0,9.0,113.0,46.0,37.0,129.0,63.0,188.0,84.0,172.0,0.0,134.0,106.0,8.0,219.0,22.0,7.0,21.0,149.0,137.0,80.0,39.0,25.0,60.0,191.0,233.0,26.0,88.0,34.0,23.0,1.0,62.0,0.0,62.0,6.0,20.0,45.0,97.0,5.0,0.0,14.0,10.0,5.0,347.0,11.0,13.0,24.0,121.0,10.0,1.0,72.0,0.0,65.0,41.0,11.0,141.0,12.0,46.0,51.0,221.0,4.0,15.0,0.0,0.0,129.0,23.0,0.0,82.0,101.0,11.0,219.0,0.0,0.0,73.0,3.0,1.0,0.0,44.0,28.0,1.0,1.0,4.0,6.0,40.0,0.0,48.0,7.0,0.0,0.0,0.0,55.0,50.0,2.0,38.0,43.0,2.0
40,146383105.0,3.0,3.0,10.0,2.0,14.0,3.0,11.0,9.0,17.0,0.0,7.0,10.0,2.0,7.0,2.0,0.0,0.0,8.0,20.0,4.0,3.0,0.0,6.0,7.0,9.0,0.0,8.0,5.0,8.0,0.0,9.0,0.0,2.0,1.0,0.0,8.0,12.0,0.0,14.0,0.0,1.0,0.0,33.0,0.0,0.0,7.0,10.0,0.0,0.0,15.0,0.0,9.0,10.0,3.0,18.0,1.0,4.0,10.0,15.0,1.0,4.0,0.0,0.0,9.0,2.0,0.0,5.0,14.0,0.0,29.0,0.0,0.0,15.0,0.0,0.0,0.0,7.0,0.0,0.0,0.0,0.0,0.0,4.0,0.0,9.0,5.0,0.0,0.0,0.0,9.0,6.0,0.0,1.0,3.0,0.0
41,157669973.0,0.0,7.0,4.0,4.0,6.0,6.0,13.0,1.0,23.0,0.0,7.0,8.0,1.0,14.0,11.0,1.0,0.0,11.0,14.0,14.0,14.0,0.0,8.0,13.0,8.0,1.0,3.0,11.0,2.0,0.0,11.0,1.0,12.0,2.0,0.0,6.0,5.0,3.0,10.0,1.0,0.0,0.0,16.0,10.0,1.0,4.0,3.0,3.0,0.0,4.0,0.0,7.0,4.0,20.0,24.0,2.0,8.0,6.0,20.0,2.0,0.0,0.0,2.0,41.0,10.0,0.0,12.0,12.0,7.0,21.0,0.0,0.0,10.0,1.0,1.0,4.0,6.0,15.0,2.0,0.0,0.0,11.0,11.0,3.0,9.0,0.0,0.0,0.0,0.0,12.0,5.0,1.0,10.0,10.0,0.0
42,168497805.0,16.0,2.0,12.0,5.0,146.0,0.0,7.0,32.0,40.0,0.0,9.0,43.0,0.0,14.0,0.0,1.0,1.0,12.0,158.0,1.0,8.0,0.0,5.0,8.0,5.0,1.0,5.0,2.0,0.0,0.0,2.0,0.0,1.0,0.0,0.0,5.0,4.0,0.0,5.0,0.0,0.0,0.0,86.0,0.0,0.0,5.0,12.0,2.0,1.0,92.0,0.0,6.0,4.0,2.0,38.0,0.0,4.0,6.0,56.0,0.0,3.0,0.0,0.0,19.0,0.0,0.0,4.0,17.0,0.0,185.0,0.0,0.0,2.0,0.0,0.0,0.0,12.0,0.0,0.0,0.0,1.0,0.0,2.0,0.0,7.0,2.0,0.0,0.0,0.0,5.0,41.0,0.0,4.0,1.0,0.0
43,192477353.0,57.0,157.0,169.0,256.0,557.0,78.0,471.0,150.0,587.0,0.0,256.0,167.0,20.0,430.0,30.0,61.0,688.0,461.0,586.0,178.0,71.0,88.0,351.0,353.0,479.0,150.0,843.0,64.0,41.0,4.0,379.0,7.0,141.0,3.0,386.0,152.0,344.0,36.0,347.0,33.0,16.0,86.0,0.0,22.0,58.0,67.0,335.0,19.0,0.0,166.0,0.0,137.0,196.0,26.0,419.0,46.0,85.0,1203.0,327.0,7.0,148.0,0.0,2.0,254.0,34.0,0.0,170.0,386.0,16.0,840.0,0.0,0.0,157.0,7.0,5.0,7.0,290.0,42.0,3.0,1.0,29.0,17.0,92.0,1.0,499.0,33.0,0.0,0.0,0.0,398.0,605.0,7.0,59.0,59.0,4.0
44,210824047.0,0.0,1.0,3.0,5.0,20.0,1.0,10.0,5.0,25.0,0.0,16.0,6.0,2.0,17.0,6.0,0.0,5.0,8.0,9.0,21.0,25.0,1.0,3.0,14.0,9.0,2.0,10.0,5.0,0.0,0.0,6.0,1.0,13.0,0.0,4.0,18.0,4.0,1.0,11.0,0.0,10.0,0.0,22.0,0.0,0.0,0.0,3.0,0.0,0.0,4.0,0.0,5.0,7.0,53.0,10.0,1.0,9.0,2.0,27.0,7.0,2.0,0.0,6.0,81.0,0.0,0.0,10.0,8.0,0.0,16.0,0.0,0.0,1.0,10.0,3.0,0.0,4.0,10.0,6.0,0.0,1.0,1.0,4.0,5.0,0.0,0.0,0.0,3.0,2.0,2.0,6.0,6.0,6.0,11.0,2.0
45,211993075.0,0.0,1.0,0.0,11.0,31.0,0.0,11.0,13.0,22.0,0.0,1.0,3.0,1.0,12.0,1.0,3.0,1.0,7.0,24.0,11.0,8.0,0.0,5.0,5.0,16.0,0.0,20.0,10.0,0.0,0.0,29.0,0.0,1.0,0.0,2.0,13.0,3.0,2.0,13.0,0.0,1.0,0.0,58.0,0.0,0.0,11.0,2.0,0.0,0.0,3.0,0.0,23.0,22.0,2.0,76.0,296.0,19.0,14.0,13.0,2.0,1.0,0.0,1.0,15.0,2.0,0.0,10.0,10.0,0.0,45.0,0.0,0.0,3.0,4.0,2.0,22.0,15.0,7.0,0.0,0.0,1.0,115.0,4.0,0.0,10.0,2.0,0.0,0.0,0.0,17.0,15.0,0.0,3.0,1.0,0.0
46,212950064.0,5.0,12.0,9.0,10.0,50.0,7.0,27.0,28.0,70.0,0.0,17.0,21.0,3.0,15.0,3.0,3.0,0.0,12.0,79.0,25.0,22.0,2.0,18.0,19.0,27.0,0.0,30.0,28.0,6.0,2.0,33.0,0.0,9.0,1.0,0.0,35.0,14.0,2.0,24.0,7.0,4.0,5.0,67.0,0.0,11.0,0.0,21.0,3.0,1.0,22.0,0.0,38.0,49.0,2.0,44.0,7.0,37.0,25.0,44.0,1.0,10.0,0.0,0.0,36.0,5.0,0.0,30.0,31.0,1.0,103.0,0.0,0.0,17.0,1.0,0.0,1.0,36.0,6.0,0.0,0.0,2.0,6.0,8.0,0.0,20.0,9.0,0.0,1.0,0.0,19.0,32.0,0.0,15.0,5.0,1.0
47,214692441.0,18.0,51.0,74.0,32.0,117.0,44.0,90.0,92.0,120.0,0.0,55.0,92.0,15.0,89.0,16.0,7.0,24.0,70.0,158.0,34.0,28.0,24.0,102.0,83.0,97.0,6.0,96.0,21.0,22.0,2.0,52.0,0.0,15.0,0.0,3.0,45.0,90.0,18.0,121.0,10.0,3.0,12.0,335.0,3.0,2.0,21.0,0.0,10.0,0.0,79.0,0.0,55.0,45.0,4.0,103.0,1.0,30.0,201.0,120.0,3.0,31.0,0.0,0.0,54.0,11.0,0.0,59.0,55.0,3.0,179.0,0.0,0.0,52.0,2.0,0.0,0.0,30.0,6.0,0.0,1.0,4.0,0.0,27.0,0.0,584.0,31.0,0.0,0.0,0.0,159.0,143.0,0.0,16.0,26.0,2.0
48,215728577.0,1.0,16.0,7.0,1.0,7.0,7.0,13.0,7.0,7.0,0.0,11.0,6.0,2.0,15.0,4.0,1.0,0.0,13.0,12.0,5.0,7.0,1.0,10.0,14.0,19.0,1.0,2.0,2.0,2.0,0.0,3.0,0.0,4.0,0.0,0.0,3.0,9.0,1.0,10.0,0.0,3.0,2.0,19.0,0.0,0.0,3.0,10.0,0.0,0.0,8.0,0.0,6.0,2.0,2.0,12.0,0.0,3.0,6.0,18.0,0.0,1.0,0.0,0.0,14.0,2.0,0.0,11.0,10.0,2.0,13.0,0.0,0.0,8.0,0.0,0.0,0.0,5.0,3.0,0.0,0.0,0.0,0.0,6.0,0.0,7.0,1.0,0.0,0.0,0.0,4.0,6.0,0.0,6.0,9.0,0.0
49,223394024.0,0.0,1.0,0.0,0.0,0.0,0.0,0.0,0.0,0.0,0.0,1.0,0.0,0.0,1.0,0.0,0.0,0.0,1.0,3.0,1.0,0.0,0.0,0.0,0.0,0.0,0.0,1.0,0.0,0.0,0.0,1.0,0.0,0.0,0.0,0.0,0.0,0.0,0.0,1.0,0.0,0.0,1.0,0.0,0.0,0.0,1.0,0.0,0.0,0.0,0.0,0.0,0.0,0.0,0.0,0.0,0.0,0.0,0.0,1.0,0.0,0.0,0.0,0.0,0.0,0.0,0.0,0.0,0.0,0.0,2.0,0.0,0.0,0.0,0.0,0.0,0.0,1.0,0.0,0.0,0.0,0.0,0.0,0.0,0.0,0.0,0.0,0.0,0.0,0.0,0.0,2.0,0.0,0.0,0.0,0.0
50,232333839.0,28.0,31.0,75.0,28.0,200.0,26.0,79.0,117.0,103.0,0.0,62.0,222.0,14.0,85.0,13.0,2.0,5.0,69.0,193.0,26.0,29.0,7.0,36.0,67.0,64.0,0.0,29.0,24.0,18.0,1.0,21.0,0.0,15.0,0.0,3.0,36.0,69.0,2.0,72.0,15.0,4.0,92.0,166.0,4.0,3.0,22.0,79.0,8.0,0.0,0.0,0.0,40.0,18.0,8.0,83.0,3.0,27.0,24.0,172.0,2.0,13.0,0.0,0.0,78.0,6.0,0.0,57.0,66.0,8.0,229.0,0.0,0.0,47.0,0.0,0.0,0.0,27.0,8.0,0.0,1.0,0.0,1.0,25.0,0.0,28.0,7.0,0.0,0.0,0.0,38.0,63.0,1.0,19.0,20.0,1.0
51,232823702.0,0.0,0.0,0.0,0.0,0.0,0.0,0.0,0.0,0.0,0.0,0.0,0.0,0.0,0.0,0.0,0.0,0.0,0.0,0.0,0.0,0.0,0.0,0.0,0.0,0.0,0.0,0.0,0.0,0.0,0.0,0.0,0.0,0.0,0.0,0.0,0.0,0.0,0.0,0.0,0.0,0.0,0.0,0.0,0.0,0.0,0.0,0.0,0.0,0.0,0.0,0.0,0.0,0.0,0.0,0.0,0.0,0.0,0.0,0.0,0.0,0.0,0.0,0.0,0.0,0.0,0.0,0.0,0.0,0.0,0.0,0.0,0.0,0.0,0.0,0.0,0.0,0.0,0.0,0.0,0.0,0.0,0.0,0.0,0.0,0.0,0.0,0.0,0.0,0.0,0.0,0.0,0.0,0.0,0.0,0.0
52,236837404.0,6.0,37.0,27.0,38.0,100.0,17.0,87.0,54.0,148.0,0.0,32.0,39.0,11.0,59.0,9.0,5.0,5.0,36.0,102.0,53.0,47.0,5.0,49.0,60.0,104.0,0.0,77.0,33.0,10.0,2.0,58.0,1.0,21.0,2.0,7.0,103.0,43.0,7.0,65.0,9.0,7.0,6.0,137.0,5.0,23.0,38.0,55.0,6.0,0.0,40.0,0.0,0.0,111.0,11.0,100.0,23.0,71.0,45.0,120.0,5.0,17.0,0.0,1.0,58.0,18.0,0.0,89.0,63.0,7.0,168.0,0.0,0.0,39.0,1.0,1.0,4.0,51.0,17.0,0.0,1.0,3.0,9.0,30.0,0.0,42.0,8.0,0.0,0.0,0.0,58.0,60.0,1.0,15.0,17.0,2.0
53,237519969.0,5.0,22.0,18.0,50.0,118.0,13.0,65.0,45.0,160.0,0.0,19.0,33.0,5.0,36.0,10.0,7.0,17.0,26.0,116.0,39.0,34.0,3.0,40.0,37.0,79.0,0.0,105.0,49.0,12.0,5.0,55.0,1.0,19.0,1.0,6.0,98.0,40.0,2.0,41.0,10.0,4.0,4.0,196.0,7.0,22.0,49.0,45.0,2.0,0.0,18.0,0.0,111.0,0.0,8.0,84.0,21.0,61.0,66.0,84.0,4.0,33.0,0.0,0.0,54.0,11.0,0.0,69.0,40.0,4.0,207.0,0.0,0.0,30.0,2.0,0.0,1.0,88.0,12.0,1.0,1.0,10.0,9.0,27.0,0.0,48.0,11.0,0.0,0.0,0.0,56.0,62.0,2.0,17.0,10.0,1.0
54,244326533.0,1.0,7.0,4.0,4.0,17.0,4.0,13.0,6.0,63.0,0.0,16.0,7.0,3.0,35.0,49.0,0.0,1.0,13.0,23.0,20.0,66.0,0.0,6.0,26.0,15.0,1.0,7.0,16.0,3.0,0.0,14.0,2.0,36.0,1.0,0.0,13.0,7.0,1.0,11.0,3.0,20.0,2.0,26.0,53.0,2.0,2.0,4.0,2.0,0.0,8.0,0.0,11.0,8.0,0.0,38.0,16.0,15.0,5.0,46.0,18.0,1.0,0.0,15.0,495.0,21.0,0.0,12.0,11.0,16.0,26.0,0.0,0.0,11.0,23.0,9.0,10.0,8.0,52.0,26.0,1.0,0.0,17.0,18.0,41.0,6.0,1.0,0.0,2.0,1.0,9.0,3.0,12.0,30.0,24.0,10.0
55,245650642.0,17.0,68.0,51.0,37.0,173.0,41.0,153.0,89.0,232.0,0.0,96.0,105.0,12.0,160.0,35.0,4.0,20.0,120.0,341.0,85.0,69.0,24.0,124.0,135.0,134.0,8.0,88.0,63.0,27.0,2.0,114.0,2.0,44.0,4.0,6.0,69.0,96.0,11.0,141.0,18.0,24.0,38.0,419.0,10.0,76.0,44.0,103.0,12.0,0.0,83.0,0.0,100.0,84.0,38.0,0.0,128.0,69.0,237.0,233.0,9.0,23.0,0.0,6.0,222.0,51.0,0.0,88.0,151.0,15.0,341.0,0.0,0.0,116.0,9.0,10.0,14.0,91.0,50.0,2.0,1.0,13.0,73.0,70.0,7.0,113.0,14.0,0.0,0.0,0.0,103.0,117.0,2.0,56.0,39.0,8.0
56,252289482.0,0.0,3.0,3.0,4.0,25.0,0.0,7.0,6.0,30.0,0.0,6.0,2.0,0.0,6.0,7.0,0.0,0.0,5.0,15.0,6.0,11.0,0.0,4.0,3.0,14.0,0.0,9.0,16.0,0.0,0.0,16.0,0.0,2.0,1.0,0.0,13.0,2.0,0.0,12.0,1.0,2.0,0.0,46.0,1.0,296.0,7.0,1.0,0.0,0.0,3.0,0.0,23.0,21.0,16.0,128.0,0.0,18.0,6.0,16.0,5.0,1.0,0.0,2.0,44.0,9.0,0.0,8.0,5.0,1.0,36.0,0.0,0.0,2.0,21.0,1.0,75.0,14.0,15.0,2.0,0.0,2.0,245.0,11.0,2.0,5.0,1.0,0.0,0.0,0.0,6.0,11.0,0.0,8.0,5.0,2.0
57,253087503.0,4.0,27.0,11.0,11.0,75.0,16.0,48.0,38.0,111.0,0.0,35.0,32.0,5.0,42.0,10.0,2.0,4.0,29.0,73.0,49.0,37.0,7.0,23.0,40.0,46.0,1.0,32.0,20.0,13.0,2.0,40.0,0.0,40.0,2.0,3.0,61.0,28.0,1.0,46.0,4.0,8.0,4.0,85.0,9.0,19.0,37.0,30.0,3.0,0.0,27.0,0.0,71.0,61.0,15.0,69.0,18.0,0.0,24.0,117.0,3.0,8.0,0.0,0.0,74.0,12.0,0.0,57.0,45.0,7.0,124.0,0.0,0.0,27.0,2.0,0.0,0.0,38.0,9.0,0.0,1.0,5.0,4.0,18.0,1.0,18.0,5.0,0.0,3.0,0.0,30.0,29.0,5.0,20.0,20.0,1.0
58,260724365.0,12.0,36.0,37.0,35.0,54.0,19.0,83.0,35.0,111.0,0.0,45.0,37.0,8.0,73.0,5.0,11.0,218.0,150.0,204.0,50.0,23.0,6.0,160.0,58.0,80.0,51.0,210.0,18.0,13.0,1.0,196.0,0.0,14.0,0.0,36.0,34.0,50.0,30.0,51.0,10.0,6.0,6.0,1203.0,2.0,14.0,25.0,201.0,6.0,0.0,24.0,0.0,45.0,66.0,5.0,237.0,6.0,24.0,0.0,53.0,3.0,16.0,0.0,1.0,77.0,10.0,0.0,37.0,93.0,3.0,134.0,0.0,0.0,53.0,1.0,0.0,0.0,67.0,9.0,1.0,1.0,20.0,2.0,33.0,0.0,455.0,18.0,0.0,0.0,0.0,241.0,338.0,1.0,17.0,13.0,1.0
59,261885661.0,15.0,115.0,47.0,53.0,277.0,39.0,200.0,162.0,396.0,0.0,216.0,173.0,13.0,323.0,26.0,7.0,5.0,192.0,377.0,164.0,120.0,6.0,65.0,266.0,231.0,3.0,52.0,43.0,17.0,2.0,89.0,2.0,97.0,1.0,8.0,132.0,81.0,4.0,221.0,15.0,20.0,56.0,327.0,27.0,13.0,44.0,120.0,18.0,1.0,172.0,0.0,120.0,84.0,46.0,233.0,16.0,117.0,53.0,0.0,5.0,21.0,0.0,2.0,330.0,22.0,0.0,143.0,209.0,17.0,612.0,0.0,0.0,95.0,3.0,2.0,2.0,59.0,42.0,4.0,2.0,5.0,1.0,39.0,1.0,49.0,5.0,0.0,4.0,1.0,72.0,101.0,10.0,67.0,56.0,3.0
60,265509222.0,1.0,3.0,1.0,1.0,4.0,4.0,4.0,2.0,3.0,0.0,3.0,2.0,1.0,6.0,7.0,0.0,0.0,1.0,3.0,3.0,8.0,2.0,4.0,5.0,6.0,0.0,4.0,4.0,3.0,0.0,5.0,5.0,2.0,0.0,0.0,4.0,3.0,0.0,4.0,1.0,2.0,0.0,7.0,7.0,2.0,1.0,3.0,0.0,0.0,2.0,0.0,5.0,4.0,18.0,9.0,5.0,3.0,3.0,5.0,0.0,2.0,0.0,17.0,25.0,13.0,0.0,4.0,2.0,4.0,5.0,0.0,0.0,3.0,38.0,6.0,9.0,4.0,27.0,2.0,0.0,0.0,7.0,15.0,10.0,3.0,2.0,0.0,0.0,0.0,3.0,1.0,0.0,6.0,3.0,14.0
61,266652338.0,5.0,3.0,7.0,19.0,75.0,6.0,21.0,20.0,43.0,0.0,8.0,14.0,4.0,11.0,1.0,5.0,2.0,2.0,63.0,9.0,5.0,5.0,45.0,19.0,21.0,0.0,128.0,2.0,6.0,1.0,37.0,0.0,6.0,0.0,0.0,32.0,22.0,2.0,15.0,4.0,0.0,3.0,148.0,2.0,1.0,10.0,31.0,1.0,0.0,13.0,0.0,17.0,33.0,1.0,23.0,1.0,8.0,16.0,21.0,2.0,0.0,0.0,0.0,8.0,1.0,0.0,14.0,20.0,0.0,152.0,0.0,0.0,13.0,0.0,0.0,0.0,82.0,0.0,0.0,0.0,4.0,0.0,5.0,0.0,22.0,7.0,0.0,0.0,0.0,10.0,14.0,0.0,2.0,1.0,0.0
62,266725461.0,0.0,0.0,0.0,0.0,0.0,0.0,0.0,0.0,0.0,0.0,0.0,0.0,0.0,0.0,0.0,0.0,0.0,0.0,0.0,0.0,0.0,0.0,0.0,0.0,0.0,0.0,0.0,0.0,0.0,0.0,0.0,0.0,0.0,0.0,0.0,0.0,0.0,0.0,0.0,0.0,0.0,0.0,0.0,0.0,0.0,0.0,0.0,0.0,0.0,0.0,0.0,0.0,0.0,0.0,0.0,0.0,0.0,0.0,0.0,0.0,0.0,0.0,0.0,0.0,0.0,0.0,0.0,0.0,0.0,0.0,0.0,0.0,0.0,0.0,0.0,0.0,0.0,0.0,0.0,0.0,0.0,0.0,0.0,0.0,0.0,0.0,0.0,0.0,0.0,0.0,0.0,0.0,0.0,0.0,0.0
63,267605023.0,0.0,0.0,0.0,1.0,0.0,0.0,0.0,0.0,0.0,0.0,0.0,0.0,0.0,8.0,6.0,0.0,0.0,0.0,1.0,0.0,5.0,0.0,0.0,5.0,2.0,0.0,0.0,0.0,0.0,0.0,1.0,12.0,3.0,0.0,0.0,0.0,0.0,0.0,0.0,0.0,2.0,0.0,2.0,6.0,1.0,0.0,0.0,0.0,0.0,0.0,0.0,1.0,0.0,15.0,6.0,2.0,0.0,1.0,2.0,17.0,0.0,0.0,0.0,16.0,13.0,0.0,4.0,0.0,6.0,3.0,0.0,0.0,0.0,33.0,27.0,2.0,0.0,34.0,1.0,0.0,0.0,3.0,4.0,8.0,0.0,0.0,0.0,0.0,0.0,0.0,0.0,0.0,2.0,2.0,16.0
64,267822363.0,6.0,82.0,35.0,40.0,193.0,32.0,146.0,71.0,376.0,0.0,186.0,101.0,10.0,279.0,104.0,3.0,28.0,136.0,243.0,146.0,154.0,18.0,40.0,230.0,167.0,12.0,62.0,55.0,16.0,1.0,91.0,3.0,150.0,7.0,8.0,73.0,61.0,10.0,129.0,9.0,41.0,19.0,254.0,81.0,15.0,36.0,54.0,14.0,0.0,78.0,0.0,58.0,54.0,495.0,222.0,44.0,74.0,77.0,330.0,25.0,8.0,0.0,16.0,0.0,51.0,0.0,82.0,117.0,27.0,337.0,0.0,0.0,75.0,39.0,21.0,3.0,80.0,105.0,34.0,1.0,4.0,50.0,55.0,50.0,46.0,5.0,0.0,6.0,3.0,43.0,47.0,20.0,105.0,118.0,15.0
65,268139655.0,1.0,17.0,8.0,5.0,13.0,14.0,21.0,6.0,23.0,0.0,14.0,13.0,3.0,30.0,25.0,1.0,1.0,16.0,19.0,20.0,10.0,5.0,16.0,31.0,25.0,1.0,10.0,18.0,8.0,0.0,13.0,21.0,19.0,1.0,0.0,10.0,18.0,3.0,23.0,2.0,10.0,0.0,34.0,0.0,2.0,5.0,11.0,2.0,0.0,6.0,0.0,18.0,11.0,21.0,51.0,9.0,12.0,10.0,22.0,13.0,1.0,0.0,13.0,51.0,0.0,0.0,21.0,15.0,16.0,30.0,0.0,0.0,16.0,14.0,30.0,10.0,12.0,47.0,0.0,1.0,0.0,12.0,30.0,4.0,12.0,2.0,0.0,0.0,0.0,17.0,8.0,1.0,22.0,23.0,10.0
66,269680826.0,0.0,0.0,0.0,0.0,0.0,0.0,0.0,0.0,0.0,0.0,0.0,0.0,0.0,0.0,0.0,0.0,0.0,0.0,0.0,0.0,0.0,0.0,0.0,0.0,0.0,0.0,0.0,0.0,0.0,0.0,0.0,0.0,0.0,0.0,0.0,0.0,0.0,0.0,0.0,0.0,0.0,0.0,0.0,0.0,0.0,0.0,0.0,0.0,0.0,0.0,0.0,0.0,0.0,0.0,0.0,0.0,0.0,0.0,0.0,0.0,0.0,0.0,0.0,0.0,0.0,0.0,0.0,0.0,0.0,0.0,0.0,0.0,0.0,0.0,0.0,0.0,0.0,0.0,0.0,0.0,0.0,0.0,0.0,0.0,0.0,0.0,0.0,0.0,0.0,0.0,0.0,0.0,0.0,0.0,0.0
67,271129460.0,5.0,50.0,33.0,64.0,92.0,32.0,143.0,68.0,166.0,0.0,50.0,64.0,10.0,91.0,14.0,12.0,26.0,76.0,106.0,81.0,45.0,4.0,42.0,81.0,167.0,10.0,80.0,32.0,15.0,1.0,56.0,1.0,29.0,1.0,40.0,74.0,48.0,3.0,82.0,5.0,12.0,4.0,170.0,10.0,10.0,30.0,59.0,11.0,0.0,57.0,0.0,89.0,69.0,12.0,88.0,8.0,57.0,37.0,143.0,4.0,14.0,0.0,4.0,82.0,21.0,0.0,0.0,95.0,8.0,171.0,0.0,0.0,46.0,2.0,2.0,1.0,42.0,21.0,1.0,1.0,2.0,1.0,31.0,0.0,34.0,6.0,0.0,1.0,0.0,72.0,48.0,2.0,28.0,20.0,3.0
68,274982664.0,10.0,64.0,40.0,42.0,115.0,27.0,159.0,57.0,206.0,0.0,74.0,87.0,14.0,121.0,14.0,12.0,61.0,130.0,181.0,79.0,40.0,0.0,56.0,105.0,130.0,37.0,64.0,40.0,15.0,1.0,74.0,1.0,29.0,2.0,86.0,54.0,57.0,4.0,101.0,14.0,12.0,17.0,386.0,8.0,10.0,31.0,55.0,10.0,0.0,66.0,0.0,63.0,40.0,11.0,151.0,5.0,45.0,93.0,209.0,2.0,20.0,0.0,0.0,117.0,15.0,0.0,95.0,0.0,11.0,268.0,0.0,0.0,71.0,2.0,0.0,1.0,48.0,34.0,1.0,1.0,1.0,0.0,33.0,2.0,73.0,4.0,0.0,1.0,0.0,97.0,86.0,2.0,30.0,19.0,1.0
69,275942684.0,0.0,10.0,2.0,2.0,8.0,7.0,12.0,1.0,13.0,0.0,7.0,12.0,0.0,18.0,17.0,0.0,0.0,12.0,9.0,11.0,8.0,0.0,6.0,18.0,13.0,1.0,1.0,3.0,2.0,0.0,8.0,3.0,10.0,0.0,0.0,4.0,9.0,1.0,11.0,0.0,7.0,0.0,16.0,0.0,0.0,1.0,3.0,2.0,0.0,8.0,0.0,7.0,4.0,16.0,15.0,1.0,7.0,3.0,17.0,4.0,0.0,0.0,6.0,27.0,16.0,0.0,8.0,11.0,0.0,18.0,0.0,0.0,11.0,5.0,13.0,2.0,6.0,17.0,0.0,0.0,0.0,2.0,9.0,1.0,5.0,0.0,0.0,0.0,0.0,9.0,1.0,1.0,11.0,7.0,3.0
70,276991521.0,41.0,103.0,82.0,116.0,1118.0,51.0,313.0,214.0,628.0,0.0,193.0,240.0,31.0,307.0,24.0,6.0,25.0,246.0,1064.0,157.0,119.0,54.0,170.0,252.0,265.0,4.0,307.0,69.0,41.0,3.0,181.0,1.0,80.0,8.0,9.0,195.0,141.0,9.0,219.0,29.0,21.0,185.0,840.0,16.0,45.0,103.0,179.0,13.0,2.0,229.0,0.0,168.0,207.0,26.0,341.0,36.0,124.0,134.0,612.0,5.0,152.0,0.0,3.0,337.0,30.0,0.0,171.0,268.0,18.0,0.0,0.0,0.0,154.0,4.0,3.0,5.0,417.0,38.0,0.0,2.0,6.0,17.0,67.0,0.0,100.0,28.0,0.0,1.0,0.0,118.0,173.0,5.0,65.0,51.0,3.0
71,285310298.0,0.0,0.0,0.0,0.0,0.0,0.0,0.0,0.0,0.0,0.0,0.0,0.0,0.0,0.0,0.0,0.0,0.0,0.0,0.0,0.0,0.0,0.0,0.0,0.0,0.0,0.0,0.0,0.0,0.0,0.0,0.0,0.0,0.0,0.0,0.0,0.0,0.0,0.0,0.0,0.0,0.0,0.0,0.0,0.0,0.0,0.0,0.0,0.0,0.0,0.0,0.0,0.0,0.0,0.0,0.0,0.0,0.0,0.0,0.0,0.0,0.0,0.0,0.0,0.0,0.0,0.0,0.0,0.0,0.0,0.0,0.0,0.0,0.0,0.0,0.0,0.0,0.0,0.0,0.0,0.0,0.0,0.0,0.0,0.0,0.0,0.0,0.0,0.0,0.0,0.0,0.0,0.0,0.0,0.0,0.0
72,294523668.0,0.0,0.0,0.0,0.0,0.0,0.0,0.0,0.0,0.0,0.0,0.0,0.0,0.0,0.0,0.0,0.0,0.0,0.0,0.0,0.0,0.0,0.0,0.0,0.0,0.0,0.0,0.0,0.0,0.0,0.0,0.0,0.0,0.0,0.0,0.0,0.0,0.0,0.0,0.0,0.0,0.0,0.0,0.0,0.0,0.0,0.0,0.0,0.0,0.0,0.0,0.0,0.0,0.0,0.0,0.0,0.0,0.0,0.0,0.0,0.0,0.0,0.0,0.0,0.0,0.0,0.0,0.0,0.0,0.0,0.0,0.0,0.0,0.0,0.0,0.0,0.0,0.0,0.0,0.0,0.0,0.0,0.0,0.0,0.0,0.0,0.0,0.0,0.0,0.0,0.0,0.0,0.0,0.0,0.0,0.0
73,295086635.0,8.0,55.0,31.0,15.0,88.0,26.0,100.0,39.0,82.0,0.0,56.0,74.0,8.0,80.0,17.0,1.0,1.0,55.0,111.0,60.0,19.0,24.0,47.0,83.0,65.0,1.0,43.0,21.0,28.0,0.0,50.0,1.0,23.0,3.0,0.0,24.0,83.0,2.0,73.0,15.0,10.0,2.0,157.0,1.0,3.0,17.0,52.0,8.0,0.0,47.0,0.0,39.0,30.0,11.0,116.0,2.0,27.0,53.0,95.0,3.0,13.0,0.0,0.0,75.0,16.0,0.0,46.0,71.0,11.0,154.0,0.0,0.0,0.0,0.0,0.0,0.0,48.0,22.0,0.0,1.0,1.0,0.0,30.0,0.0,51.0,15.0,0.0,0.0,0.0,42.0,31.0,1.0,27.0,32.0,2.0
74,301062162.0,0.0,0.0,0.0,0.0,1.0,0.0,3.0,1.0,4.0,0.0,1.0,0.0,0.0,8.0,8.0,0.0,1.0,0.0,0.0,3.0,3.0,0.0,2.0,5.0,5.0,0.0,3.0,1.0,0.0,1.0,2.0,67.0,7.0,0.0,0.0,2.0,1.0,0.0,3.0,0.0,1.0,0.0,7.0,10.0,4.0,1.0,2.0,0.0,0.0,0.0,0.0,1.0,2.0,23.0,9.0,21.0,2.0,1.0,3.0,38.0,0.0,0.0,33.0,39.0,14.0,0.0,2.0,2.0,5.0,4.0,0.0,0.0,0.0,0.0,88.0,6.0,1.0,100.0,4.0,0.0,0.0,1.0,9.0,25.0,1.0,0.0,0.0,0.0,0.0,1.0,2.0,0.0,2.0,3.0,28.0
75,301387285.0,0.0,0.0,0.0,0.0,0.0,0.0,0.0,0.0,2.0,0.0,0.0,0.0,0.0,12.0,10.0,0.0,2.0,1.0,2.0,0.0,2.0,0.0,0.0,9.0,3.0,0.0,0.0,0.0,0.0,0.0,2.0,90.0,10.0,0.0,0.0,0.0,0.0,0.0,1.0,0.0,1.0,0.0,5.0,3.0,2.0,0.0,0.0,0.0,0.0,0.0,0.0,1.0,0.0,9.0,10.0,1.0,0.0,0.0,2.0,6.0,0.0,0.0,27.0,21.0,30.0,0.0,2.0,0.0,13.0,3.0,0.0,0.0,0.0,88.0,0.0,6.0,0.0,77.0,0.0,0.0,0.0,3.0,1.0,7.0,0.0,0.0,0.0,0.0,0.0,0.0,1.0,0.0,6.0,1.0,11.0
76,303877284.0,0.0,0.0,0.0,1.0,5.0,0.0,0.0,0.0,2.0,0.0,0.0,0.0,0.0,0.0,3.0,0.0,0.0,0.0,1.0,1.0,2.0,0.0,0.0,1.0,0.0,0.0,1.0,1.0,0.0,0.0,1.0,1.0,0.0,0.0,0.0,2.0,0.0,0.0,0.0,0.0,4.0,0.0,7.0,0.0,22.0,1.0,0.0,0.0,0.0,0.0,0.0,4.0,1.0,10.0,14.0,75.0,0.0,0.0,2.0,9.0,0.0,0.0,2.0,3.0,10.0,0.0,1.0,1.0,2.0,5.0,0.0,0.0,0.0,6.0,6.0,0.0,1.0,15.0,1.0,0.0,0.0,65.0,5.0,1.0,0.0,0.0,0.0,0.0,0.0,0.0,0.0,0.0,3.0,1.0,2.0
77,305570199.0,6.0,26.0,18.0,56.0,245.0,18.0,70.0,37.0,165.0,0.0,57.0,34.0,10.0,69.0,11.0,6.0,11.0,26.0,134.0,85.0,27.0,14.0,69.0,81.0,72.0,0.0,232.0,12.0,21.0,0.0,83.0,0.0,52.0,0.0,7.0,79.0,50.0,2.0,44.0,7.0,6.0,12.0,290.0,4.0,15.0,36.0,30.0,5.0,1.0,27.0,0.0,51.0,88.0,8.0,91.0,14.0,38.0,67.0,59.0,4.0,82.0,0.0,0.0,80.0,12.0,0.0,42.0,48.0,6.0,417.0,0.0,0.0,48.0,1.0,0.0,1.0,0.0,16.0,0.0,1.0,6.0,7.0,27.0,0.0,23.0,14.0,0.0,0.0,0.0,35.0,30.0,4.0,21.0,15.0,1.0
78,314182036.0,0.0,26.0,10.0,7.0,16.0,11.0,35.0,3.0,35.0,0.0,24.0,20.0,1.0,49.0,31.0,1.0,10.0,30.0,22.0,31.0,17.0,1.0,11.0,52.0,36.0,2.0,16.0,7.0,5.0,0.0,19.0,40.0,29.0,0.0,2.0,7.0,18.0,1.0,28.0,0.0,15.0,0.0,42.0,10.0,7.0,6.0,6.0,3.0,0.0,8.0,0.0,17.0,12.0,52.0,50.0,15.0,9.0,9.0,42.0,27.0,0.0,0.0,34.0,105.0,47.0,0.0,21.0,34.0,17.0,38.0,0.0,0.0,22.0,100.0,77.0,15.0,16.0,0.0,6.0,0.0,0.0,9.0,23.0,20.0,7.0,0.0,0.0,0.0,0.0,16.0,7.0,1.0,22.0,22.0,33.0
79,316728267.0,0.0,2.0,1.0,2.0,2.0,0.0,2.0,0.0,0.0,0.0,3.0,0.0,0.0,2.0,5.0,0.0,0.0,2.0,0.0,0.0,1.0,0.0,0.0,2.0,2.0,0.0,0.0,1.0,0.0,0.0,0.0,0.0,1.0,0.0,0.0,0.0,1.0,0.0,1.0,0.0,2.0,0.0,3.0,6.0,0.0,0.0,0.0,0.0,0.0,0.0,0.0,0.0,1.0,26.0,2.0,2.0,0.0,1.0,4.0,2.0,0.0,0.0,1.0,34.0,0.0,0.0,1.0,1.0,0.0,0.0,0.0,0.0,0.0,4.0,0.0,1.0,0.0,6.0,0.0,1.0,1.0,1.0,2.0,3.0,0.0,0.0,0.0,0.0,0.0,0.0,0.0,0.0,2.0,4.0,1.0
80,317262357.0,0.0,1.0,0.0,0.0,1.0,1.0,1.0,0.0,1.0,0.0,0.0,1.0,1.0,1.0,2.0,0.0,0.0,1.0,1.0,1.0,0.0,0.0,1.0,1.0,1.0,0.0,1.0,1.0,1.0,0.0,0.0,0.0,0.0,0.0,0.0,1.0,2.0,0.0,1.0,0.0,0.0,0.0,1.0,0.0,0.0,0.0,1.0,0.0,0.0,1.0,0.0,1.0,1.0,1.0,1.0,0.0,1.0,1.0,2.0,0.0,0.0,0.0,0.0,1.0,1.0,0.0,1.0,1.0,0.0,2.0,0.0,0.0,1.0,0.0,0.0,0.0,1.0,0.0,1.0,0.0,0.0,0.0,1.0,0.0,1.0,0.0,0.0,0.0,0.0,1.0,0.0,0.0,0.0,0.0,0.0
81,321335111.0,0.0,1.0,0.0,4.0,2.0,3.0,3.0,1.0,5.0,0.0,3.0,1.0,0.0,2.0,1.0,3.0,0.0,6.0,14.0,1.0,1.0,0.0,1.0,2.0,3.0,0.0,13.0,1.0,2.0,0.0,9.0,0.0,0.0,1.0,0.0,3.0,1.0,0.0,4.0,0.0,0.0,1.0,29.0,1.0,1.0,2.0,4.0,0.0,0.0,0.0,0.0,3.0,10.0,0.0,13.0,2.0,5.0,20.0,5.0,0.0,4.0,0.0,0.0,4.0,0.0,0.0,2.0,1.0,0.0,6.0,0.0,0.0,1.0,0.0,0.0,0.0,6.0,0.0,1.0,0.0,0.0,0.0,1.0,0.0,10.0,0.0,0.0,0.0,0.0,5.0,5.0,0.0,0.0,1.0,0.0
82,321539119.0,0.0,1.0,0.0,3.0,10.0,0.0,3.0,4.0,14.0,0.0,0.0,0.0,0.0,0.0,10.0,0.0,2.0,1.0,7.0,2.0,10.0,0.0,0.0,0.0,2.0,1.0,3.0,4.0,0.0,0.0,9.0,0.0,0.0,0.0,0.0,7.0,0.0,0.0,6.0,0.0,11.0,0.0,17.0,1.0,115.0,6.0,0.0,0.0,0.0,1.0,0.0,9.0,9.0,17.0,73.0,245.0,4.0,2.0,1.0,7.0,0.0,0.0,3.0,50.0,12.0,0.0,1.0,0.0,2.0,17.0,0.0,0.0,0.0,1.0,3.0,65.0,7.0,9.0,1.0,0.0,0.0,0.0,7.0,3.0,0.0,0.0,0.0,0.0,0.0,1.0,2.0,0.0,9.0,7.0,1.0
83,365672609.0,5.0,29.0,16.0,13.0,36.0,16.0,56.0,23.0,51.0,0.0,25.0,30.0,6.0,38.0,24.0,1.0,6.0,32.0,37.0,29.0,28.0,6.0,21.0,49.0,44.0,5.0,33.0,29.0,8.0,1.0,23.0,1.0,17.0,0.0,2.0,16.0,38.0,2.0,40.0,4.0,11.0,2.0,92.0,4.0,4.0,8.0,27.0,6.0,0.0,25.0,0.0,30.0,27.0,18.0,70.0,11.0,18.0,33.0,39.0,15.0,5.0,0.0,4.0,55.0,30.0,0.0,31.0,33.0,9.0,67.0,0.0,0.0,30.0,9.0,1.0,5.0,27.0,23.0,2.0,1.0,1.0,7.0,0.0,4.0,25.0,6.0,0.0,0.0,0.0,48.0,35.0,1.0,31.0,33.0,5.0
84,371913770.0,0.0,0.0,0.0,1.0,0.0,0.0,0.0,0.0,2.0,0.0,0.0,0.0,0.0,6.0,6.0,0.0,0.0,0.0,1.0,0.0,6.0,0.0,0.0,4.0,0.0,0.0,0.0,0.0,0.0,0.0,0.0,2.0,2.0,0.0,0.0,0.0,0.0,0.0,0.0,0.0,3.0,0.0,1.0,5.0,0.0,0.0,0.0,0.0,0.0,0.0,0.0,0.0,0.0,41.0,7.0,2.0,1.0,0.0,1.0,10.0,0.0,0.0,8.0,50.0,4.0,0.0,0.0,2.0,1.0,0.0,0.0,0.0,0.0,25.0,7.0,1.0,0.0,20.0,3.0,0.0,0.0,3.0,4.0,0.0,0.0,0.0,0.0,0.0,0.0,0.0,0.0,0.0,3.0,2.0,9.0
85,383876429.0,12.0,37.0,38.0,34.0,66.0,28.0,67.0,31.0,92.0,0.0,37.0,41.0,12.0,43.0,11.0,14.0,68.0,70.0,119.0,36.0,20.0,18.0,134.0,45.0,69.0,10.0,87.0,25.0,14.0,2.0,89.0,1.0,9.0,1.0,10.0,37.0,58.0,37.0,48.0,9.0,9.0,7.0,499.0,0.0,10.0,20.0,584.0,7.0,0.0,28.0,0.0,42.0,48.0,6.0,113.0,5.0,18.0,455.0,49.0,3.0,22.0,0.0,0.0,46.0,12.0,0.0,34.0,73.0,5.0,100.0,0.0,0.0,51.0,1.0,0.0,0.0,23.0,7.0,0.0,1.0,10.0,0.0,25.0,0.0,0.0,35.0,0.0,0.0,0.0,398.0,225.0,0.0,13.0,12.0,1.0
86,394098186.0,3.0,3.0,7.0,4.0,14.0,2.0,7.0,9.0,11.0,0.0,3.0,6.0,3.0,6.0,3.0,0.0,1.0,3.0,26.0,6.0,6.0,6.0,6.0,6.0,7.0,0.0,31.0,4.0,6.0,0.0,6.0,0.0,4.0,0.0,0.0,8.0,12.0,2.0,7.0,5.0,0.0,2.0,33.0,0.0,2.0,9.0,31.0,1.0,0.0,7.0,0.0,8.0,11.0,1.0,14.0,1.0,5.0,18.0,5.0,2.0,7.0,0.0,0.0,5.0,2.0,0.0,6.0,4.0,0.0,28.0,0.0,0.0,15.0,0.0,0.0,0.0,14.0,0.0,0.0,0.0,0.0,0.0,6.0,0.0,35.0,0.0,0.0,0.0,0.0,9.0,8.0,0.0,3.0,1.0,1.0
87,402892880.0,0.0,0.0,0.0,0.0,0.0,0.0,0.0,0.0,0.0,0.0,0.0,0.0,0.0,0.0,0.0,0.0,0.0,0.0,0.0,0.0,0.0,0.0,0.0,0.0,0.0,0.0,0.0,0.0,0.0,0.0,0.0,0.0,0.0,0.0,0.0,0.0,0.0,0.0,0.0,0.0,0.0,0.0,0.0,0.0,0.0,0.0,0.0,0.0,0.0,0.0,0.0,0.0,0.0,0.0,0.0,0.0,0.0,0.0,0.0,0.0,0.0,0.0,0.0,0.0,0.0,0.0,0.0,0.0,0.0,0.0,0.0,0.0,0.0,0.0,0.0,0.0,0.0,0.0,0.0,0.0,0.0,0.0,0.0,0.0,0.0,0.0,0.0,0.0,0.0,0.0,0.0,0.0,0.0,0.0,0.0
88,409731314.0,0.0,0.0,0.0,0.0,0.0,0.0,0.0,0.0,2.0,0.0,1.0,0.0,0.0,0.0,0.0,0.0,0.0,0.0,1.0,2.0,0.0,0.0,0.0,1.0,0.0,0.0,0.0,0.0,0.0,0.0,1.0,0.0,1.0,0.0,0.0,2.0,0.0,0.0,0.0,0.0,0.0,0.0,0.0,3.0,0.0,1.0,0.0,0.0,0.0,0.0,0.0,0.0,0.0,2.0,0.0,0.0,3.0,0.0,4.0,0.0,0.0,0.0,0.0,6.0,0.0,0.0,1.0,1.0,0.0,1.0,0.0,0.0,0.0,0.0,0.0,0.0,0.0,0.0,0.0,0.0,0.0,0.0,0.0,0.0,0.0,0.0,0.0,0.0,4.0,0.0,0.0,0.0,0.0,0.0,0.0
