,0,1,2,3,4,5,6,7,8,9,10,11,12,13,14,15,16,17,18,19,20,21,22,23,24,25,26,27,28,29,30,31,32,33,34,35,36,37,38,39,40,41,42,43,44,45,46,47,48,49,50,51,52,53,54,55,56,57,58,59,60,61,62,63,64,65,66,67,68,69,70,71,72,73,74,75,76,77,78,79,80,81,82,83,84,85,86,87,88,89,90,91,92,93,94,95,96,97,98,99,100,101,102,103,104,105,106
0,-1.0,4148811.0,4970411.0,13478282.0,15985890.0,17179713.0,18086309.0,18525043.0,18787073.0,19042030.0,19712559.0,20404217.0,21501550.0,23053980.0,25161342.0,28091521.0,29560262.0,30393191.0,30641827.0,33988809.0,37593470.0,38183837.0,43282075.0,43849103.0,47625088.0,47833174.0,48959778.0,49120591.0,49416159.0,50440593.0,50645038.0,51478771.0,53224595.0,62228561.0,62575025.0,71006319.0,73082356.0,75330367.0,80293889.0,90474926.0,95644299.0,97534492.0,97921442.0,100118234.0,100994133.0,106788885.0,109392688.0,111950228.0,113855131.0,114955534.0,124407978.0,126568637.0,130052572.0,134141151.0,174147910.0,180437986.0,194008664.0,205649678.0,219225568.0,232084857.0,247494866.0,249165090.0,258730076.0,259907058.0,261905897.0,263022323.0,268445390.0,268890324.0,270934983.0,276676924.0,282256180.0,283718439.0,289594302.0,290840403.0,290895650.0,294523668.0,296358688.0,296526287.0,296532899.0,300449911.0,302039432.0,302144631.0,306977093.0,313176788.0,315491431.0,317262357.0,317401345.0,319884979.0,320685425.0,330229987.0,339559581.0,352464479.0,355553804.0,355956600.0,362973396.0,363763442.0,369123691.0,376797204.0,389239423.0,402037439.0,405438023.0,409731314.0,409763432.0,427635368.0,430459707.0,434606180.0,439459727.0
1,4148811.0,0.0,10.0,48.0,5.0,34.0,88.0,28.0,12.0,40.0,1.0,4.0,13.0,33.0,30.0,49.0,23.0,27.0,36.0,7.0,24.0,51.0,16.0,12.0,8.0,24.0,16.0,40.0,11.0,15.0,162.0,78.0,11.0,20.0,7.0,13.0,17.0,1.0,2.0,21.0,5.0,37.0,17.0,15.0,11.0,26.0,19.0,16.0,1.0,11.0,2.0,6.0,21.0,51.0,10.0,2.0,19.0,29.0,21.0,0.0,6.0,3.0,41.0,5.0,8.0,45.0,5.0,3.0,0.0,9.0,0.0,0.0,0.0,11.0,0.0,0.0,49.0,7.0,0.0,24.0,81.0,4.0,4.0,1.0,3.0,0.0,51.0,0.0,0.0,1.0,2.0,18.0,35.0,22.0,35.0,8.0,12.0,42.0,1.0,12.0,48.0,0.0,0.0,0.0,84.0,65.0,5.0
2,4970411.0,10.0,0.0,4.0,0.0,38.0,13.0,15.0,1.0,10.0,0.0,0.0,0.0,9.0,14.0,16.0,5.0,3.0,12.0,2.0,4.0,4.0,4.0,2.0,1.0,1.0,3.0,6.0,5.0,4.0,14.0,13.0,8.0,6.0,3.0,3.0,5.0,0.0,0.0,2.0,1.0,6.0,2.0,2.0,0.0,5.0,6.0,3.0,2.0,2.0,6.0,0.0,1.0,1.0,5.0,12.0,4.0,7.0,10.0,0.0,1.0,1.0,9.0,3.0,2.0,16.0,1.0,0.0,0.0,5.0,0.0,0.0,0.0,4.0,0.0,0.0,17.0,1.0,0.0,7.0,20.0,1.0,3.0,0.0,2.0,0.0,15.0,0.0,0.0,6.0,0.0,1.0,5.0,9.0,8.0,1.0,3.0,3.0,0.0,6.0,24.0,0.0,0.0,3.0,3.0,21.0,0.0
3,13478282.0,48.0,4.0,0.0,2.0,124.0,349.0,108.0,42.0,209.0,0.0,24.0,1.0,62.0,127.0,132.0,60.0,114.0,63.0,98.0,269.0,56.0,49.0,16.0,15.0,58.0,80.0,143.0,40.0,47.0,255.0,243.0,28.0,38.0,76.0,23.0,27.0,0.0,11.0,86.0,44.0,81.0,28.0,103.0,33.0,47.0,54.0,44.0,7.0,42.0,3.0,15.0,24.0,193.0,30.0,6.0,68.0,117.0,101.0,0.0,63.0,0.0,193.0,10.0,10.0,161.0,54.0,3.0,0.0,34.0,0.0,2.0,1.0,32.0,6.0,0.0,92.0,19.0,3.0,132.0,167.0,4.0,10.0,71.0,4.0,1.0,124.0,63.0,1.0,11.0,11.0,74.0,145.0,197.0,151.0,29.0,74.0,60.0,2.0,50.0,115.0,0.0,0.0,17.0,285.0,222.0,10.0
4,15985890.0,5.0,0.0,2.0,0.0,3.0,5.0,1.0,0.0,0.0,0.0,0.0,1.0,1.0,2.0,4.0,1.0,0.0,56.0,0.0,6.0,2.0,0.0,0.0,0.0,1.0,2.0,1.0,1.0,0.0,2.0,7.0,1.0,0.0,2.0,1.0,2.0,0.0,0.0,5.0,0.0,4.0,0.0,2.0,0.0,1.0,1.0,1.0,0.0,6.0,0.0,0.0,0.0,1.0,0.0,1.0,0.0,5.0,1.0,0.0,0.0,0.0,143.0,0.0,0.0,4.0,0.0,0.0,0.0,1.0,0.0,0.0,0.0,0.0,0.0,0.0,0.0,0.0,0.0,0.0,5.0,0.0,0.0,0.0,0.0,0.0,2.0,0.0,0.0,0.0,0.0,2.0,1.0,2.0,0.0,0.0,0.0,0.0,0.0,3.0,0.0,0.0,0.0,0.0,1.0,2.0,0.0
5,17179713.0,34.0,38.0,124.0,3.0,0.0,228.0,262.0,26.0,154.0,2.0,10.0,1.0,91.0,333.0,209.0,75.0,23.0,244.0,13.0,107.0,75.0,155.0,7.0,15.0,22.0,100.0,71.0,93.0,18.0,237.0,218.0,98.0,62.0,141.0,12.0,56.0,0.0,8.0,99.0,24.0,192.0,33.0,82.0,19.0,157.0,128.0,127.0,24.0,31.0,51.0,9.0,28.0,31.0,17.0,14.0,113.0,132.0,309.0,0.0,36.0,0.0,412.0,12.0,26.0,276.0,76.0,0.0,0.0,135.0,0.0,0.0,4.0,100.0,5.0,0.0,242.0,40.0,24.0,96.0,293.0,11.0,24.0,8.0,37.0,1.0,212.0,8.0,6.0,69.0,9.0,39.0,77.0,189.0,199.0,38.0,54.0,36.0,9.0,174.0,357.0,2.0,1.0,25.0,107.0,283.0,5.0
6,18086309.0,88.0,13.0,349.0,5.0,228.0,0.0,182.0,42.0,252.0,3.0,10.0,10.0,171.0,235.0,259.0,62.0,93.0,143.0,18.0,565.0,61.0,80.0,12.0,22.0,69.0,107.0,302.0,54.0,112.0,389.0,791.0,27.0,42.0,79.0,19.0,76.0,2.0,4.0,163.0,30.0,137.0,22.0,73.0,19.0,218.0,89.0,90.0,8.0,65.0,16.0,15.0,39.0,453.0,32.0,11.0,87.0,109.0,146.0,0.0,47.0,1.0,287.0,14.0,21.0,249.0,77.0,3.0,0.0,87.0,0.0,3.0,3.0,49.0,8.0,0.0,192.0,21.0,13.0,79.0,464.0,7.0,17.0,32.0,9.0,1.0,302.0,33.0,4.0,23.0,11.0,55.0,99.0,165.0,233.0,32.0,64.0,254.0,1.0,119.0,285.0,0.0,0.0,11.0,1434.0,240.0,7.0
7,18525043.0,28.0,15.0,108.0,1.0,262.0,182.0,0.0,28.0,103.0,2.0,9.0,4.0,66.0,297.0,215.0,44.0,19.0,115.0,13.0,119.0,34.0,272.0,6.0,11.0,32.0,105.0,72.0,120.0,14.0,133.0,151.0,35.0,59.0,50.0,25.0,47.0,0.0,10.0,93.0,20.0,250.0,25.0,97.0,19.0,88.0,159.0,86.0,47.0,33.0,159.0,10.0,20.0,37.0,16.0,5.0,94.0,110.0,149.0,0.0,39.0,0.0,307.0,11.0,18.0,181.0,151.0,3.0,0.0,253.0,0.0,3.0,6.0,196.0,7.0,0.0,140.0,75.0,29.0,59.0,166.0,8.0,28.0,0.0,78.0,1.0,295.0,0.0,16.0,115.0,6.0,18.0,66.0,193.0,151.0,32.0,51.0,40.0,15.0,330.0,218.0,7.0,4.0,13.0,104.0,256.0,5.0
8,18787073.0,12.0,1.0,42.0,0.0,26.0,42.0,28.0,0.0,42.0,0.0,8.0,1.0,10.0,28.0,35.0,20.0,15.0,18.0,8.0,8.0,16.0,13.0,10.0,3.0,26.0,17.0,58.0,9.0,14.0,55.0,34.0,11.0,15.0,13.0,12.0,9.0,0.0,4.0,12.0,20.0,40.0,11.0,19.0,18.0,7.0,8.0,17.0,3.0,3.0,1.0,12.0,22.0,24.0,10.0,1.0,18.0,26.0,27.0,0.0,6.0,0.0,29.0,2.0,10.0,36.0,5.0,3.0,0.0,2.0,0.0,2.0,1.0,6.0,3.0,0.0,28.0,10.0,2.0,43.0,32.0,0.0,3.0,1.0,0.0,1.0,29.0,1.0,0.0,4.0,4.0,14.0,24.0,36.0,50.0,8.0,9.0,13.0,0.0,10.0,27.0,0.0,0.0,7.0,54.0,36.0,6.0
9,19042030.0,40.0,10.0,209.0,0.0,154.0,252.0,103.0,42.0,0.0,0.0,30.0,2.0,53.0,161.0,142.0,55.0,68.0,82.0,34.0,92.0,55.0,54.0,21.0,64.0,52.0,86.0,171.0,48.0,40.0,317.0,191.0,39.0,59.0,60.0,26.0,40.0,0.0,12.0,41.0,40.0,84.0,37.0,91.0,38.0,50.0,54.0,75.0,7.0,17.0,9.0,18.0,31.0,131.0,42.0,6.0,76.0,81.0,123.0,0.0,27.0,2.0,150.0,12.0,16.0,154.0,31.0,3.0,0.0,32.0,0.0,4.0,1.0,31.0,7.0,0.0,108.0,21.0,4.0,168.0,168.0,3.0,11.0,41.0,3.0,1.0,146.0,50.0,0.0,20.0,9.0,51.0,85.0,177.0,167.0,37.0,37.0,48.0,1.0,53.0,120.0,0.0,0.0,17.0,231.0,193.0,12.0
10,19712559.0,1.0,0.0,0.0,0.0,2.0,3.0,2.0,0.0,0.0,0.0,0.0,0.0,2.0,0.0,1.0,0.0,1.0,0.0,0.0,6.0,1.0,0.0,0.0,0.0,0.0,0.0,0.0,1.0,1.0,0.0,1.0,0.0,0.0,0.0,8.0,0.0,0.0,0.0,0.0,0.0,0.0,1.0,1.0,0.0,1.0,7.0,0.0,0.0,1.0,0.0,1.0,0.0,0.0,0.0,1.0,0.0,0.0,1.0,0.0,0.0,1.0,5.0,0.0,0.0,1.0,0.0,0.0,0.0,2.0,0.0,2.0,0.0,0.0,0.0,0.0,0.0,0.0,0.0,0.0,3.0,28.0,14.0,0.0,0.0,0.0,2.0,0.0,0.0,0.0,0.0,0.0,3.0,2.0,4.0,8.0,0.0,2.0,0.0,1.0,3.0,0.0,0.0,0.0,1.0,3.0,0.0
11,20404217.0,4.0,0.0,24.0,0.0,10.0,10.0,9.0,8.0,30.0,0.0,0.0,0.0,4.0,3.0,12.0,6.0,20.0,5.0,18.0,30.0,7.0,6.0,2.0,0.0,8.0,12.0,16.0,6.0,7.0,25.0,10.0,4.0,8.0,8.0,18.0,5.0,0.0,4.0,7.0,11.0,6.0,7.0,12.0,12.0,5.0,6.0,2.0,2.0,4.0,1.0,3.0,7.0,35.0,9.0,0.0,6.0,8.0,12.0,0.0,9.0,0.0,12.0,0.0,3.0,2.0,2.0,2.0,0.0,2.0,0.0,1.0,0.0,1.0,1.0,0.0,12.0,4.0,1.0,15.0,14.0,0.0,3.0,7.0,0.0,1.0,11.0,5.0,0.0,4.0,5.0,7.0,35.0,10.0,14.0,3.0,3.0,7.0,0.0,5.0,1.0,0.0,0.0,0.0,10.0,20.0,3.0
12,21501550.0,13.0,0.0,1.0,1.0,1.0,10.0,4.0,1.0,2.0,0.0,0.0,0.0,4.0,2.0,5.0,2.0,3.0,3.0,0.0,1.0,5.0,1.0,0.0,0.0,2.0,1.0,1.0,2.0,0.0,2.0,7.0,0.0,4.0,2.0,0.0,0.0,1.0,0.0,3.0,1.0,4.0,2.0,1.0,0.0,3.0,2.0,0.0,0.0,3.0,2.0,0.0,0.0,4.0,1.0,0.0,3.0,1.0,4.0,0.0,0.0,0.0,5.0,1.0,1.0,2.0,1.0,1.0,0.0,1.0,0.0,0.0,0.0,1.0,0.0,0.0,4.0,2.0,0.0,0.0,4.0,0.0,0.0,0.0,0.0,0.0,5.0,0.0,0.0,0.0,0.0,0.0,3.0,0.0,3.0,0.0,0.0,9.0,0.0,1.0,4.0,0.0,0.0,0.0,5.0,2.0,0.0
13,23053980.0,33.0,9.0,62.0,1.0,91.0,171.0,66.0,10.0,53.0,2.0,4.0,4.0,0.0,82.0,85.0,29.0,14.0,47.0,11.0,55.0,183.0,17.0,3.0,6.0,31.0,46.0,47.0,19.0,9.0,142.0,94.0,9.0,25.0,26.0,10.0,77.0,1.0,3.0,52.0,14.0,45.0,15.0,35.0,8.0,108.0,42.0,32.0,1.0,45.0,1.0,4.0,66.0,34.0,9.0,6.0,38.0,47.0,66.0,0.0,22.0,3.0,113.0,48.0,8.0,96.0,17.0,0.0,0.0,19.0,0.0,1.0,0.0,9.0,4.0,0.0,62.0,9.0,1.0,33.0,205.0,15.0,7.0,6.0,0.0,1.0,118.0,3.0,1.0,4.0,9.0,24.0,61.0,63.0,104.0,21.0,29.0,80.0,0.0,33.0,110.0,0.0,0.0,2.0,102.0,68.0,4.0
14,25161342.0,30.0,14.0,127.0,2.0,333.0,235.0,297.0,28.0,161.0,0.0,3.0,2.0,82.0,0.0,279.0,72.0,11.0,222.0,7.0,125.0,63.0,146.0,7.0,53.0,15.0,142.0,51.0,102.0,10.0,294.0,201.0,50.0,38.0,94.0,10.0,41.0,0.0,5.0,111.0,19.0,264.0,25.0,94.0,12.0,167.0,149.0,157.0,19.0,53.0,72.0,8.0,29.0,34.0,7.0,7.0,145.0,127.0,267.0,0.0,67.0,1.0,462.0,11.0,29.0,292.0,138.0,3.0,0.0,186.0,0.0,2.0,5.0,114.0,4.0,0.0,113.0,37.0,21.0,84.0,240.0,2.0,10.0,11.0,34.0,1.0,228.0,13.0,20.0,63.0,10.0,31.0,49.0,263.0,240.0,26.0,61.0,29.0,15.0,305.0,368.0,2.0,2.0,26.0,99.0,226.0,4.0
15,28091521.0,49.0,16.0,132.0,4.0,209.0,259.0,215.0,35.0,142.0,1.0,12.0,5.0,85.0,279.0,0.0,76.0,32.0,107.0,18.0,114.0,50.0,98.0,15.0,16.0,42.0,124.0,112.0,67.0,16.0,236.0,176.0,36.0,36.0,47.0,20.0,42.0,2.0,11.0,98.0,38.0,185.0,36.0,77.0,27.0,118.0,111.0,84.0,7.0,60.0,34.0,11.0,25.0,73.0,26.0,12.0,104.0,87.0,152.0,0.0,43.0,1.0,286.0,11.0,18.0,163.0,94.0,3.0,0.0,122.0,0.0,3.0,2.0,77.0,8.0,0.0,132.0,28.0,10.0,101.0,214.0,4.0,14.0,6.0,18.0,1.0,212.0,4.0,11.0,39.0,12.0,40.0,57.0,161.0,178.0,35.0,62.0,41.0,6.0,185.0,172.0,0.0,1.0,12.0,172.0,166.0,8.0
16,29560262.0,23.0,5.0,60.0,1.0,75.0,62.0,44.0,20.0,55.0,0.0,6.0,2.0,29.0,72.0,76.0,0.0,11.0,53.0,7.0,18.0,43.0,22.0,11.0,6.0,20.0,29.0,44.0,17.0,9.0,96.0,59.0,16.0,17.0,23.0,11.0,17.0,0.0,5.0,34.0,12.0,44.0,12.0,40.0,12.0,19.0,29.0,31.0,3.0,6.0,2.0,8.0,15.0,27.0,11.0,2.0,35.0,47.0,45.0,0.0,10.0,0.0,60.0,9.0,7.0,52.0,10.0,3.0,0.0,16.0,0.0,2.0,1.0,9.0,3.0,0.0,37.0,8.0,4.0,63.0,69.0,1.0,7.0,1.0,0.0,1.0,43.0,0.0,0.0,5.0,9.0,17.0,28.0,42.0,70.0,13.0,29.0,12.0,0.0,23.0,60.0,1.0,0.0,8.0,54.0,65.0,5.0
17,30393191.0,27.0,3.0,114.0,0.0,23.0,93.0,19.0,15.0,68.0,1.0,20.0,3.0,14.0,11.0,32.0,11.0,0.0,10.0,266.0,200.0,21.0,10.0,12.0,2.0,26.0,16.0,47.0,9.0,30.0,65.0,67.0,12.0,21.0,25.0,13.0,7.0,0.0,4.0,11.0,16.0,17.0,10.0,15.0,18.0,5.0,7.0,5.0,0.0,37.0,3.0,8.0,14.0,45.0,32.0,2.0,8.0,19.0,14.0,0.0,10.0,2.0,25.0,2.0,1.0,24.0,4.0,1.0,0.0,2.0,0.0,2.0,1.0,7.0,3.0,0.0,31.0,8.0,0.0,38.0,41.0,4.0,4.0,16.0,0.0,0.0,48.0,13.0,0.0,3.0,2.0,32.0,66.0,30.0,34.0,13.0,2.0,16.0,0.0,6.0,15.0,0.0,0.0,0.0,81.0,61.0,3.0
18,30641827.0,36.0,12.0,63.0,56.0,244.0,143.0,115.0,18.0,82.0,0.0,5.0,3.0,47.0,222.0,107.0,53.0,10.0,0.0,11.0,45.0,49.0,66.0,9.0,15.0,21.0,46.0,50.0,58.0,14.0,135.0,165.0,40.0,36.0,63.0,13.0,34.0,0.0,8.0,44.0,12.0,128.0,16.0,49.0,15.0,105.0,65.0,95.0,11.0,15.0,14.0,8.0,22.0,22.0,13.0,3.0,86.0,95.0,135.0,0.0,13.0,2.0,560.0,7.0,32.0,150.0,30.0,4.0,0.0,55.0,0.0,1.0,5.0,46.0,3.0,0.0,86.0,28.0,17.0,52.0,139.0,6.0,15.0,5.0,13.0,1.0,106.0,4.0,2.0,22.0,6.0,18.0,40.0,80.0,134.0,24.0,25.0,23.0,1.0,67.0,277.0,2.0,1.0,6.0,59.0,166.0,3.0
19,33988809.0,7.0,2.0,98.0,0.0,13.0,18.0,13.0,8.0,34.0,0.0,18.0,0.0,11.0,7.0,18.0,7.0,266.0,11.0,0.0,513.0,13.0,5.0,6.0,3.0,14.0,24.0,21.0,7.0,24.0,52.0,26.0,12.0,16.0,22.0,10.0,4.0,0.0,4.0,12.0,13.0,15.0,9.0,14.0,11.0,2.0,9.0,7.0,2.0,30.0,0.0,5.0,22.0,32.0,20.0,0.0,17.0,20.0,10.0,0.0,12.0,0.0,31.0,1.0,3.0,19.0,10.0,3.0,0.0,3.0,0.0,3.0,1.0,1.0,2.0,0.0,12.0,5.0,1.0,25.0,21.0,2.0,0.0,33.0,0.0,0.0,24.0,40.0,0.0,4.0,2.0,11.0,94.0,57.0,25.0,10.0,6.0,11.0,0.0,7.0,9.0,0.0,0.0,1.0,35.0,32.0,3.0
20,37593470.0,24.0,4.0,269.0,6.0,107.0,565.0,119.0,8.0,92.0,6.0,30.0,1.0,55.0,125.0,114.0,18.0,200.0,45.0,513.0,0.0,22.0,42.0,7.0,8.0,30.0,79.0,129.0,46.0,32.0,191.0,219.0,13.0,27.0,46.0,5.0,17.0,1.0,1.0,100.0,15.0,84.0,14.0,87.0,8.0,83.0,86.0,39.0,5.0,148.0,12.0,3.0,34.0,142.0,10.0,3.0,63.0,83.0,58.0,0.0,60.0,0.0,190.0,3.0,7.0,100.0,95.0,0.0,0.0,88.0,0.0,3.0,2.0,43.0,4.0,0.0,60.0,12.0,13.0,37.0,201.0,20.0,16.0,58.0,11.0,1.0,133.0,64.0,8.0,26.0,5.0,31.0,157.0,172.0,125.0,21.0,75.0,30.0,4.0,126.0,98.0,1.0,1.0,3.0,256.0,138.0,2.0
21,38183837.0,51.0,4.0,56.0,2.0,75.0,61.0,34.0,16.0,55.0,1.0,7.0,5.0,183.0,63.0,50.0,43.0,21.0,49.0,13.0,22.0,0.0,20.0,10.0,6.0,28.0,36.0,40.0,16.0,16.0,133.0,60.0,20.0,21.0,34.0,9.0,45.0,0.0,3.0,23.0,12.0,36.0,21.0,22.0,16.0,93.0,33.0,28.0,3.0,13.0,0.0,13.0,40.0,47.0,13.0,4.0,29.0,28.0,53.0,0.0,14.0,4.0,63.0,39.0,9.0,57.0,10.0,1.0,0.0,12.0,0.0,1.0,1.0,10.0,4.0,0.0,37.0,10.0,2.0,49.0,68.0,2.0,5.0,6.0,1.0,1.0,60.0,1.0,1.0,8.0,10.0,27.0,36.0,49.0,68.0,25.0,16.0,25.0,1.0,21.0,62.0,0.0,0.0,5.0,73.0,65.0,9.0
22,43282075.0,16.0,4.0,49.0,0.0,155.0,80.0,272.0,13.0,54.0,0.0,6.0,1.0,17.0,146.0,98.0,22.0,10.0,66.0,5.0,42.0,20.0,0.0,3.0,8.0,13.0,57.0,33.0,71.0,7.0,65.0,70.0,21.0,35.0,44.0,5.0,25.0,0.0,5.0,33.0,7.0,118.0,17.0,32.0,11.0,43.0,80.0,82.0,39.0,7.0,117.0,4.0,13.0,21.0,13.0,1.0,45.0,47.0,97.0,0.0,28.0,0.0,153.0,6.0,12.0,127.0,76.0,1.0,0.0,119.0,0.0,1.0,5.0,129.0,6.0,0.0,50.0,57.0,29.0,29.0,86.0,5.0,11.0,2.0,87.0,1.0,188.0,4.0,8.0,115.0,1.0,7.0,27.0,130.0,72.0,20.0,15.0,31.0,15.0,171.0,127.0,9.0,6.0,9.0,49.0,149.0,3.0
23,43849103.0,12.0,2.0,16.0,0.0,7.0,12.0,6.0,10.0,21.0,0.0,2.0,0.0,3.0,7.0,15.0,11.0,12.0,9.0,6.0,7.0,10.0,3.0,0.0,1.0,5.0,5.0,17.0,6.0,8.0,19.0,14.0,5.0,5.0,2.0,6.0,3.0,0.0,1.0,7.0,7.0,8.0,6.0,11.0,4.0,2.0,3.0,2.0,0.0,1.0,0.0,2.0,3.0,11.0,18.0,5.0,2.0,6.0,15.0,0.0,4.0,0.0,12.0,2.0,0.0,11.0,0.0,1.0,0.0,1.0,0.0,1.0,1.0,2.0,1.0,0.0,17.0,4.0,0.0,26.0,17.0,0.0,1.0,1.0,0.0,1.0,15.0,3.0,0.0,0.0,1.0,13.0,15.0,10.0,19.0,4.0,4.0,6.0,0.0,2.0,10.0,0.0,0.0,1.0,18.0,14.0,1.0
24,47625088.0,8.0,1.0,15.0,0.0,15.0,22.0,11.0,3.0,64.0,0.0,0.0,0.0,6.0,53.0,16.0,6.0,2.0,15.0,3.0,8.0,6.0,8.0,1.0,0.0,2.0,21.0,6.0,13.0,4.0,81.0,26.0,5.0,5.0,10.0,0.0,5.0,0.0,0.0,14.0,3.0,20.0,1.0,13.0,1.0,6.0,12.0,31.0,1.0,10.0,1.0,1.0,3.0,4.0,1.0,1.0,12.0,13.0,14.0,0.0,7.0,0.0,37.0,1.0,8.0,29.0,8.0,1.0,0.0,11.0,0.0,1.0,2.0,6.0,0.0,0.0,8.0,3.0,2.0,8.0,14.0,1.0,2.0,5.0,4.0,0.0,20.0,5.0,0.0,3.0,1.0,3.0,7.0,24.0,22.0,4.0,7.0,3.0,0.0,14.0,24.0,0.0,0.0,1.0,11.0,17.0,0.0
25,47833174.0,24.0,1.0,58.0,1.0,22.0,69.0,32.0,26.0,52.0,0.0,8.0,2.0,31.0,15.0,42.0,20.0,26.0,21.0,14.0,30.0,28.0,13.0,5.0,2.0,0.0,33.0,52.0,14.0,13.0,48.0,63.0,17.0,19.0,5.0,13.0,18.0,0.0,7.0,16.0,17.0,34.0,13.0,22.0,19.0,10.0,11.0,11.0,2.0,12.0,2.0,6.0,18.0,38.0,18.0,0.0,22.0,33.0,20.0,0.0,8.0,2.0,26.0,7.0,4.0,35.0,7.0,3.0,0.0,5.0,0.0,3.0,1.0,6.0,2.0,0.0,41.0,12.0,1.0,35.0,52.0,2.0,4.0,4.0,1.0,1.0,49.0,5.0,0.0,5.0,3.0,17.0,33.0,22.0,46.0,13.0,13.0,42.0,0.0,10.0,29.0,0.0,0.0,1.0,90.0,51.0,4.0
26,48959778.0,16.0,3.0,80.0,2.0,100.0,107.0,105.0,17.0,86.0,0.0,12.0,1.0,46.0,142.0,124.0,29.0,16.0,46.0,24.0,79.0,36.0,57.0,5.0,21.0,33.0,0.0,55.0,43.0,14.0,157.0,95.0,22.0,29.0,35.0,12.0,18.0,0.0,8.0,48.0,20.0,91.0,24.0,52.0,18.0,36.0,49.0,58.0,10.0,45.0,22.0,8.0,21.0,26.0,18.0,1.0,65.0,41.0,101.0,0.0,51.0,0.0,160.0,8.0,14.0,109.0,72.0,2.0,0.0,52.0,0.0,4.0,2.0,64.0,6.0,0.0,52.0,25.0,5.0,54.0,115.0,2.0,12.0,6.0,16.0,1.0,139.0,5.0,13.0,46.0,8.0,26.0,38.0,144.0,102.0,33.0,34.0,26.0,7.0,126.0,84.0,2.0,1.0,12.0,76.0,83.0,4.0
27,49120591.0,40.0,6.0,143.0,1.0,71.0,302.0,72.0,58.0,171.0,0.0,16.0,1.0,47.0,51.0,112.0,44.0,47.0,50.0,21.0,129.0,40.0,33.0,17.0,6.0,52.0,55.0,0.0,15.0,39.0,196.0,190.0,29.0,37.0,30.0,27.0,40.0,0.0,6.0,45.0,47.0,59.0,24.0,74.0,45.0,31.0,21.0,23.0,2.0,17.0,1.0,12.0,28.0,102.0,45.0,5.0,45.0,57.0,55.0,0.0,12.0,1.0,76.0,9.0,8.0,84.0,16.0,3.0,0.0,12.0,0.0,3.0,1.0,16.0,6.0,0.0,100.0,11.0,1.0,85.0,158.0,0.0,3.0,2.0,1.0,0.0,124.0,0.0,0.0,10.0,10.0,43.0,64.0,63.0,117.0,24.0,19.0,34.0,0.0,24.0,53.0,0.0,0.0,7.0,295.0,167.0,7.0
28,49416159.0,11.0,5.0,40.0,1.0,93.0,54.0,120.0,9.0,48.0,1.0,6.0,2.0,19.0,102.0,67.0,17.0,9.0,58.0,7.0,46.0,16.0,71.0,6.0,13.0,14.0,43.0,15.0,0.0,8.0,112.0,70.0,44.0,39.0,26.0,5.0,12.0,0.0,9.0,33.0,10.0,115.0,53.0,33.0,7.0,38.0,94.0,38.0,22.0,37.0,36.0,2.0,12.0,10.0,5.0,1.0,52.0,42.0,65.0,0.0,6.0,0.0,152.0,5.0,10.0,78.0,51.0,2.0,0.0,74.0,0.0,2.0,3.0,53.0,2.0,0.0,37.0,30.0,15.0,26.0,61.0,11.0,12.0,2.0,31.0,0.0,88.0,2.0,4.0,44.0,1.0,10.0,22.0,75.0,69.0,27.0,21.0,11.0,2.0,98.0,84.0,0.0,1.0,6.0,31.0,138.0,0.0
29,50440593.0,15.0,4.0,47.0,0.0,18.0,112.0,14.0,14.0,40.0,1.0,7.0,0.0,9.0,10.0,16.0,9.0,30.0,14.0,24.0,32.0,16.0,7.0,8.0,4.0,13.0,14.0,39.0,8.0,0.0,57.0,46.0,9.0,12.0,12.0,4.0,9.0,0.0,2.0,8.0,12.0,21.0,5.0,4.0,7.0,8.0,3.0,20.0,0.0,9.0,0.0,9.0,6.0,31.0,8.0,3.0,7.0,11.0,15.0,0.0,5.0,1.0,22.0,3.0,3.0,22.0,3.0,0.0,0.0,3.0,0.0,0.0,0.0,2.0,0.0,0.0,20.0,3.0,1.0,24.0,34.0,4.0,3.0,2.0,0.0,0.0,32.0,2.0,0.0,2.0,0.0,18.0,23.0,27.0,24.0,9.0,1.0,20.0,0.0,4.0,15.0,0.0,0.0,2.0,60.0,32.0,2.0
30,50645038.0,162.0,14.0,255.0,2.0,237.0,389.0,133.0,55.0,317.0,0.0,25.0,2.0,142.0,294.0,236.0,96.0,65.0,135.0,52.0,191.0,133.0,65.0,19.0,81.0,48.0,157.0,196.0,112.0,57.0,0.0,280.0,46.0,61.0,131.0,27.0,69.0,2.0,10.0,136.0,81.0,175.0,51.0,121.0,37.0,104.0,91.0,145.0,11.0,84.0,13.0,25.0,64.0,151.0,37.0,12.0,129.0,126.0,197.0,0.0,76.0,0.0,344.0,19.0,34.0,261.0,65.0,6.0,0.0,60.0,0.0,2.0,1.0,49.0,7.0,0.0,141.0,22.0,10.0,176.0,320.0,10.0,13.0,52.0,16.0,1.0,238.0,17.0,4.0,25.0,21.0,112.0,177.0,258.0,260.0,45.0,77.0,71.0,2.0,95.0,200.0,0.0,0.0,25.0,307.0,220.0,10.0
31,51478771.0,78.0,13.0,243.0,7.0,218.0,791.0,151.0,34.0,191.0,1.0,10.0,7.0,94.0,201.0,176.0,59.0,67.0,165.0,26.0,219.0,60.0,70.0,14.0,26.0,63.0,95.0,190.0,70.0,46.0,280.0,0.0,42.0,40.0,65.0,31.0,40.0,0.0,8.0,104.0,19.0,140.0,19.0,80.0,19.0,130.0,71.0,89.0,10.0,52.0,11.0,13.0,41.0,191.0,23.0,5.0,79.0,113.0,160.0,0.0,18.0,2.0,236.0,11.0,20.0,307.0,60.0,3.0,0.0,55.0,0.0,2.0,4.0,50.0,5.0,0.0,156.0,26.0,8.0,75.0,295.0,8.0,16.0,21.0,10.0,1.0,212.0,18.0,4.0,27.0,6.0,53.0,87.0,142.0,179.0,35.0,39.0,122.0,2.0,98.0,270.0,0.0,1.0,6.0,541.0,220.0,5.0
32,53224595.0,11.0,8.0,28.0,1.0,98.0,27.0,35.0,11.0,39.0,0.0,4.0,0.0,9.0,50.0,36.0,16.0,12.0,40.0,12.0,13.0,20.0,21.0,5.0,5.0,17.0,22.0,29.0,44.0,9.0,46.0,42.0,0.0,63.0,26.0,4.0,10.0,0.0,10.0,9.0,11.0,55.0,69.0,20.0,16.0,17.0,74.0,23.0,7.0,4.0,8.0,6.0,10.0,13.0,9.0,3.0,21.0,29.0,51.0,0.0,6.0,0.0,67.0,7.0,5.0,59.0,11.0,3.0,0.0,18.0,0.0,2.0,1.0,15.0,4.0,0.0,62.0,11.0,3.0,24.0,37.0,4.0,2.0,3.0,4.0,0.0,36.0,3.0,0.0,10.0,3.0,13.0,13.0,24.0,29.0,18.0,6.0,4.0,1.0,20.0,36.0,0.0,0.0,1.0,28.0,155.0,3.0
33,62228561.0,20.0,6.0,38.0,0.0,62.0,42.0,59.0,15.0,59.0,0.0,8.0,4.0,25.0,38.0,36.0,17.0,21.0,36.0,16.0,27.0,21.0,35.0,5.0,5.0,19.0,29.0,37.0,39.0,12.0,61.0,40.0,63.0,0.0,19.0,9.0,12.0,2.0,15.0,22.0,13.0,49.0,31.0,23.0,17.0,16.0,60.0,16.0,16.0,9.0,26.0,10.0,13.0,18.0,24.0,2.0,32.0,32.0,40.0,0.0,6.0,1.0,63.0,7.0,11.0,33.0,12.0,3.0,0.0,32.0,0.0,2.0,1.0,19.0,4.0,0.0,69.0,14.0,1.0,33.0,49.0,2.0,7.0,6.0,9.0,1.0,60.0,1.0,0.0,14.0,4.0,18.0,27.0,26.0,53.0,14.0,10.0,15.0,1.0,24.0,51.0,0.0,0.0,1.0,52.0,110.0,6.0
34,62575025.0,7.0,3.0,76.0,2.0,141.0,79.0,50.0,13.0,60.0,0.0,8.0,2.0,26.0,94.0,47.0,23.0,25.0,63.0,22.0,46.0,34.0,44.0,2.0,10.0,5.0,35.0,30.0,26.0,12.0,131.0,65.0,26.0,19.0,0.0,3.0,12.0,1.0,2.0,15.0,20.0,47.0,9.0,19.0,9.0,27.0,22.0,41.0,3.0,10.0,13.0,5.0,16.0,93.0,10.0,5.0,22.0,27.0,123.0,0.0,54.0,1.0,112.0,4.0,6.0,87.0,21.0,1.0,0.0,19.0,0.0,1.0,2.0,23.0,2.0,0.0,47.0,10.0,11.0,31.0,51.0,3.0,7.0,63.0,14.0,0.0,58.0,30.0,2.0,26.0,5.0,9.0,22.0,101.0,49.0,14.0,11.0,9.0,2.0,48.0,67.0,1.0,0.0,11.0,45.0,62.0,5.0
35,71006319.0,13.0,3.0,23.0,1.0,12.0,19.0,25.0,12.0,26.0,8.0,18.0,0.0,10.0,10.0,20.0,11.0,13.0,13.0,10.0,5.0,9.0,5.0,6.0,0.0,13.0,12.0,27.0,5.0,4.0,27.0,31.0,4.0,9.0,3.0,0.0,9.0,1.0,3.0,8.0,6.0,14.0,9.0,13.0,9.0,6.0,3.0,3.0,2.0,0.0,0.0,5.0,9.0,24.0,8.0,0.0,13.0,14.0,9.0,0.0,0.0,2.0,14.0,2.0,4.0,6.0,3.0,2.0,0.0,1.0,0.0,1.0,0.0,2.0,3.0,0.0,28.0,6.0,1.0,19.0,14.0,0.0,2.0,1.0,0.0,1.0,23.0,1.0,0.0,2.0,4.0,5.0,41.0,18.0,20.0,3.0,5.0,12.0,0.0,7.0,11.0,0.0,0.0,0.0,36.0,24.0,6.0
36,73082356.0,17.0,5.0,27.0,2.0,56.0,76.0,47.0,9.0,40.0,0.0,5.0,0.0,77.0,41.0,42.0,17.0,7.0,34.0,4.0,17.0,45.0,25.0,3.0,5.0,18.0,18.0,40.0,12.0,9.0,69.0,40.0,10.0,12.0,12.0,9.0,0.0,0.0,3.0,22.0,9.0,28.0,6.0,9.0,5.0,45.0,29.0,25.0,4.0,14.0,6.0,6.0,16.0,24.0,14.0,1.0,15.0,19.0,28.0,0.0,2.0,8.0,53.0,8.0,3.0,33.0,12.0,0.0,0.0,15.0,0.0,1.0,2.0,15.0,0.0,0.0,53.0,8.0,8.0,23.0,63.0,5.0,4.0,2.0,9.0,1.0,59.0,2.0,1.0,12.0,1.0,25.0,46.0,28.0,40.0,13.0,2.0,34.0,0.0,20.0,43.0,1.0,0.0,4.0,67.0,44.0,2.0
37,75330367.0,1.0,0.0,0.0,0.0,0.0,2.0,0.0,0.0,0.0,0.0,0.0,1.0,1.0,0.0,2.0,0.0,0.0,0.0,0.0,1.0,0.0,0.0,0.0,0.0,0.0,0.0,0.0,0.0,0.0,2.0,0.0,0.0,2.0,1.0,1.0,0.0,0.0,0.0,2.0,3.0,0.0,1.0,0.0,0.0,1.0,1.0,0.0,0.0,2.0,0.0,0.0,0.0,0.0,1.0,0.0,1.0,0.0,1.0,0.0,0.0,0.0,1.0,0.0,0.0,0.0,0.0,0.0,0.0,1.0,0.0,0.0,0.0,0.0,0.0,0.0,2.0,0.0,0.0,9.0,2.0,0.0,0.0,0.0,0.0,0.0,2.0,0.0,0.0,0.0,0.0,0.0,0.0,0.0,1.0,0.0,0.0,0.0,0.0,0.0,0.0,0.0,0.0,0.0,0.0,0.0,0.0
38,80293889.0,2.0,0.0,11.0,0.0,8.0,4.0,10.0,4.0,12.0,0.0,4.0,0.0,3.0,5.0,11.0,5.0,4.0,8.0,4.0,1.0,3.0,5.0,1.0,0.0,7.0,8.0,6.0,9.0,2.0,10.0,8.0,10.0,15.0,2.0,3.0,3.0,0.0,0.0,4.0,7.0,8.0,4.0,4.0,7.0,2.0,5.0,7.0,3.0,2.0,0.0,2.0,5.0,5.0,4.0,0.0,9.0,5.0,6.0,0.0,2.0,0.0,16.0,1.0,3.0,5.0,2.0,2.0,0.0,1.0,0.0,1.0,0.0,3.0,0.0,0.0,7.0,8.0,1.0,9.0,10.0,1.0,3.0,0.0,0.0,1.0,9.0,0.0,0.0,2.0,1.0,4.0,8.0,7.0,7.0,5.0,2.0,2.0,0.0,4.0,2.0,0.0,0.0,0.0,5.0,15.0,1.0
39,90474926.0,21.0,2.0,86.0,5.0,99.0,163.0,93.0,12.0,41.0,0.0,7.0,3.0,52.0,111.0,98.0,34.0,11.0,44.0,12.0,100.0,23.0,33.0,7.0,14.0,16.0,48.0,45.0,33.0,8.0,136.0,104.0,9.0,22.0,15.0,8.0,22.0,2.0,4.0,0.0,12.0,83.0,20.0,52.0,11.0,62.0,65.0,27.0,5.0,124.0,11.0,5.0,13.0,33.0,11.0,1.0,51.0,60.0,58.0,0.0,15.0,0.0,241.0,6.0,6.0,62.0,46.0,1.0,0.0,59.0,0.0,1.0,0.0,23.0,3.0,0.0,51.0,12.0,3.0,30.0,87.0,0.0,6.0,1.0,5.0,1.0,69.0,0.0,3.0,8.0,6.0,36.0,47.0,64.0,97.0,8.0,64.0,25.0,2.0,94.0,72.0,0.0,0.0,1.0,76.0,65.0,6.0
40,95644299.0,5.0,1.0,44.0,0.0,24.0,30.0,20.0,20.0,40.0,0.0,11.0,1.0,14.0,19.0,38.0,12.0,16.0,12.0,13.0,15.0,12.0,7.0,7.0,3.0,17.0,20.0,47.0,10.0,12.0,81.0,19.0,11.0,13.0,20.0,6.0,9.0,3.0,7.0,12.0,0.0,15.0,16.0,20.0,11.0,9.0,13.0,10.0,2.0,7.0,1.0,4.0,11.0,37.0,11.0,0.0,15.0,24.0,21.0,0.0,11.0,0.0,30.0,1.0,8.0,25.0,3.0,2.0,0.0,2.0,0.0,2.0,1.0,5.0,1.0,0.0,21.0,7.0,1.0,40.0,32.0,1.0,3.0,7.0,1.0,1.0,32.0,3.0,1.0,4.0,5.0,18.0,22.0,34.0,34.0,10.0,6.0,8.0,0.0,9.0,11.0,0.0,0.0,5.0,27.0,22.0,1.0
41,97534492.0,37.0,6.0,81.0,4.0,192.0,137.0,250.0,40.0,84.0,0.0,6.0,4.0,45.0,264.0,185.0,44.0,17.0,128.0,15.0,84.0,36.0,118.0,8.0,20.0,34.0,91.0,59.0,115.0,21.0,175.0,140.0,55.0,49.0,47.0,14.0,28.0,0.0,8.0,83.0,15.0,0.0,56.0,65.0,13.0,89.0,174.0,91.0,17.0,38.0,55.0,8.0,26.0,35.0,9.0,5.0,94.0,93.0,137.0,0.0,34.0,0.0,308.0,7.0,26.0,167.0,114.0,2.0,0.0,175.0,0.0,2.0,4.0,95.0,5.0,0.0,92.0,42.0,20.0,55.0,165.0,10.0,25.0,0.0,33.0,1.0,174.0,0.0,9.0,51.0,6.0,26.0,54.0,153.0,121.0,38.0,51.0,27.0,7.0,204.0,185.0,3.0,1.0,12.0,91.0,239.0,4.0
42,97921442.0,17.0,2.0,28.0,0.0,33.0,22.0,25.0,11.0,37.0,1.0,7.0,2.0,15.0,25.0,36.0,12.0,10.0,16.0,9.0,14.0,21.0,17.0,6.0,1.0,13.0,24.0,24.0,53.0,5.0,51.0,19.0,69.0,31.0,9.0,9.0,6.0,1.0,4.0,20.0,16.0,56.0,0.0,24.0,14.0,8.0,84.0,11.0,5.0,6.0,7.0,8.0,9.0,16.0,13.0,0.0,24.0,20.0,17.0,0.0,5.0,0.0,43.0,6.0,8.0,32.0,10.0,1.0,0.0,13.0,0.0,2.0,0.0,6.0,6.0,0.0,31.0,8.0,2.0,35.0,34.0,0.0,3.0,1.0,1.0,1.0,41.0,0.0,0.0,2.0,5.0,22.0,27.0,23.0,37.0,10.0,13.0,6.0,0.0,14.0,33.0,0.0,0.0,5.0,30.0,123.0,5.0
43,100118234.0,15.0,2.0,103.0,2.0,82.0,73.0,97.0,19.0,91.0,1.0,12.0,1.0,35.0,94.0,77.0,40.0,15.0,49.0,14.0,87.0,22.0,32.0,11.0,13.0,22.0,52.0,74.0,33.0,4.0,121.0,80.0,20.0,23.0,19.0,13.0,9.0,0.0,4.0,52.0,20.0,65.0,24.0,0.0,15.0,32.0,62.0,33.0,2.0,22.0,8.0,9.0,21.0,19.0,12.0,4.0,75.0,108.0,46.0,0.0,10.0,1.0,96.0,3.0,11.0,99.0,32.0,3.0,0.0,45.0,0.0,2.0,2.0,22.0,7.0,0.0,49.0,12.0,3.0,54.0,93.0,3.0,8.0,4.0,6.0,0.0,65.0,4.0,1.0,9.0,10.0,25.0,74.0,63.0,108.0,13.0,42.0,9.0,0.0,57.0,81.0,0.0,1.0,1.0,56.0,117.0,2.0
44,100994133.0,11.0,0.0,33.0,0.0,19.0,19.0,19.0,18.0,38.0,0.0,12.0,0.0,8.0,12.0,27.0,12.0,18.0,15.0,11.0,8.0,16.0,11.0,4.0,1.0,19.0,18.0,45.0,7.0,7.0,37.0,19.0,16.0,17.0,9.0,9.0,5.0,0.0,7.0,11.0,11.0,13.0,14.0,15.0,0.0,6.0,7.0,6.0,2.0,2.0,0.0,8.0,14.0,24.0,21.0,0.0,14.0,15.0,15.0,0.0,2.0,0.0,19.0,3.0,4.0,9.0,3.0,3.0,0.0,1.0,0.0,2.0,1.0,2.0,3.0,0.0,25.0,10.0,2.0,41.0,23.0,1.0,2.0,3.0,1.0,1.0,26.0,6.0,0.0,3.0,4.0,14.0,25.0,16.0,31.0,13.0,5.0,10.0,0.0,6.0,9.0,0.0,0.0,1.0,33.0,45.0,6.0
45,106788885.0,26.0,5.0,47.0,1.0,157.0,218.0,88.0,7.0,50.0,1.0,5.0,3.0,108.0,167.0,118.0,19.0,5.0,105.0,2.0,83.0,93.0,43.0,2.0,6.0,10.0,36.0,31.0,38.0,8.0,104.0,130.0,17.0,16.0,27.0,6.0,45.0,1.0,2.0,62.0,9.0,89.0,8.0,32.0,6.0,0.0,64.0,73.0,7.0,19.0,11.0,2.0,15.0,51.0,5.0,7.0,67.0,64.0,98.0,0.0,6.0,0.0,176.0,15.0,14.0,111.0,35.0,1.0,0.0,49.0,0.0,1.0,1.0,33.0,1.0,0.0,73.0,14.0,10.0,20.0,136.0,4.0,10.0,4.0,12.0,1.0,91.0,2.0,2.0,23.0,4.0,12.0,22.0,62.0,139.0,13.0,24.0,41.0,2.0,88.0,167.0,2.0,1.0,2.0,92.0,103.0,3.0
46,109392688.0,19.0,6.0,54.0,1.0,128.0,89.0,159.0,8.0,54.0,7.0,6.0,2.0,42.0,149.0,111.0,29.0,7.0,65.0,9.0,86.0,33.0,80.0,3.0,12.0,11.0,49.0,21.0,94.0,3.0,91.0,71.0,74.0,60.0,22.0,3.0,29.0,1.0,5.0,65.0,13.0,174.0,84.0,62.0,7.0,64.0,0.0,45.0,17.0,38.0,47.0,3.0,15.0,8.0,11.0,4.0,76.0,66.0,59.0,0.0,11.0,0.0,188.0,4.0,7.0,100.0,88.0,2.0,0.0,144.0,0.0,3.0,1.0,64.0,2.0,0.0,52.0,17.0,13.0,25.0,102.0,17.0,17.0,2.0,24.0,1.0,139.0,1.0,8.0,32.0,10.0,8.0,35.0,88.0,89.0,19.0,41.0,10.0,1.0,144.0,125.0,1.0,1.0,1.0,37.0,238.0,3.0
47,111950228.0,16.0,3.0,44.0,1.0,127.0,90.0,86.0,17.0,75.0,0.0,2.0,0.0,32.0,157.0,84.0,31.0,5.0,95.0,7.0,39.0,28.0,82.0,2.0,31.0,11.0,58.0,23.0,38.0,20.0,145.0,89.0,23.0,16.0,41.0,3.0,25.0,0.0,7.0,27.0,10.0,91.0,11.0,33.0,6.0,73.0,45.0,0.0,11.0,11.0,24.0,3.0,12.0,13.0,2.0,0.0,49.0,42.0,113.0,0.0,33.0,0.0,139.0,6.0,19.0,144.0,41.0,1.0,0.0,52.0,0.0,1.0,4.0,52.0,2.0,0.0,37.0,30.0,22.0,33.0,94.0,2.0,8.0,4.0,26.0,1.0,89.0,7.0,3.0,36.0,5.0,13.0,21.0,109.0,72.0,12.0,19.0,16.0,3.0,85.0,143.0,2.0,1.0,8.0,41.0,91.0,2.0
48,113855131.0,1.0,2.0,7.0,0.0,24.0,8.0,47.0,3.0,7.0,0.0,2.0,0.0,1.0,19.0,7.0,3.0,0.0,11.0,2.0,5.0,3.0,39.0,0.0,1.0,2.0,10.0,2.0,22.0,0.0,11.0,10.0,7.0,16.0,3.0,2.0,4.0,0.0,3.0,5.0,2.0,17.0,5.0,2.0,2.0,7.0,17.0,11.0,0.0,1.0,29.0,2.0,2.0,2.0,1.0,0.0,8.0,6.0,13.0,0.0,4.0,0.0,31.0,0.0,3.0,16.0,12.0,1.0,0.0,18.0,0.0,1.0,3.0,21.0,1.0,0.0,13.0,20.0,5.0,5.0,11.0,0.0,2.0,0.0,26.0,1.0,30.0,0.0,1.0,35.0,1.0,0.0,4.0,27.0,6.0,6.0,3.0,1.0,3.0,27.0,11.0,1.0,1.0,2.0,3.0,30.0,1.0
49,114955534.0,11.0,2.0,42.0,6.0,31.0,65.0,33.0,3.0,17.0,1.0,4.0,3.0,45.0,53.0,60.0,6.0,37.0,15.0,30.0,148.0,13.0,7.0,1.0,10.0,12.0,45.0,17.0,37.0,9.0,84.0,52.0,4.0,9.0,10.0,0.0,14.0,2.0,2.0,124.0,7.0,38.0,6.0,22.0,2.0,19.0,38.0,11.0,1.0,0.0,4.0,1.0,5.0,6.0,7.0,1.0,18.0,20.0,26.0,0.0,11.0,0.0,158.0,3.0,1.0,34.0,27.0,0.0,0.0,37.0,0.0,1.0,0.0,9.0,0.0,0.0,23.0,2.0,0.0,12.0,46.0,5.0,3.0,2.0,0.0,0.0,25.0,0.0,3.0,4.0,0.0,10.0,33.0,38.0,53.0,4.0,44.0,10.0,1.0,76.0,20.0,0.0,0.0,0.0,20.0,21.0,0.0
50,124407978.0,2.0,6.0,3.0,0.0,51.0,16.0,159.0,1.0,9.0,0.0,1.0,2.0,1.0,72.0,34.0,2.0,3.0,14.0,0.0,12.0,0.0,117.0,0.0,1.0,2.0,22.0,1.0,36.0,0.0,13.0,11.0,8.0,26.0,13.0,0.0,6.0,0.0,0.0,11.0,1.0,55.0,7.0,8.0,0.0,11.0,47.0,24.0,29.0,4.0,0.0,0.0,0.0,3.0,0.0,0.0,8.0,7.0,36.0,0.0,9.0,0.0,68.0,1.0,4.0,27.0,34.0,0.0,0.0,86.0,0.0,0.0,2.0,58.0,1.0,0.0,30.0,19.0,10.0,2.0,18.0,0.0,4.0,0.0,52.0,0.0,79.0,0.0,1.0,73.0,0.0,2.0,1.0,59.0,11.0,6.0,6.0,1.0,9.0,97.0,42.0,0.0,2.0,1.0,5.0,53.0,0.0
51,126568637.0,6.0,0.0,15.0,0.0,9.0,15.0,10.0,12.0,18.0,1.0,3.0,0.0,4.0,8.0,11.0,8.0,8.0,8.0,5.0,3.0,13.0,4.0,2.0,1.0,6.0,8.0,12.0,2.0,9.0,25.0,13.0,6.0,10.0,5.0,5.0,6.0,0.0,2.0,5.0,4.0,8.0,8.0,9.0,8.0,2.0,3.0,3.0,2.0,1.0,0.0,0.0,3.0,6.0,9.0,2.0,8.0,11.0,4.0,0.0,0.0,1.0,10.0,2.0,4.0,10.0,1.0,0.0,0.0,0.0,0.0,0.0,0.0,1.0,2.0,0.0,11.0,4.0,2.0,19.0,12.0,0.0,1.0,0.0,0.0,1.0,15.0,0.0,0.0,2.0,2.0,16.0,15.0,9.0,20.0,3.0,2.0,4.0,0.0,3.0,7.0,0.0,0.0,1.0,14.0,15.0,4.0
52,130052572.0,21.0,1.0,24.0,0.0,28.0,39.0,20.0,22.0,31.0,0.0,7.0,0.0,66.0,29.0,25.0,15.0,14.0,22.0,22.0,34.0,40.0,13.0,3.0,3.0,18.0,21.0,28.0,12.0,6.0,64.0,41.0,10.0,13.0,16.0,9.0,16.0,0.0,5.0,13.0,11.0,26.0,9.0,21.0,14.0,15.0,15.0,12.0,2.0,5.0,0.0,3.0,0.0,19.0,6.0,2.0,21.0,24.0,22.0,0.0,6.0,1.0,24.0,9.0,4.0,54.0,4.0,3.0,0.0,3.0,0.0,4.0,1.0,4.0,1.0,0.0,22.0,6.0,2.0,24.0,56.0,17.0,5.0,6.0,0.0,1.0,35.0,12.0,0.0,4.0,6.0,11.0,40.0,29.0,48.0,12.0,7.0,49.0,0.0,10.0,41.0,0.0,0.0,3.0,47.0,34.0,5.0
53,134141151.0,51.0,1.0,193.0,1.0,31.0,453.0,37.0,24.0,131.0,0.0,35.0,4.0,34.0,34.0,73.0,27.0,45.0,22.0,32.0,142.0,47.0,21.0,11.0,4.0,38.0,26.0,102.0,10.0,31.0,151.0,191.0,13.0,18.0,93.0,24.0,24.0,0.0,5.0,33.0,37.0,35.0,16.0,19.0,24.0,51.0,8.0,13.0,2.0,6.0,3.0,6.0,19.0,0.0,19.0,6.0,17.0,26.0,32.0,0.0,60.0,0.0,42.0,5.0,3.0,55.0,21.0,2.0,0.0,10.0,0.0,2.0,1.0,9.0,2.0,0.0,77.0,11.0,1.0,47.0,108.0,0.0,3.0,122.0,1.0,1.0,117.0,110.0,0.0,3.0,3.0,28.0,41.0,119.0,94.0,11.0,20.0,101.0,0.0,15.0,50.0,0.0,0.0,2.0,301.0,78.0,8.0
54,174147910.0,10.0,5.0,30.0,0.0,17.0,32.0,16.0,10.0,42.0,0.0,9.0,1.0,9.0,7.0,26.0,11.0,32.0,13.0,20.0,10.0,13.0,13.0,18.0,1.0,18.0,18.0,45.0,5.0,8.0,37.0,23.0,9.0,24.0,10.0,8.0,14.0,1.0,4.0,11.0,11.0,9.0,13.0,12.0,21.0,5.0,11.0,2.0,1.0,7.0,0.0,9.0,6.0,19.0,0.0,1.0,8.0,12.0,13.0,0.0,2.0,2.0,20.0,1.0,3.0,8.0,3.0,1.0,0.0,2.0,0.0,1.0,1.0,3.0,2.0,0.0,31.0,4.0,1.0,28.0,21.0,0.0,2.0,2.0,0.0,1.0,28.0,4.0,0.0,1.0,3.0,17.0,33.0,9.0,27.0,9.0,4.0,14.0,0.0,4.0,10.0,0.0,0.0,0.0,33.0,49.0,6.0
55,180437986.0,2.0,12.0,6.0,1.0,14.0,11.0,5.0,1.0,6.0,1.0,0.0,0.0,6.0,7.0,12.0,2.0,2.0,3.0,0.0,3.0,4.0,1.0,5.0,1.0,0.0,1.0,5.0,1.0,3.0,12.0,5.0,3.0,2.0,5.0,0.0,1.0,0.0,0.0,1.0,0.0,5.0,0.0,4.0,0.0,7.0,4.0,0.0,0.0,1.0,0.0,2.0,2.0,6.0,1.0,0.0,1.0,3.0,1.0,0.0,0.0,1.0,6.0,1.0,0.0,6.0,2.0,0.0,0.0,3.0,0.0,0.0,0.0,1.0,0.0,0.0,4.0,0.0,0.0,5.0,9.0,0.0,2.0,0.0,0.0,1.0,5.0,0.0,0.0,3.0,2.0,1.0,5.0,4.0,4.0,3.0,3.0,2.0,0.0,2.0,8.0,0.0,0.0,0.0,5.0,10.0,0.0
56,194008664.0,19.0,4.0,68.0,0.0,113.0,87.0,94.0,18.0,76.0,0.0,6.0,3.0,38.0,145.0,104.0,35.0,8.0,86.0,17.0,63.0,29.0,45.0,2.0,12.0,22.0,65.0,45.0,52.0,7.0,129.0,79.0,21.0,32.0,22.0,13.0,15.0,1.0,9.0,51.0,15.0,94.0,24.0,75.0,14.0,67.0,76.0,49.0,8.0,18.0,8.0,8.0,21.0,17.0,8.0,1.0,0.0,60.0,72.0,0.0,11.0,0.0,150.0,6.0,19.0,93.0,41.0,3.0,0.0,48.0,0.0,2.0,0.0,31.0,6.0,0.0,61.0,14.0,5.0,48.0,109.0,2.0,14.0,2.0,5.0,1.0,80.0,4.0,3.0,14.0,7.0,14.0,41.0,86.0,125.0,23.0,38.0,15.0,1.0,72.0,125.0,0.0,0.0,6.0,58.0,116.0,5.0
57,205649678.0,29.0,7.0,117.0,5.0,132.0,109.0,110.0,26.0,81.0,0.0,8.0,1.0,47.0,127.0,87.0,47.0,19.0,95.0,20.0,83.0,28.0,47.0,6.0,13.0,33.0,41.0,57.0,42.0,11.0,126.0,113.0,29.0,32.0,27.0,14.0,19.0,0.0,5.0,60.0,24.0,93.0,20.0,108.0,15.0,64.0,66.0,42.0,6.0,20.0,7.0,11.0,24.0,26.0,12.0,3.0,60.0,0.0,67.0,0.0,9.0,0.0,172.0,7.0,21.0,127.0,46.0,3.0,0.0,56.0,0.0,2.0,1.0,27.0,6.0,0.0,65.0,18.0,7.0,60.0,118.0,4.0,13.0,1.0,6.0,1.0,94.0,0.0,2.0,11.0,9.0,41.0,79.0,65.0,107.0,19.0,45.0,19.0,1.0,65.0,119.0,0.0,0.0,4.0,74.0,150.0,6.0
58,219225568.0,21.0,10.0,101.0,1.0,309.0,146.0,149.0,27.0,123.0,1.0,12.0,4.0,66.0,267.0,152.0,45.0,14.0,135.0,10.0,58.0,53.0,97.0,15.0,14.0,20.0,101.0,55.0,65.0,15.0,197.0,160.0,51.0,40.0,123.0,9.0,28.0,1.0,6.0,58.0,21.0,137.0,17.0,46.0,15.0,98.0,59.0,113.0,13.0,26.0,36.0,4.0,22.0,32.0,13.0,1.0,72.0,67.0,0.0,0.0,59.0,0.0,295.0,8.0,19.0,269.0,71.0,3.0,0.0,73.0,0.0,2.0,3.0,72.0,2.0,0.0,130.0,28.0,15.0,93.0,177.0,6.0,13.0,11.0,20.0,2.0,151.0,15.0,6.0,47.0,7.0,32.0,48.0,215.0,131.0,25.0,46.0,26.0,10.0,146.0,186.0,2.0,1.0,26.0,70.0,122.0,3.0
59,232084857.0,0.0,0.0,0.0,0.0,0.0,0.0,0.0,0.0,0.0,0.0,0.0,0.0,0.0,0.0,0.0,0.0,0.0,0.0,0.0,0.0,0.0,0.0,0.0,0.0,0.0,0.0,0.0,0.0,0.0,0.0,0.0,0.0,0.0,0.0,0.0,0.0,0.0,0.0,0.0,0.0,0.0,0.0,0.0,0.0,0.0,0.0,0.0,0.0,0.0,0.0,0.0,0.0,0.0,0.0,0.0,0.0,0.0,0.0,0.0,0.0,0.0,0.0,0.0,0.0,0.0,0.0,0.0,0.0,0.0,0.0,0.0,0.0,0.0,0.0,0.0,0.0,0.0,0.0,0.0,0.0,0.0,0.0,0.0,0.0,0.0,0.0,0.0,0.0,0.0,0.0,0.0,0.0,0.0,0.0,0.0,0.0,0.0,0.0,0.0,0.0,0.0,0.0,0.0,0.0,0.0,0.0
60,247494866.0,6.0,1.0,63.0,0.0,36.0,47.0,39.0,6.0,27.0,0.0,9.0,0.0,22.0,67.0,43.0,10.0,10.0,13.0,12.0,60.0,14.0,28.0,4.0,7.0,8.0,51.0,12.0,6.0,5.0,76.0,18.0,6.0,6.0,54.0,0.0,2.0,0.0,2.0,15.0,11.0,34.0,5.0,10.0,2.0,6.0,11.0,33.0,4.0,11.0,9.0,0.0,6.0,60.0,2.0,0.0,11.0,9.0,59.0,0.0,0.0,0.0,39.0,4.0,3.0,58.0,45.0,1.0,0.0,25.0,0.0,1.0,1.0,29.0,1.0,0.0,19.0,10.0,0.0,13.0,33.0,1.0,1.0,82.0,9.0,0.0,58.0,33.0,4.0,25.0,1.0,4.0,8.0,113.0,28.0,6.0,25.0,13.0,3.0,49.0,28.0,2.0,0.0,3.0,31.0,14.0,1.0
61,249165090.0,3.0,1.0,0.0,0.0,0.0,1.0,0.0,0.0,2.0,1.0,0.0,0.0,3.0,1.0,1.0,0.0,2.0,2.0,0.0,0.0,4.0,0.0,0.0,0.0,2.0,0.0,1.0,0.0,1.0,0.0,2.0,0.0,1.0,1.0,2.0,8.0,0.0,0.0,0.0,0.0,0.0,0.0,1.0,0.0,0.0,0.0,0.0,0.0,0.0,0.0,1.0,1.0,0.0,2.0,1.0,0.0,0.0,0.0,0.0,0.0,0.0,0.0,0.0,0.0,0.0,0.0,0.0,0.0,0.0,0.0,0.0,0.0,0.0,0.0,0.0,7.0,0.0,0.0,1.0,2.0,0.0,0.0,0.0,0.0,0.0,4.0,0.0,0.0,0.0,0.0,0.0,2.0,0.0,0.0,1.0,1.0,0.0,0.0,0.0,0.0,0.0,0.0,0.0,3.0,2.0,0.0
62,258730076.0,41.0,9.0,193.0,143.0,412.0,287.0,307.0,29.0,150.0,5.0,12.0,5.0,113.0,462.0,286.0,60.0,25.0,560.0,31.0,190.0,63.0,153.0,12.0,37.0,26.0,160.0,76.0,152.0,22.0,344.0,236.0,67.0,63.0,112.0,14.0,53.0,1.0,16.0,241.0,30.0,308.0,43.0,96.0,19.0,176.0,188.0,139.0,31.0,158.0,68.0,10.0,24.0,42.0,20.0,6.0,150.0,172.0,295.0,0.0,39.0,0.0,0.0,10.0,39.0,338.0,157.0,4.0,0.0,204.0,0.0,4.0,8.0,137.0,6.0,0.0,143.0,45.0,38.0,101.0,294.0,26.0,23.0,1.0,65.0,1.0,250.0,1.0,10.0,80.0,11.0,72.0,156.0,268.0,245.0,50.0,108.0,31.0,5.0,328.0,343.0,4.0,3.0,20.0,119.0,269.0,9.0
63,259907058.0,5.0,3.0,10.0,0.0,12.0,14.0,11.0,2.0,12.0,0.0,0.0,1.0,48.0,11.0,11.0,9.0,2.0,7.0,1.0,3.0,39.0,6.0,2.0,1.0,7.0,8.0,9.0,5.0,3.0,19.0,11.0,7.0,7.0,4.0,2.0,8.0,0.0,1.0,6.0,1.0,7.0,6.0,3.0,3.0,15.0,4.0,6.0,0.0,3.0,1.0,2.0,9.0,5.0,1.0,1.0,6.0,7.0,8.0,0.0,4.0,0.0,10.0,0.0,0.0,10.0,2.0,0.0,0.0,2.0,0.0,0.0,0.0,4.0,1.0,0.0,10.0,3.0,1.0,11.0,14.0,0.0,1.0,0.0,0.0,0.0,17.0,0.0,0.0,1.0,3.0,5.0,8.0,11.0,16.0,6.0,2.0,11.0,0.0,1.0,10.0,0.0,0.0,2.0,15.0,13.0,0.0
64,261905897.0,8.0,2.0,10.0,0.0,26.0,21.0,18.0,10.0,16.0,0.0,3.0,1.0,8.0,29.0,18.0,7.0,1.0,32.0,3.0,7.0,9.0,12.0,0.0,8.0,4.0,14.0,8.0,10.0,3.0,34.0,20.0,5.0,11.0,6.0,4.0,3.0,0.0,3.0,6.0,8.0,26.0,8.0,11.0,4.0,14.0,7.0,19.0,3.0,1.0,4.0,4.0,4.0,3.0,3.0,0.0,19.0,21.0,19.0,0.0,3.0,0.0,39.0,0.0,0.0,20.0,8.0,1.0,0.0,6.0,0.0,0.0,0.0,9.0,2.0,0.0,16.0,9.0,3.0,10.0,23.0,1.0,6.0,0.0,2.0,1.0,18.0,0.0,1.0,5.0,2.0,3.0,5.0,14.0,20.0,7.0,3.0,5.0,0.0,14.0,35.0,0.0,0.0,0.0,10.0,29.0,2.0
65,263022323.0,45.0,16.0,161.0,4.0,276.0,249.0,181.0,36.0,154.0,1.0,2.0,2.0,96.0,292.0,163.0,52.0,24.0,150.0,19.0,100.0,57.0,127.0,11.0,29.0,35.0,109.0,84.0,78.0,22.0,261.0,307.0,59.0,33.0,87.0,6.0,33.0,0.0,5.0,62.0,25.0,167.0,32.0,99.0,9.0,111.0,100.0,144.0,16.0,34.0,27.0,10.0,54.0,55.0,8.0,6.0,93.0,127.0,269.0,0.0,58.0,0.0,338.0,10.0,20.0,0.0,97.0,1.0,0.0,106.0,0.0,1.0,5.0,94.0,1.0,0.0,103.0,32.0,14.0,114.0,256.0,14.0,16.0,20.0,31.0,0.0,186.0,24.0,14.0,60.0,5.0,53.0,98.0,249.0,173.0,22.0,55.0,65.0,6.0,160.0,286.0,5.0,2.0,26.0,166.0,196.0,5.0
66,268445390.0,5.0,1.0,54.0,0.0,76.0,77.0,151.0,5.0,31.0,0.0,2.0,1.0,17.0,138.0,94.0,10.0,4.0,30.0,10.0,95.0,10.0,76.0,0.0,8.0,7.0,72.0,16.0,51.0,3.0,65.0,60.0,11.0,12.0,21.0,3.0,12.0,0.0,2.0,46.0,3.0,114.0,10.0,32.0,3.0,35.0,88.0,41.0,12.0,27.0,34.0,1.0,4.0,21.0,3.0,2.0,41.0,46.0,71.0,0.0,45.0,0.0,157.0,2.0,8.0,97.0,0.0,2.0,0.0,129.0,0.0,1.0,1.0,87.0,2.0,0.0,32.0,25.0,10.0,14.0,65.0,1.0,7.0,0.0,24.0,0.0,148.0,3.0,21.0,57.0,2.0,14.0,25.0,122.0,53.0,12.0,37.0,6.0,6.0,178.0,69.0,5.0,2.0,3.0,41.0,100.0,1.0
67,268890324.0,3.0,0.0,3.0,0.0,0.0,3.0,3.0,3.0,3.0,0.0,2.0,1.0,0.0,3.0,3.0,3.0,1.0,4.0,3.0,0.0,1.0,1.0,1.0,1.0,3.0,2.0,3.0,2.0,0.0,6.0,3.0,3.0,3.0,1.0,2.0,0.0,0.0,2.0,1.0,2.0,2.0,1.0,3.0,3.0,1.0,2.0,1.0,1.0,0.0,0.0,0.0,3.0,2.0,1.0,0.0,3.0,3.0,3.0,0.0,1.0,0.0,4.0,0.0,1.0,1.0,2.0,0.0,0.0,0.0,0.0,2.0,1.0,0.0,0.0,0.0,2.0,3.0,0.0,3.0,4.0,0.0,0.0,0.0,0.0,0.0,4.0,0.0,0.0,0.0,2.0,1.0,3.0,2.0,3.0,1.0,1.0,1.0,0.0,3.0,2.0,0.0,0.0,0.0,4.0,4.0,0.0
68,270934983.0,0.0,0.0,0.0,0.0,0.0,0.0,0.0,0.0,0.0,0.0,0.0,0.0,0.0,0.0,0.0,0.0,0.0,0.0,0.0,0.0,0.0,0.0,0.0,0.0,0.0,0.0,0.0,0.0,0.0,0.0,0.0,0.0,0.0,0.0,0.0,0.0,0.0,0.0,0.0,0.0,0.0,0.0,0.0,0.0,0.0,0.0,0.0,0.0,0.0,0.0,0.0,0.0,0.0,0.0,0.0,0.0,0.0,0.0,0.0,0.0,0.0,0.0,0.0,0.0,0.0,0.0,0.0,0.0,0.0,1.0,0.0,0.0,0.0,0.0,0.0,0.0,0.0,0.0,0.0,0.0,0.0,0.0,0.0,0.0,0.0,0.0,0.0,0.0,0.0,0.0,0.0,0.0,0.0,0.0,0.0,0.0,0.0,0.0,0.0,0.0,0.0,0.0,0.0,0.0,0.0,0.0
69,276676924.0,9.0,5.0,34.0,1.0,135.0,87.0,253.0,2.0,32.0,2.0,2.0,1.0,19.0,186.0,122.0,16.0,2.0,55.0,3.0,88.0,12.0,119.0,1.0,11.0,5.0,52.0,12.0,74.0,3.0,60.0,55.0,18.0,32.0,19.0,1.0,15.0,1.0,1.0,59.0,2.0,175.0,13.0,45.0,1.0,49.0,144.0,52.0,18.0,37.0,86.0,0.0,3.0,10.0,2.0,3.0,48.0,56.0,73.0,0.0,25.0,0.0,204.0,2.0,6.0,106.0,129.0,0.0,0.0,0.0,0.0,0.0,4.0,95.0,1.0,0.0,43.0,27.0,18.0,13.0,78.0,4.0,14.0,0.0,46.0,0.0,149.0,1.0,15.0,72.0,4.0,11.0,30.0,113.0,60.0,13.0,30.0,9.0,4.0,206.0,105.0,3.0,1.0,2.0,28.0,135.0,1.0
70,282256180.0,0.0,0.0,0.0,0.0,0.0,0.0,0.0,0.0,0.0,0.0,0.0,0.0,0.0,0.0,0.0,0.0,0.0,0.0,0.0,0.0,0.0,0.0,0.0,0.0,0.0,0.0,0.0,0.0,0.0,0.0,0.0,0.0,0.0,0.0,0.0,0.0,0.0,0.0,0.0,0.0,0.0,0.0,0.0,0.0,0.0,0.0,0.0,0.0,0.0,0.0,0.0,0.0,0.0,0.0,0.0,0.0,0.0,0.0,0.0,0.0,0.0,0.0,0.0,0.0,0.0,0.0,0.0,1.0,0.0,0.0,0.0,0.0,0.0,0.0,0.0,0.0,0.0,0.0,0.0,0.0,0.0,0.0,0.0,0.0,0.0,0.0,0.0,0.0,0.0,0.0,0.0,0.0,0.0,0.0,0.0,0.0,0.0,0.0,0.0,0.0,0.0,0.0,0.0,0.0,0.0,0.0
71,283718439.0,0.0,0.0,2.0,0.0,0.0,3.0,3.0,2.0,4.0,2.0,1.0,0.0,1.0,2.0,3.0,2.0,2.0,1.0,3.0,3.0,1.0,1.0,1.0,1.0,3.0,4.0,3.0,2.0,0.0,2.0,2.0,2.0,2.0,1.0,1.0,1.0,0.0,1.0,1.0,2.0,2.0,2.0,2.0,2.0,1.0,3.0,1.0,1.0,1.0,0.0,0.0,4.0,2.0,1.0,0.0,2.0,2.0,2.0,0.0,1.0,0.0,4.0,0.0,0.0,1.0,1.0,2.0,0.0,0.0,0.0,0.0,1.0,0.0,0.0,0.0,3.0,1.0,0.0,2.0,4.0,3.0,3.0,0.0,0.0,0.0,2.0,0.0,0.0,0.0,2.0,1.0,3.0,1.0,6.0,5.0,1.0,1.0,0.0,3.0,1.0,0.0,0.0,0.0,3.0,3.0,1.0
72,289594302.0,0.0,0.0,1.0,0.0,4.0,3.0,6.0,1.0,1.0,0.0,0.0,0.0,0.0,5.0,2.0,1.0,1.0,5.0,1.0,2.0,1.0,5.0,1.0,2.0,1.0,2.0,1.0,3.0,0.0,1.0,4.0,1.0,1.0,2.0,0.0,2.0,0.0,0.0,0.0,1.0,4.0,0.0,2.0,1.0,1.0,1.0,4.0,3.0,0.0,2.0,0.0,1.0,1.0,1.0,0.0,0.0,1.0,3.0,0.0,1.0,0.0,8.0,0.0,0.0,5.0,1.0,1.0,0.0,4.0,0.0,1.0,0.0,7.0,0.0,0.0,1.0,4.0,4.0,1.0,2.0,0.0,0.0,0.0,5.0,0.0,4.0,0.0,0.0,5.0,1.0,1.0,1.0,4.0,2.0,3.0,0.0,0.0,1.0,5.0,4.0,1.0,0.0,0.0,1.0,5.0,0.0
73,290840403.0,11.0,4.0,32.0,0.0,100.0,49.0,196.0,6.0,31.0,0.0,1.0,1.0,9.0,114.0,77.0,9.0,7.0,46.0,1.0,43.0,10.0,129.0,2.0,6.0,6.0,64.0,16.0,53.0,2.0,49.0,50.0,15.0,19.0,23.0,2.0,15.0,0.0,3.0,23.0,5.0,95.0,6.0,22.0,2.0,33.0,64.0,52.0,21.0,9.0,58.0,1.0,4.0,9.0,3.0,1.0,31.0,27.0,72.0,0.0,29.0,0.0,137.0,4.0,9.0,94.0,87.0,0.0,0.0,95.0,0.0,0.0,7.0,0.0,3.0,0.0,44.0,52.0,23.0,15.0,56.0,0.0,10.0,0.0,55.0,0.0,136.0,1.0,10.0,80.0,1.0,6.0,14.0,103.0,43.0,21.0,16.0,6.0,12.0,144.0,76.0,4.0,4.0,6.0,26.0,96.0,1.0
74,290895650.0,0.0,0.0,6.0,0.0,5.0,8.0,7.0,3.0,7.0,0.0,1.0,0.0,4.0,4.0,8.0,3.0,3.0,3.0,2.0,4.0,4.0,6.0,1.0,0.0,2.0,6.0,6.0,2.0,0.0,7.0,5.0,4.0,4.0,2.0,3.0,0.0,0.0,0.0,3.0,1.0,5.0,6.0,7.0,3.0,1.0,2.0,2.0,1.0,0.0,1.0,2.0,1.0,2.0,2.0,0.0,6.0,6.0,2.0,0.0,1.0,0.0,6.0,1.0,2.0,1.0,2.0,0.0,0.0,1.0,0.0,0.0,0.0,3.0,0.0,0.0,6.0,4.0,0.0,5.0,7.0,0.0,1.0,0.0,1.0,0.0,6.0,0.0,0.0,2.0,2.0,2.0,2.0,7.0,7.0,3.0,0.0,2.0,0.0,3.0,6.0,0.0,0.0,0.0,8.0,7.0,1.0
75,294523668.0,0.0,0.0,0.0,0.0,0.0,0.0,0.0,0.0,0.0,0.0,0.0,0.0,0.0,0.0,0.0,0.0,0.0,0.0,0.0,0.0,0.0,0.0,0.0,0.0,0.0,0.0,0.0,0.0,0.0,0.0,0.0,0.0,0.0,0.0,0.0,0.0,0.0,0.0,0.0,0.0,0.0,0.0,0.0,0.0,0.0,0.0,0.0,0.0,0.0,0.0,0.0,0.0,0.0,0.0,0.0,0.0,0.0,0.0,0.0,0.0,0.0,0.0,0.0,0.0,0.0,0.0,0.0,0.0,0.0,0.0,0.0,0.0,0.0,0.0,0.0,0.0,0.0,0.0,0.0,0.0,0.0,0.0,0.0,0.0,0.0,0.0,0.0,0.0,0.0,0.0,0.0,0.0,0.0,0.0,0.0,0.0,0.0,0.0,0.0,0.0,0.0,0.0,0.0,0.0,0.0,0.0
76,296358688.0,49.0,17.0,92.0,0.0,242.0,192.0,140.0,28.0,108.0,0.0,12.0,4.0,62.0,113.0,132.0,37.0,31.0,86.0,12.0,60.0,37.0,50.0,17.0,8.0,41.0,52.0,100.0,37.0,20.0,141.0,156.0,62.0,69.0,47.0,28.0,53.0,2.0,7.0,51.0,21.0,92.0,31.0,49.0,25.0,73.0,52.0,37.0,13.0,23.0,30.0,11.0,22.0,77.0,31.0,4.0,61.0,65.0,130.0,0.0,19.0,7.0,143.0,10.0,16.0,103.0,32.0,2.0,0.0,43.0,0.0,3.0,1.0,44.0,6.0,0.0,0.0,18.0,2.0,63.0,141.0,6.0,17.0,8.0,5.0,1.0,121.0,3.0,1.0,20.0,10.0,28.0,60.0,55.0,125.0,22.0,35.0,48.0,1.0,59.0,119.0,0.0,0.0,1.0,167.0,150.0,8.0
77,296526287.0,7.0,1.0,19.0,0.0,40.0,21.0,75.0,10.0,21.0,0.0,4.0,2.0,9.0,37.0,28.0,8.0,8.0,28.0,5.0,12.0,10.0,57.0,4.0,3.0,12.0,25.0,11.0,30.0,3.0,22.0,26.0,11.0,14.0,10.0,6.0,8.0,0.0,8.0,12.0,7.0,42.0,8.0,12.0,10.0,14.0,17.0,30.0,20.0,2.0,19.0,4.0,6.0,11.0,4.0,0.0,14.0,18.0,28.0,0.0,10.0,0.0,45.0,3.0,9.0,32.0,25.0,3.0,0.0,27.0,0.0,1.0,4.0,52.0,4.0,0.0,18.0,0.0,11.0,16.0,32.0,0.0,8.0,0.0,24.0,1.0,50.0,1.0,3.0,31.0,2.0,8.0,11.0,44.0,22.0,16.0,6.0,7.0,4.0,42.0,30.0,3.0,1.0,2.0,17.0,45.0,3.0
