,0,1,2,3,4,5,6,7,8,9,10,11,12,13,14,15,16,17,18,19,20,21,22,23,24,25,26,27,28,29,30,31,32,33,34,35,36,37,38,39,40,41,42,43,44,45,46,47,48,49,50,51,52,53,54,55,56,57,58,59,60,61,62,63,64,65,66,67,68,69,70,71,72,73,74,75,76,77,78,79,80,81,82,83,84,85,86,87,88,89,90,91,92,93,94,95,96,97,98,99,100,101,102,103,104,105,106,107,108,109,110,111,112,113,114,115,116,117,118,119,120,121,122,123,124,125,126,127,128,129,130,131,132,133,134,135,136,137,138,139,140,141,142,143,144,145,146,147,148,149,150,151,152,153,154,155,156,157,158,159,160,161,162,163,164,165,166,167,168,169,170,171,172,173,174,175,176,177,178,179,180,181,182,183,184,185,186,187,188,189,190
0,-1.0,778057.0,2797701.0,10333202.0,15236350.0,17396157.0,17839398.0,18210270.0,18385356.0,18452717.0,18525043.0,18529435.0,19074053.0,19682207.0,19712559.0,19719446.0,19995430.0,20355459.0,20378744.0,20576302.0,21159536.0,21288289.0,22201334.0,22208724.0,22374019.0,22757490.0,23037715.0,24167293.0,24812725.0,24998706.0,25161342.0,25212127.0,25803703.0,26140273.0,28771515.0,30233748.0,32840036.0,33806698.0,34575622.0,35707603.0,35773039.0,36415086.0,37593470.0,38224970.0,38699706.0,40552417.0,40856741.0,42277567.0,42569112.0,43694024.0,46416280.0,46668798.0,47247868.0,47379354.0,47643350.0,47655781.0,48955550.0,49416159.0,50645038.0,50656855.0,51478771.0,53193168.0,53223847.0,55636406.0,55768426.0,55837229.0,57292354.0,61983131.0,64127824.0,64234543.0,64911072.0,65331724.0,66680811.0,67208397.0,72010221.0,73938917.0,75055396.0,80293889.0,80894852.0,84891520.0,87250666.0,91176772.0,97534492.0,101250325.0,104935521.0,105092771.0,106441814.0,111950228.0,114154202.0,114716461.0,115341974.0,118427659.0,118656962.0,122627963.0,125797024.0,135468327.0,139500494.0,147053731.0,150881077.0,151919653.0,152637259.0,153282873.0,160600180.0,161863994.0,163029733.0,175139115.0,180261346.0,183131640.0,194008664.0,199945522.0,201414744.0,208768450.0,210755379.0,210824047.0,213302384.0,221706364.0,224393582.0,224682566.0,226590372.0,230527949.0,238017271.0,238519301.0,239299228.0,242154581.0,244071747.0,244529400.0,245027772.0,245556068.0,245650642.0,246003191.0,247012412.0,247494866.0,250876541.0,252769682.0,253967506.0,255007697.0,255040592.0,255471924.0,258124716.0,258536563.0,260379756.0,260969641.0,263022323.0,263607988.0,263834663.0,266562398.0,266583989.0,266620405.0,268529448.0,274133892.0,277820312.0,279947636.0,280185619.0,283209928.0,291007473.0,294523668.0,295366074.0,297691213.0,302144631.0,304677043.0,309041796.0,310790644.0,314252581.0,314867627.0,317401345.0,317752481.0,325444817.0,325913087.0,329409390.0,330229987.0,338688181.0,340664868.0,356405223.0,357645239.0,358127799.0,359564962.0,362982252.0,363763442.0,365082557.0,369028288.0,379429447.0,381696542.0,384822746.0,386653565.0,391645292.0,396738207.0,402037439.0,405438023.0,408971802.0,412391629.0,422808437.0
1,778057.0,0.0,44.0,249.0,5.0,73.0,174.0,8.0,199.0,81.0,228.0,91.0,343.0,34.0,2.0,16.0,6.0,2.0,3.0,25.0,22.0,59.0,372.0,112.0,7.0,4.0,227.0,67.0,6.0,0.0,343.0,18.0,442.0,12.0,12.0,124.0,12.0,237.0,27.0,112.0,214.0,114.0,164.0,232.0,75.0,35.0,3.0,43.0,35.0,375.0,120.0,6.0,34.0,373.0,27.0,343.0,84.0,88.0,226.0,255.0,289.0,12.0,36.0,1.0,12.0,22.0,4.0,25.0,4.0,207.0,3.0,54.0,91.0,34.0,11.0,142.0,9.0,11.0,0.0,26.0,24.0,16.0,229.0,34.0,86.0,34.0,13.0,118.0,10.0,105.0,0.0,48.0,17.0,18.0,159.0,219.0,120.0,36.0,85.0,280.0,0.0,24.0,153.0,420.0,5.0,36.0,49.0,50.0,133.0,58.0,1.0,84.0,215.0,17.0,31.0,54.0,4.0,135.0,229.0,56.0,39.0,187.0,24.0,31.0,42.0,79.0,14.0,1.0,180.0,33.0,263.0,18.0,0.0,213.0,124.0,185.0,207.0,21.0,56.0,156.0,332.0,2.0,227.0,129.0,175.0,4.0,48.0,8.0,187.0,19.0,0.0,46.0,95.0,193.0,7.0,0.0,130.0,1.0,10.0,3.0,65.0,91.0,20.0,333.0,191.0,5.0,10.0,18.0,23.0,43.0,18.0,35.0,7.0,3.0,150.0,55.0,22.0,31.0,0.0,83.0,5.0,24.0,84.0,18.0,6.0,77.0,155.0,351.0,96.0,0.0,34.0
2,2797701.0,44.0,0.0,55.0,0.0,12.0,20.0,2.0,43.0,94.0,28.0,18.0,32.0,7.0,4.0,2.0,24.0,0.0,1.0,11.0,2.0,4.0,50.0,13.0,6.0,2.0,17.0,29.0,3.0,0.0,50.0,7.0,59.0,9.0,1.0,28.0,5.0,46.0,4.0,46.0,9.0,8.0,39.0,35.0,10.0,67.0,0.0,7.0,2.0,62.0,14.0,6.0,21.0,36.0,6.0,46.0,11.0,14.0,52.0,44.0,30.0,3.0,33.0,0.0,5.0,4.0,2.0,5.0,2.0,41.0,16.0,13.0,28.0,6.0,0.0,19.0,2.0,1.0,0.0,7.0,2.0,10.0,23.0,4.0,7.0,9.0,7.0,12.0,0.0,12.0,0.0,2.0,3.0,5.0,25.0,40.0,13.0,2.0,47.0,35.0,0.0,2.0,22.0,44.0,1.0,34.0,71.0,5.0,21.0,9.0,0.0,9.0,33.0,1.0,3.0,24.0,1.0,23.0,41.0,7.0,2.0,16.0,5.0,21.0,9.0,12.0,6.0,6.0,33.0,7.0,27.0,7.0,0.0,58.0,13.0,42.0,31.0,5.0,2.0,26.0,40.0,9.0,29.0,33.0,78.0,1.0,5.0,3.0,20.0,5.0,0.0,3.0,8.0,27.0,5.0,0.0,20.0,0.0,4.0,0.0,9.0,7.0,0.0,57.0,47.0,0.0,1.0,72.0,2.0,3.0,1.0,5.0,2.0,0.0,29.0,21.0,3.0,10.0,0.0,64.0,24.0,2.0,15.0,6.0,3.0,13.0,10.0,81.0,9.0,4.0,2.0
3,10333202.0,249.0,55.0,0.0,5.0,163.0,223.0,17.0,104.0,136.0,147.0,65.0,303.0,52.0,2.0,33.0,44.0,1.0,16.0,24.0,10.0,63.0,527.0,88.0,55.0,22.0,211.0,768.0,20.0,0.0,211.0,65.0,405.0,7.0,13.0,296.0,16.0,306.0,103.0,76.0,191.0,159.0,114.0,260.0,113.0,200.0,16.0,86.0,32.0,213.0,194.0,7.0,52.0,301.0,58.0,88.0,65.0,54.0,400.0,300.0,301.0,13.0,50.0,1.0,24.0,17.0,5.0,53.0,3.0,143.0,25.0,76.0,105.0,47.0,15.0,331.0,19.0,6.0,0.0,206.0,26.0,48.0,136.0,14.0,56.0,23.0,61.0,82.0,17.0,251.0,3.0,108.0,26.0,42.0,157.0,203.0,160.0,25.0,112.0,251.0,4.0,65.0,244.0,379.0,6.0,86.0,82.0,81.0,97.0,95.0,3.0,113.0,201.0,14.0,122.0,33.0,3.0,94.0,427.0,58.0,23.0,83.0,45.0,33.0,34.0,44.0,12.0,40.0,257.0,32.0,160.0,34.0,3.0,393.0,50.0,187.0,131.0,46.0,26.0,147.0,302.0,12.0,263.0,139.0,125.0,1.0,38.0,9.0,94.0,7.0,0.0,25.0,42.0,202.0,35.0,0.0,89.0,0.0,7.0,0.0,43.0,62.0,10.0,314.0,226.0,10.0,24.0,20.0,28.0,15.0,17.0,13.0,16.0,4.0,206.0,31.0,19.0,43.0,0.0,140.0,24.0,16.0,164.0,41.0,43.0,118.0,76.0,212.0,45.0,29.0,20.0
4,15236350.0,5.0,0.0,5.0,0.0,5.0,2.0,0.0,1.0,2.0,2.0,1.0,1.0,1.0,0.0,0.0,0.0,0.0,0.0,1.0,0.0,1.0,2.0,1.0,0.0,0.0,4.0,5.0,1.0,0.0,3.0,1.0,5.0,0.0,0.0,5.0,0.0,1.0,0.0,0.0,1.0,1.0,0.0,2.0,1.0,1.0,2.0,2.0,0.0,0.0,1.0,0.0,2.0,4.0,0.0,2.0,0.0,0.0,9.0,20.0,6.0,0.0,2.0,0.0,0.0,2.0,0.0,0.0,0.0,2.0,0.0,1.0,0.0,2.0,0.0,5.0,0.0,0.0,1.0,2.0,1.0,0.0,6.0,0.0,0.0,0.0,1.0,4.0,0.0,1.0,0.0,5.0,1.0,1.0,1.0,4.0,1.0,0.0,1.0,1.0,0.0,0.0,8.0,5.0,0.0,2.0,2.0,2.0,0.0,1.0,0.0,17.0,6.0,1.0,0.0,0.0,0.0,4.0,2.0,15.0,12.0,1.0,1.0,1.0,0.0,1.0,0.0,0.0,3.0,0.0,4.0,4.0,1.0,1.0,1.0,2.0,2.0,0.0,1.0,1.0,4.0,0.0,8.0,1.0,6.0,0.0,12.0,0.0,1.0,0.0,0.0,0.0,0.0,3.0,0.0,0.0,0.0,0.0,4.0,0.0,4.0,5.0,0.0,10.0,5.0,0.0,0.0,0.0,1.0,0.0,21.0,1.0,1.0,0.0,1.0,1.0,0.0,0.0,0.0,4.0,0.0,0.0,3.0,1.0,0.0,8.0,2.0,6.0,2.0,0.0,1.0
5,17396157.0,73.0,12.0,163.0,5.0,0.0,47.0,7.0,18.0,30.0,48.0,7.0,73.0,23.0,1.0,8.0,7.0,0.0,4.0,16.0,3.0,22.0,102.0,21.0,8.0,4.0,49.0,107.0,6.0,0.0,43.0,19.0,79.0,4.0,16.0,72.0,3.0,80.0,15.0,11.0,61.0,55.0,20.0,52.0,48.0,50.0,3.0,19.0,5.0,37.0,22.0,2.0,27.0,75.0,7.0,23.0,31.0,24.0,116.0,68.0,115.0,3.0,7.0,2.0,6.0,6.0,0.0,28.0,2.0,60.0,7.0,17.0,54.0,23.0,5.0,105.0,8.0,7.0,0.0,32.0,9.0,4.0,49.0,4.0,24.0,14.0,15.0,27.0,7.0,63.0,0.0,21.0,12.0,16.0,27.0,66.0,59.0,12.0,25.0,60.0,1.0,22.0,55.0,112.0,0.0,33.0,28.0,18.0,29.0,33.0,0.0,66.0,74.0,4.0,19.0,5.0,2.0,32.0,91.0,29.0,9.0,18.0,13.0,8.0,12.0,13.0,2.0,5.0,86.0,13.0,33.0,13.0,1.0,80.0,22.0,41.0,32.0,12.0,9.0,64.0,98.0,1.0,75.0,38.0,26.0,0.0,7.0,7.0,22.0,1.0,0.0,8.0,16.0,45.0,7.0,0.0,20.0,0.0,4.0,0.0,5.0,12.0,7.0,89.0,82.0,7.0,14.0,4.0,18.0,7.0,12.0,4.0,6.0,2.0,71.0,17.0,9.0,17.0,0.0,46.0,5.0,10.0,38.0,17.0,4.0,57.0,21.0,79.0,10.0,2.0,7.0
6,17839398.0,174.0,20.0,223.0,2.0,47.0,0.0,12.0,92.0,67.0,129.0,55.0,207.0,55.0,1.0,13.0,2.0,2.0,2.0,11.0,17.0,24.0,228.0,75.0,5.0,5.0,211.0,55.0,4.0,0.0,185.0,18.0,259.0,4.0,5.0,167.0,22.0,242.0,19.0,62.0,88.0,61.0,109.0,476.0,60.0,43.0,4.0,46.0,40.0,269.0,84.0,9.0,31.0,218.0,64.0,104.0,67.0,53.0,231.0,102.0,164.0,16.0,11.0,0.0,10.0,14.0,7.0,32.0,2.0,96.0,4.0,49.0,73.0,28.0,20.0,94.0,8.0,7.0,1.0,36.0,7.0,25.0,134.0,8.0,39.0,15.0,19.0,63.0,17.0,67.0,0.0,25.0,26.0,12.0,146.0,139.0,68.0,20.0,93.0,286.0,0.0,17.0,119.0,203.0,2.0,30.0,40.0,39.0,87.0,85.0,0.0,27.0,159.0,7.0,24.0,57.0,2.0,80.0,155.0,26.0,11.0,136.0,37.0,20.0,27.0,42.0,10.0,2.0,157.0,16.0,197.0,17.0,1.0,206.0,24.0,109.0,161.0,63.0,19.0,113.0,189.0,1.0,156.0,76.0,75.0,2.0,13.0,4.0,94.0,14.0,0.0,12.0,40.0,148.0,15.0,0.0,70.0,0.0,5.0,1.0,29.0,58.0,5.0,202.0,123.0,4.0,22.0,5.0,7.0,9.0,10.0,10.0,6.0,2.0,138.0,8.0,9.0,22.0,0.0,69.0,7.0,10.0,60.0,7.0,15.0,41.0,88.0,145.0,69.0,1.0,9.0
7,18210270.0,8.0,2.0,17.0,0.0,7.0,12.0,0.0,5.0,8.0,14.0,0.0,20.0,11.0,0.0,1.0,0.0,0.0,3.0,9.0,3.0,2.0,21.0,11.0,4.0,2.0,12.0,13.0,0.0,0.0,9.0,9.0,9.0,0.0,1.0,18.0,6.0,15.0,13.0,5.0,17.0,9.0,4.0,13.0,23.0,13.0,0.0,14.0,0.0,13.0,11.0,1.0,10.0,14.0,1.0,1.0,13.0,5.0,18.0,8.0,15.0,3.0,1.0,0.0,5.0,1.0,0.0,13.0,0.0,16.0,0.0,8.0,4.0,10.0,2.0,15.0,6.0,4.0,0.0,6.0,0.0,2.0,13.0,2.0,6.0,9.0,5.0,5.0,2.0,15.0,0.0,5.0,6.0,1.0,7.0,16.0,9.0,7.0,8.0,22.0,0.0,10.0,8.0,19.0,0.0,6.0,4.0,4.0,9.0,17.0,0.0,2.0,12.0,0.0,3.0,4.0,0.0,4.0,23.0,4.0,0.0,1.0,9.0,3.0,5.0,4.0,2.0,1.0,17.0,4.0,9.0,3.0,0.0,19.0,6.0,4.0,12.0,2.0,2.0,19.0,20.0,0.0,4.0,16.0,2.0,0.0,0.0,3.0,5.0,1.0,0.0,1.0,6.0,6.0,1.0,0.0,9.0,0.0,0.0,0.0,1.0,9.0,0.0,17.0,15.0,1.0,11.0,0.0,3.0,3.0,3.0,1.0,3.0,0.0,20.0,0.0,1.0,11.0,0.0,3.0,1.0,1.0,1.0,0.0,2.0,11.0,5.0,8.0,1.0,1.0,1.0
8,18385356.0,199.0,43.0,104.0,1.0,18.0,92.0,5.0,0.0,86.0,106.0,45.0,173.0,7.0,0.0,4.0,1.0,0.0,0.0,10.0,7.0,34.0,212.0,66.0,3.0,3.0,120.0,23.0,1.0,0.0,168.0,4.0,221.0,3.0,2.0,76.0,8.0,171.0,17.0,120.0,44.0,30.0,57.0,118.0,29.0,18.0,0.0,20.0,15.0,183.0,61.0,5.0,9.0,227.0,5.0,149.0,42.0,26.0,79.0,150.0,120.0,9.0,25.0,0.0,2.0,6.0,4.0,12.0,0.0,81.0,1.0,37.0,30.0,9.0,6.0,47.0,4.0,2.0,0.0,10.0,6.0,8.0,93.0,5.0,42.0,8.0,4.0,40.0,4.0,49.0,0.0,24.0,3.0,8.0,139.0,91.0,31.0,7.0,73.0,108.0,0.0,8.0,87.0,169.0,5.0,17.0,34.0,22.0,40.0,24.0,0.0,26.0,99.0,7.0,20.0,24.0,5.0,59.0,76.0,16.0,7.0,106.0,7.0,23.0,19.0,23.0,21.0,3.0,107.0,13.0,156.0,10.0,0.0,150.0,35.0,94.0,96.0,4.0,20.0,48.0,94.0,2.0,82.0,80.0,175.0,1.0,22.0,10.0,80.0,10.0,0.0,8.0,26.0,97.0,1.0,0.0,62.0,0.0,2.0,0.0,26.0,32.0,4.0,176.0,78.0,0.0,3.0,19.0,6.0,10.0,5.0,15.0,3.0,1.0,48.0,27.0,28.0,8.0,0.0,43.0,3.0,10.0,37.0,5.0,2.0,23.0,67.0,178.0,51.0,2.0,15.0
9,18452717.0,81.0,94.0,136.0,2.0,30.0,67.0,8.0,86.0,0.0,124.0,55.0,157.0,12.0,1.0,3.0,7.0,0.0,3.0,12.0,4.0,34.0,192.0,37.0,16.0,9.0,50.0,35.0,3.0,0.0,99.0,28.0,131.0,15.0,6.0,109.0,14.0,181.0,39.0,61.0,27.0,23.0,59.0,72.0,31.0,95.0,2.0,41.0,9.0,98.0,116.0,2.0,21.0,90.0,12.0,78.0,38.0,29.0,115.0,163.0,79.0,12.0,29.0,0.0,4.0,12.0,4.0,13.0,2.0,134.0,9.0,60.0,52.0,17.0,8.0,66.0,7.0,4.0,0.0,18.0,9.0,18.0,53.0,11.0,50.0,17.0,17.0,45.0,4.0,77.0,0.0,35.0,5.0,62.0,142.0,93.0,28.0,8.0,99.0,95.0,1.0,9.0,87.0,118.0,13.0,60.0,97.0,33.0,50.0,28.0,1.0,55.0,118.0,11.0,63.0,30.0,1.0,74.0,161.0,25.0,7.0,60.0,9.0,31.0,46.0,19.0,19.0,37.0,110.0,13.0,65.0,44.0,2.0,226.0,32.0,183.0,65.0,15.0,17.0,78.0,103.0,8.0,89.0,102.0,143.0,1.0,6.0,6.0,57.0,8.0,0.0,10.0,29.0,83.0,12.0,0.0,60.0,3.0,14.0,0.0,25.0,28.0,5.0,114.0,122.0,0.0,17.0,60.0,6.0,16.0,7.0,10.0,18.0,1.0,78.0,41.0,16.0,20.0,0.0,164.0,39.0,6.0,61.0,39.0,18.0,52.0,44.0,133.0,27.0,5.0,12.0
10,18525043.0,228.0,28.0,147.0,2.0,48.0,129.0,14.0,106.0,124.0,0.0,126.0,212.0,25.0,2.0,4.0,2.0,0.0,2.0,19.0,14.0,26.0,198.0,138.0,4.0,6.0,115.0,30.0,2.0,0.0,297.0,17.0,274.0,6.0,7.0,74.0,17.0,383.0,18.0,96.0,74.0,48.0,119.0,164.0,42.0,29.0,2.0,28.0,25.0,258.0,85.0,1.0,24.0,189.0,17.0,255.0,91.0,120.0,133.0,102.0,151.0,8.0,18.0,1.0,11.0,128.0,6.0,25.0,10.0,289.0,4.0,40.0,57.0,22.0,6.0,72.0,7.0,10.0,0.0,15.0,29.0,8.0,250.0,156.0,64.0,54.0,11.0,86.0,9.0,55.0,0.0,30.0,17.0,26.0,316.0,297.0,58.0,38.0,71.0,244.0,0.0,16.0,62.0,329.0,3.0,31.0,47.0,25.0,94.0,42.0,0.0,48.0,201.0,69.0,28.0,45.0,3.0,197.0,138.0,30.0,12.0,211.0,17.0,20.0,68.0,210.0,14.0,4.0,129.0,42.0,347.0,39.0,0.0,192.0,68.0,126.0,163.0,11.0,33.0,365.0,211.0,0.0,181.0,85.0,110.0,6.0,6.0,31.0,296.0,25.0,0.0,121.0,237.0,128.0,8.0,0.0,103.0,6.0,8.0,13.0,155.0,171.0,15.0,193.0,295.0,4.0,13.0,18.0,17.0,115.0,10.0,11.0,14.0,1.0,341.0,31.0,9.0,32.0,0.0,58.0,8.0,22.0,39.0,11.0,2.0,39.0,330.0,218.0,120.0,1.0,12.0
11,18529435.0,91.0,18.0,65.0,1.0,7.0,55.0,0.0,45.0,55.0,126.0,0.0,87.0,7.0,2.0,0.0,0.0,0.0,0.0,1.0,4.0,14.0,81.0,72.0,8.0,3.0,50.0,17.0,0.0,0.0,124.0,5.0,114.0,3.0,3.0,38.0,1.0,161.0,5.0,64.0,8.0,6.0,32.0,84.0,4.0,29.0,1.0,15.0,23.0,117.0,48.0,5.0,1.0,86.0,5.0,106.0,36.0,63.0,54.0,81.0,36.0,2.0,10.0,0.0,0.0,33.0,3.0,1.0,3.0,97.0,0.0,31.0,23.0,2.0,4.0,16.0,3.0,1.0,0.0,6.0,11.0,10.0,111.0,63.0,21.0,19.0,7.0,42.0,1.0,25.0,1.0,14.0,3.0,5.0,187.0,88.0,8.0,9.0,61.0,93.0,1.0,1.0,45.0,104.0,4.0,9.0,16.0,11.0,42.0,7.0,0.0,10.0,42.0,16.0,17.0,15.0,1.0,52.0,63.0,3.0,2.0,99.0,3.0,16.0,21.0,78.0,10.0,14.0,57.0,18.0,168.0,12.0,1.0,66.0,20.0,78.0,65.0,6.0,10.0,101.0,63.0,1.0,78.0,29.0,92.0,3.0,6.0,3.0,117.0,13.0,0.0,41.0,72.0,49.0,5.0,0.0,69.0,0.0,7.0,1.0,63.0,45.0,8.0,87.0,107.0,1.0,0.0,9.0,5.0,39.0,2.0,9.0,2.0,0.0,120.0,15.0,9.0,14.0,0.0,34.0,4.0,6.0,29.0,8.0,10.0,8.0,119.0,100.0,49.0,1.0,7.0
12,19074053.0,343.0,32.0,303.0,1.0,73.0,207.0,20.0,173.0,157.0,212.0,87.0,0.0,66.0,1.0,22.0,4.0,0.0,15.0,25.0,25.0,109.0,937.0,131.0,24.0,20.0,186.0,69.0,4.0,0.0,268.0,39.0,605.0,16.0,48.0,159.0,18.0,288.0,104.0,155.0,145.0,141.0,167.0,260.0,118.0,123.0,3.0,107.0,36.0,415.0,358.0,6.0,54.0,374.0,17.0,281.0,120.0,86.0,301.0,215.0,263.0,12.0,16.0,1.0,20.0,37.0,15.0,57.0,24.0,351.0,6.0,89.0,102.0,48.0,11.0,124.0,11.0,14.0,0.0,30.0,22.0,57.0,183.0,37.0,88.0,42.0,26.0,85.0,15.0,196.0,0.0,142.0,23.0,42.0,218.0,238.0,109.0,28.0,101.0,337.0,0.0,63.0,181.0,460.0,10.0,54.0,54.0,91.0,110.0,85.0,0.0,68.0,280.0,15.0,105.0,52.0,7.0,133.0,532.0,35.0,8.0,209.0,73.0,30.0,46.0,72.0,17.0,11.0,262.0,55.0,342.0,22.0,2.0,356.0,91.0,210.0,272.0,34.0,39.0,207.0,365.0,8.0,189.0,173.0,206.0,6.0,6.0,12.0,171.0,21.0,0.0,26.0,73.0,157.0,7.0,0.0,216.0,4.0,8.0,1.0,46.0,81.0,15.0,338.0,219.0,11.0,36.0,12.0,17.0,33.0,12.0,22.0,13.0,3.0,222.0,38.0,22.0,46.0,0.0,84.0,8.0,21.0,83.0,15.0,10.0,99.0,140.0,309.0,99.0,2.0,31.0
13,19682207.0,34.0,7.0,52.0,1.0,23.0,55.0,11.0,7.0,12.0,25.0,7.0,66.0,0.0,0.0,12.0,2.0,0.0,1.0,9.0,9.0,5.0,82.0,19.0,2.0,4.0,51.0,12.0,3.0,0.0,39.0,9.0,27.0,0.0,2.0,46.0,12.0,58.0,13.0,10.0,24.0,39.0,51.0,73.0,24.0,23.0,4.0,18.0,12.0,70.0,25.0,4.0,27.0,57.0,7.0,14.0,30.0,17.0,107.0,22.0,62.0,8.0,0.0,0.0,5.0,2.0,2.0,24.0,1.0,32.0,1.0,11.0,25.0,17.0,10.0,36.0,8.0,5.0,13.0,12.0,7.0,13.0,30.0,2.0,17.0,8.0,9.0,11.0,9.0,38.0,0.0,14.0,18.0,4.0,33.0,36.0,22.0,12.0,20.0,98.0,0.0,11.0,28.0,66.0,2.0,4.0,9.0,14.0,25.0,30.0,0.0,14.0,40.0,1.0,10.0,21.0,1.0,12.0,58.0,8.0,4.0,16.0,19.0,11.0,2.0,16.0,3.0,1.0,57.0,7.0,40.0,3.0,1.0,44.0,10.0,24.0,63.0,26.0,4.0,34.0,45.0,0.0,31.0,35.0,11.0,1.0,2.0,3.0,17.0,7.0,0.0,3.0,9.0,23.0,3.0,0.0,23.0,0.0,0.0,0.0,2.0,12.0,1.0,61.0,42.0,7.0,16.0,1.0,3.0,4.0,12.0,1.0,3.0,2.0,47.0,2.0,2.0,12.0,0.0,19.0,2.0,12.0,16.0,0.0,4.0,33.0,24.0,21.0,8.0,0.0,2.0
14,19712559.0,2.0,4.0,2.0,0.0,1.0,1.0,0.0,0.0,1.0,2.0,2.0,1.0,0.0,0.0,0.0,0.0,0.0,1.0,0.0,0.0,0.0,1.0,4.0,0.0,0.0,0.0,1.0,1.0,0.0,0.0,1.0,1.0,0.0,0.0,0.0,0.0,2.0,0.0,1.0,0.0,0.0,6.0,1.0,0.0,1.0,0.0,0.0,1.0,3.0,1.0,1.0,0.0,1.0,0.0,2.0,1.0,1.0,0.0,2.0,1.0,0.0,4.0,1.0,1.0,0.0,0.0,1.0,0.0,1.0,0.0,0.0,1.0,0.0,0.0,1.0,0.0,0.0,0.0,1.0,0.0,0.0,0.0,2.0,1.0,0.0,0.0,0.0,0.0,1.0,0.0,0.0,0.0,0.0,0.0,2.0,0.0,0.0,29.0,0.0,0.0,0.0,0.0,2.0,0.0,0.0,2.0,0.0,0.0,0.0,0.0,0.0,2.0,0.0,0.0,0.0,0.0,17.0,1.0,1.0,0.0,4.0,0.0,6.0,0.0,1.0,0.0,0.0,3.0,0.0,2.0,0.0,0.0,5.0,0.0,1.0,2.0,4.0,1.0,0.0,0.0,0.0,1.0,2.0,2.0,0.0,0.0,0.0,1.0,0.0,0.0,0.0,0.0,1.0,0.0,0.0,1.0,0.0,28.0,0.0,0.0,0.0,0.0,1.0,2.0,0.0,0.0,2.0,0.0,0.0,0.0,0.0,1.0,0.0,1.0,1.0,0.0,8.0,0.0,28.0,0.0,0.0,0.0,0.0,0.0,6.0,1.0,3.0,0.0,0.0,0.0
15,19719446.0,16.0,2.0,33.0,0.0,8.0,13.0,1.0,4.0,3.0,4.0,0.0,22.0,12.0,0.0,0.0,3.0,0.0,0.0,3.0,2.0,3.0,46.0,1.0,1.0,5.0,7.0,7.0,3.0,0.0,5.0,5.0,16.0,0.0,7.0,6.0,3.0,19.0,2.0,0.0,9.0,58.0,30.0,17.0,3.0,5.0,2.0,5.0,6.0,28.0,3.0,0.0,13.0,44.0,1.0,3.0,3.0,3.0,28.0,6.0,44.0,1.0,0.0,0.0,0.0,2.0,1.0,4.0,0.0,6.0,1.0,1.0,3.0,10.0,1.0,18.0,2.0,0.0,0.0,2.0,7.0,5.0,5.0,0.0,8.0,0.0,0.0,1.0,0.0,45.0,0.0,19.0,0.0,1.0,5.0,8.0,9.0,2.0,5.0,20.0,0.0,8.0,9.0,43.0,0.0,3.0,2.0,3.0,2.0,1.0,0.0,15.0,30.0,0.0,22.0,14.0,0.0,5.0,21.0,6.0,2.0,2.0,2.0,0.0,0.0,1.0,1.0,2.0,35.0,3.0,3.0,0.0,0.0,53.0,0.0,8.0,9.0,0.0,6.0,4.0,10.0,0.0,5.0,40.0,3.0,0.0,0.0,1.0,2.0,0.0,0.0,0.0,1.0,12.0,0.0,0.0,1.0,0.0,0.0,0.0,0.0,1.0,0.0,59.0,31.0,2.0,1.0,0.0,1.0,1.0,8.0,0.0,0.0,1.0,7.0,0.0,0.0,3.0,0.0,2.0,0.0,6.0,2.0,1.0,1.0,18.0,1.0,4.0,0.0,0.0,2.0
16,19995430.0,6.0,24.0,44.0,0.0,7.0,2.0,0.0,1.0,7.0,2.0,0.0,4.0,2.0,0.0,3.0,0.0,0.0,0.0,16.0,0.0,0.0,24.0,1.0,27.0,1.0,2.0,74.0,61.0,0.0,4.0,2.0,5.0,0.0,0.0,17.0,0.0,148.0,1.0,2.0,1.0,62.0,109.0,5.0,2.0,60.0,6.0,1.0,1.0,3.0,0.0,0.0,295.0,7.0,0.0,1.0,0.0,0.0,43.0,17.0,26.0,1.0,8.0,0.0,5.0,1.0,0.0,17.0,0.0,5.0,32.0,2.0,22.0,3.0,0.0,187.0,2.0,0.0,5.0,14.0,42.0,56.0,0.0,1.0,1.0,0.0,3.0,1.0,2.0,36.0,1.0,12.0,0.0,2.0,2.0,1.0,5.0,0.0,14.0,2.0,0.0,5.0,5.0,10.0,5.0,179.0,1.0,2.0,0.0,0.0,2.0,34.0,11.0,1.0,2.0,1.0,0.0,1.0,4.0,2.0,3.0,1.0,0.0,1.0,0.0,1.0,1.0,30.0,4.0,2.0,1.0,75.0,0.0,64.0,0.0,5.0,4.0,0.0,2.0,1.0,2.0,72.0,11.0,10.0,5.0,0.0,2.0,0.0,1.0,1.0,0.0,0.0,0.0,10.0,1.0,0.0,2.0,0.0,0.0,0.0,0.0,0.0,0.0,87.0,7.0,1.0,0.0,2.0,2.0,1.0,1.0,0.0,0.0,0.0,19.0,0.0,0.0,0.0,0.0,18.0,520.0,23.0,11.0,2.0,5.0,10.0,0.0,5.0,0.0,2.0,1.0
17,20355459.0,2.0,0.0,1.0,0.0,0.0,2.0,0.0,0.0,0.0,0.0,0.0,0.0,0.0,0.0,0.0,0.0,0.0,0.0,0.0,0.0,0.0,1.0,1.0,0.0,0.0,2.0,0.0,0.0,0.0,0.0,0.0,2.0,0.0,0.0,1.0,0.0,0.0,0.0,0.0,1.0,0.0,1.0,1.0,0.0,0.0,0.0,0.0,0.0,3.0,0.0,0.0,0.0,3.0,0.0,0.0,0.0,0.0,0.0,1.0,0.0,1.0,0.0,0.0,0.0,0.0,0.0,0.0,0.0,0.0,0.0,0.0,0.0,0.0,0.0,0.0,0.0,0.0,0.0,0.0,0.0,0.0,0.0,0.0,0.0,0.0,0.0,0.0,0.0,0.0,0.0,0.0,0.0,0.0,0.0,0.0,0.0,0.0,0.0,3.0,0.0,0.0,0.0,2.0,0.0,1.0,0.0,1.0,0.0,0.0,0.0,0.0,2.0,0.0,0.0,0.0,0.0,0.0,1.0,0.0,0.0,0.0,1.0,0.0,0.0,0.0,0.0,0.0,2.0,0.0,0.0,0.0,0.0,0.0,0.0,1.0,0.0,0.0,0.0,0.0,1.0,0.0,0.0,0.0,0.0,0.0,0.0,0.0,3.0,0.0,0.0,0.0,0.0,1.0,0.0,0.0,0.0,0.0,0.0,0.0,0.0,0.0,0.0,3.0,0.0,0.0,0.0,0.0,0.0,0.0,0.0,0.0,0.0,0.0,0.0,0.0,0.0,0.0,0.0,0.0,0.0,0.0,0.0,0.0,0.0,1.0,0.0,1.0,0.0,0.0,0.0
18,20378744.0,3.0,1.0,16.0,0.0,4.0,2.0,3.0,0.0,3.0,2.0,0.0,15.0,1.0,1.0,0.0,0.0,0.0,0.0,3.0,0.0,4.0,28.0,4.0,11.0,2.0,4.0,2.0,2.0,0.0,7.0,13.0,10.0,0.0,2.0,8.0,0.0,3.0,10.0,2.0,7.0,5.0,0.0,5.0,11.0,17.0,1.0,9.0,0.0,4.0,9.0,0.0,1.0,5.0,0.0,0.0,2.0,0.0,18.0,7.0,4.0,1.0,1.0,1.0,3.0,0.0,0.0,3.0,0.0,5.0,0.0,9.0,4.0,2.0,0.0,4.0,1.0,0.0,0.0,2.0,0.0,1.0,4.0,0.0,3.0,3.0,2.0,1.0,1.0,11.0,0.0,4.0,1.0,4.0,2.0,9.0,3.0,2.0,1.0,7.0,1.0,6.0,11.0,6.0,0.0,3.0,2.0,6.0,6.0,7.0,0.0,2.0,7.0,0.0,11.0,1.0,0.0,4.0,33.0,2.0,0.0,0.0,5.0,1.0,4.0,1.0,1.0,0.0,12.0,2.0,3.0,1.0,0.0,11.0,2.0,1.0,5.0,1.0,0.0,5.0,11.0,0.0,0.0,9.0,1.0,0.0,0.0,1.0,2.0,0.0,0.0,0.0,1.0,2.0,0.0,0.0,5.0,0.0,0.0,0.0,1.0,3.0,0.0,9.0,4.0,0.0,2.0,0.0,5.0,0.0,1.0,0.0,2.0,0.0,7.0,0.0,0.0,7.0,0.0,2.0,0.0,0.0,1.0,0.0,1.0,7.0,3.0,4.0,2.0,2.0,0.0
19,20576302.0,25.0,11.0,24.0,1.0,16.0,11.0,9.0,10.0,12.0,19.0,1.0,25.0,9.0,0.0,3.0,16.0,0.0,3.0,0.0,2.0,6.0,39.0,17.0,5.0,3.0,12.0,10.0,2.0,0.0,13.0,10.0,13.0,2.0,9.0,17.0,4.0,33.0,11.0,19.0,16.0,13.0,14.0,17.0,18.0,22.0,2.0,10.0,2.0,16.0,8.0,1.0,14.0,17.0,2.0,9.0,14.0,9.0,29.0,10.0,22.0,2.0,6.0,3.0,7.0,6.0,0.0,12.0,1.0,29.0,6.0,9.0,12.0,11.0,2.0,19.0,4.0,9.0,0.0,8.0,5.0,5.0,21.0,6.0,10.0,14.0,5.0,6.0,5.0,19.0,0.0,7.0,7.0,10.0,17.0,39.0,13.0,9.0,8.0,16.0,0.0,9.0,13.0,27.0,7.0,20.0,11.0,4.0,13.0,15.0,1.0,10.0,19.0,6.0,5.0,3.0,4.0,10.0,26.0,7.0,0.0,5.0,7.0,3.0,5.0,10.0,8.0,3.0,24.0,6.0,12.0,9.0,0.0,20.0,10.0,8.0,16.0,4.0,5.0,27.0,25.0,1.0,17.0,15.0,7.0,0.0,0.0,10.0,12.0,3.0,0.0,5.0,9.0,8.0,2.0,0.0,11.0,3.0,1.0,1.0,1.0,9.0,3.0,56.0,22.0,3.0,9.0,4.0,2.0,6.0,5.0,1.0,3.0,1.0,35.0,1.0,2.0,16.0,0.0,7.0,8.0,23.0,1.0,2.0,2.0,13.0,8.0,13.0,2.0,0.0,3.0
20,21159536.0,22.0,2.0,10.0,0.0,3.0,17.0,3.0,7.0,4.0,14.0,4.0,25.0,9.0,0.0,2.0,0.0,0.0,0.0,2.0,0.0,2.0,28.0,8.0,0.0,0.0,14.0,3.0,0.0,0.0,20.0,4.0,12.0,0.0,0.0,6.0,17.0,20.0,4.0,7.0,10.0,11.0,38.0,27.0,5.0,7.0,1.0,3.0,4.0,28.0,20.0,2.0,8.0,18.0,3.0,14.0,9.0,8.0,10.0,8.0,16.0,0.0,3.0,0.0,1.0,0.0,6.0,16.0,0.0,10.0,0.0,4.0,2.0,4.0,2.0,9.0,2.0,2.0,0.0,0.0,1.0,2.0,9.0,1.0,3.0,1.0,1.0,2.0,1.0,9.0,0.0,1.0,4.0,1.0,7.0,8.0,9.0,7.0,12.0,29.0,0.0,3.0,8.0,21.0,0.0,1.0,6.0,6.0,9.0,4.0,0.0,1.0,14.0,0.0,2.0,5.0,0.0,9.0,22.0,7.0,0.0,10.0,5.0,2.0,1.0,8.0,2.0,1.0,14.0,1.0,18.0,0.0,1.0,12.0,7.0,8.0,18.0,4.0,2.0,11.0,20.0,0.0,14.0,8.0,2.0,1.0,0.0,0.0,23.0,3.0,0.0,1.0,7.0,11.0,0.0,0.0,3.0,0.0,1.0,0.0,2.0,6.0,0.0,18.0,8.0,1.0,5.0,1.0,1.0,3.0,3.0,0.0,1.0,0.0,12.0,2.0,0.0,3.0,0.0,6.0,0.0,3.0,4.0,0.0,0.0,25.0,11.0,13.0,3.0,0.0,0.0
21,21288289.0,59.0,4.0,63.0,1.0,22.0,24.0,2.0,34.0,34.0,26.0,14.0,109.0,5.0,0.0,3.0,0.0,0.0,4.0,6.0,2.0,0.0,172.0,21.0,9.0,8.0,25.0,13.0,1.0,0.0,61.0,9.0,93.0,0.0,4.0,31.0,3.0,46.0,28.0,27.0,18.0,20.0,17.0,23.0,16.0,38.0,2.0,20.0,4.0,36.0,40.0,2.0,6.0,53.0,6.0,57.0,12.0,14.0,49.0,114.0,55.0,2.0,15.0,0.0,1.0,4.0,0.0,7.0,0.0,27.0,2.0,26.0,22.0,5.0,0.0,12.0,1.0,2.0,0.0,6.0,8.0,8.0,27.0,4.0,61.0,7.0,12.0,21.0,4.0,42.0,0.0,72.0,4.0,17.0,36.0,50.0,15.0,8.0,11.0,27.0,0.0,26.0,47.0,62.0,1.0,16.0,7.0,14.0,18.0,9.0,1.0,14.0,28.0,0.0,39.0,6.0,1.0,22.0,144.0,6.0,1.0,29.0,6.0,4.0,13.0,7.0,3.0,3.0,46.0,3.0,32.0,8.0,2.0,77.0,48.0,66.0,27.0,6.0,34.0,28.0,51.0,2.0,57.0,28.0,28.0,1.0,2.0,4.0,34.0,3.0,0.0,7.0,14.0,27.0,2.0,0.0,20.0,0.0,2.0,0.0,4.0,9.0,5.0,52.0,33.0,2.0,2.0,3.0,7.0,4.0,1.0,2.0,5.0,2.0,25.0,3.0,2.0,8.0,0.0,19.0,3.0,5.0,12.0,11.0,6.0,8.0,21.0,53.0,12.0,2.0,3.0
22,22201334.0,372.0,50.0,527.0,2.0,102.0,228.0,21.0,212.0,192.0,198.0,81.0,937.0,82.0,1.0,46.0,24.0,1.0,28.0,39.0,28.0,172.0,0.0,128.0,70.0,30.0,271.0,74.0,10.0,0.0,244.0,119.0,513.0,7.0,36.0,244.0,29.0,368.0,217.0,159.0,229.0,254.0,321.0,398.0,146.0,282.0,11.0,140.0,40.0,514.0,1290.0,15.0,69.0,571.0,20.0,175.0,109.0,65.0,458.0,698.0,410.0,14.0,21.0,3.0,27.0,21.0,12.0,99.0,4.0,175.0,15.0,72.0,68.0,73.0,25.0,218.0,16.0,14.0,4.0,70.0,35.0,164.0,160.0,16.0,82.0,28.0,36.0,73.0,39.0,372.0,1.0,157.0,29.0,60.0,207.0,227.0,130.0,37.0,141.0,443.0,2.0,87.0,271.0,705.0,10.0,108.0,41.0,151.0,115.0,192.0,15.0,82.0,295.0,8.0,204.0,60.0,5.0,150.0,1974.0,46.0,9.0,166.0,51.0,52.0,43.0,60.0,38.0,27.0,253.0,31.0,231.0,35.0,4.0,496.0,73.0,245.0,244.0,65.0,39.0,230.0,476.0,7.0,167.0,231.0,85.0,2.0,14.0,20.0,129.0,22.0,0.0,18.0,62.0,219.0,9.0,0.0,147.0,2.0,11.0,0.0,30.0,83.0,7.0,489.0,257.0,14.0,33.0,20.0,20.0,25.0,23.0,12.0,24.0,9.0,230.0,18.0,9.0,62.0,0.0,113.0,26.0,33.0,101.0,23.0,19.0,165.0,147.0,194.0,133.0,6.0,7.0
23,22208724.0,112.0,13.0,88.0,1.0,21.0,75.0,11.0,66.0,37.0,138.0,72.0,131.0,19.0,4.0,1.0,1.0,1.0,4.0,17.0,8.0,21.0,128.0,0.0,5.0,5.0,69.0,23.0,1.0,0.0,130.0,13.0,141.0,5.0,6.0,45.0,7.0,146.0,17.0,61.0,46.0,22.0,36.0,88.0,40.0,22.0,1.0,24.0,14.0,119.0,52.0,3.0,16.0,92.0,6.0,98.0,60.0,67.0,98.0,63.0,66.0,7.0,11.0,0.0,10.0,22.0,4.0,22.0,6.0,101.0,1.0,32.0,24.0,17.0,8.0,32.0,7.0,6.0,0.0,12.0,9.0,7.0,123.0,55.0,25.0,29.0,12.0,38.0,7.0,40.0,0.0,19.0,12.0,10.0,119.0,139.0,29.0,17.0,51.0,105.0,0.0,12.0,34.0,122.0,3.0,13.0,24.0,19.0,57.0,34.0,0.0,15.0,67.0,14.0,11.0,17.0,4.0,73.0,98.0,11.0,2.0,105.0,18.0,13.0,27.0,68.0,17.0,4.0,81.0,30.0,138.0,6.0,0.0,57.0,33.0,48.0,84.0,10.0,10.0,113.0,108.0,0.0,71.0,40.0,59.0,8.0,3.0,9.0,114.0,11.0,0.0,39.0,80.0,46.0,4.0,0.0,77.0,2.0,7.0,2.0,57.0,68.0,8.0,118.0,113.0,5.0,10.0,6.0,10.0,31.0,10.0,3.0,5.0,2.0,110.0,10.0,11.0,25.0,0.0,31.0,6.0,16.0,15.0,5.0,4.0,25.0,100.0,91.0,54.0,1.0,4.0
24,22374019.0,7.0,6.0,55.0,0.0,8.0,5.0,4.0,3.0,16.0,4.0,8.0,24.0,2.0,0.0,1.0,27.0,0.0,11.0,5.0,0.0,9.0,70.0,5.0,0.0,4.0,6.0,19.0,2.0,0.0,16.0,23.0,23.0,0.0,2.0,27.0,0.0,22.0,22.0,6.0,8.0,32.0,7.0,10.0,9.0,106.0,2.0,12.0,0.0,5.0,19.0,0.0,21.0,8.0,6.0,0.0,5.0,2.0,32.0,18.0,10.0,2.0,3.0,0.0,2.0,1.0,0.0,4.0,0.0,14.0,1.0,8.0,7.0,5.0,2.0,20.0,1.0,0.0,0.0,8.0,3.0,22.0,8.0,0.0,3.0,4.0,11.0,8.0,0.0,53.0,1.0,35.0,2.0,6.0,4.0,19.0,5.0,4.0,3.0,10.0,3.0,10.0,28.0,14.0,1.0,5.0,8.0,5.0,5.0,8.0,2.0,3.0,11.0,1.0,23.0,1.0,0.0,7.0,60.0,3.0,0.0,0.0,4.0,0.0,6.0,2.0,1.0,20.0,13.0,3.0,4.0,5.0,0.0,42.0,3.0,13.0,5.0,1.0,3.0,9.0,16.0,8.0,12.0,13.0,4.0,0.0,0.0,1.0,2.0,0.0,0.0,2.0,2.0,5.0,10.0,0.0,6.0,0.0,0.0,0.0,1.0,2.0,0.0,22.0,10.0,1.0,3.0,0.0,2.0,1.0,3.0,0.0,1.0,0.0,14.0,0.0,2.0,6.0,0.0,10.0,22.0,2.0,7.0,18.0,16.0,8.0,3.0,8.0,2.0,15.0,0.0
25,22757490.0,4.0,2.0,22.0,0.0,4.0,5.0,2.0,3.0,9.0,6.0,3.0,20.0,4.0,0.0,5.0,1.0,0.0,2.0,3.0,0.0,8.0,30.0,5.0,4.0,0.0,6.0,3.0,2.0,0.0,8.0,5.0,17.0,0.0,3.0,7.0,1.0,11.0,11.0,3.0,2.0,8.0,1.0,7.0,4.0,15.0,1.0,9.0,3.0,7.0,13.0,0.0,1.0,11.0,0.0,2.0,2.0,4.0,10.0,11.0,5.0,1.0,1.0,0.0,1.0,1.0,0.0,4.0,0.0,9.0,1.0,6.0,1.0,3.0,0.0,3.0,2.0,1.0,0.0,5.0,2.0,2.0,5.0,0.0,5.0,2.0,3.0,0.0,1.0,13.0,0.0,27.0,1.0,4.0,6.0,8.0,3.0,1.0,2.0,6.0,0.0,6.0,14.0,9.0,0.0,4.0,1.0,7.0,0.0,4.0,0.0,5.0,9.0,0.0,16.0,0.0,0.0,6.0,21.0,0.0,1.0,1.0,3.0,0.0,3.0,2.0,1.0,5.0,9.0,2.0,3.0,2.0,0.0,15.0,1.0,13.0,1.0,1.0,3.0,6.0,9.0,0.0,1.0,10.0,5.0,0.0,0.0,0.0,4.0,0.0,0.0,0.0,1.0,5.0,0.0,0.0,6.0,0.0,0.0,0.0,2.0,2.0,0.0,18.0,11.0,1.0,1.0,0.0,0.0,0.0,2.0,0.0,3.0,2.0,9.0,0.0,1.0,5.0,0.0,4.0,1.0,3.0,2.0,1.0,3.0,5.0,2.0,2.0,1.0,1.0,2.0
26,23037715.0,227.0,17.0,211.0,4.0,49.0,211.0,12.0,120.0,50.0,115.0,50.0,186.0,51.0,0.0,7.0,2.0,2.0,4.0,12.0,14.0,25.0,271.0,69.0,6.0,6.0,0.0,67.0,5.0,0.0,182.0,17.0,228.0,4.0,4.0,121.0,17.0,209.0,23.0,55.0,110.0,60.0,94.0,246.0,164.0,39.0,4.0,51.0,32.0,234.0,76.0,4.0,29.0,250.0,46.0,88.0,53.0,51.0,219.0,148.0,170.0,17.0,16.0,0.0,7.0,12.0,6.0,31.0,1.0,98.0,8.0,35.0,73.0,25.0,13.0,114.0,7.0,7.0,1.0,46.0,12.0,16.0,118.0,11.0,38.0,16.0,22.0,55.0,16.0,84.0,0.0,50.0,23.0,10.0,139.0,119.0,83.0,11.0,107.0,241.0,0.0,37.0,159.0,234.0,1.0,32.0,34.0,40.0,83.0,82.0,0.0,34.0,224.0,4.0,23.0,41.0,2.0,69.0,177.0,31.0,25.0,100.0,38.0,15.0,27.0,47.0,9.0,5.0,130.0,19.0,171.0,21.0,1.0,147.0,33.0,79.0,132.0,56.0,12.0,105.0,200.0,3.0,160.0,56.0,81.0,1.0,34.0,3.0,89.0,9.0,0.0,14.0,40.0,146.0,13.0,0.0,59.0,0.0,5.0,1.0,37.0,66.0,6.0,231.0,113.0,4.0,22.0,6.0,9.0,12.0,18.0,8.0,5.0,2.0,132.0,8.0,9.0,27.0,0.0,41.0,6.0,10.0,48.0,10.0,11.0,60.0,90.0,123.0,68.0,3.0,10.0
27,24167293.0,67.0,29.0,768.0,5.0,107.0,55.0,13.0,23.0,35.0,30.0,17.0,69.0,12.0,1.0,7.0,74.0,0.0,2.0,10.0,3.0,13.0,74.0,23.0,19.0,3.0,67.0,0.0,2.0,0.0,51.0,13.0,108.0,1.0,1.0,130.0,3.0,151.0,17.0,17.0,80.0,121.0,43.0,84.0,42.0,76.0,8.0,27.0,8.0,42.0,11.0,2.0,33.0,100.0,31.0,1.0,17.0,12.0,213.0,150.0,174.0,4.0,33.0,1.0,7.0,7.0,1.0,14.0,1.0,40.0,56.0,17.0,80.0,13.0,5.0,492.0,7.0,2.0,0.0,128.0,33.0,12.0,28.0,0.0,19.0,9.0,42.0,28.0,5.0,127.0,1.0,34.0,11.0,8.0,41.0,48.0,103.0,6.0,61.0,69.0,2.0,29.0,100.0,107.0,2.0,112.0,45.0,12.0,18.0,53.0,0.0,79.0,73.0,4.0,11.0,3.0,2.0,20.0,76.0,23.0,15.0,16.0,11.0,14.0,5.0,6.0,5.0,47.0,152.0,8.0,42.0,34.0,1.0,181.0,7.0,66.0,27.0,14.0,17.0,37.0,80.0,24.0,185.0,40.0,38.0,0.0,30.0,3.0,10.0,0.0,0.0,2.0,7.0,161.0,25.0,0.0,15.0,0.0,1.0,0.0,5.0,9.0,0.0,135.0,78.0,2.0,9.0,15.0,14.0,1.0,8.0,2.0,2.0,0.0,75.0,11.0,2.0,8.0,0.0,81.0,40.0,3.0,163.0,25.0,12.0,90.0,10.0,82.0,5.0,17.0,6.0
28,24812725.0,6.0,3.0,20.0,1.0,6.0,4.0,0.0,1.0,3.0,2.0,0.0,4.0,3.0,1.0,3.0,61.0,0.0,2.0,2.0,0.0,1.0,10.0,1.0,2.0,2.0,5.0,2.0,0.0,0.0,1.0,2.0,3.0,0.0,2.0,4.0,0.0,5.0,0.0,1.0,7.0,7.0,7.0,3.0,5.0,10.0,2.0,3.0,0.0,1.0,0.0,0.0,11.0,4.0,0.0,0.0,1.0,1.0,9.0,3.0,7.0,0.0,3.0,1.0,3.0,0.0,0.0,7.0,0.0,6.0,5.0,1.0,2.0,1.0,0.0,14.0,1.0,0.0,0.0,3.0,3.0,5.0,2.0,0.0,6.0,0.0,4.0,1.0,2.0,8.0,0.0,6.0,1.0,2.0,0.0,4.0,2.0,0.0,1.0,5.0,0.0,1.0,1.0,5.0,1.0,15.0,2.0,1.0,1.0,3.0,2.0,3.0,6.0,0.0,2.0,0.0,0.0,1.0,8.0,1.0,2.0,1.0,2.0,0.0,0.0,1.0,0.0,2.0,3.0,2.0,0.0,5.0,1.0,7.0,0.0,3.0,3.0,0.0,0.0,1.0,5.0,4.0,5.0,5.0,0.0,0.0,0.0,0.0,1.0,0.0,0.0,0.0,0.0,4.0,0.0,0.0,0.0,0.0,0.0,0.0,0.0,0.0,0.0,20.0,5.0,0.0,0.0,0.0,1.0,0.0,0.0,0.0,0.0,1.0,3.0,1.0,0.0,1.0,0.0,3.0,14.0,1.0,0.0,0.0,1.0,6.0,0.0,2.0,0.0,0.0,0.0
29,24998706.0,0.0,0.0,0.0,0.0,0.0,0.0,0.0,0.0,0.0,0.0,0.0,0.0,0.0,0.0,0.0,0.0,0.0,0.0,0.0,0.0,0.0,0.0,0.0,0.0,0.0,0.0,0.0,0.0,0.0,0.0,0.0,0.0,0.0,0.0,0.0,0.0,0.0,0.0,0.0,0.0,0.0,0.0,0.0,0.0,0.0,0.0,0.0,0.0,0.0,0.0,0.0,0.0,0.0,0.0,0.0,0.0,0.0,0.0,0.0,0.0,0.0,0.0,0.0,0.0,0.0,0.0,0.0,0.0,0.0,0.0,0.0,0.0,0.0,0.0,0.0,0.0,0.0,0.0,0.0,0.0,0.0,0.0,0.0,0.0,0.0,0.0,0.0,1.0,0.0,0.0,0.0,0.0,0.0,0.0,0.0,0.0,0.0,0.0,0.0,0.0,0.0,0.0,0.0,0.0,0.0,0.0,0.0,0.0,0.0,0.0,0.0,0.0,0.0,0.0,0.0,0.0,0.0,0.0,0.0,0.0,0.0,0.0,0.0,0.0,0.0,0.0,0.0,0.0,0.0,0.0,2.0,0.0,0.0,0.0,0.0,0.0,0.0,0.0,0.0,0.0,0.0,0.0,0.0,0.0,0.0,0.0,0.0,0.0,0.0,0.0,0.0,0.0,0.0,0.0,0.0,0.0,0.0,0.0,0.0,0.0,0.0,0.0,0.0,0.0,0.0,0.0,0.0,0.0,0.0,0.0,0.0,1.0,0.0,0.0,0.0,0.0,0.0,0.0,0.0,2.0,0.0,0.0,0.0,0.0,0.0,0.0,0.0,0.0,0.0,0.0
30,25161342.0,343.0,50.0,211.0,3.0,43.0,185.0,9.0,168.0,99.0,297.0,124.0,268.0,39.0,0.0,5.0,4.0,0.0,7.0,13.0,20.0,61.0,244.0,130.0,16.0,8.0,182.0,51.0,1.0,0.0,0.0,27.0,387.0,12.0,6.0,178.0,9.0,415.0,23.0,130.0,66.0,36.0,125.0,227.0,48.0,45.0,5.0,44.0,38.0,278.0,110.0,9.0,25.0,286.0,55.0,408.0,82.0,102.0,293.0,187.0,201.0,18.0,78.0,1.0,5.0,48.0,4.0,15.0,6.0,276.0,3.0,60.0,96.0,18.0,18.0,79.0,8.0,5.0,0.0,43.0,45.0,15.0,264.0,62.0,92.0,39.0,31.0,157.0,13.0,62.0,0.0,33.0,16.0,17.0,328.0,293.0,60.0,36.0,85.0,204.0,3.0,19.0,115.0,379.0,5.0,36.0,61.0,29.0,145.0,85.0,1.0,48.0,155.0,26.0,18.0,44.0,3.0,128.0,178.0,30.0,17.0,196.0,21.0,38.0,59.0,138.0,17.0,4.0,169.0,32.0,371.0,67.0,0.0,213.0,124.0,198.0,202.0,29.0,57.0,213.0,227.0,3.0,292.0,113.0,255.0,7.0,26.0,10.0,250.0,21.0,0.0,76.0,144.0,135.0,26.0,0.0,134.0,0.0,2.0,7.0,135.0,124.0,17.0,247.0,228.0,2.0,11.0,34.0,17.0,63.0,18.0,30.0,4.0,2.0,258.0,57.0,11.0,26.0,0.0,67.0,9.0,20.0,66.0,17.0,22.0,38.0,305.0,367.0,102.0,10.0,29.0
31,25212127.0,18.0,7.0,65.0,1.0,19.0,18.0,9.0,4.0,28.0,17.0,5.0,39.0,9.0,1.0,5.0,2.0,0.0,13.0,10.0,4.0,9.0,119.0,13.0,23.0,5.0,17.0,13.0,2.0,0.0,27.0,0.0,30.0,2.0,12.0,39.0,7.0,33.0,21.0,6.0,18.0,12.0,11.0,26.0,28.0,56.0,3.0,18.0,2.0,16.0,28.0,1.0,11.0,24.0,13.0,9.0,11.0,10.0,38.0,18.0,24.0,7.0,3.0,1.0,12.0,6.0,0.0,13.0,1.0,31.0,2.0,9.0,7.0,8.0,6.0,23.0,7.0,4.0,0.0,17.0,1.0,3.0,20.0,3.0,13.0,11.0,20.0,19.0,1.0,39.0,0.0,16.0,8.0,36.0,18.0,31.0,12.0,8.0,9.0,29.0,2.0,19.0,26.0,37.0,0.0,12.0,15.0,10.0,17.0,16.0,1.0,9.0,17.0,1.0,30.0,5.0,1.0,17.0,76.0,9.0,1.0,6.0,10.0,5.0,13.0,11.0,3.0,0.0,33.0,5.0,15.0,3.0,1.0,59.0,14.0,20.0,18.0,7.0,4.0,34.0,39.0,3.0,26.0,30.0,10.0,0.0,1.0,6.0,11.0,2.0,0.0,4.0,6.0,18.0,12.0,0.0,13.0,0.0,0.0,0.0,10.0,7.0,0.0,44.0,25.0,5.0,6.0,1.0,6.0,6.0,5.0,1.0,13.0,1.0,32.0,3.0,3.0,14.0,0.0,11.0,4.0,2.0,8.0,3.0,11.0,23.0,11.0,23.0,7.0,6.0,2.0
32,25803703.0,442.0,59.0,405.0,5.0,79.0,259.0,9.0,221.0,131.0,274.0,114.0,605.0,27.0,1.0,16.0,5.0,2.0,10.0,13.0,12.0,93.0,513.0,141.0,23.0,17.0,228.0,108.0,3.0,0.0,387.0,30.0,0.0,16.0,11.0,217.0,8.0,300.0,64.0,211.0,134.0,82.0,138.0,324.0,72.0,85.0,8.0,80.0,51.0,447.0,256.0,7.0,23.0,400.0,52.0,415.0,96.0,109.0,283.0,272.0,284.0,17.0,51.0,0.0,12.0,27.0,6.0,27.0,3.0,197.0,9.0,84.0,110.0,30.0,17.0,122.0,9.0,7.0,0.0,47.0,18.0,23.0,218.0,38.0,104.0,40.0,30.0,135.0,15.0,150.0,0.0,95.0,16.0,20.0,230.0,273.0,105.0,32.0,103.0,307.0,3.0,36.0,218.0,413.0,12.0,42.0,70.0,53.0,130.0,68.0,1.0,76.0,206.0,15.0,59.0,55.0,7.0,200.0,272.0,39.0,27.0,283.0,98.0,38.0,58.0,79.0,33.0,22.0,227.0,29.0,348.0,25.0,1.0,311.0,150.0,280.0,285.0,19.0,72.0,199.0,378.0,82.0,277.0,137.0,208.0,2.0,31.0,4.0,196.0,26.0,0.0,40.0,91.0,235.0,19.0,0.0,162.0,1.0,12.0,2.0,65.0,100.0,12.0,318.0,201.0,5.0,9.0,33.0,24.0,42.0,12.0,43.0,8.0,2.0,163.0,62.0,23.0,32.0,0.0,81.0,6.0,34.0,115.0,20.0,19.0,60.0,185.0,427.0,135.0,7.0,31.0
33,26140273.0,12.0,9.0,7.0,0.0,4.0,4.0,0.0,3.0,15.0,6.0,3.0,16.0,0.0,0.0,0.0,0.0,0.0,0.0,2.0,0.0,0.0,7.0,5.0,0.0,0.0,4.0,1.0,0.0,0.0,12.0,2.0,16.0,0.0,6.0,7.0,0.0,6.0,0.0,7.0,1.0,0.0,2.0,5.0,2.0,0.0,0.0,0.0,1.0,11.0,4.0,1.0,0.0,7.0,1.0,14.0,5.0,2.0,6.0,13.0,9.0,1.0,2.0,0.0,1.0,1.0,0.0,0.0,0.0,12.0,0.0,3.0,6.0,0.0,0.0,3.0,0.0,0.0,0.0,1.0,1.0,0.0,9.0,0.0,2.0,2.0,1.0,6.0,0.0,4.0,0.0,1.0,0.0,4.0,2.0,11.0,5.0,2.0,2.0,2.0,0.0,1.0,3.0,12.0,1.0,5.0,10.0,2.0,4.0,1.0,0.0,3.0,8.0,2.0,1.0,3.0,0.0,4.0,7.0,2.0,0.0,3.0,1.0,0.0,6.0,3.0,0.0,1.0,5.0,1.0,8.0,2.0,0.0,6.0,4.0,9.0,6.0,0.0,1.0,8.0,11.0,0.0,9.0,10.0,20.0,0.0,1.0,1.0,5.0,1.0,0.0,1.0,3.0,3.0,2.0,0.0,2.0,0.0,2.0,0.0,4.0,1.0,0.0,6.0,10.0,0.0,0.0,4.0,1.0,0.0,0.0,2.0,0.0,1.0,4.0,7.0,2.0,1.0,0.0,11.0,0.0,0.0,5.0,1.0,0.0,2.0,4.0,19.0,2.0,0.0,4.0
34,28771515.0,12.0,1.0,13.0,0.0,16.0,5.0,1.0,2.0,6.0,7.0,3.0,48.0,2.0,0.0,7.0,0.0,0.0,2.0,9.0,0.0,4.0,36.0,6.0,2.0,3.0,4.0,1.0,2.0,0.0,6.0,12.0,11.0,6.0,0.0,11.0,3.0,8.0,3.0,2.0,6.0,6.0,0.0,5.0,11.0,22.0,1.0,5.0,2.0,8.0,3.0,0.0,2.0,7.0,0.0,11.0,10.0,8.0,15.0,11.0,13.0,0.0,1.0,0.0,1.0,6.0,0.0,5.0,2.0,53.0,2.0,2.0,8.0,5.0,3.0,6.0,3.0,4.0,0.0,3.0,2.0,0.0,10.0,0.0,10.0,6.0,1.0,7.0,1.0,12.0,0.0,9.0,4.0,10.0,8.0,19.0,9.0,3.0,3.0,5.0,0.0,9.0,4.0,16.0,0.0,5.0,6.0,5.0,6.0,6.0,1.0,9.0,8.0,2.0,14.0,1.0,3.0,8.0,26.0,1.0,1.0,6.0,3.0,1.0,3.0,2.0,2.0,0.0,21.0,8.0,10.0,0.0,0.0,19.0,7.0,9.0,5.0,1.0,2.0,16.0,14.0,0.0,10.0,5.0,13.0,0.0,0.0,2.0,6.0,2.0,0.0,5.0,2.0,6.0,0.0,0.0,6.0,0.0,2.0,0.0,0.0,1.0,0.0,22.0,21.0,1.0,2.0,0.0,3.0,6.0,1.0,0.0,7.0,2.0,11.0,1.0,3.0,6.0,0.0,4.0,1.0,1.0,2.0,1.0,1.0,2.0,4.0,15.0,0.0,0.0,2.0
35,30233748.0,124.0,28.0,296.0,5.0,72.0,167.0,18.0,76.0,109.0,74.0,38.0,159.0,46.0,0.0,6.0,17.0,1.0,8.0,17.0,6.0,31.0,244.0,45.0,27.0,7.0,121.0,130.0,4.0,0.0,178.0,39.0,217.0,7.0,11.0,0.0,11.0,221.0,47.0,46.0,88.0,45.0,42.0,183.0,73.0,107.0,9.0,51.0,15.0,97.0,90.0,7.0,27.0,150.0,55.0,49.0,43.0,36.0,275.0,200.0,148.0,18.0,35.0,0.0,9.0,13.0,4.0,32.0,4.0,97.0,4.0,63.0,84.0,28.0,256.0,128.0,15.0,6.0,0.0,62.0,16.0,16.0,87.0,6.0,42.0,20.0,56.0,133.0,16.0,110.0,1.0,72.0,23.0,25.0,103.0,137.0,66.0,19.0,63.0,127.0,5.0,34.0,173.0,154.0,4.0,49.0,58.0,50.0,69.0,93.0,2.0,71.0,92.0,6.0,32.0,15.0,3.0,55.0,209.0,41.0,20.0,52.0,27.0,19.0,22.0,21.0,7.0,15.0,153.0,15.0,97.0,54.0,1.0,184.0,30.0,134.0,81.0,25.0,13.0,101.0,167.0,3.0,163.0,72.0,96.0,1.0,25.0,8.0,48.0,3.0,0.0,8.0,19.0,101.0,29.0,0.0,64.0,0.0,2.0,0.0,21.0,29.0,3.0,170.0,110.0,6.0,18.0,11.0,13.0,11.0,11.0,8.0,5.0,1.0,130.0,19.0,16.0,23.0,0.0,80.0,11.0,5.0,92.0,26.0,46.0,47.0,37.0,147.0,31.0,17.0,12.0
36,32840036.0,12.0,5.0,16.0,0.0,3.0,22.0,6.0,8.0,14.0,17.0,1.0,18.0,12.0,0.0,3.0,0.0,0.0,0.0,4.0,17.0,3.0,29.0,7.0,0.0,1.0,17.0,3.0,0.0,0.0,9.0,7.0,8.0,0.0,3.0,11.0,0.0,17.0,5.0,3.0,10.0,8.0,17.0,20.0,12.0,11.0,0.0,8.0,0.0,20.0,13.0,1.0,8.0,20.0,4.0,7.0,12.0,3.0,18.0,7.0,8.0,2.0,2.0,0.0,7.0,1.0,1.0,18.0,0.0,9.0,0.0,9.0,12.0,4.0,2.0,10.0,2.0,1.0,0.0,2.0,0.0,5.0,8.0,1.0,8.0,3.0,4.0,3.0,4.0,6.0,0.0,6.0,7.0,4.0,12.0,16.0,8.0,2.0,17.0,28.0,0.0,4.0,7.0,18.0,1.0,1.0,7.0,4.0,12.0,12.0,0.0,5.0,20.0,0.0,6.0,9.0,1.0,11.0,25.0,5.0,0.0,6.0,6.0,3.0,2.0,4.0,2.0,1.0,18.0,4.0,14.0,4.0,3.0,12.0,2.0,8.0,14.0,11.0,1.0,13.0,22.0,0.0,13.0,10.0,3.0,0.0,0.0,4.0,22.0,1.0,0.0,1.0,2.0,10.0,1.0,0.0,7.0,1.0,2.0,0.0,0.0,6.0,0.0,23.0,14.0,1.0,8.0,0.0,1.0,3.0,5.0,2.0,5.0,0.0,17.0,0.0,0.0,7.0,0.0,16.0,2.0,2.0,4.0,0.0,1.0,9.0,2.0,9.0,2.0,0.0,2.0
37,33806698.0,237.0,46.0,306.0,1.0,80.0,242.0,15.0,171.0,181.0,383.0,161.0,288.0,58.0,2.0,19.0,148.0,0.0,3.0,33.0,20.0,46.0,368.0,146.0,22.0,11.0,209.0,151.0,5.0,0.0,415.0,33.0,300.0,6.0,8.0,221.0,17.0,0.0,25.0,113.0,95.0,172.0,272.0,385.0,71.0,88.0,11.0,47.0,67.0,453.0,96.0,10.0,110.0,279.0,54.0,210.0,93.0,123.0,354.0,194.0,228.0,20.0,60.0,0.0,19.0,79.0,6.0,46.0,11.0,268.0,37.0,51.0,127.0,37.0,13.0,248.0,12.0,12.0,1.0,65.0,130.0,39.0,271.0,93.0,77.0,46.0,38.0,110.0,19.0,120.0,1.0,48.0,30.0,25.0,539.0,295.0,82.0,43.0,168.0,408.0,1.0,22.0,118.0,376.0,50.0,164.0,66.0,42.0,99.0,80.0,1.0,82.0,184.0,44.0,34.0,65.0,1.0,146.0,246.0,29.0,9.0,215.0,34.0,17.0,46.0,139.0,33.0,56.0,199.0,49.0,425.0,181.0,2.0,342.0,56.0,166.0,247.0,44.0,34.0,295.0,218.0,19.0,300.0,139.0,180.0,7.0,9.0,18.0,256.0,34.0,0.0,78.0,154.0,165.0,25.0,0.0,149.0,2.0,11.0,8.0,136.0,121.0,14.0,329.0,309.0,8.0,24.0,37.0,17.0,92.0,15.0,12.0,10.0,4.0,477.0,24.0,15.0,45.0,0.0,127.0,150.0,51.0,93.0,13.0,24.0,84.0,373.0,225.0,128.0,8.0,17.0
38,34575622.0,27.0,4.0,103.0,0.0,15.0,19.0,13.0,17.0,39.0,18.0,5.0,104.0,13.0,0.0,2.0,1.0,0.0,10.0,11.0,4.0,28.0,217.0,17.0,22.0,11.0,23.0,17.0,0.0,0.0,23.0,21.0,64.0,0.0,3.0,47.0,5.0,25.0,0.0,19.0,18.0,17.0,10.0,27.0,33.0,74.0,1.0,56.0,6.0,21.0,125.0,1.0,10.0,32.0,4.0,7.0,15.0,6.0,51.0,43.0,23.0,3.0,1.0,0.0,4.0,0.0,0.0,15.0,1.0,30.0,1.0,36.0,13.0,12.0,3.0,22.0,6.0,5.0,0.0,11.0,1.0,23.0,15.0,3.0,7.0,9.0,7.0,13.0,8.0,73.0,0.0,46.0,10.0,11.0,26.0,32.0,13.0,8.0,11.0,32.0,1.0,16.0,71.0,46.0,0.0,11.0,6.0,38.0,12.0,20.0,2.0,9.0,21.0,1.0,52.0,7.0,2.0,18.0,192.0,7.0,1.0,12.0,14.0,6.0,10.0,5.0,2.0,4.0,36.0,5.0,17.0,4.0,0.0,56.0,11.0,23.0,22.0,5.0,7.0,30.0,75.0,0.0,13.0,27.0,6.0,0.0,0.0,4.0,14.0,1.0,0.0,2.0,9.0,16.0,1.0,0.0,29.0,0.0,1.0,0.0,3.0,10.0,0.0,29.0,30.0,4.0,10.0,0.0,8.0,3.0,5.0,0.0,5.0,1.0,35.0,0.0,3.0,18.0,0.0,8.0,0.0,2.0,18.0,6.0,12.0,18.0,14.0,16.0,3.0,4.0,2.0
39,35707603.0,112.0,46.0,76.0,0.0,11.0,62.0,5.0,120.0,61.0,96.0,64.0,155.0,10.0,1.0,0.0,2.0,0.0,2.0,19.0,7.0,27.0,159.0,61.0,6.0,3.0,55.0,17.0,1.0,0.0,130.0,6.0,211.0,7.0,2.0,46.0,3.0,113.0,19.0,0.0,20.0,12.0,43.0,77.0,15.0,30.0,0.0,21.0,16.0,169.0,77.0,2.0,3.0,106.0,5.0,132.0,38.0,44.0,74.0,71.0,57.0,3.0,18.0,2.0,1.0,6.0,7.0,4.0,1.0,49.0,0.0,78.0,27.0,4.0,6.0,15.0,1.0,7.0,0.0,9.0,4.0,10.0,93.0,10.0,25.0,9.0,7.0,29.0,2.0,34.0,0.0,35.0,3.0,9.0,96.0,100.0,25.0,9.0,58.0,94.0,0.0,7.0,53.0,114.0,8.0,13.0,19.0,18.0,52.0,17.0,0.0,10.0,61.0,5.0,19.0,25.0,2.0,62.0,83.0,7.0,1.0,99.0,4.0,11.0,32.0,34.0,23.0,4.0,66.0,10.0,127.0,8.0,1.0,81.0,39.0,84.0,106.0,3.0,15.0,62.0,95.0,3.0,64.0,51.0,87.0,1.0,3.0,3.0,97.0,38.0,0.0,15.0,32.0,50.0,1.0,0.0,65.0,0.0,1.0,2.0,28.0,40.0,3.0,111.0,65.0,0.0,3.0,12.0,6.0,12.0,4.0,5.0,4.0,1.0,46.0,11.0,4.0,11.0,0.0,27.0,3.0,18.0,26.0,4.0,2.0,7.0,82.0,115.0,66.0,0.0,6.0
40,35773039.0,214.0,9.0,191.0,1.0,61.0,88.0,17.0,44.0,27.0,74.0,8.0,145.0,24.0,0.0,9.0,1.0,1.0,7.0,16.0,10.0,18.0,229.0,46.0,8.0,2.0,110.0,80.0,7.0,0.0,66.0,18.0,134.0,1.0,6.0,88.0,10.0,95.0,18.0,20.0,0.0,89.0,77.0,104.0,109.0,40.0,2.0,32.0,7.0,176.0,41.0,1.0,33.0,191.0,13.0,15.0,32.0,21.0,146.0,80.0,166.0,3.0,4.0,0.0,11.0,7.0,1.0,32.0,0.0,47.0,5.0,45.0,66.0,33.0,7.0,122.0,13.0,8.0,0.0,15.0,6.0,14.0,59.0,5.0,19.0,16.0,14.0,24.0,16.0,90.0,0.0,51.0,26.0,7.0,37.0,77.0,116.0,16.0,33.0,181.0,0.0,34.0,105.0,200.0,0.0,30.0,36.0,51.0,46.0,72.0,0.0,33.0,157.0,1.0,15.0,21.0,1.0,31.0,180.0,27.0,7.0,42.0,32.0,8.0,12.0,14.0,4.0,1.0,100.0,14.0,63.0,8.0,0.0,121.0,16.0,24.0,66.0,10.0,10.0,81.0,239.0,1.0,80.0,60.0,17.0,0.0,4.0,6.0,28.0,3.0,0.0,4.0,22.0,137.0,4.0,0.0,25.0,0.0,0.0,0.0,6.0,22.0,1.0,167.0,80.0,10.0,10.0,2.0,12.0,5.0,6.0,5.0,5.0,1.0,119.0,3.0,5.0,20.0,0.0,37.0,3.0,6.0,29.0,11.0,7.0,50.0,26.0,79.0,21.0,2.0,2.0
41,36415086.0,114.0,8.0,159.0,1.0,55.0,61.0,9.0,30.0,23.0,48.0,6.0,141.0,39.0,0.0,58.0,62.0,0.0,5.0,13.0,11.0,20.0,254.0,22.0,32.0,8.0,60.0,121.0,7.0,0.0,36.0,12.0,82.0,0.0,6.0,45.0,8.0,172.0,17.0,12.0,89.0,0.0,225.0,93.0,45.0,45.0,4.0,18.0,17.0,201.0,26.0,0.0,61.0,286.0,4.0,11.0,17.0,7.0,236.0,86.0,241.0,4.0,5.0,1.0,10.0,10.0,1.0,30.0,1.0,39.0,24.0,19.0,63.0,73.0,4.0,206.0,7.0,3.0,1.0,16.0,128.0,14.0,48.0,3.0,19.0,5.0,10.0,7.0,13.0,239.0,1.0,79.0,15.0,9.0,30.0,53.0,77.0,14.0,48.0,148.0,0.0,32.0,50.0,249.0,33.0,136.0,15.0,22.0,21.0,37.0,0.0,75.0,173.0,4.0,39.0,20.0,0.0,31.0,115.0,23.0,7.0,23.0,17.0,5.0,5.0,15.0,5.0,43.0,129.0,13.0,41.0,52.0,2.0,587.0,7.0,43.0,54.0,6.0,20.0,54.0,86.0,13.0,57.0,291.0,20.0,1.0,1.0,5.0,24.0,5.0,0.0,2.0,13.0,113.0,2.0,0.0,15.0,0.0,0.0,0.0,2.0,11.0,0.0,204.0,149.0,10.0,4.0,3.0,6.0,6.0,18.0,0.0,5.0,2.0,76.0,4.0,2.0,12.0,0.0,55.0,105.0,17.0,26.0,6.0,2.0,86.0,20.0,48.0,8.0,2.0,4.0
