,0,1,2,3,4,5,6,7,8,9,10,11,12,13,14,15,16,17,18,19,20,21,22,23,24,25,26,27,28,29,30,31,32,33,34,35,36,37,38,39,40,41,42,43,44,45,46,47,48,49,50,51,52,53,54,55,56,57,58,59,60,61,62,63,64,65,66,67,68,69,70,71,72,73,74,75,76,77,78,79,80,81,82,83,84,85,86,87,88,89,90,91,92,93,94,95,96,97,98,99,100,101,102,103,104,105,106,107,108,109,110,111,112,113,114,115,116,117,118,119,120,121,122,123,124,125,126,127,128,129,130,131,132,133,134,135,136,137,138,139,140,141,142
0,-1.0,11277572.0,14321397.0,16079937.0,17658786.0,18594520.0,18714842.0,19480571.0,20024170.0,20801977.0,21850395.0,21906466.0,22362396.0,23282031.0,24655962.0,32841180.0,43022178.0,48959778.0,49052075.0,49817093.0,50552213.0,51738668.0,52192979.0,52915212.0,53400136.0,71442697.0,74446328.0,80473367.0,83869098.0,98730352.0,100682954.0,105992516.0,110440287.0,118414215.0,122928586.0,130434830.0,134683680.0,144219102.0,149994547.0,150881077.0,151058995.0,160547588.0,165404712.0,167992419.0,168498034.0,171866673.0,182360370.0,186240871.0,192477353.0,194008664.0,194920096.0,205887871.0,207320806.0,210824047.0,217078361.0,218808148.0,220639964.0,224191683.0,231672811.0,235718672.0,244152633.0,244646001.0,245901604.0,246484984.0,247182392.0,250373044.0,252075312.0,252488678.0,253531983.0,253742998.0,253766102.0,258047934.0,260004196.0,260706920.0,261905897.0,262067630.0,265814972.0,266141540.0,266263003.0,267605023.0,268445390.0,270934983.0,273325600.0,274246546.0,275093764.0,275179952.0,275212935.0,275942684.0,278431499.0,278440078.0,280196372.0,281553266.0,282080237.0,282806019.0,285115375.0,286694714.0,294523668.0,299231191.0,300864688.0,302144631.0,302817075.0,306461651.0,311729738.0,314182036.0,315467525.0,317185026.0,317262357.0,317773504.0,319225412.0,326991289.0,328933147.0,329409390.0,336041527.0,338676684.0,346585747.0,348934165.0,357742193.0,363763442.0,366222982.0,366252804.0,369028288.0,371624190.0,380252053.0,381696542.0,386082293.0,387346317.0,388938259.0,400339588.0,402037439.0,406558256.0,408190913.0,412282117.0,412663554.0,415931947.0,418834841.0,424028809.0,427538029.0,437360414.0,440592967.0,442650840.0,444279470.0,448691746.0,453889416.0
1,11277572.0,0.0,0.0,13.0,0.0,9.0,0.0,0.0,1.0,8.0,3.0,2.0,2.0,20.0,2.0,32.0,8.0,10.0,0.0,14.0,6.0,1.0,2.0,43.0,13.0,12.0,0.0,23.0,6.0,0.0,3.0,23.0,14.0,11.0,20.0,1.0,0.0,0.0,0.0,65.0,3.0,11.0,8.0,1.0,1.0,0.0,2.0,1.0,34.0,7.0,12.0,6.0,6.0,0.0,30.0,1.0,2.0,2.0,0.0,29.0,15.0,15.0,8.0,1.0,5.0,0.0,3.0,0.0,1.0,0.0,0.0,2.0,3.0,18.0,0.0,0.0,0.0,7.0,15.0,0.0,1.0,0.0,0.0,3.0,1.0,53.0,1.0,1.0,1.0,18.0,1.0,1.0,2.0,0.0,1.0,1.0,0.0,0.0,1.0,37.0,10.0,46.0,0.0,3.0,0.0,0.0,0.0,0.0,0.0,1.0,0.0,0.0,0.0,0.0,6.0,8.0,87.0,11.0,0.0,6.0,145.0,0.0,0.0,1.0,1.0,5.0,0.0,0.0,3.0,0.0,0.0,2.0,1.0,2.0,0.0,0.0,2.0,0.0,3.0,0.0,8.0,1.0,0.0
2,14321397.0,0.0,0.0,3.0,0.0,1.0,0.0,0.0,0.0,3.0,0.0,0.0,0.0,0.0,0.0,0.0,0.0,1.0,0.0,1.0,0.0,0.0,0.0,0.0,1.0,1.0,0.0,3.0,2.0,0.0,0.0,0.0,0.0,0.0,3.0,0.0,0.0,0.0,0.0,0.0,2.0,0.0,0.0,0.0,0.0,0.0,0.0,0.0,1.0,2.0,0.0,4.0,0.0,0.0,0.0,0.0,0.0,0.0,0.0,2.0,0.0,2.0,3.0,0.0,0.0,0.0,1.0,0.0,0.0,0.0,0.0,0.0,0.0,2.0,1.0,0.0,0.0,0.0,0.0,0.0,1.0,0.0,0.0,0.0,0.0,0.0,0.0,0.0,0.0,1.0,0.0,0.0,0.0,0.0,0.0,0.0,0.0,0.0,0.0,0.0,0.0,1.0,0.0,0.0,0.0,0.0,0.0,0.0,0.0,0.0,0.0,1.0,0.0,0.0,0.0,0.0,0.0,0.0,0.0,0.0,0.0,0.0,0.0,0.0,0.0,0.0,0.0,0.0,1.0,0.0,0.0,0.0,0.0,0.0,0.0,0.0,0.0,0.0,0.0,0.0,2.0,0.0,0.0
3,16079937.0,13.0,3.0,0.0,9.0,29.0,12.0,30.0,12.0,259.0,8.0,20.0,40.0,63.0,102.0,44.0,9.0,88.0,4.0,325.0,125.0,21.0,3.0,74.0,115.0,110.0,2.0,221.0,31.0,38.0,50.0,53.0,38.0,19.0,208.0,52.0,2.0,20.0,2.0,126.0,177.0,119.0,122.0,25.0,14.0,0.0,62.0,4.0,262.0,108.0,53.0,213.0,91.0,7.0,180.0,34.0,14.0,9.0,2.0,359.0,92.0,63.0,344.0,8.0,140.0,11.0,61.0,1.0,4.0,3.0,7.0,45.0,29.0,214.0,23.0,12.0,0.0,80.0,42.0,0.0,67.0,0.0,3.0,31.0,17.0,14.0,24.0,13.0,2.0,82.0,23.0,11.0,20.0,2.0,11.0,23.0,0.0,1.0,1.0,5.0,35.0,53.0,0.0,34.0,0.0,1.0,3.0,2.0,0.0,2.0,11.0,10.0,7.0,3.0,1.0,19.0,13.0,27.0,14.0,0.0,187.0,17.0,0.0,19.0,32.0,40.0,1.0,0.0,102.0,0.0,1.0,5.0,7.0,40.0,7.0,0.0,11.0,0.0,22.0,0.0,39.0,18.0,0.0
4,17658786.0,0.0,0.0,9.0,0.0,0.0,82.0,0.0,2.0,18.0,0.0,2.0,3.0,0.0,34.0,1.0,0.0,7.0,0.0,10.0,29.0,1.0,0.0,9.0,22.0,16.0,0.0,55.0,2.0,17.0,0.0,3.0,2.0,1.0,4.0,3.0,0.0,1.0,0.0,0.0,3.0,28.0,9.0,90.0,38.0,0.0,116.0,0.0,45.0,4.0,2.0,4.0,60.0,2.0,22.0,0.0,0.0,0.0,0.0,12.0,10.0,1.0,8.0,0.0,24.0,1.0,0.0,0.0,0.0,0.0,0.0,6.0,2.0,76.0,0.0,0.0,0.0,7.0,3.0,0.0,1.0,0.0,1.0,1.0,2.0,0.0,5.0,3.0,0.0,1.0,0.0,0.0,4.0,0.0,1.0,5.0,0.0,0.0,1.0,0.0,1.0,0.0,0.0,4.0,0.0,0.0,0.0,4.0,0.0,0.0,1.0,0.0,1.0,0.0,0.0,2.0,1.0,3.0,1.0,0.0,0.0,3.0,0.0,6.0,2.0,2.0,0.0,0.0,0.0,1.0,0.0,0.0,0.0,1.0,0.0,0.0,0.0,0.0,3.0,0.0,0.0,4.0,0.0
5,18594520.0,9.0,1.0,29.0,0.0,0.0,0.0,5.0,0.0,28.0,2.0,1.0,3.0,26.0,6.0,7.0,7.0,17.0,0.0,43.0,16.0,7.0,1.0,21.0,15.0,23.0,0.0,36.0,11.0,2.0,10.0,18.0,13.0,3.0,37.0,10.0,0.0,2.0,1.0,33.0,28.0,18.0,16.0,1.0,0.0,1.0,5.0,0.0,31.0,13.0,15.0,26.0,4.0,3.0,22.0,3.0,4.0,3.0,3.0,36.0,19.0,24.0,25.0,2.0,12.0,1.0,8.0,1.0,1.0,1.0,2.0,6.0,4.0,26.0,4.0,7.0,0.0,12.0,11.0,1.0,8.0,0.0,8.0,6.0,5.0,12.0,4.0,1.0,1.0,25.0,7.0,2.0,6.0,0.0,1.0,5.0,0.0,0.0,2.0,5.0,11.0,21.0,0.0,6.0,1.0,3.0,1.0,4.0,1.0,4.0,7.0,5.0,10.0,0.0,1.0,3.0,6.0,10.0,5.0,1.0,38.0,6.0,0.0,1.0,12.0,12.0,2.0,0.0,16.0,0.0,0.0,2.0,1.0,8.0,2.0,0.0,2.0,0.0,2.0,0.0,9.0,4.0,0.0
6,18714842.0,0.0,0.0,12.0,82.0,0.0,0.0,0.0,3.0,13.0,0.0,5.0,7.0,0.0,38.0,1.0,0.0,10.0,0.0,21.0,37.0,1.0,0.0,10.0,21.0,20.0,0.0,39.0,2.0,16.0,3.0,1.0,1.0,1.0,9.0,3.0,0.0,3.0,0.0,3.0,5.0,32.0,18.0,68.0,11.0,0.0,85.0,0.0,49.0,5.0,0.0,4.0,46.0,1.0,28.0,1.0,0.0,0.0,0.0,16.0,11.0,4.0,10.0,0.0,25.0,0.0,1.0,0.0,0.0,0.0,0.0,4.0,5.0,73.0,1.0,0.0,0.0,7.0,1.0,0.0,1.0,0.0,0.0,4.0,2.0,1.0,4.0,1.0,0.0,0.0,0.0,0.0,4.0,0.0,3.0,5.0,0.0,0.0,1.0,0.0,2.0,2.0,0.0,4.0,0.0,0.0,0.0,3.0,0.0,0.0,0.0,0.0,0.0,0.0,0.0,2.0,1.0,6.0,0.0,0.0,4.0,0.0,0.0,6.0,8.0,2.0,0.0,0.0,1.0,0.0,0.0,0.0,0.0,2.0,0.0,0.0,0.0,0.0,4.0,0.0,0.0,4.0,0.0
7,19480571.0,0.0,0.0,30.0,0.0,5.0,0.0,0.0,3.0,30.0,1.0,1.0,7.0,16.0,8.0,4.0,5.0,11.0,2.0,36.0,15.0,4.0,0.0,44.0,22.0,24.0,0.0,26.0,5.0,5.0,11.0,7.0,3.0,8.0,56.0,13.0,1.0,3.0,3.0,11.0,19.0,9.0,17.0,1.0,1.0,2.0,5.0,0.0,30.0,23.0,38.0,20.0,7.0,1.0,35.0,8.0,2.0,2.0,15.0,31.0,15.0,34.0,23.0,1.0,21.0,3.0,15.0,8.0,5.0,0.0,2.0,17.0,14.0,14.0,8.0,81.0,1.0,14.0,6.0,3.0,3.0,0.0,3.0,9.0,2.0,2.0,3.0,3.0,7.0,89.0,113.0,108.0,14.0,7.0,0.0,15.0,0.0,0.0,12.0,2.0,8.0,14.0,0.0,11.0,1.0,1.0,0.0,3.0,2.0,1.0,55.0,4.0,108.0,2.0,0.0,3.0,1.0,10.0,86.0,1.0,16.0,9.0,0.0,3.0,24.0,9.0,3.0,0.0,13.0,0.0,0.0,2.0,2.0,9.0,1.0,4.0,35.0,0.0,6.0,0.0,10.0,3.0,0.0
8,20024170.0,1.0,0.0,12.0,2.0,0.0,3.0,3.0,0.0,12.0,0.0,7.0,5.0,2.0,37.0,3.0,1.0,6.0,1.0,49.0,29.0,1.0,0.0,13.0,42.0,22.0,0.0,37.0,2.0,15.0,2.0,6.0,0.0,1.0,9.0,1.0,0.0,2.0,0.0,4.0,4.0,39.0,21.0,4.0,3.0,0.0,9.0,0.0,20.0,3.0,2.0,3.0,24.0,0.0,24.0,0.0,0.0,1.0,0.0,44.0,2.0,2.0,11.0,0.0,10.0,2.0,1.0,0.0,1.0,0.0,0.0,3.0,7.0,20.0,0.0,0.0,0.0,6.0,3.0,0.0,2.0,0.0,0.0,1.0,3.0,0.0,8.0,4.0,0.0,4.0,0.0,0.0,2.0,0.0,2.0,2.0,0.0,0.0,0.0,0.0,3.0,0.0,0.0,4.0,0.0,0.0,0.0,1.0,0.0,0.0,0.0,0.0,0.0,0.0,0.0,2.0,1.0,6.0,0.0,0.0,4.0,2.0,0.0,4.0,5.0,2.0,0.0,0.0,1.0,1.0,0.0,0.0,0.0,3.0,0.0,0.0,1.0,0.0,7.0,0.0,1.0,0.0,0.0
9,20801977.0,8.0,3.0,259.0,18.0,28.0,13.0,30.0,12.0,0.0,10.0,14.0,34.0,72.0,200.0,45.0,8.0,185.0,19.0,510.0,199.0,15.0,5.0,74.0,292.0,159.0,5.0,300.0,40.0,129.0,54.0,139.0,33.0,31.0,230.0,78.0,8.0,10.0,1.0,91.0,274.0,139.0,130.0,29.0,5.0,0.0,78.0,4.0,587.0,130.0,47.0,324.0,88.0,25.0,316.0,22.0,14.0,7.0,2.0,451.0,221.0,73.0,415.0,8.0,347.0,32.0,58.0,1.0,5.0,18.0,6.0,74.0,32.0,367.0,31.0,14.0,1.0,74.0,64.0,0.0,159.0,0.0,9.0,63.0,23.0,17.0,19.0,13.0,2.0,86.0,23.0,8.0,14.0,1.0,29.0,22.0,0.0,1.0,5.0,4.0,71.0,74.0,0.0,35.0,1.0,1.0,1.0,5.0,1.0,4.0,10.0,22.0,16.0,2.0,1.0,13.0,12.0,33.0,16.0,1.0,103.0,18.0,0.0,11.0,87.0,65.0,1.0,0.0,311.0,3.0,0.0,17.0,12.0,65.0,27.0,0.0,12.0,0.0,29.0,0.0,45.0,38.0,0.0
10,21850395.0,3.0,0.0,8.0,0.0,2.0,0.0,1.0,0.0,10.0,0.0,1.0,0.0,6.0,3.0,2.0,1.0,2.0,0.0,13.0,2.0,1.0,2.0,2.0,3.0,4.0,0.0,5.0,0.0,0.0,0.0,17.0,4.0,3.0,5.0,0.0,0.0,0.0,0.0,14.0,5.0,2.0,2.0,0.0,0.0,0.0,1.0,0.0,11.0,1.0,4.0,6.0,0.0,0.0,4.0,0.0,0.0,1.0,0.0,27.0,0.0,2.0,10.0,1.0,6.0,0.0,0.0,1.0,0.0,0.0,0.0,2.0,1.0,6.0,2.0,0.0,0.0,3.0,0.0,0.0,2.0,0.0,0.0,0.0,1.0,0.0,0.0,0.0,0.0,1.0,0.0,0.0,0.0,0.0,0.0,0.0,0.0,0.0,0.0,0.0,2.0,3.0,0.0,0.0,0.0,0.0,0.0,0.0,0.0,0.0,0.0,0.0,0.0,0.0,0.0,0.0,1.0,0.0,0.0,0.0,9.0,0.0,0.0,0.0,0.0,0.0,0.0,0.0,1.0,0.0,0.0,0.0,0.0,1.0,0.0,0.0,0.0,0.0,0.0,0.0,3.0,0.0,0.0
11,21906466.0,2.0,0.0,20.0,2.0,1.0,5.0,1.0,7.0,14.0,1.0,0.0,11.0,8.0,14.0,18.0,1.0,9.0,3.0,14.0,12.0,1.0,0.0,12.0,18.0,12.0,0.0,11.0,2.0,5.0,4.0,4.0,2.0,6.0,9.0,2.0,2.0,4.0,0.0,10.0,7.0,8.0,18.0,5.0,2.0,0.0,7.0,3.0,65.0,2.0,2.0,3.0,10.0,1.0,14.0,0.0,3.0,3.0,1.0,25.0,4.0,3.0,5.0,0.0,15.0,1.0,3.0,0.0,0.0,0.0,2.0,0.0,10.0,18.0,0.0,0.0,0.0,6.0,5.0,0.0,5.0,0.0,0.0,2.0,6.0,3.0,3.0,1.0,0.0,5.0,0.0,0.0,4.0,0.0,2.0,6.0,0.0,0.0,1.0,0.0,20.0,5.0,0.0,2.0,0.0,0.0,0.0,2.0,0.0,0.0,0.0,1.0,0.0,0.0,0.0,4.0,2.0,4.0,1.0,0.0,14.0,1.0,0.0,5.0,3.0,4.0,0.0,0.0,2.0,0.0,0.0,1.0,0.0,0.0,0.0,0.0,0.0,0.0,3.0,0.0,0.0,0.0,0.0
12,22362396.0,2.0,0.0,40.0,3.0,3.0,7.0,7.0,5.0,34.0,0.0,11.0,0.0,8.0,31.0,15.0,1.0,18.0,2.0,37.0,29.0,2.0,1.0,14.0,49.0,17.0,1.0,47.0,3.0,6.0,7.0,8.0,3.0,8.0,28.0,5.0,2.0,6.0,2.0,8.0,19.0,18.0,46.0,8.0,3.0,0.0,15.0,6.0,106.0,21.0,11.0,14.0,25.0,2.0,39.0,27.0,4.0,6.0,1.0,43.0,11.0,11.0,20.0,1.0,26.0,0.0,12.0,0.0,4.0,1.0,3.0,11.0,18.0,34.0,4.0,0.0,0.0,20.0,12.0,1.0,4.0,0.0,2.0,12.0,10.0,4.0,3.0,3.0,0.0,15.0,4.0,0.0,13.0,0.0,1.0,18.0,0.0,0.0,2.0,0.0,33.0,9.0,0.0,7.0,0.0,0.0,1.0,4.0,2.0,0.0,0.0,5.0,3.0,2.0,1.0,5.0,1.0,12.0,3.0,0.0,17.0,11.0,0.0,10.0,13.0,10.0,0.0,0.0,8.0,0.0,0.0,2.0,2.0,13.0,3.0,0.0,2.0,0.0,13.0,0.0,3.0,8.0,0.0
13,23282031.0,20.0,0.0,63.0,0.0,26.0,0.0,16.0,2.0,72.0,6.0,8.0,8.0,0.0,15.0,45.0,8.0,33.0,2.0,90.0,25.0,22.0,0.0,54.0,30.0,48.0,0.0,42.0,29.0,15.0,21.0,40.0,38.0,33.0,81.0,32.0,9.0,9.0,1.0,130.0,41.0,15.0,30.0,1.0,2.0,0.0,17.0,2.0,67.0,38.0,45.0,42.0,17.0,8.0,54.0,6.0,7.0,7.0,3.0,73.0,100.0,36.0,67.0,1.0,25.0,0.0,22.0,1.0,3.0,2.0,6.0,62.0,12.0,44.0,9.0,20.0,0.0,34.0,13.0,0.0,18.0,0.0,9.0,20.0,18.0,9.0,8.0,4.0,3.0,67.0,13.0,4.0,8.0,1.0,3.0,9.0,0.0,0.0,8.0,19.0,22.0,62.0,0.0,14.0,0.0,2.0,1.0,1.0,0.0,8.0,8.0,3.0,25.0,5.0,2.0,8.0,21.0,17.0,9.0,1.0,105.0,6.0,0.0,51.0,27.0,26.0,1.0,0.0,30.0,0.0,0.0,5.0,2.0,14.0,4.0,0.0,8.0,0.0,8.0,0.0,26.0,7.0,0.0
14,24655962.0,2.0,0.0,102.0,34.0,6.0,38.0,8.0,37.0,200.0,3.0,14.0,31.0,15.0,0.0,11.0,3.0,79.0,4.0,239.0,533.0,5.0,0.0,54.0,199.0,96.0,1.0,205.0,16.0,382.0,16.0,22.0,14.0,5.0,63.0,17.0,1.0,10.0,1.0,33.0,73.0,147.0,82.0,47.0,15.0,0.0,68.0,1.0,256.0,46.0,23.0,72.0,85.0,16.0,199.0,10.0,2.0,6.0,5.0,206.0,71.0,21.0,165.0,3.0,123.0,6.0,13.0,0.0,1.0,2.0,3.0,36.0,20.0,175.0,4.0,2.0,6.0,46.0,29.0,0.0,46.0,0.0,0.0,20.0,15.0,6.0,17.0,7.0,0.0,23.0,3.0,1.0,16.0,0.0,124.0,21.0,0.0,0.0,1.0,2.0,12.0,11.0,0.0,24.0,0.0,0.0,0.0,5.0,2.0,1.0,1.0,4.0,0.0,2.0,1.0,11.0,1.0,19.0,3.0,0.0,37.0,13.0,0.0,11.0,30.0,32.0,0.0,0.0,71.0,2.0,0.0,2.0,6.0,23.0,10.0,1.0,3.0,0.0,76.0,0.0,1.0,18.0,0.0
15,32841180.0,32.0,0.0,44.0,1.0,7.0,1.0,4.0,3.0,45.0,2.0,18.0,15.0,45.0,11.0,0.0,9.0,22.0,1.0,25.0,16.0,5.0,0.0,57.0,84.0,43.0,0.0,24.0,10.0,9.0,10.0,35.0,14.0,19.0,21.0,7.0,2.0,10.0,0.0,144.0,6.0,7.0,44.0,2.0,1.0,0.0,4.0,13.0,226.0,10.0,12.0,10.0,6.0,5.0,44.0,1.0,4.0,5.0,0.0,53.0,14.0,22.0,14.0,0.0,24.0,2.0,7.0,1.0,1.0,0.0,3.0,5.0,10.0,26.0,1.0,3.0,0.0,11.0,14.0,0.0,11.0,0.0,0.0,12.0,3.0,22.0,2.0,2.0,1.0,22.0,5.0,2.0,5.0,0.0,26.0,2.0,0.0,0.0,0.0,16.0,175.0,103.0,0.0,10.0,0.0,0.0,0.0,1.0,0.0,1.0,0.0,3.0,0.0,0.0,3.0,5.0,80.0,11.0,2.0,5.0,137.0,3.0,0.0,15.0,7.0,7.0,0.0,0.0,4.0,0.0,0.0,9.0,2.0,4.0,0.0,0.0,2.0,0.0,3.0,0.0,15.0,1.0,0.0
16,43022178.0,8.0,0.0,9.0,0.0,7.0,0.0,5.0,1.0,8.0,1.0,1.0,1.0,8.0,3.0,9.0,0.0,4.0,2.0,5.0,5.0,0.0,0.0,14.0,16.0,9.0,0.0,6.0,5.0,2.0,2.0,7.0,7.0,3.0,7.0,0.0,0.0,3.0,0.0,23.0,5.0,6.0,2.0,0.0,0.0,0.0,1.0,0.0,12.0,2.0,5.0,3.0,1.0,0.0,10.0,1.0,2.0,6.0,1.0,11.0,3.0,4.0,2.0,1.0,3.0,0.0,2.0,0.0,1.0,0.0,0.0,0.0,4.0,2.0,2.0,3.0,0.0,2.0,5.0,0.0,2.0,0.0,0.0,0.0,0.0,2.0,2.0,0.0,2.0,9.0,4.0,2.0,2.0,1.0,0.0,3.0,0.0,0.0,1.0,4.0,4.0,12.0,0.0,1.0,0.0,0.0,0.0,0.0,0.0,0.0,3.0,1.0,1.0,0.0,0.0,2.0,3.0,5.0,2.0,1.0,36.0,0.0,0.0,0.0,3.0,2.0,0.0,0.0,2.0,0.0,0.0,1.0,1.0,3.0,0.0,0.0,2.0,0.0,3.0,0.0,1.0,2.0,0.0
17,48959778.0,10.0,1.0,88.0,7.0,17.0,10.0,11.0,6.0,185.0,2.0,9.0,18.0,33.0,79.0,22.0,4.0,0.0,6.0,187.0,113.0,2.0,0.0,40.0,96.0,94.0,0.0,107.0,17.0,75.0,25.0,45.0,19.0,13.0,76.0,21.0,1.0,4.0,2.0,56.0,66.0,52.0,101.0,14.0,8.0,0.0,40.0,3.0,178.0,64.0,31.0,64.0,35.0,21.0,151.0,11.0,10.0,8.0,0.0,118.0,77.0,25.0,82.0,4.0,141.0,12.0,24.0,0.0,3.0,10.0,5.0,36.0,15.0,135.0,14.0,5.0,1.0,48.0,37.0,0.0,72.0,0.0,3.0,50.0,9.0,13.0,11.0,11.0,2.0,43.0,11.0,3.0,10.0,1.0,17.0,12.0,0.0,0.0,5.0,2.0,30.0,30.0,0.0,31.0,0.0,0.0,1.0,3.0,0.0,1.0,2.0,11.0,1.0,4.0,2.0,14.0,6.0,33.0,6.0,0.0,58.0,15.0,0.0,12.0,46.0,43.0,1.0,0.0,126.0,0.0,0.0,5.0,4.0,43.0,13.0,0.0,10.0,0.0,32.0,0.0,13.0,22.0,0.0
18,49052075.0,0.0,0.0,4.0,0.0,0.0,0.0,2.0,1.0,19.0,0.0,3.0,2.0,2.0,4.0,1.0,2.0,6.0,0.0,4.0,7.0,0.0,1.0,5.0,29.0,4.0,0.0,7.0,0.0,3.0,3.0,1.0,0.0,2.0,5.0,0.0,0.0,0.0,0.0,0.0,1.0,3.0,7.0,0.0,1.0,0.0,1.0,0.0,10.0,3.0,1.0,3.0,1.0,2.0,9.0,0.0,1.0,0.0,0.0,8.0,4.0,2.0,3.0,1.0,4.0,1.0,1.0,0.0,0.0,0.0,1.0,0.0,5.0,5.0,2.0,1.0,0.0,2.0,3.0,0.0,0.0,0.0,0.0,2.0,1.0,2.0,0.0,0.0,0.0,1.0,1.0,0.0,2.0,0.0,0.0,2.0,0.0,0.0,0.0,1.0,4.0,1.0,0.0,1.0,0.0,0.0,0.0,0.0,0.0,0.0,1.0,1.0,0.0,0.0,0.0,3.0,0.0,4.0,1.0,0.0,2.0,2.0,0.0,0.0,5.0,4.0,0.0,0.0,1.0,0.0,0.0,0.0,0.0,2.0,0.0,0.0,0.0,0.0,1.0,0.0,1.0,2.0,0.0
19,49817093.0,14.0,1.0,325.0,10.0,43.0,21.0,36.0,49.0,510.0,13.0,14.0,37.0,90.0,239.0,25.0,5.0,187.0,4.0,0.0,240.0,40.0,6.0,81.0,198.0,213.0,2.0,442.0,42.0,97.0,66.0,114.0,43.0,36.0,236.0,196.0,3.0,26.0,3.0,158.0,372.0,538.0,181.0,31.0,5.0,1.0,84.0,3.0,699.0,138.0,75.0,323.0,151.0,89.0,289.0,31.0,12.0,12.0,7.0,1244.0,265.0,68.0,512.0,7.0,488.0,25.0,69.0,2.0,7.0,14.0,15.0,123.0,35.0,413.0,30.0,8.0,2.0,92.0,48.0,3.0,212.0,0.0,22.0,107.0,28.0,10.0,22.0,17.0,1.0,99.0,18.0,5.0,32.0,1.0,8.0,33.0,0.0,4.0,9.0,18.0,55.0,41.0,0.0,47.0,2.0,2.0,1.0,8.0,3.0,3.0,15.0,22.0,27.0,7.0,1.0,14.0,5.0,58.0,15.0,0.0,140.0,31.0,0.0,37.0,287.0,111.0,8.0,0.0,437.0,2.0,1.0,6.0,25.0,105.0,48.0,2.0,12.0,0.0,31.0,0.0,43.0,62.0,0.0
20,50552213.0,6.0,0.0,125.0,29.0,16.0,37.0,15.0,29.0,199.0,2.0,12.0,29.0,25.0,533.0,16.0,5.0,113.0,7.0,240.0,0.0,10.0,2.0,66.0,238.0,140.0,0.0,358.0,19.0,486.0,22.0,22.0,22.0,5.0,101.0,13.0,1.0,8.0,4.0,59.0,77.0,130.0,118.0,39.0,14.0,0.0,88.0,2.0,353.0,57.0,39.0,78.0,107.0,14.0,245.0,14.0,9.0,9.0,3.0,201.0,63.0,31.0,140.0,8.0,99.0,5.0,18.0,0.0,4.0,1.0,9.0,56.0,22.0,204.0,20.0,5.0,7.0,77.0,49.0,5.0,42.0,0.0,5.0,46.0,8.0,8.0,30.0,18.0,2.0,47.0,7.0,2.0,19.0,0.0,197.0,29.0,0.0,5.0,6.0,2.0,27.0,22.0,0.0,52.0,2.0,2.0,1.0,12.0,7.0,1.0,3.0,6.0,4.0,6.0,2.0,37.0,2.0,37.0,9.0,0.0,61.0,27.0,0.0,10.0,55.0,64.0,7.0,0.0,54.0,4.0,0.0,3.0,10.0,34.0,8.0,0.0,7.0,0.0,104.0,0.0,8.0,19.0,0.0
21,51738668.0,1.0,0.0,21.0,1.0,7.0,1.0,4.0,1.0,15.0,1.0,1.0,2.0,22.0,5.0,5.0,0.0,2.0,0.0,40.0,10.0,0.0,0.0,7.0,4.0,15.0,0.0,15.0,7.0,10.0,6.0,3.0,8.0,6.0,30.0,25.0,1.0,5.0,2.0,17.0,26.0,8.0,2.0,0.0,1.0,0.0,2.0,1.0,9.0,3.0,13.0,19.0,3.0,2.0,8.0,1.0,0.0,0.0,4.0,22.0,32.0,3.0,78.0,0.0,11.0,0.0,3.0,0.0,1.0,0.0,7.0,26.0,1.0,17.0,2.0,3.0,1.0,8.0,1.0,2.0,12.0,0.0,11.0,3.0,12.0,1.0,20.0,4.0,0.0,7.0,6.0,0.0,8.0,0.0,1.0,20.0,0.0,2.0,6.0,1.0,2.0,0.0,0.0,12.0,3.0,1.0,0.0,11.0,0.0,1.0,6.0,0.0,14.0,5.0,0.0,5.0,1.0,0.0,2.0,0.0,6.0,7.0,0.0,21.0,17.0,7.0,5.0,0.0,18.0,0.0,0.0,0.0,3.0,0.0,2.0,1.0,0.0,0.0,0.0,0.0,0.0,1.0,0.0
22,52192979.0,2.0,0.0,3.0,0.0,1.0,0.0,0.0,0.0,5.0,2.0,0.0,1.0,0.0,0.0,0.0,0.0,0.0,1.0,6.0,2.0,0.0,0.0,1.0,3.0,3.0,0.0,5.0,0.0,0.0,2.0,0.0,0.0,1.0,3.0,0.0,0.0,0.0,0.0,2.0,3.0,6.0,3.0,0.0,0.0,0.0,0.0,0.0,4.0,3.0,1.0,3.0,1.0,1.0,2.0,0.0,1.0,0.0,0.0,6.0,3.0,1.0,3.0,1.0,5.0,1.0,1.0,0.0,0.0,0.0,0.0,1.0,2.0,5.0,1.0,0.0,0.0,1.0,1.0,0.0,2.0,0.0,0.0,0.0,0.0,0.0,0.0,1.0,0.0,1.0,0.0,0.0,1.0,0.0,0.0,0.0,0.0,0.0,0.0,0.0,0.0,1.0,0.0,1.0,0.0,0.0,0.0,0.0,0.0,0.0,0.0,0.0,0.0,0.0,0.0,1.0,0.0,0.0,0.0,0.0,2.0,0.0,0.0,0.0,0.0,1.0,0.0,0.0,4.0,0.0,0.0,0.0,2.0,1.0,0.0,0.0,0.0,0.0,1.0,0.0,1.0,1.0,0.0
23,52915212.0,43.0,0.0,74.0,9.0,21.0,10.0,44.0,13.0,74.0,2.0,12.0,14.0,54.0,54.0,57.0,14.0,40.0,5.0,81.0,66.0,7.0,1.0,0.0,105.0,88.0,0.0,88.0,18.0,25.0,21.0,36.0,32.0,15.0,74.0,12.0,1.0,4.0,1.0,111.0,35.0,53.0,57.0,13.0,4.0,1.0,29.0,2.0,165.0,28.0,41.0,43.0,34.0,2.0,88.0,7.0,5.0,4.0,5.0,105.0,48.0,34.0,58.0,2.0,41.0,1.0,21.0,2.0,3.0,2.0,7.0,12.0,18.0,92.0,8.0,42.0,1.0,39.0,24.0,0.0,14.0,0.0,3.0,17.0,5.0,40.0,11.0,6.0,8.0,65.0,53.0,51.0,14.0,4.0,3.0,16.0,0.0,0.0,16.0,43.0,26.0,65.0,0.0,18.0,0.0,1.0,0.0,1.0,1.0,2.0,29.0,3.0,43.0,2.0,3.0,18.0,22.0,25.0,35.0,3.0,150.0,11.0,0.0,5.0,20.0,26.0,0.0,0.0,25.0,0.0,0.0,4.0,1.0,14.0,1.0,5.0,16.0,0.0,11.0,0.0,12.0,6.0,0.0
24,53400136.0,13.0,1.0,115.0,22.0,15.0,21.0,22.0,42.0,292.0,3.0,18.0,49.0,30.0,199.0,84.0,16.0,96.0,29.0,198.0,238.0,4.0,3.0,105.0,0.0,116.0,4.0,218.0,36.0,170.0,28.0,23.0,16.0,41.0,100.0,11.0,2.0,12.0,4.0,54.0,60.0,145.0,126.0,30.0,14.0,0.0,70.0,7.0,479.0,75.0,35.0,60.0,100.0,9.0,287.0,13.0,14.0,11.0,2.0,245.0,49.0,47.0,87.0,4.0,129.0,27.0,25.0,0.0,5.0,2.0,10.0,32.0,41.0,173.0,17.0,6.0,1.0,61.0,55.0,2.0,29.0,0.0,3.0,33.0,9.0,19.0,19.0,13.0,3.0,61.0,11.0,4.0,19.0,0.0,34.0,26.0,0.0,1.0,2.0,9.0,74.0,55.0,0.0,36.0,1.0,0.0,1.0,5.0,3.0,0.0,2.0,11.0,3.0,5.0,3.0,17.0,6.0,41.0,12.0,0.0,88.0,21.0,0.0,12.0,41.0,44.0,2.0,0.0,40.0,0.0,2.0,7.0,7.0,39.0,6.0,1.0,9.0,0.0,49.0,0.0,13.0,17.0,0.0
25,71442697.0,12.0,1.0,110.0,16.0,23.0,20.0,24.0,22.0,159.0,4.0,12.0,17.0,48.0,96.0,43.0,9.0,94.0,4.0,213.0,140.0,15.0,3.0,88.0,116.0,0.0,0.0,128.0,23.0,64.0,37.0,84.0,22.0,8.0,112.0,32.0,2.0,7.0,8.0,83.0,102.0,111.0,109.0,20.0,9.0,4.0,54.0,2.0,178.0,64.0,42.0,104.0,55.0,13.0,145.0,9.0,5.0,9.0,10.0,191.0,124.0,37.0,152.0,3.0,73.0,5.0,24.0,0.0,4.0,5.0,15.0,41.0,20.0,156.0,15.0,10.0,1.0,53.0,34.0,5.0,42.0,0.0,16.0,36.0,13.0,11.0,23.0,17.0,3.0,52.0,13.0,5.0,21.0,0.0,11.0,23.0,0.0,6.0,13.0,8.0,26.0,28.0,0.0,46.0,5.0,2.0,1.0,19.0,4.0,1.0,12.0,5.0,17.0,6.0,2.0,13.0,11.0,37.0,14.0,2.0,91.0,30.0,0.0,18.0,58.0,47.0,9.0,0.0,84.0,0.0,0.0,4.0,8.0,32.0,8.0,1.0,10.0,0.0,27.0,0.0,15.0,15.0,0.0
26,74446328.0,0.0,0.0,2.0,0.0,0.0,0.0,0.0,0.0,5.0,0.0,0.0,1.0,0.0,1.0,0.0,0.0,0.0,0.0,2.0,0.0,0.0,0.0,0.0,4.0,0.0,0.0,3.0,0.0,0.0,0.0,0.0,0.0,1.0,4.0,1.0,0.0,0.0,0.0,0.0,1.0,0.0,1.0,0.0,0.0,0.0,0.0,0.0,4.0,1.0,0.0,3.0,0.0,0.0,3.0,3.0,0.0,0.0,0.0,2.0,1.0,3.0,2.0,0.0,3.0,0.0,1.0,0.0,2.0,0.0,0.0,0.0,0.0,1.0,1.0,0.0,0.0,2.0,0.0,0.0,0.0,0.0,0.0,0.0,0.0,0.0,0.0,0.0,0.0,2.0,0.0,0.0,0.0,0.0,0.0,0.0,0.0,0.0,0.0,0.0,0.0,1.0,0.0,0.0,0.0,0.0,0.0,0.0,0.0,0.0,0.0,0.0,0.0,0.0,0.0,0.0,0.0,0.0,0.0,0.0,1.0,0.0,0.0,0.0,1.0,0.0,0.0,0.0,1.0,0.0,0.0,0.0,0.0,1.0,0.0,0.0,0.0,0.0,0.0,0.0,1.0,0.0,0.0
27,80473367.0,23.0,3.0,221.0,55.0,36.0,39.0,26.0,37.0,300.0,5.0,11.0,47.0,42.0,205.0,24.0,6.0,107.0,7.0,442.0,358.0,15.0,5.0,88.0,218.0,128.0,3.0,0.0,33.0,68.0,42.0,45.0,35.0,30.0,166.0,13.0,1.0,16.0,3.0,121.0,186.0,247.0,132.0,53.0,13.0,0.0,98.0,1.0,383.0,125.0,61.0,161.0,157.0,7.0,314.0,32.0,8.0,8.0,3.0,462.0,92.0,89.0,345.0,5.0,174.0,22.0,40.0,1.0,6.0,2.0,8.0,48.0,29.0,585.0,26.0,3.0,0.0,67.0,73.0,2.0,60.0,0.0,5.0,39.0,15.0,15.0,12.0,14.0,1.0,93.0,15.0,4.0,16.0,0.0,9.0,23.0,0.0,0.0,3.0,8.0,35.0,44.0,0.0,29.0,0.0,0.0,2.0,5.0,6.0,2.0,3.0,9.0,5.0,3.0,4.0,20.0,14.0,35.0,8.0,3.0,101.0,25.0,0.0,20.0,46.0,41.0,1.0,0.0,99.0,1.0,0.0,5.0,7.0,38.0,5.0,0.0,5.0,0.0,27.0,0.0,32.0,24.0,0.0
28,83869098.0,6.0,2.0,31.0,2.0,11.0,2.0,5.0,2.0,40.0,0.0,2.0,3.0,29.0,16.0,10.0,5.0,17.0,0.0,42.0,19.0,7.0,0.0,18.0,36.0,23.0,0.0,33.0,0.0,9.0,8.0,15.0,19.0,5.0,53.0,11.0,1.0,9.0,3.0,29.0,22.0,16.0,15.0,2.0,3.0,0.0,13.0,1.0,52.0,12.0,16.0,38.0,12.0,3.0,26.0,5.0,5.0,4.0,1.0,41.0,19.0,23.0,39.0,2.0,13.0,1.0,11.0,1.0,1.0,1.0,3.0,13.0,12.0,35.0,3.0,5.0,0.0,9.0,12.0,0.0,7.0,0.0,3.0,5.0,3.0,7.0,6.0,4.0,2.0,25.0,6.0,3.0,3.0,0.0,1.0,5.0,0.0,0.0,6.0,5.0,5.0,26.0,0.0,10.0,1.0,0.0,0.0,3.0,0.0,2.0,6.0,3.0,9.0,1.0,0.0,5.0,6.0,5.0,5.0,0.0,30.0,5.0,0.0,7.0,18.0,13.0,1.0,0.0,10.0,0.0,0.0,3.0,3.0,8.0,2.0,0.0,3.0,0.0,5.0,0.0,14.0,2.0,0.0
29,98730352.0,0.0,0.0,38.0,17.0,2.0,16.0,5.0,15.0,129.0,0.0,5.0,6.0,15.0,382.0,9.0,2.0,75.0,3.0,97.0,486.0,10.0,0.0,25.0,170.0,64.0,0.0,68.0,9.0,0.0,16.0,24.0,9.0,3.0,34.0,27.0,2.0,4.0,2.0,17.0,22.0,49.0,45.0,17.0,12.0,0.0,33.0,0.0,141.0,16.0,12.0,34.0,45.0,13.0,160.0,2.0,0.0,1.0,1.0,51.0,65.0,8.0,81.0,1.0,82.0,7.0,7.0,0.0,11.0,5.0,14.0,26.0,9.0,63.0,5.0,2.0,15.0,48.0,19.0,3.0,52.0,0.0,7.0,27.0,4.0,1.0,17.0,10.0,1.0,8.0,3.0,0.0,12.0,0.0,140.0,23.0,0.0,2.0,1.0,0.0,8.0,11.0,0.0,29.0,4.0,0.0,0.0,8.0,12.0,1.0,0.0,2.0,1.0,8.0,0.0,9.0,1.0,9.0,3.0,0.0,22.0,19.0,0.0,8.0,41.0,26.0,4.0,0.0,69.0,0.0,0.0,1.0,0.0,15.0,10.0,0.0,2.0,0.0,63.0,0.0,2.0,6.0,0.0
30,100682954.0,3.0,0.0,50.0,0.0,10.0,3.0,11.0,2.0,54.0,0.0,4.0,7.0,21.0,16.0,10.0,2.0,25.0,3.0,66.0,22.0,6.0,2.0,21.0,28.0,37.0,0.0,42.0,8.0,16.0,0.0,23.0,7.0,7.0,120.0,35.0,1.0,2.0,4.0,18.0,31.0,16.0,28.0,2.0,0.0,2.0,7.0,0.0,49.0,39.0,16.0,55.0,11.0,13.0,56.0,6.0,5.0,5.0,3.0,56.0,32.0,19.0,56.0,1.0,41.0,2.0,20.0,0.0,2.0,4.0,8.0,15.0,9.0,35.0,8.0,2.0,5.0,23.0,14.0,7.0,17.0,0.0,28.0,22.0,0.0,8.0,6.0,5.0,0.0,33.0,9.0,1.0,9.0,0.0,4.0,18.0,0.0,6.0,0.0,4.0,11.0,22.0,0.0,18.0,2.0,2.0,1.0,8.0,6.0,1.0,2.0,5.0,12.0,9.0,1.0,7.0,1.0,9.0,4.0,0.0,31.0,12.0,0.0,3.0,41.0,28.0,9.0,0.0,39.0,0.0,0.0,4.0,5.0,20.0,5.0,2.0,2.0,0.0,8.0,0.0,18.0,9.0,0.0
31,105992516.0,23.0,0.0,53.0,3.0,18.0,1.0,7.0,6.0,139.0,17.0,4.0,8.0,40.0,22.0,35.0,7.0,45.0,1.0,114.0,22.0,3.0,0.0,36.0,23.0,84.0,0.0,45.0,15.0,24.0,23.0,0.0,17.0,12.0,50.0,29.0,1.0,2.0,1.0,66.0,43.0,25.0,36.0,2.0,1.0,0.0,12.0,3.0,236.0,34.0,12.0,66.0,13.0,10.0,55.0,5.0,6.0,8.0,0.0,174.0,74.0,21.0,57.0,5.0,64.0,5.0,16.0,0.0,3.0,7.0,2.0,15.0,12.0,49.0,7.0,2.0,0.0,24.0,17.0,1.0,36.0,0.0,3.0,18.0,2.0,36.0,1.0,4.0,2.0,28.0,2.0,2.0,2.0,0.0,3.0,3.0,0.0,0.0,3.0,17.0,28.0,49.0,0.0,9.0,0.0,0.0,1.0,0.0,0.0,0.0,2.0,6.0,1.0,2.0,2.0,9.0,10.0,13.0,0.0,4.0,118.0,4.0,0.0,3.0,20.0,16.0,0.0,0.0,90.0,0.0,1.0,5.0,3.0,13.0,10.0,0.0,5.0,0.0,7.0,0.0,27.0,7.0,0.0
32,110440287.0,14.0,0.0,38.0,2.0,13.0,1.0,3.0,0.0,33.0,4.0,2.0,3.0,38.0,14.0,14.0,7.0,19.0,0.0,43.0,22.0,8.0,0.0,32.0,16.0,22.0,0.0,35.0,19.0,9.0,7.0,17.0,0.0,12.0,51.0,8.0,0.0,28.0,0.0,61.0,20.0,13.0,10.0,4.0,2.0,0.0,13.0,1.0,55.0,20.0,16.0,29.0,11.0,2.0,34.0,3.0,3.0,3.0,0.0,60.0,23.0,17.0,41.0,0.0,12.0,0.0,8.0,0.0,0.0,1.0,3.0,5.0,4.0,42.0,1.0,6.0,0.0,11.0,10.0,0.0,8.0,0.0,2.0,3.0,1.0,5.0,7.0,3.0,0.0,30.0,5.0,2.0,5.0,1.0,0.0,5.0,0.0,0.0,2.0,6.0,8.0,23.0,0.0,4.0,0.0,0.0,0.0,2.0,0.0,3.0,2.0,1.0,9.0,0.0,2.0,3.0,6.0,4.0,4.0,0.0,55.0,3.0,0.0,2.0,6.0,15.0,0.0,0.0,15.0,0.0,0.0,3.0,1.0,2.0,1.0,0.0,2.0,0.0,3.0,0.0,8.0,3.0,0.0
33,118414215.0,11.0,0.0,19.0,1.0,3.0,1.0,8.0,1.0,31.0,3.0,6.0,8.0,33.0,5.0,19.0,3.0,13.0,2.0,36.0,5.0,6.0,1.0,15.0,41.0,8.0,1.0,30.0,5.0,3.0,7.0,12.0,12.0,0.0,16.0,9.0,5.0,5.0,0.0,47.0,23.0,8.0,8.0,1.0,1.0,0.0,3.0,4.0,76.0,19.0,4.0,12.0,6.0,3.0,49.0,2.0,0.0,1.0,0.0,35.0,21.0,15.0,32.0,0.0,27.0,1.0,4.0,1.0,1.0,0.0,0.0,15.0,7.0,28.0,2.0,2.0,0.0,7.0,5.0,0.0,16.0,0.0,0.0,3.0,10.0,5.0,2.0,1.0,0.0,34.0,3.0,1.0,2.0,1.0,0.0,0.0,0.0,0.0,0.0,11.0,13.0,45.0,0.0,1.0,0.0,0.0,0.0,1.0,0.0,1.0,1.0,1.0,1.0,0.0,1.0,3.0,7.0,5.0,1.0,0.0,42.0,2.0,0.0,16.0,2.0,1.0,0.0,0.0,10.0,0.0,0.0,3.0,0.0,3.0,1.0,0.0,2.0,0.0,1.0,0.0,10.0,3.0,0.0
34,122928586.0,20.0,3.0,208.0,4.0,37.0,9.0,56.0,9.0,230.0,5.0,9.0,28.0,81.0,63.0,21.0,7.0,76.0,5.0,236.0,101.0,30.0,3.0,74.0,100.0,112.0,4.0,166.0,53.0,34.0,120.0,50.0,51.0,16.0,0.0,56.0,4.0,15.0,7.0,78.0,105.0,73.0,111.0,20.0,7.0,1.0,55.0,3.0,227.0,107.0,52.0,221.0,60.0,15.0,163.0,24.0,9.0,9.0,11.0,237.0,86.0,104.0,165.0,7.0,111.0,8.0,53.0,1.0,6.0,4.0,14.0,69.0,36.0,147.0,29.0,13.0,2.0,67.0,48.0,2.0,32.0,0.0,22.0,42.0,18.0,11.0,27.0,18.0,1.0,125.0,24.0,14.0,31.0,3.0,3.0,33.0,0.0,4.0,14.0,2.0,31.0,68.0,0.0,37.0,3.0,3.0,1.0,15.0,3.0,4.0,23.0,13.0,40.0,4.0,1.0,14.0,4.0,31.0,27.0,0.0,90.0,28.0,0.0,16.0,80.0,70.0,10.0,0.0,73.0,1.0,0.0,7.0,9.0,48.0,7.0,1.0,18.0,0.0,24.0,0.0,58.0,19.0,0.0
35,130434830.0,1.0,0.0,52.0,3.0,10.0,3.0,13.0,1.0,78.0,0.0,2.0,5.0,32.0,17.0,7.0,0.0,21.0,0.0,196.0,13.0,25.0,0.0,12.0,11.0,32.0,1.0,13.0,11.0,27.0,35.0,29.0,8.0,9.0,56.0,0.0,0.0,10.0,3.0,20.0,52.0,11.0,19.0,0.0,1.0,4.0,13.0,2.0,26.0,25.0,25.0,65.0,5.0,40.0,28.0,3.0,1.0,2.0,7.0,57.0,81.0,16.0,195.0,0.0,57.0,2.0,11.0,0.0,2.0,7.0,5.0,36.0,7.0,25.0,3.0,4.0,3.0,13.0,2.0,3.0,39.0,0.0,36.0,16.0,8.0,2.0,41.0,4.0,0.0,24.0,7.0,3.0,12.0,0.0,2.0,17.0,0.0,4.0,3.0,2.0,4.0,7.0,0.0,24.0,2.0,6.0,0.0,16.0,4.0,1.0,5.0,4.0,23.0,2.0,1.0,1.0,2.0,3.0,2.0,0.0,20.0,7.0,0.0,11.0,116.0,24.0,2.0,0.0,92.0,0.0,0.0,0.0,5.0,15.0,11.0,0.0,1.0,0.0,1.0,0.0,10.0,4.0,0.0
36,134683680.0,0.0,0.0,2.0,0.0,0.0,0.0,1.0,0.0,8.0,0.0,2.0,2.0,9.0,1.0,2.0,0.0,1.0,0.0,3.0,1.0,1.0,0.0,1.0,2.0,2.0,0.0,1.0,1.0,2.0,1.0,1.0,0.0,5.0,4.0,0.0,0.0,2.0,0.0,6.0,1.0,0.0,3.0,0.0,0.0,0.0,1.0,1.0,18.0,1.0,1.0,1.0,0.0,0.0,3.0,0.0,0.0,1.0,0.0,6.0,6.0,2.0,3.0,0.0,6.0,0.0,2.0,0.0,0.0,0.0,0.0,2.0,0.0,3.0,0.0,1.0,0.0,0.0,1.0,0.0,1.0,0.0,0.0,2.0,0.0,0.0,0.0,0.0,0.0,1.0,1.0,1.0,0.0,0.0,0.0,0.0,0.0,0.0,0.0,0.0,1.0,5.0,0.0,0.0,0.0,0.0,0.0,0.0,0.0,0.0,0.0,0.0,1.0,1.0,1.0,0.0,2.0,1.0,0.0,0.0,6.0,1.0,0.0,4.0,3.0,1.0,0.0,0.0,1.0,0.0,0.0,0.0,0.0,0.0,0.0,0.0,0.0,0.0,0.0,0.0,2.0,0.0,0.0
37,144219102.0,0.0,0.0,20.0,1.0,2.0,3.0,3.0,2.0,10.0,0.0,4.0,6.0,9.0,10.0,10.0,3.0,4.0,0.0,26.0,8.0,5.0,0.0,4.0,12.0,7.0,0.0,16.0,9.0,4.0,2.0,2.0,28.0,5.0,15.0,10.0,2.0,0.0,1.0,18.0,18.0,18.0,12.0,1.0,1.0,1.0,3.0,0.0,25.0,10.0,2.0,8.0,8.0,1.0,17.0,4.0,0.0,3.0,2.0,19.0,14.0,8.0,18.0,0.0,11.0,0.0,3.0,0.0,0.0,0.0,1.0,9.0,4.0,25.0,1.0,1.0,0.0,8.0,2.0,0.0,6.0,0.0,0.0,0.0,6.0,0.0,2.0,1.0,0.0,5.0,1.0,0.0,2.0,0.0,3.0,7.0,0.0,0.0,0.0,2.0,4.0,3.0,0.0,6.0,0.0,0.0,0.0,3.0,0.0,0.0,0.0,3.0,3.0,0.0,0.0,2.0,3.0,5.0,0.0,0.0,8.0,1.0,0.0,13.0,3.0,2.0,0.0,0.0,5.0,0.0,0.0,0.0,1.0,2.0,2.0,0.0,1.0,0.0,2.0,0.0,1.0,7.0,0.0
38,149994547.0,0.0,0.0,2.0,0.0,1.0,0.0,3.0,0.0,1.0,0.0,0.0,2.0,1.0,1.0,0.0,0.0,2.0,0.0,3.0,4.0,2.0,0.0,1.0,4.0,8.0,0.0,3.0,3.0,2.0,4.0,1.0,0.0,0.0,7.0,3.0,0.0,1.0,0.0,1.0,2.0,1.0,2.0,0.0,1.0,2.0,1.0,0.0,5.0,2.0,5.0,3.0,1.0,2.0,5.0,1.0,1.0,1.0,4.0,3.0,4.0,1.0,7.0,0.0,0.0,0.0,4.0,1.0,20.0,0.0,42.0,4.0,1.0,1.0,0.0,3.0,14.0,18.0,1.0,19.0,1.0,0.0,20.0,1.0,1.0,1.0,11.0,6.0,0.0,4.0,2.0,5.0,24.0,0.0,0.0,81.0,0.0,32.0,0.0,0.0,2.0,0.0,0.0,49.0,20.0,1.0,0.0,17.0,52.0,0.0,5.0,1.0,15.0,34.0,0.0,1.0,0.0,1.0,13.0,0.0,0.0,42.0,0.0,2.0,8.0,5.0,20.0,0.0,2.0,0.0,0.0,0.0,2.0,2.0,0.0,0.0,3.0,0.0,0.0,0.0,0.0,1.0,1.0
39,150881077.0,65.0,0.0,126.0,0.0,33.0,3.0,11.0,4.0,91.0,14.0,10.0,8.0,130.0,33.0,144.0,23.0,56.0,0.0,158.0,59.0,17.0,2.0,111.0,54.0,83.0,0.0,121.0,29.0,17.0,18.0,66.0,61.0,47.0,78.0,20.0,6.0,18.0,1.0,0.0,82.0,54.0,47.0,10.0,4.0,0.0,26.0,2.0,175.0,49.0,57.0,78.0,31.0,1.0,110.0,8.0,2.0,9.0,2.0,182.0,107.0,43.0,182.0,6.0,56.0,3.0,23.0,4.0,0.0,0.0,2.0,33.0,8.0,157.0,4.0,9.0,0.0,36.0,32.0,1.0,48.0,0.0,2.0,23.0,18.0,40.0,9.0,5.0,4.0,61.0,9.0,6.0,5.0,1.0,0.0,7.0,0.0,0.0,4.0,83.0,80.0,84.0,0.0,12.0,1.0,0.0,0.0,1.0,0.0,9.0,6.0,3.0,13.0,0.0,9.0,28.0,62.0,36.0,5.0,3.0,291.0,9.0,0.0,32.0,15.0,21.0,1.0,0.0,58.0,0.0,0.0,3.0,2.0,15.0,1.0,0.0,5.0,0.0,9.0,0.0,20.0,8.0,0.0
40,151058995.0,3.0,2.0,177.0,3.0,28.0,5.0,19.0,4.0,274.0,5.0,7.0,19.0,41.0,73.0,6.0,5.0,66.0,1.0,372.0,77.0,26.0,3.0,35.0,60.0,102.0,1.0,186.0,22.0,22.0,31.0,43.0,20.0,23.0,105.0,52.0,1.0,18.0,2.0,82.0,0.0,151.0,60.0,7.0,1.0,0.0,43.0,0.0,149.0,82.0,33.0,237.0,44.0,12.0,122.0,20.0,8.0,5.0,1.0,299.0,189.0,39.0,338.0,8.0,185.0,9.0,47.0,0.0,3.0,5.0,7.0,44.0,9.0,237.0,14.0,7.0,0.0,43.0,18.0,2.0,119.0,0.0,7.0,26.0,26.0,5.0,13.0,4.0,0.0,42.0,9.0,7.0,23.0,1.0,3.0,13.0,0.0,0.0,2.0,6.0,19.0,21.0,0.0,15.0,0.0,2.0,1.0,4.0,2.0,2.0,7.0,10.0,9.0,3.0,0.0,2.0,0.0,22.0,10.0,0.0,39.0,13.0,0.0,28.0,41.0,27.0,0.0,0.0,199.0,1.0,2.0,1.0,9.0,38.0,15.0,0.0,6.0,0.0,7.0,0.0,11.0,27.0,0.0
41,160547588.0,11.0,0.0,119.0,28.0,18.0,32.0,9.0,39.0,139.0,2.0,8.0,18.0,15.0,147.0,7.0,6.0,52.0,3.0,538.0,130.0,8.0,6.0,53.0,145.0,111.0,0.0,247.0,16.0,49.0,16.0,25.0,13.0,8.0,73.0,11.0,0.0,18.0,1.0,54.0,151.0,0.0,87.0,28.0,14.0,0.0,61.0,2.0,249.0,43.0,20.0,119.0,110.0,12.0,157.0,9.0,7.0,8.0,0.0,435.0,88.0,33.0,120.0,32.0,147.0,12.0,28.0,0.0,2.0,1.0,1.0,25.0,21.0,237.0,8.0,1.0,0.0,33.0,25.0,0.0,62.0,0.0,0.0,12.0,15.0,12.0,13.0,8.0,2.0,21.0,6.0,1.0,19.0,0.0,6.0,9.0,0.0,0.0,3.0,8.0,15.0,11.0,0.0,11.0,0.0,0.0,0.0,3.0,0.0,0.0,0.0,3.0,0.0,0.0,2.0,14.0,6.0,25.0,3.0,0.0,46.0,10.0,0.0,14.0,32.0,21.0,0.0,0.0,74.0,2.0,0.0,3.0,5.0,18.0,4.0,0.0,5.0,0.0,18.0,0.0,6.0,33.0,0.0
42,165404712.0,8.0,0.0,122.0,9.0,16.0,18.0,17.0,21.0,130.0,2.0,18.0,46.0,30.0,82.0,44.0,2.0,101.0,7.0,181.0,118.0,2.0,3.0,57.0,126.0,109.0,1.0,132.0,15.0,45.0,28.0,36.0,10.0,8.0,111.0,19.0,3.0,12.0,2.0,47.0,60.0,87.0,0.0,27.0,9.0,0.0,62.0,9.0,266.0,58.0,32.0,59.0,74.0,11.0,142.0,14.0,9.0,8.0,2.0,170.0,55.0,36.0,85.0,7.0,80.0,7.0,29.0,0.0,4.0,4.0,13.0,38.0,30.0,152.0,18.0,3.0,0.0,47.0,44.0,1.0,31.0,0.0,1.0,39.0,18.0,15.0,11.0,14.0,2.0,47.0,7.0,2.0,18.0,0.0,6.0,29.0,0.0,1.0,7.0,3.0,54.0,32.0,0.0,42.0,1.0,0.0,1.0,4.0,0.0,1.0,3.0,9.0,2.0,4.0,2.0,19.0,4.0,32.0,7.0,0.0,65.0,18.0,0.0,15.0,40.0,47.0,2.0,0.0,53.0,1.0,4.0,2.0,6.0,32.0,9.0,0.0,8.0,0.0,29.0,0.0,15.0,20.0,0.0
43,167992419.0,1.0,0.0,25.0,90.0,1.0,68.0,1.0,4.0,29.0,0.0,5.0,8.0,1.0,47.0,2.0,0.0,14.0,0.0,31.0,39.0,0.0,0.0,13.0,30.0,20.0,0.0,53.0,2.0,17.0,2.0,2.0,4.0,1.0,20.0,0.0,0.0,1.0,0.0,10.0,7.0,28.0,27.0,0.0,16.0,0.0,86.0,1.0,74.0,7.0,6.0,8.0,62.0,2.0,38.0,0.0,0.0,0.0,1.0,29.0,8.0,9.0,16.0,1.0,26.0,0.0,3.0,0.0,1.0,0.0,1.0,6.0,8.0,58.0,2.0,0.0,0.0,12.0,8.0,0.0,2.0,0.0,0.0,6.0,3.0,2.0,5.0,2.0,0.0,3.0,1.0,0.0,5.0,0.0,2.0,8.0,0.0,0.0,2.0,0.0,3.0,4.0,0.0,7.0,0.0,0.0,0.0,2.0,0.0,1.0,0.0,0.0,0.0,0.0,0.0,4.0,2.0,9.0,0.0,0.0,6.0,6.0,0.0,5.0,10.0,8.0,0.0,0.0,1.0,2.0,0.0,0.0,1.0,6.0,1.0,0.0,0.0,0.0,10.0,0.0,0.0,4.0,0.0
44,168498034.0,1.0,0.0,14.0,38.0,0.0,11.0,1.0,3.0,5.0,0.0,2.0,3.0,2.0,15.0,1.0,0.0,8.0,1.0,5.0,14.0,1.0,0.0,4.0,14.0,9.0,0.0,13.0,3.0,12.0,0.0,1.0,2.0,1.0,7.0,1.0,0.0,1.0,1.0,4.0,1.0,14.0,9.0,16.0,0.0,0.0,20.0,0.0,10.0,3.0,3.0,4.0,25.0,0.0,20.0,1.0,1.0,1.0,0.0,8.0,6.0,2.0,2.0,0.0,4.0,0.0,2.0,0.0,0.0,0.0,0.0,3.0,4.0,13.0,1.0,0.0,0.0,7.0,5.0,0.0,1.0,0.0,0.0,3.0,2.0,0.0,4.0,3.0,0.0,2.0,0.0,1.0,3.0,0.0,1.0,1.0,0.0,0.0,0.0,0.0,2.0,0.0,0.0,6.0,0.0,0.0,0.0,2.0,0.0,0.0,0.0,1.0,0.0,0.0,0.0,3.0,4.0,4.0,1.0,0.0,5.0,2.0,0.0,3.0,4.0,3.0,0.0,0.0,1.0,1.0,0.0,0.0,1.0,3.0,0.0,0.0,1.0,0.0,3.0,0.0,0.0,1.0,0.0
45,171866673.0,0.0,0.0,0.0,0.0,1.0,0.0,2.0,0.0,0.0,0.0,0.0,0.0,0.0,0.0,0.0,0.0,0.0,0.0,1.0,0.0,0.0,0.0,1.0,0.0,4.0,0.0,0.0,0.0,0.0,2.0,0.0,0.0,0.0,1.0,4.0,0.0,1.0,2.0,0.0,0.0,0.0,0.0,0.0,0.0,0.0,0.0,0.0,1.0,0.0,5.0,1.0,0.0,3.0,1.0,0.0,0.0,0.0,0.0,0.0,1.0,0.0,12.0,0.0,0.0,0.0,0.0,0.0,4.0,0.0,7.0,0.0,0.0,0.0,0.0,3.0,5.0,2.0,0.0,4.0,0.0,0.0,16.0,0.0,0.0,0.0,1.0,1.0,0.0,1.0,4.0,1.0,8.0,0.0,0.0,10.0,0.0,5.0,0.0,0.0,0.0,1.0,0.0,9.0,5.0,0.0,0.0,4.0,7.0,0.0,2.0,0.0,4.0,3.0,0.0,0.0,0.0,0.0,4.0,0.0,0.0,6.0,0.0,0.0,3.0,1.0,2.0,0.0,0.0,0.0,0.0,0.0,0.0,0.0,0.0,0.0,1.0,0.0,0.0,0.0,0.0,1.0,0.0
46,182360370.0,2.0,0.0,62.0,116.0,5.0,85.0,5.0,9.0,78.0,1.0,7.0,15.0,17.0,68.0,4.0,1.0,40.0,1.0,84.0,88.0,2.0,0.0,29.0,70.0,54.0,0.0,98.0,13.0,33.0,7.0,12.0,13.0,3.0,55.0,13.0,1.0,3.0,1.0,26.0,43.0,61.0,62.0,86.0,20.0,0.0,0.0,1.0,121.0,37.0,23.0,38.0,100.0,2.0,81.0,11.0,5.0,7.0,1.0,76.0,45.0,20.0,133.0,5.0,53.0,1.0,16.0,0.0,3.0,1.0,4.0,18.0,10.0,148.0,8.0,1.0,0.0,30.0,25.0,0.0,6.0,0.0,0.0,23.0,6.0,5.0,15.0,11.0,2.0,22.0,2.0,1.0,10.0,0.0,4.0,10.0,0.0,0.0,5.0,0.0,9.0,12.0,0.0,21.0,0.0,0.0,1.0,3.0,0.0,0.0,1.0,4.0,0.0,1.0,0.0,11.0,1.0,18.0,3.0,0.0,19.0,12.0,0.0,8.0,21.0,29.0,0.0,0.0,15.0,1.0,0.0,1.0,2.0,17.0,2.0,0.0,4.0,0.0,21.0,0.0,2.0,9.0,0.0
47,186240871.0,1.0,0.0,4.0,0.0,0.0,0.0,0.0,0.0,4.0,0.0,3.0,6.0,2.0,1.0,13.0,0.0,3.0,0.0,3.0,2.0,1.0,0.0,2.0,7.0,2.0,0.0,1.0,1.0,0.0,0.0,3.0,1.0,4.0,3.0,2.0,1.0,0.0,0.0,2.0,0.0,2.0,9.0,1.0,0.0,0.0,1.0,0.0,44.0,0.0,0.0,0.0,1.0,0.0,4.0,0.0,0.0,0.0,0.0,4.0,0.0,0.0,7.0,0.0,3.0,1.0,0.0,0.0,0.0,0.0,0.0,0.0,4.0,2.0,0.0,0.0,0.0,0.0,0.0,0.0,4.0,0.0,0.0,0.0,2.0,3.0,1.0,0.0,0.0,0.0,0.0,0.0,1.0,0.0,0.0,2.0,0.0,0.0,0.0,1.0,18.0,2.0,0.0,1.0,1.0,0.0,0.0,0.0,0.0,0.0,0.0,0.0,1.0,1.0,4.0,1.0,3.0,1.0,0.0,0.0,3.0,0.0,0.0,2.0,2.0,1.0,0.0,0.0,0.0,0.0,0.0,2.0,0.0,0.0,0.0,0.0,0.0,0.0,0.0,0.0,0.0,0.0,0.0
48,192477353.0,34.0,1.0,262.0,45.0,31.0,49.0,30.0,20.0,587.0,11.0,65.0,106.0,67.0,256.0,226.0,12.0,178.0,10.0,699.0,353.0,9.0,4.0,165.0,479.0,178.0,4.0,383.0,52.0,141.0,49.0,236.0,55.0,76.0,227.0,26.0,18.0,25.0,5.0,175.0,149.0,249.0,266.0,74.0,10.0,1.0,121.0,44.0,0.0,117.0,56.0,203.0,188.0,22.0,370.0,13.0,12.0,16.0,3.0,1087.0,114.0,68.0,186.0,14.0,325.0,57.0,60.0,4.0,4.0,4.0,12.0,60.0,122.0,386.0,27.0,22.0,4.0,81.0,76.0,2.0,90.0,0.0,4.0,55.0,27.0,46.0,19.0,16.0,2.0,106.0,25.0,20.0,29.0,4.0,39.0,37.0,0.0,2.0,7.0,14.0,580.0,221.0,0.0,42.0,1.0,1.0,1.0,6.0,3.0,2.0,12.0,47.0,15.0,4.0,8.0,35.0,37.0,43.0,22.0,4.0,306.0,26.0,0.0,34.0,63.0,71.0,2.0,0.0,95.0,3.0,8.0,33.0,9.0,53.0,9.0,3.0,20.0,0.0,50.0,0.0,33.0,38.0,0.0
49,194008664.0,7.0,2.0,108.0,4.0,13.0,5.0,23.0,3.0,130.0,1.0,2.0,21.0,38.0,46.0,10.0,2.0,64.0,3.0,138.0,57.0,3.0,3.0,28.0,75.0,64.0,1.0,125.0,12.0,16.0,39.0,34.0,20.0,19.0,107.0,25.0,1.0,10.0,2.0,49.0,82.0,43.0,58.0,7.0,3.0,0.0,37.0,0.0,117.0,0.0,41.0,89.0,34.0,5.0,131.0,21.0,9.0,5.0,3.0,129.0,74.0,35.0,98.0,3.0,73.0,9.0,37.0,1.0,2.0,1.0,4.0,38.0,12.0,123.0,19.0,9.0,0.0,39.0,37.0,0.0,40.0,0.0,0.0,27.0,9.0,11.0,10.0,11.0,0.0,60.0,18.0,7.0,8.0,3.0,4.0,9.0,0.0,0.0,3.0,2.0,12.0,28.0,0.0,19.0,0.0,0.0,1.0,1.0,1.0,1.0,6.0,9.0,5.0,3.0,3.0,12.0,5.0,22.0,11.0,1.0,43.0,12.0,0.0,11.0,26.0,34.0,1.0,0.0,71.0,0.0,0.0,2.0,4.0,28.0,9.0,0.0,10.0,0.0,15.0,0.0,26.0,21.0,0.0
50,194920096.0,12.0,0.0,53.0,2.0,15.0,0.0,38.0,2.0,47.0,4.0,2.0,11.0,45.0,23.0,12.0,5.0,31.0,1.0,75.0,39.0,13.0,1.0,41.0,35.0,42.0,0.0,61.0,16.0,12.0,16.0,12.0,16.0,4.0,52.0,25.0,1.0,2.0,5.0,57.0,33.0,20.0,32.0,6.0,3.0,5.0,23.0,0.0,56.0,41.0,0.0,27.0,18.0,2.0,60.0,12.0,3.0,3.0,9.0,53.0,41.0,20.0,86.0,4.0,18.0,2.0,16.0,6.0,6.0,0.0,8.0,14.0,4.0,73.0,12.0,56.0,2.0,31.0,33.0,3.0,10.0,0.0,17.0,23.0,1.0,3.0,15.0,13.0,3.0,60.0,55.0,35.0,13.0,2.0,1.0,22.0,0.0,5.0,13.0,10.0,8.0,14.0,0.0,33.0,5.0,2.0,0.0,11.0,4.0,2.0,43.0,4.0,93.0,7.0,3.0,10.0,9.0,15.0,53.0,1.0,49.0,20.0,0.0,3.0,16.0,27.0,7.0,0.0,18.0,0.0,0.0,0.0,3.0,12.0,0.0,4.0,24.0,0.0,10.0,0.0,9.0,3.0,0.0
51,205887871.0,6.0,4.0,213.0,4.0,26.0,4.0,20.0,3.0,324.0,6.0,3.0,14.0,42.0,72.0,10.0,3.0,64.0,3.0,323.0,78.0,19.0,3.0,43.0,60.0,104.0,3.0,161.0,38.0,34.0,55.0,66.0,29.0,12.0,221.0,65.0,1.0,8.0,3.0,78.0,237.0,119.0,59.0,8.0,4.0,1.0,38.0,0.0,203.0,89.0,27.0,0.0,52.0,9.0,114.0,21.0,7.0,6.0,2.0,324.0,198.0,69.0,316.0,4.0,155.0,8.0,54.0,0.0,4.0,5.0,4.0,34.0,18.0,156.0,16.0,5.0,0.0,43.0,23.0,1.0,69.0,0.0,5.0,26.0,15.0,7.0,12.0,7.0,1.0,51.0,13.0,3.0,14.0,0.0,1.0,12.0,0.0,1.0,1.0,5.0,14.0,30.0,0.0,16.0,0.0,1.0,1.0,2.0,1.0,4.0,4.0,6.0,10.0,0.0,2.0,9.0,2.0,20.0,8.0,0.0,49.0,14.0,0.0,10.0,36.0,34.0,2.0,0.0,170.0,0.0,0.0,2.0,5.0,35.0,9.0,0.0,5.0,0.0,11.0,0.0,30.0,24.0,0.0
52,207320806.0,6.0,0.0,91.0,60.0,4.0,46.0,7.0,24.0,88.0,0.0,10.0,25.0,17.0,85.0,6.0,1.0,35.0,1.0,151.0,107.0,3.0,1.0,34.0,100.0,55.0,0.0,157.0,12.0,45.0,11.0,13.0,11.0,6.0,60.0,5.0,0.0,8.0,1.0,31.0,44.0,110.0,74.0,62.0,25.0,0.0,100.0,1.0,188.0,34.0,18.0,52.0,0.0,1.0,128.0,10.0,4.0,9.0,1.0,153.0,32.0,26.0,66.0,5.0,66.0,5.0,20.0,0.0,3.0,2.0,5.0,24.0,15.0,143.0,9.0,0.0,0.0,30.0,29.0,0.0,18.0,0.0,0.0,20.0,6.0,7.0,12.0,9.0,2.0,28.0,4.0,1.0,13.0,0.0,7.0,13.0,0.0,0.0,2.0,0.0,9.0,15.0,0.0,16.0,0.0,0.0,1.0,2.0,0.0,0.0,0.0,2.0,0.0,1.0,2.0,15.0,9.0,17.0,3.0,0.0,29.0,13.0,0.0,7.0,20.0,31.0,0.0,0.0,20.0,0.0,0.0,2.0,4.0,16.0,2.0,0.0,7.0,0.0,21.0,0.0,3.0,11.0,0.0
53,210824047.0,0.0,0.0,7.0,2.0,3.0,1.0,1.0,0.0,25.0,0.0,1.0,2.0,8.0,16.0,5.0,0.0,21.0,2.0,89.0,14.0,2.0,1.0,2.0,9.0,13.0,0.0,7.0,3.0,13.0,13.0,10.0,2.0,3.0,15.0,40.0,0.0,1.0,2.0,1.0,12.0,12.0,11.0,2.0,0.0,3.0,2.0,0.0,22.0,5.0,2.0,9.0,1.0,0.0,21.0,0.0,2.0,0.0,1.0,19.0,27.0,0.0,31.0,0.0,37.0,0.0,2.0,0.0,1.0,2.0,7.0,15.0,3.0,12.0,1.0,0.0,1.0,2.0,3.0,6.0,15.0,0.0,15.0,20.0,3.0,6.0,1.0,0.0,0.0,5.0,0.0,0.0,6.0,0.0,2.0,10.0,0.0,4.0,2.0,1.0,5.0,3.0,0.0,10.0,2.0,3.0,0.0,3.0,2.0,0.0,2.0,1.0,4.0,6.0,1.0,2.0,0.0,7.0,1.0,0.0,2.0,5.0,0.0,3.0,75.0,26.0,4.0,0.0,39.0,0.0,0.0,0.0,7.0,19.0,8.0,1.0,2.0,0.0,1.0,0.0,1.0,9.0,0.0
54,217078361.0,30.0,0.0,180.0,22.0,22.0,28.0,35.0,24.0,316.0,4.0,14.0,39.0,54.0,199.0,44.0,10.0,151.0,9.0,289.0,245.0,8.0,2.0,88.0,287.0,145.0,3.0,314.0,26.0,160.0,56.0,55.0,34.0,49.0,163.0,28.0,3.0,17.0,5.0,110.0,122.0,157.0,142.0,38.0,20.0,1.0,81.0,4.0,370.0,131.0,60.0,114.0,128.0,21.0,0.0,25.0,10.0,10.0,3.0,290.0,124.0,68.0,185.0,6.0,185.0,37.0,42.0,1.0,6.0,11.0,8.0,56.0,29.0,360.0,23.0,9.0,4.0,89.0,90.0,4.0,80.0,0.0,6.0,54.0,16.0,40.0,21.0,17.0,3.0,92.0,21.0,9.0,22.0,3.0,48.0,28.0,0.0,2.0,7.0,18.0,52.0,69.0,0.0,44.0,2.0,0.0,2.0,6.0,8.0,2.0,4.0,8.0,6.0,4.0,4.0,23.0,27.0,47.0,12.0,1.0,160.0,26.0,0.0,20.0,70.0,52.0,2.0,0.0,105.0,0.0,0.0,10.0,10.0,58.0,15.0,1.0,15.0,0.0,57.0,0.0,26.0,33.0,0.0
55,218808148.0,1.0,0.0,34.0,0.0,3.0,1.0,8.0,0.0,22.0,0.0,0.0,27.0,6.0,10.0,1.0,1.0,11.0,0.0,31.0,14.0,1.0,0.0,7.0,13.0,9.0,3.0,32.0,5.0,2.0,6.0,5.0,3.0,2.0,24.0,3.0,0.0,4.0,1.0,8.0,20.0,9.0,14.0,0.0,1.0,0.0,11.0,0.0,13.0,21.0,12.0,21.0,10.0,0.0,25.0,0.0,4.0,4.0,0.0,19.0,12.0,14.0,25.0,2.0,12.0,1.0,16.0,0.0,3.0,1.0,1.0,4.0,8.0,23.0,8.0,0.0,0.0,13.0,8.0,0.0,10.0,0.0,0.0,9.0,4.0,1.0,2.0,4.0,1.0,15.0,2.0,1.0,2.0,0.0,0.0,2.0,0.0,0.0,3.0,0.0,3.0,2.0,0.0,7.0,0.0,0.0,1.0,0.0,1.0,0.0,0.0,6.0,0.0,0.0,0.0,3.0,0.0,4.0,3.0,0.0,4.0,5.0,0.0,4.0,7.0,8.0,0.0,0.0,12.0,0.0,0.0,1.0,2.0,9.0,2.0,0.0,4.0,0.0,2.0,0.0,7.0,3.0,0.0
56,220639964.0,2.0,0.0,14.0,0.0,4.0,0.0,2.0,0.0,14.0,0.0,3.0,4.0,7.0,2.0,4.0,2.0,10.0,1.0,12.0,9.0,0.0,1.0,5.0,14.0,5.0,0.0,8.0,5.0,0.0,5.0,6.0,3.0,0.0,9.0,1.0,0.0,0.0,1.0,2.0,8.0,7.0,9.0,0.0,1.0,0.0,5.0,0.0,12.0,9.0,3.0,7.0,4.0,2.0,10.0,4.0,0.0,4.0,0.0,12.0,6.0,3.0,6.0,2.0,8.0,0.0,6.0,0.0,1.0,1.0,2.0,3.0,5.0,8.0,4.0,0.0,0.0,7.0,5.0,0.0,2.0,0.0,0.0,3.0,2.0,4.0,0.0,2.0,1.0,8.0,2.0,4.0,5.0,0.0,0.0,5.0,0.0,0.0,1.0,0.0,6.0,4.0,0.0,3.0,0.0,0.0,1.0,0.0,0.0,0.0,0.0,3.0,0.0,0.0,0.0,5.0,1.0,4.0,1.0,0.0,6.0,2.0,0.0,0.0,2.0,7.0,0.0,0.0,6.0,0.0,0.0,3.0,2.0,3.0,1.0,0.0,3.0,0.0,2.0,0.0,2.0,2.0,0.0
57,224191683.0,2.0,0.0,9.0,0.0,3.0,0.0,2.0,1.0,7.0,1.0,3.0,6.0,7.0,6.0,5.0,6.0,8.0,0.0,12.0,9.0,0.0,0.0,4.0,11.0,9.0,0.0,8.0,4.0,1.0,5.0,8.0,3.0,1.0,9.0,2.0,1.0,3.0,1.0,9.0,5.0,8.0,8.0,0.0,1.0,0.0,7.0,0.0,16.0,5.0,3.0,6.0,9.0,0.0,10.0,4.0,4.0,0.0,0.0,13.0,4.0,3.0,5.0,1.0,3.0,1.0,6.0,0.0,2.0,1.0,0.0,5.0,4.0,10.0,1.0,0.0,0.0,7.0,7.0,0.0,1.0,0.0,0.0,4.0,2.0,2.0,2.0,3.0,1.0,9.0,1.0,1.0,3.0,0.0,0.0,3.0,0.0,0.0,1.0,2.0,1.0,7.0,0.0,4.0,0.0,0.0,1.0,0.0,0.0,0.0,0.0,2.0,0.0,0.0,0.0,4.0,2.0,3.0,0.0,0.0,15.0,2.0,0.0,1.0,3.0,5.0,0.0,0.0,5.0,0.0,0.0,3.0,1.0,5.0,1.0,0.0,2.0,0.0,6.0,0.0,2.0,2.0,0.0
58,231672811.0,0.0,0.0,2.0,0.0,3.0,0.0,15.0,0.0,2.0,0.0,1.0,1.0,3.0,5.0,0.0,1.0,0.0,0.0,7.0,3.0,4.0,0.0,5.0,2.0,10.0,0.0,3.0,1.0,1.0,3.0,0.0,0.0,0.0,11.0,7.0,0.0,2.0,4.0,2.0,1.0,0.0,2.0,1.0,0.0,0.0,1.0,0.0,3.0,3.0,9.0,2.0,1.0,1.0,3.0,0.0,0.0,0.0,0.0,4.0,3.0,2.0,6.0,1.0,2.0,0.0,4.0,10.0,1.0,0.0,4.0,5.0,3.0,2.0,2.0,8.0,0.0,0.0,2.0,1.0,0.0,0.0,7.0,3.0,3.0,1.0,5.0,1.0,12.0,3.0,11.0,12.0,5.0,2.0,0.0,16.0,0.0,1.0,33.0,1.0,0.0,0.0,0.0,6.0,1.0,6.0,0.0,5.0,5.0,0.0,11.0,0.0,31.0,1.0,0.0,0.0,0.0,2.0,8.0,0.0,1.0,7.0,0.0,7.0,9.0,6.0,6.0,0.0,0.0,1.0,2.0,0.0,3.0,1.0,0.0,15.0,7.0,0.0,3.0,0.0,1.0,0.0,1.0
59,235718672.0,29.0,2.0,359.0,12.0,36.0,16.0,31.0,44.0,451.0,27.0,25.0,43.0,73.0,206.0,53.0,11.0,118.0,8.0,1244.0,201.0,22.0,6.0,105.0,245.0,191.0,2.0,462.0,41.0,51.0,56.0,174.0,60.0,35.0,237.0,57.0,6.0,19.0,3.0,182.0,299.0,435.0,170.0,29.0,8.0,0.0,76.0,4.0,1087.0,129.0,53.0,324.0,153.0,19.0,290.0,19.0,12.0,13.0,4.0,0.0,160.0,78.0,383.0,14.0,279.0,30.0,66.0,1.0,6.0,7.0,8.0,46.0,59.0,431.0,15.0,7.0,0.0,76.0,45.0,0.0,103.0,0.0,8.0,26.0,24.0,25.0,20.0,8.0,1.0,78.0,16.0,5.0,24.0,2.0,7.0,19.0,0.0,1.0,3.0,16.0,116.0,87.0,0.0,20.0,0.0,0.0,0.0,5.0,3.0,1.0,4.0,22.0,9.0,2.0,1.0,12.0,16.0,33.0,13.0,0.0,216.0,16.0,0.0,21.0,46.0,46.0,0.0,0.0,194.0,1.0,1.0,9.0,11.0,50.0,13.0,1.0,12.0,0.0,21.0,0.0,43.0,35.0,0.0
