,0,1,2,3,4,5,6,7,8,9,10,11,12,13,14,15,16,17,18,19,20,21,22,23,24,25,26,27,28,29,30,31,32,33,34,35,36,37,38,39,40,41,42,43,44,45,46,47,48,49,50,51,52,53,54,55,56,57,58,59,60,61,62,63,64,65,66,67,68,69,70,71,72,73,74,75,76,77,78,79
0,-1.0,15427580.0,15630587.0,20097381.0,21485514.0,21487677.0,22741371.0,24655962.0,29979814.0,47847315.0,48114697.0,48495906.0,48959778.0,50552213.0,51827732.0,52346375.0,68524735.0,75055396.0,77254498.0,140198531.0,143531181.0,153321487.0,165748245.0,187670741.0,192477353.0,194920096.0,203533542.0,209651406.0,210824047.0,222492390.0,223055984.0,232823702.0,234333247.0,244529400.0,246223044.0,253303368.0,254688158.0,257171724.0,266263003.0,268236675.0,271791007.0,273889354.0,274246546.0,275661557.0,280105124.0,280978003.0,283718439.0,285793392.0,297771685.0,298087938.0,303450744.0,305078782.0,305787501.0,316144548.0,317262357.0,328933147.0,330185697.0,330229987.0,335473582.0,339474731.0,346585747.0,350202078.0,360113939.0,367841940.0,369028288.0,376061066.0,376761481.0,377220960.0,385090839.0,389239423.0,402892880.0,405452697.0,406558256.0,406647184.0,412663554.0,423782407.0,424509446.0,425840443.0,435637085.0,436029388.0
1,15427580.0,0.0,7.0,8.0,46.0,71.0,135.0,54.0,61.0,149.0,0.0,93.0,46.0,83.0,133.0,0.0,121.0,10.0,10.0,60.0,3.0,17.0,2.0,51.0,139.0,34.0,89.0,16.0,7.0,16.0,6.0,0.0,12.0,29.0,5.0,2.0,26.0,2.0,39.0,2.0,11.0,6.0,28.0,12.0,10.0,8.0,3.0,0.0,37.0,11.0,9.0,4.0,0.0,1.0,1.0,5.0,41.0,15.0,39.0,3.0,0.0,2.0,9.0,23.0,40.0,18.0,12.0,3.0,0.0,1.0,0.0,7.0,0.0,1.0,5.0,0.0,8.0,5.0,0.0,22.0
2,15630587.0,7.0,0.0,1.0,37.0,9.0,111.0,9.0,7.0,21.0,9.0,10.0,6.0,9.0,11.0,0.0,7.0,2.0,1.0,2.0,5.0,0.0,48.0,4.0,12.0,14.0,24.0,20.0,16.0,9.0,21.0,0.0,3.0,15.0,2.0,16.0,68.0,3.0,2.0,112.0,0.0,0.0,3.0,1.0,2.0,1.0,0.0,3.0,0.0,0.0,1.0,2.0,0.0,0.0,0.0,10.0,14.0,15.0,20.0,0.0,0.0,16.0,3.0,2.0,1.0,2.0,71.0,0.0,0.0,0.0,0.0,0.0,0.0,0.0,2.0,0.0,2.0,0.0,0.0,2.0
3,20097381.0,8.0,1.0,0.0,10.0,41.0,51.0,35.0,28.0,66.0,0.0,140.0,41.0,55.0,57.0,0.0,34.0,2.0,55.0,32.0,0.0,34.0,5.0,9.0,331.0,6.0,60.0,5.0,5.0,3.0,0.0,0.0,7.0,3.0,1.0,0.0,8.0,1.0,11.0,2.0,9.0,2.0,12.0,0.0,0.0,0.0,0.0,0.0,92.0,1.0,2.0,1.0,0.0,2.0,0.0,0.0,12.0,15.0,5.0,0.0,2.0,1.0,0.0,1.0,51.0,3.0,0.0,0.0,1.0,1.0,0.0,1.0,0.0,0.0,2.0,0.0,0.0,1.0,0.0,8.0
4,21485514.0,46.0,37.0,10.0,0.0,50.0,262.0,65.0,47.0,69.0,5.0,155.0,56.0,52.0,75.0,0.0,74.0,6.0,10.0,36.0,2.0,8.0,27.0,20.0,99.0,22.0,159.0,36.0,35.0,51.0,34.0,0.0,11.0,240.0,2.0,1.0,138.0,1.0,17.0,46.0,9.0,9.0,26.0,5.0,8.0,3.0,2.0,2.0,16.0,5.0,5.0,4.0,0.0,3.0,1.0,5.0,77.0,59.0,32.0,2.0,1.0,4.0,7.0,18.0,32.0,16.0,19.0,1.0,0.0,9.0,0.0,5.0,0.0,1.0,10.0,0.0,1.0,4.0,0.0,15.0
5,21487677.0,71.0,9.0,41.0,50.0,0.0,106.0,135.0,67.0,260.0,1.0,96.0,76.0,158.0,349.0,0.0,314.0,16.0,71.0,51.0,2.0,11.0,2.0,134.0,622.0,19.0,133.0,20.0,12.0,9.0,7.0,0.0,77.0,25.0,3.0,0.0,12.0,1.0,38.0,4.0,20.0,5.0,26.0,8.0,8.0,4.0,2.0,0.0,40.0,7.0,39.0,5.0,0.0,2.0,1.0,4.0,106.0,17.0,86.0,2.0,1.0,0.0,5.0,34.0,64.0,30.0,4.0,2.0,1.0,2.0,0.0,8.0,2.0,1.0,5.0,0.0,6.0,4.0,0.0,51.0
6,22741371.0,135.0,111.0,51.0,262.0,106.0,0.0,203.0,175.0,192.0,25.0,449.0,162.0,140.0,337.0,0.0,190.0,11.0,24.0,120.0,16.0,14.0,78.0,40.0,274.0,78.0,539.0,79.0,59.0,92.0,58.0,0.0,10.0,231.0,6.0,9.0,288.0,8.0,36.0,129.0,41.0,18.0,56.0,9.0,12.0,8.0,4.0,5.0,65.0,10.0,33.0,12.0,0.0,8.0,2.0,19.0,169.0,105.0,76.0,3.0,2.0,17.0,16.0,40.0,123.0,32.0,100.0,0.0,0.0,9.0,0.0,13.0,0.0,1.0,19.0,1.0,9.0,4.0,0.0,58.0
7,24655962.0,54.0,9.0,35.0,65.0,135.0,203.0,0.0,24.0,219.0,1.0,102.0,79.0,532.0,178.0,0.0,164.0,9.0,26.0,32.0,3.0,10.0,7.0,37.0,255.0,23.0,127.0,18.0,16.0,9.0,5.0,0.0,17.0,34.0,0.0,0.0,15.0,0.0,29.0,1.0,9.0,7.0,20.0,2.0,1.0,1.0,2.0,0.0,20.0,2.0,117.0,3.0,0.0,0.0,0.0,1.0,90.0,20.0,93.0,1.0,1.0,0.0,1.0,25.0,37.0,17.0,1.0,0.0,0.0,4.0,0.0,5.0,2.0,1.0,6.0,0.0,0.0,3.0,0.0,71.0
8,29979814.0,61.0,7.0,28.0,47.0,67.0,175.0,24.0,0.0,66.0,1.0,166.0,33.0,33.0,180.0,0.0,95.0,7.0,22.0,49.0,0.0,5.0,1.0,20.0,282.0,10.0,183.0,10.0,7.0,14.0,2.0,0.0,11.0,32.0,4.0,2.0,37.0,1.0,16.0,10.0,30.0,3.0,11.0,6.0,4.0,2.0,1.0,1.0,78.0,7.0,1.0,6.0,0.0,0.0,0.0,6.0,45.0,12.0,14.0,2.0,0.0,0.0,15.0,10.0,39.0,17.0,21.0,4.0,0.0,1.0,0.0,3.0,0.0,1.0,4.0,0.0,4.0,4.0,0.0,11.0
9,47847315.0,149.0,21.0,66.0,69.0,260.0,192.0,219.0,66.0,0.0,1.0,154.0,109.0,369.0,448.0,0.0,324.0,19.0,70.0,58.0,6.0,30.0,4.0,137.0,511.0,48.0,189.0,20.0,5.0,8.0,3.0,0.0,31.0,34.0,2.0,0.0,19.0,3.0,67.0,3.0,18.0,7.0,42.0,4.0,3.0,4.0,5.0,0.0,65.0,2.0,159.0,1.0,0.0,2.0,1.0,4.0,120.0,11.0,223.0,0.0,3.0,4.0,3.0,47.0,134.0,49.0,4.0,0.0,0.0,0.0,0.0,16.0,3.0,6.0,9.0,0.0,0.0,5.0,0.0,116.0
10,48114697.0,0.0,9.0,0.0,5.0,1.0,25.0,1.0,1.0,1.0,0.0,4.0,0.0,1.0,0.0,0.0,0.0,0.0,0.0,0.0,0.0,0.0,17.0,0.0,1.0,2.0,4.0,10.0,4.0,5.0,8.0,0.0,0.0,8.0,0.0,3.0,21.0,1.0,0.0,26.0,0.0,1.0,4.0,1.0,0.0,0.0,0.0,0.0,0.0,0.0,0.0,0.0,0.0,0.0,0.0,2.0,3.0,9.0,2.0,0.0,0.0,2.0,0.0,0.0,0.0,0.0,0.0,0.0,0.0,0.0,0.0,0.0,0.0,0.0,0.0,1.0,0.0,0.0,0.0,1.0
11,48495906.0,93.0,10.0,140.0,155.0,96.0,449.0,102.0,166.0,154.0,4.0,0.0,153.0,120.0,156.0,0.0,114.0,8.0,11.0,93.0,1.0,10.0,12.0,28.0,261.0,30.0,350.0,32.0,36.0,56.0,21.0,0.0,19.0,169.0,3.0,0.0,134.0,3.0,34.0,28.0,22.0,24.0,61.0,8.0,9.0,7.0,2.0,0.0,44.0,10.0,3.0,7.0,0.0,10.0,1.0,6.0,96.0,105.0,25.0,3.0,2.0,0.0,5.0,21.0,77.0,15.0,13.0,5.0,0.0,8.0,0.0,9.0,0.0,2.0,14.0,0.0,7.0,9.0,0.0,30.0
12,48959778.0,46.0,6.0,41.0,56.0,76.0,162.0,79.0,33.0,109.0,0.0,153.0,0.0,113.0,89.0,0.0,73.0,14.0,11.0,54.0,3.0,14.0,13.0,39.0,178.0,31.0,133.0,28.0,21.0,13.0,5.0,0.0,14.0,59.0,1.0,0.0,43.0,1.0,37.0,5.0,14.0,6.0,50.0,5.0,4.0,4.0,4.0,0.0,47.0,4.0,13.0,3.0,0.0,7.0,1.0,2.0,70.0,46.0,32.0,1.0,2.0,0.0,1.0,31.0,58.0,16.0,1.0,0.0,0.0,7.0,0.0,13.0,0.0,2.0,4.0,0.0,1.0,3.0,0.0,43.0
13,50552213.0,83.0,9.0,55.0,52.0,158.0,140.0,532.0,33.0,369.0,1.0,120.0,113.0,0.0,202.0,0.0,189.0,12.0,28.0,55.0,2.0,12.0,10.0,64.0,353.0,39.0,156.0,34.0,14.0,10.0,8.0,0.0,21.0,48.0,1.0,0.0,23.0,0.0,49.0,13.0,6.0,8.0,46.0,4.0,4.0,4.0,4.0,0.0,24.0,4.0,93.0,5.0,0.0,4.0,1.0,3.0,110.0,25.0,144.0,0.0,2.0,5.0,4.0,35.0,61.0,20.0,10.0,0.0,1.0,2.0,0.0,5.0,4.0,3.0,10.0,1.0,0.0,4.0,0.0,77.0
14,51827732.0,133.0,11.0,57.0,75.0,349.0,337.0,178.0,180.0,448.0,0.0,156.0,89.0,202.0,0.0,0.0,435.0,18.0,216.0,83.0,1.0,86.0,6.0,160.0,1606.0,32.0,167.0,24.0,8.0,13.0,5.0,0.0,60.0,35.0,0.0,0.0,16.0,1.0,37.0,1.0,137.0,6.0,30.0,5.0,7.0,4.0,3.0,0.0,254.0,2.0,49.0,0.0,0.0,3.0,1.0,1.0,134.0,13.0,134.0,0.0,3.0,0.0,9.0,39.0,167.0,80.0,2.0,0.0,0.0,0.0,0.0,19.0,3.0,2.0,8.0,0.0,0.0,6.0,0.0,57.0
15,52346375.0,0.0,0.0,0.0,0.0,0.0,0.0,0.0,0.0,0.0,0.0,0.0,0.0,0.0,0.0,0.0,0.0,0.0,0.0,0.0,0.0,0.0,0.0,0.0,0.0,1.0,0.0,0.0,0.0,0.0,0.0,0.0,0.0,0.0,0.0,0.0,0.0,0.0,0.0,0.0,0.0,0.0,0.0,0.0,0.0,0.0,0.0,0.0,0.0,0.0,0.0,0.0,0.0,0.0,0.0,0.0,0.0,0.0,0.0,0.0,0.0,0.0,0.0,0.0,0.0,0.0,0.0,0.0,0.0,0.0,0.0,0.0,0.0,0.0,0.0,0.0,0.0,0.0,0.0,0.0
16,68524735.0,121.0,7.0,34.0,74.0,314.0,190.0,164.0,95.0,324.0,0.0,114.0,73.0,189.0,435.0,0.0,0.0,11.0,246.0,89.0,2.0,22.0,2.0,572.0,665.0,47.0,195.0,17.0,9.0,12.0,2.0,0.0,56.0,40.0,0.0,0.0,24.0,0.0,45.0,0.0,22.0,4.0,36.0,2.0,2.0,4.0,4.0,0.0,76.0,1.0,37.0,0.0,0.0,0.0,1.0,1.0,136.0,14.0,116.0,0.0,3.0,0.0,2.0,36.0,80.0,37.0,3.0,0.0,0.0,1.0,0.0,10.0,3.0,4.0,6.0,0.0,0.0,6.0,0.0,44.0
17,75055396.0,10.0,2.0,2.0,6.0,16.0,11.0,9.0,7.0,19.0,0.0,8.0,14.0,12.0,18.0,0.0,11.0,0.0,7.0,8.0,2.0,1.0,0.0,10.0,23.0,5.0,11.0,5.0,0.0,2.0,1.0,0.0,6.0,3.0,0.0,0.0,0.0,0.0,9.0,0.0,3.0,0.0,4.0,1.0,0.0,1.0,1.0,0.0,5.0,0.0,4.0,0.0,0.0,0.0,0.0,0.0,9.0,1.0,10.0,0.0,0.0,0.0,0.0,7.0,8.0,6.0,0.0,0.0,0.0,0.0,0.0,3.0,0.0,0.0,1.0,0.0,0.0,1.0,0.0,7.0
18,77254498.0,10.0,1.0,55.0,10.0,71.0,24.0,26.0,22.0,70.0,0.0,11.0,11.0,28.0,216.0,0.0,246.0,7.0,0.0,17.0,0.0,50.0,0.0,124.0,466.0,0.0,36.0,2.0,1.0,0.0,0.0,0.0,26.0,4.0,0.0,0.0,0.0,0.0,5.0,0.0,16.0,0.0,5.0,0.0,0.0,0.0,0.0,0.0,390.0,0.0,5.0,0.0,0.0,0.0,0.0,0.0,25.0,0.0,25.0,0.0,1.0,0.0,0.0,4.0,47.0,8.0,1.0,0.0,0.0,0.0,0.0,3.0,0.0,2.0,0.0,0.0,1.0,1.0,0.0,5.0
19,140198531.0,60.0,2.0,32.0,36.0,51.0,120.0,32.0,49.0,58.0,0.0,93.0,54.0,55.0,83.0,0.0,89.0,8.0,17.0,0.0,2.0,17.0,4.0,35.0,152.0,26.0,102.0,15.0,9.0,7.0,0.0,0.0,12.0,31.0,4.0,0.0,26.0,1.0,23.0,1.0,20.0,5.0,24.0,8.0,5.0,5.0,2.0,0.0,48.0,11.0,5.0,4.0,0.0,2.0,1.0,4.0,42.0,18.0,18.0,1.0,2.0,0.0,2.0,12.0,59.0,11.0,24.0,2.0,1.0,2.0,0.0,5.0,0.0,1.0,5.0,0.0,6.0,6.0,0.0,21.0
20,143531181.0,3.0,5.0,0.0,2.0,2.0,16.0,3.0,0.0,6.0,0.0,1.0,3.0,2.0,1.0,0.0,2.0,2.0,0.0,2.0,0.0,0.0,0.0,1.0,2.0,1.0,2.0,1.0,0.0,1.0,2.0,0.0,0.0,3.0,0.0,0.0,5.0,0.0,2.0,2.0,0.0,0.0,1.0,0.0,0.0,0.0,1.0,0.0,2.0,0.0,1.0,0.0,0.0,0.0,0.0,0.0,3.0,1.0,6.0,0.0,0.0,0.0,0.0,1.0,0.0,1.0,5.0,0.0,0.0,1.0,0.0,1.0,0.0,0.0,1.0,0.0,0.0,0.0,0.0,2.0
21,153321487.0,17.0,0.0,34.0,8.0,11.0,14.0,10.0,5.0,30.0,0.0,10.0,14.0,12.0,86.0,0.0,22.0,1.0,50.0,17.0,0.0,0.0,34.0,9.0,308.0,4.0,14.0,2.0,5.0,1.0,0.0,0.0,4.0,3.0,0.0,0.0,3.0,1.0,9.0,0.0,4.0,0.0,8.0,0.0,1.0,2.0,1.0,0.0,50.0,0.0,1.0,0.0,0.0,0.0,1.0,0.0,6.0,2.0,6.0,0.0,3.0,1.0,0.0,3.0,36.0,6.0,1.0,0.0,0.0,0.0,0.0,0.0,0.0,0.0,0.0,0.0,0.0,2.0,1.0,13.0
22,165748245.0,2.0,48.0,5.0,27.0,2.0,78.0,7.0,1.0,4.0,17.0,12.0,13.0,10.0,6.0,0.0,2.0,0.0,0.0,4.0,0.0,34.0,0.0,1.0,16.0,7.0,23.0,35.0,35.0,12.0,23.0,0.0,1.0,25.0,2.0,12.0,95.0,3.0,2.0,83.0,0.0,4.0,9.0,1.0,2.0,1.0,0.0,1.0,6.0,0.0,0.0,4.0,0.0,2.0,0.0,5.0,5.0,38.0,19.0,0.0,1.0,26.0,1.0,0.0,1.0,0.0,23.0,1.0,0.0,1.0,0.0,0.0,0.0,0.0,6.0,4.0,0.0,0.0,5.0,3.0
23,187670741.0,51.0,4.0,9.0,20.0,134.0,40.0,37.0,20.0,137.0,0.0,28.0,39.0,64.0,160.0,0.0,572.0,10.0,124.0,35.0,1.0,9.0,1.0,0.0,199.0,18.0,54.0,10.0,4.0,5.0,1.0,0.0,35.0,14.0,0.0,0.0,5.0,0.0,18.0,0.0,10.0,1.0,22.0,3.0,2.0,3.0,2.0,0.0,24.0,1.0,4.0,0.0,0.0,0.0,1.0,1.0,54.0,6.0,45.0,0.0,0.0,0.0,1.0,12.0,22.0,19.0,1.0,0.0,0.0,0.0,0.0,6.0,1.0,2.0,3.0,0.0,1.0,3.0,0.0,21.0
24,192477353.0,139.0,12.0,331.0,99.0,622.0,274.0,255.0,282.0,511.0,1.0,261.0,178.0,353.0,1606.0,0.0,665.0,23.0,466.0,152.0,2.0,308.0,16.0,199.0,0.0,56.0,333.0,38.0,22.0,16.0,9.0,0.0,70.0,56.0,9.0,0.0,28.0,3.0,77.0,11.0,129.0,6.0,55.0,21.0,16.0,10.0,4.0,0.0,611.0,20.0,58.0,16.0,0.0,3.0,1.0,12.0,178.0,30.0,156.0,8.0,8.0,3.0,5.0,49.0,306.0,60.0,5.0,11.0,1.0,4.0,0.0,40.0,3.0,5.0,9.0,0.0,17.0,9.0,0.0,100.0
25,194920096.0,34.0,14.0,6.0,22.0,19.0,78.0,23.0,10.0,48.0,2.0,30.0,31.0,39.0,32.0,1.0,47.0,5.0,0.0,26.0,1.0,4.0,7.0,18.0,56.0,0.0,36.0,17.0,2.0,13.0,4.0,0.0,3.0,15.0,22.0,3.0,17.0,23.0,33.0,21.0,2.0,2.0,23.0,34.0,38.0,17.0,5.0,1.0,16.0,36.0,8.0,27.0,0.0,1.0,0.0,43.0,32.0,6.0,29.0,13.0,3.0,7.0,1.0,12.0,49.0,9.0,17.0,15.0,0.0,0.0,0.0,5.0,0.0,3.0,3.0,0.0,43.0,0.0,0.0,17.0
26,203533542.0,89.0,24.0,60.0,159.0,133.0,539.0,127.0,183.0,189.0,4.0,350.0,133.0,156.0,167.0,0.0,195.0,11.0,36.0,102.0,2.0,14.0,23.0,54.0,333.0,36.0,0.0,24.0,23.0,28.0,11.0,0.0,36.0,110.0,2.0,2.0,94.0,1.0,42.0,16.0,19.0,10.0,42.0,4.0,7.0,3.0,4.0,0.0,73.0,4.0,9.0,3.0,0.0,3.0,1.0,3.0,125.0,50.0,41.0,3.0,9.0,0.0,14.0,22.0,112.0,12.0,9.0,1.0,0.0,9.0,0.0,10.0,0.0,3.0,12.0,0.0,2.0,8.0,0.0,32.0
27,209651406.0,16.0,20.0,5.0,36.0,20.0,79.0,18.0,10.0,20.0,10.0,32.0,28.0,34.0,24.0,0.0,17.0,5.0,2.0,15.0,1.0,2.0,35.0,10.0,38.0,17.0,24.0,0.0,28.0,23.0,28.0,0.0,7.0,47.0,2.0,7.0,103.0,1.0,13.0,91.0,9.0,13.0,27.0,4.0,7.0,5.0,1.0,1.0,21.0,3.0,3.0,3.0,0.0,2.0,0.0,7.0,20.0,53.0,28.0,0.0,0.0,40.0,4.0,4.0,13.0,5.0,22.0,0.0,0.0,1.0,0.0,8.0,0.0,0.0,6.0,5.0,1.0,1.0,1.0,10.0
28,210824047.0,7.0,16.0,5.0,35.0,12.0,59.0,16.0,7.0,5.0,4.0,36.0,21.0,14.0,8.0,0.0,9.0,0.0,1.0,9.0,0.0,5.0,35.0,4.0,22.0,2.0,23.0,28.0,0.0,15.0,26.0,0.0,1.0,44.0,1.0,4.0,94.0,0.0,3.0,42.0,1.0,5.0,20.0,0.0,2.0,0.0,0.0,0.0,4.0,0.0,1.0,1.0,0.0,1.0,0.0,2.0,19.0,57.0,10.0,0.0,1.0,10.0,0.0,1.0,2.0,0.0,8.0,0.0,0.0,2.0,0.0,2.0,0.0,1.0,7.0,3.0,0.0,1.0,4.0,3.0
29,222492390.0,16.0,9.0,3.0,51.0,9.0,92.0,9.0,14.0,8.0,5.0,56.0,13.0,10.0,13.0,0.0,12.0,2.0,0.0,7.0,1.0,1.0,12.0,5.0,16.0,13.0,28.0,23.0,15.0,0.0,40.0,0.0,3.0,64.0,1.0,4.0,86.0,1.0,5.0,24.0,5.0,6.0,22.0,1.0,7.0,2.0,1.0,1.0,6.0,2.0,0.0,4.0,0.0,2.0,1.0,6.0,24.0,22.0,10.0,2.0,0.0,6.0,6.0,6.0,9.0,4.0,16.0,0.0,0.0,1.0,0.0,5.0,0.0,0.0,8.0,1.0,1.0,1.0,1.0,3.0
30,223055984.0,6.0,21.0,0.0,34.0,7.0,58.0,5.0,2.0,3.0,8.0,21.0,5.0,8.0,5.0,0.0,2.0,1.0,0.0,0.0,2.0,0.0,23.0,1.0,9.0,4.0,11.0,28.0,26.0,40.0,0.0,0.0,2.0,42.0,3.0,3.0,133.0,0.0,2.0,53.0,0.0,4.0,11.0,1.0,5.0,1.0,0.0,3.0,0.0,1.0,1.0,1.0,0.0,1.0,0.0,2.0,11.0,40.0,13.0,0.0,0.0,12.0,5.0,2.0,1.0,0.0,28.0,0.0,0.0,2.0,0.0,0.0,0.0,0.0,8.0,0.0,0.0,0.0,0.0,1.0
31,232823702.0,0.0,0.0,0.0,0.0,0.0,0.0,0.0,0.0,0.0,0.0,0.0,0.0,0.0,0.0,0.0,0.0,0.0,0.0,0.0,0.0,0.0,0.0,0.0,0.0,0.0,0.0,0.0,0.0,0.0,0.0,0.0,0.0,0.0,0.0,0.0,0.0,0.0,0.0,0.0,0.0,0.0,0.0,0.0,0.0,0.0,0.0,0.0,0.0,0.0,0.0,0.0,0.0,0.0,0.0,0.0,0.0,0.0,0.0,0.0,0.0,0.0,0.0,0.0,0.0,0.0,0.0,0.0,0.0,0.0,0.0,0.0,0.0,0.0,0.0,0.0,0.0,0.0,0.0,0.0
32,234333247.0,12.0,3.0,7.0,11.0,77.0,10.0,17.0,11.0,31.0,0.0,19.0,14.0,21.0,60.0,0.0,56.0,6.0,26.0,12.0,0.0,4.0,1.0,35.0,70.0,3.0,36.0,7.0,1.0,3.0,2.0,0.0,0.0,3.0,0.0,0.0,3.0,0.0,5.0,1.0,7.0,0.0,5.0,2.0,3.0,2.0,0.0,0.0,16.0,2.0,0.0,0.0,0.0,0.0,0.0,1.0,21.0,3.0,9.0,0.0,0.0,0.0,2.0,4.0,14.0,4.0,0.0,0.0,0.0,0.0,0.0,3.0,1.0,0.0,1.0,0.0,0.0,2.0,0.0,9.0
33,244529400.0,29.0,15.0,3.0,240.0,25.0,231.0,34.0,32.0,34.0,8.0,169.0,59.0,48.0,35.0,0.0,40.0,3.0,4.0,31.0,3.0,3.0,25.0,14.0,56.0,15.0,110.0,47.0,44.0,64.0,42.0,0.0,3.0,0.0,0.0,4.0,184.0,1.0,12.0,61.0,4.0,20.0,40.0,3.0,3.0,7.0,2.0,0.0,16.0,2.0,1.0,4.0,0.0,7.0,0.0,10.0,62.0,90.0,16.0,2.0,0.0,6.0,2.0,8.0,21.0,6.0,14.0,0.0,0.0,7.0,0.0,5.0,0.0,1.0,14.0,1.0,1.0,2.0,0.0,10.0
34,246223044.0,5.0,2.0,1.0,2.0,3.0,6.0,0.0,4.0,2.0,0.0,3.0,1.0,1.0,0.0,0.0,0.0,0.0,0.0,4.0,0.0,0.0,2.0,0.0,9.0,22.0,2.0,2.0,1.0,1.0,3.0,0.0,0.0,0.0,0.0,0.0,4.0,8.0,1.0,3.0,1.0,0.0,0.0,36.0,36.0,12.0,0.0,0.0,4.0,36.0,0.0,29.0,0.0,0.0,0.0,33.0,0.0,0.0,3.0,17.0,0.0,4.0,0.0,1.0,2.0,0.0,4.0,22.0,1.0,0.0,0.0,0.0,0.0,0.0,0.0,1.0,59.0,0.0,0.0,0.0
35,253303368.0,2.0,16.0,0.0,1.0,0.0,9.0,0.0,2.0,0.0,3.0,0.0,0.0,0.0,0.0,0.0,0.0,0.0,0.0,0.0,0.0,0.0,12.0,0.0,0.0,3.0,2.0,7.0,4.0,4.0,3.0,0.0,0.0,4.0,0.0,0.0,17.0,0.0,0.0,32.0,0.0,0.0,2.0,1.0,1.0,0.0,0.0,0.0,0.0,0.0,0.0,0.0,0.0,0.0,0.0,1.0,0.0,5.0,6.0,0.0,0.0,4.0,0.0,0.0,0.0,0.0,5.0,0.0,0.0,0.0,0.0,0.0,0.0,0.0,1.0,0.0,0.0,0.0,0.0,0.0
36,254688158.0,26.0,68.0,8.0,138.0,12.0,288.0,15.0,37.0,19.0,21.0,134.0,43.0,23.0,16.0,0.0,24.0,0.0,0.0,26.0,5.0,3.0,95.0,5.0,28.0,17.0,94.0,103.0,94.0,86.0,133.0,0.0,3.0,184.0,4.0,17.0,0.0,1.0,6.0,216.0,4.0,16.0,49.0,4.0,9.0,4.0,0.0,3.0,5.0,4.0,2.0,4.0,0.0,5.0,1.0,8.0,45.0,180.0,34.0,2.0,0.0,50.0,7.0,8.0,15.0,1.0,58.0,1.0,0.0,7.0,0.0,4.0,1.0,0.0,14.0,10.0,2.0,1.0,0.0,6.0
37,257171724.0,2.0,3.0,1.0,1.0,1.0,8.0,0.0,1.0,3.0,1.0,3.0,1.0,0.0,1.0,0.0,0.0,0.0,0.0,1.0,0.0,1.0,3.0,0.0,3.0,23.0,1.0,1.0,0.0,1.0,0.0,0.0,0.0,1.0,8.0,0.0,1.0,0.0,1.0,4.0,0.0,0.0,2.0,11.0,10.0,7.0,0.0,0.0,1.0,12.0,0.0,13.0,0.0,0.0,0.0,18.0,1.0,0.0,1.0,7.0,1.0,1.0,0.0,0.0,3.0,0.0,1.0,5.0,0.0,0.0,0.0,0.0,0.0,0.0,0.0,0.0,16.0,0.0,0.0,0.0
38,266263003.0,39.0,2.0,11.0,17.0,38.0,36.0,29.0,16.0,67.0,0.0,34.0,37.0,49.0,37.0,0.0,45.0,9.0,5.0,23.0,2.0,9.0,2.0,18.0,77.0,33.0,42.0,13.0,3.0,5.0,2.0,0.0,5.0,12.0,1.0,0.0,6.0,1.0,0.0,0.0,6.0,3.0,26.0,1.0,3.0,3.0,3.0,0.0,22.0,3.0,7.0,2.0,0.0,1.0,1.0,3.0,30.0,3.0,25.0,1.0,3.0,1.0,2.0,15.0,38.0,10.0,1.0,2.0,0.0,0.0,0.0,5.0,0.0,5.0,2.0,0.0,2.0,3.0,0.0,28.0
39,268236675.0,2.0,112.0,2.0,46.0,4.0,129.0,1.0,10.0,3.0,26.0,28.0,5.0,13.0,1.0,0.0,0.0,0.0,0.0,1.0,2.0,0.0,83.0,0.0,11.0,21.0,16.0,91.0,42.0,24.0,53.0,0.0,1.0,61.0,3.0,32.0,216.0,4.0,0.0,0.0,0.0,8.0,22.0,2.0,4.0,2.0,0.0,2.0,0.0,1.0,0.0,7.0,0.0,3.0,0.0,17.0,20.0,69.0,31.0,1.0,0.0,63.0,4.0,0.0,0.0,0.0,91.0,1.0,0.0,3.0,0.0,0.0,0.0,0.0,5.0,10.0,1.0,0.0,0.0,0.0
40,271791007.0,11.0,0.0,9.0,9.0,20.0,41.0,9.0,30.0,18.0,0.0,22.0,14.0,6.0,137.0,0.0,22.0,3.0,16.0,20.0,0.0,4.0,0.0,10.0,129.0,2.0,19.0,9.0,1.0,5.0,0.0,0.0,7.0,4.0,1.0,0.0,4.0,0.0,6.0,0.0,0.0,1.0,4.0,2.0,3.0,2.0,0.0,0.0,66.0,2.0,3.0,2.0,0.0,0.0,1.0,2.0,6.0,3.0,5.0,1.0,0.0,0.0,7.0,9.0,50.0,6.0,1.0,1.0,0.0,0.0,0.0,28.0,0.0,0.0,0.0,0.0,2.0,0.0,0.0,4.0
41,273889354.0,6.0,0.0,2.0,9.0,5.0,18.0,7.0,3.0,7.0,1.0,24.0,6.0,8.0,6.0,0.0,4.0,0.0,0.0,5.0,0.0,0.0,4.0,1.0,6.0,2.0,10.0,13.0,5.0,6.0,4.0,0.0,0.0,20.0,0.0,0.0,16.0,0.0,3.0,8.0,1.0,0.0,8.0,0.0,0.0,0.0,0.0,0.0,4.0,0.0,1.0,0.0,0.0,4.0,0.0,0.0,9.0,16.0,3.0,0.0,0.0,0.0,1.0,3.0,4.0,1.0,0.0,0.0,0.0,1.0,0.0,2.0,0.0,0.0,2.0,0.0,0.0,0.0,0.0,3.0
42,274246546.0,28.0,3.0,12.0,26.0,26.0,56.0,20.0,11.0,42.0,4.0,61.0,50.0,46.0,30.0,0.0,36.0,4.0,5.0,24.0,1.0,8.0,9.0,22.0,55.0,23.0,42.0,27.0,20.0,22.0,11.0,0.0,5.0,40.0,0.0,2.0,49.0,2.0,26.0,22.0,4.0,8.0,0.0,0.0,3.0,4.0,2.0,0.0,20.0,2.0,5.0,5.0,0.0,4.0,1.0,5.0,42.0,32.0,17.0,0.0,2.0,4.0,1.0,9.0,23.0,9.0,5.0,0.0,0.0,6.0,0.0,5.0,0.0,1.0,5.0,0.0,0.0,2.0,0.0,17.0
43,275661557.0,12.0,1.0,0.0,5.0,8.0,9.0,2.0,6.0,4.0,1.0,8.0,5.0,4.0,5.0,0.0,2.0,1.0,0.0,8.0,0.0,0.0,1.0,3.0,21.0,34.0,4.0,4.0,0.0,1.0,1.0,0.0,2.0,3.0,36.0,1.0,4.0,11.0,1.0,2.0,2.0,0.0,0.0,0.0,62.0,22.0,0.0,0.0,4.0,78.0,1.0,38.0,0.0,0.0,0.0,54.0,2.0,3.0,4.0,29.0,0.0,0.0,0.0,3.0,3.0,0.0,1.0,39.0,0.0,0.0,0.0,0.0,0.0,0.0,0.0,0.0,91.0,0.0,1.0,0.0
44,280105124.0,10.0,2.0,0.0,8.0,8.0,12.0,1.0,4.0,3.0,0.0,9.0,4.0,4.0,7.0,0.0,2.0,0.0,0.0,5.0,0.0,1.0,2.0,2.0,16.0,38.0,7.0,7.0,2.0,7.0,5.0,0.0,3.0,3.0,36.0,1.0,9.0,10.0,3.0,4.0,3.0,0.0,3.0,62.0,0.0,20.0,0.0,0.0,6.0,77.0,0.0,50.0,0.0,0.0,1.0,61.0,2.0,4.0,8.0,31.0,0.0,6.0,4.0,3.0,3.0,0.0,8.0,42.0,0.0,0.0,0.0,0.0,0.0,0.0,2.0,0.0,87.0,0.0,0.0,0.0
45,280978003.0,8.0,1.0,0.0,3.0,4.0,8.0,1.0,2.0,4.0,0.0,7.0,4.0,4.0,4.0,0.0,4.0,1.0,0.0,5.0,0.0,2.0,1.0,3.0,10.0,17.0,3.0,5.0,0.0,2.0,1.0,0.0,2.0,7.0,12.0,0.0,4.0,7.0,3.0,2.0,2.0,0.0,4.0,22.0,20.0,0.0,1.0,0.0,4.0,19.0,0.0,16.0,0.0,0.0,0.0,22.0,4.0,1.0,1.0,9.0,0.0,0.0,3.0,2.0,1.0,3.0,3.0,10.0,0.0,0.0,0.0,0.0,0.0,0.0,1.0,0.0,26.0,0.0,0.0,1.0
46,283718439.0,3.0,0.0,0.0,2.0,2.0,4.0,2.0,1.0,5.0,0.0,2.0,4.0,4.0,3.0,0.0,4.0,1.0,0.0,2.0,1.0,1.0,0.0,2.0,4.0,5.0,4.0,1.0,0.0,1.0,0.0,0.0,0.0,2.0,0.0,0.0,0.0,0.0,3.0,0.0,0.0,0.0,2.0,0.0,0.0,1.0,0.0,0.0,4.0,0.0,2.0,0.0,0.0,0.0,0.0,0.0,2.0,0.0,3.0,0.0,1.0,0.0,0.0,0.0,6.0,2.0,0.0,0.0,0.0,0.0,0.0,3.0,0.0,1.0,1.0,0.0,0.0,0.0,0.0,3.0
47,285793392.0,0.0,3.0,0.0,2.0,0.0,5.0,0.0,1.0,0.0,0.0,0.0,0.0,0.0,0.0,0.0,0.0,0.0,0.0,0.0,0.0,0.0,1.0,0.0,0.0,1.0,0.0,1.0,0.0,1.0,3.0,0.0,0.0,0.0,0.0,0.0,3.0,0.0,0.0,2.0,0.0,0.0,0.0,0.0,0.0,0.0,0.0,0.0,0.0,0.0,0.0,0.0,0.0,0.0,0.0,1.0,0.0,0.0,0.0,0.0,0.0,0.0,1.0,0.0,0.0,0.0,10.0,0.0,0.0,0.0,0.0,0.0,0.0,0.0,0.0,0.0,1.0,0.0,0.0,0.0
48,297771685.0,37.0,0.0,92.0,16.0,40.0,65.0,20.0,78.0,65.0,0.0,44.0,47.0,24.0,254.0,0.0,76.0,5.0,390.0,48.0,2.0,50.0,6.0,24.0,611.0,16.0,73.0,21.0,4.0,6.0,0.0,0.0,16.0,16.0,4.0,0.0,5.0,1.0,22.0,0.0,66.0,4.0,20.0,4.0,6.0,4.0,4.0,0.0,0.0,7.0,30.0,5.0,0.0,0.0,1.0,4.0,14.0,5.0,24.0,2.0,12.0,0.0,4.0,7.0,221.0,11.0,1.0,1.0,1.0,1.0,0.0,39.0,0.0,2.0,3.0,0.0,4.0,5.0,0.0,16.0
49,298087938.0,11.0,0.0,1.0,5.0,7.0,10.0,2.0,7.0,2.0,0.0,10.0,4.0,4.0,2.0,0.0,1.0,0.0,0.0,11.0,0.0,0.0,0.0,1.0,20.0,36.0,4.0,3.0,0.0,2.0,1.0,0.0,2.0,2.0,36.0,0.0,4.0,12.0,3.0,1.0,2.0,0.0,2.0,78.0,77.0,19.0,0.0,0.0,7.0,0.0,1.0,54.0,0.0,1.0,0.0,76.0,1.0,4.0,4.0,49.0,0.0,2.0,0.0,2.0,5.0,0.0,1.0,63.0,1.0,0.0,0.0,0.0,0.0,0.0,0.0,0.0,130.0,1.0,0.0,0.0
50,303450744.0,9.0,1.0,2.0,5.0,39.0,33.0,117.0,1.0,159.0,0.0,3.0,13.0,93.0,49.0,0.0,37.0,4.0,5.0,5.0,1.0,1.0,0.0,4.0,58.0,8.0,9.0,3.0,1.0,0.0,1.0,0.0,0.0,1.0,0.0,0.0,2.0,0.0,7.0,0.0,3.0,1.0,5.0,1.0,0.0,0.0,2.0,0.0,30.0,1.0,0.0,0.0,0.0,0.0,0.0,0.0,11.0,0.0,49.0,0.0,3.0,0.0,1.0,13.0,89.0,4.0,1.0,0.0,0.0,0.0,0.0,3.0,0.0,3.0,0.0,0.0,0.0,1.0,0.0,62.0
51,305078782.0,4.0,2.0,1.0,4.0,5.0,12.0,3.0,6.0,1.0,0.0,7.0,3.0,5.0,0.0,0.0,0.0,0.0,0.0,4.0,0.0,0.0,4.0,0.0,16.0,27.0,3.0,3.0,1.0,4.0,1.0,0.0,0.0,4.0,29.0,0.0,4.0,13.0,2.0,7.0,2.0,0.0,5.0,38.0,50.0,16.0,0.0,0.0,5.0,54.0,0.0,0.0,0.0,1.0,0.0,57.0,3.0,3.0,2.0,27.0,0.0,1.0,1.0,1.0,3.0,0.0,5.0,37.0,1.0,0.0,0.0,0.0,0.0,0.0,1.0,0.0,67.0,0.0,0.0,0.0
52,305787501.0,0.0,0.0,0.0,0.0,0.0,0.0,0.0,0.0,0.0,0.0,0.0,0.0,0.0,0.0,0.0,0.0,0.0,0.0,0.0,0.0,0.0,0.0,0.0,0.0,0.0,0.0,0.0,0.0,0.0,0.0,0.0,0.0,0.0,0.0,0.0,0.0,0.0,0.0,0.0,0.0,0.0,0.0,0.0,0.0,0.0,0.0,0.0,0.0,0.0,0.0,0.0,0.0,0.0,0.0,0.0,0.0,0.0,0.0,0.0,0.0,0.0,0.0,0.0,0.0,0.0,0.0,0.0,0.0,0.0,0.0,0.0,0.0,0.0,0.0,0.0,0.0,0.0,0.0,0.0
53,316144548.0,1.0,0.0,2.0,3.0,2.0,8.0,0.0,0.0,2.0,0.0,10.0,7.0,4.0,3.0,0.0,0.0,0.0,0.0,2.0,0.0,0.0,2.0,0.0,3.0,1.0,3.0,2.0,1.0,2.0,1.0,0.0,0.0,7.0,0.0,0.0,5.0,0.0,1.0,3.0,0.0,4.0,4.0,0.0,0.0,0.0,0.0,0.0,0.0,1.0,0.0,1.0,0.0,0.0,0.0,0.0,3.0,6.0,0.0,0.0,0.0,1.0,0.0,1.0,0.0,1.0,0.0,0.0,0.0,1.0,0.0,0.0,0.0,0.0,1.0,0.0,0.0,0.0,0.0,1.0
54,317262357.0,1.0,0.0,0.0,1.0,1.0,2.0,0.0,0.0,1.0,0.0,1.0,1.0,1.0,1.0,0.0,1.0,0.0,0.0,1.0,0.0,1.0,0.0,1.0,1.0,0.0,1.0,0.0,0.0,1.0,0.0,0.0,0.0,0.0,0.0,0.0,1.0,0.0,1.0,0.0,1.0,0.0,1.0,0.0,1.0,0.0,0.0,0.0,1.0,0.0,0.0,0.0,0.0,0.0,0.0,0.0,1.0,1.0,2.0,0.0,0.0,0.0,0.0,1.0,0.0,0.0,0.0,0.0,0.0,0.0,0.0,0.0,0.0,0.0,0.0,0.0,0.0,0.0,0.0,0.0
55,328933147.0,5.0,10.0,0.0,5.0,4.0,19.0,1.0,6.0,4.0,2.0,6.0,2.0,3.0,1.0,0.0,1.0,0.0,0.0,4.0,0.0,0.0,5.0,1.0,12.0,43.0,3.0,7.0,2.0,6.0,2.0,0.0,1.0,10.0,33.0,1.0,8.0,18.0,3.0,17.0,2.0,0.0,5.0,54.0,61.0,22.0,0.0,1.0,4.0,76.0,0.0,57.0,0.0,0.0,0.0,0.0,8.0,2.0,4.0,35.0,0.0,3.0,1.0,2.0,4.0,0.0,13.0,40.0,0.0,0.0,0.0,0.0,0.0,0.0,1.0,0.0,131.0,1.0,1.0,1.0
56,330185697.0,41.0,14.0,12.0,77.0,106.0,169.0,90.0,45.0,120.0,3.0,96.0,70.0,110.0,134.0,0.0,136.0,9.0,25.0,42.0,3.0,6.0,5.0,54.0,178.0,32.0,125.0,20.0,19.0,24.0,11.0,0.0,21.0,62.0,0.0,0.0,45.0,1.0,30.0,20.0,6.0,9.0,42.0,2.0,2.0,4.0,2.0,0.0,14.0,1.0,11.0,3.0,0.0,3.0,1.0,8.0,0.0,34.0,48.0,0.0,0.0,1.0,3.0,19.0,38.0,21.0,9.0,0.0,0.0,4.0,0.0,3.0,2.0,0.0,5.0,0.0,0.0,2.0,0.0,37.0
57,330229987.0,15.0,15.0,15.0,59.0,17.0,105.0,20.0,12.0,11.0,9.0,105.0,46.0,25.0,13.0,0.0,14.0,1.0,0.0,18.0,1.0,2.0,38.0,6.0,30.0,6.0,50.0,53.0,57.0,22.0,40.0,0.0,3.0,90.0,0.0,5.0,180.0,0.0,3.0,69.0,3.0,16.0,32.0,3.0,4.0,1.0,0.0,0.0,5.0,4.0,0.0,3.0,0.0,6.0,1.0,2.0,34.0,0.0,21.0,0.0,0.0,19.0,3.0,4.0,4.0,2.0,7.0,0.0,0.0,6.0,0.0,3.0,0.0,0.0,8.0,4.0,0.0,0.0,1.0,3.0
58,335473582.0,39.0,20.0,5.0,32.0,86.0,76.0,93.0,14.0,223.0,2.0,25.0,32.0,144.0,134.0,0.0,116.0,10.0,25.0,18.0,6.0,6.0,19.0,45.0,156.0,29.0,41.0,28.0,10.0,10.0,13.0,0.0,9.0,16.0,3.0,6.0,34.0,1.0,25.0,31.0,5.0,3.0,17.0,4.0,8.0,1.0,3.0,0.0,24.0,4.0,49.0,2.0,0.0,0.0,2.0,4.0,48.0,21.0,0.0,2.0,1.0,140.0,1.0,24.0,47.0,16.0,18.0,1.0,0.0,0.0,0.0,5.0,2.0,3.0,6.0,6.0,0.0,1.0,0.0,33.0
59,339474731.0,3.0,0.0,0.0,2.0,2.0,3.0,1.0,2.0,0.0,0.0,3.0,1.0,0.0,0.0,0.0,0.0,0.0,0.0,1.0,0.0,0.0,0.0,0.0,8.0,13.0,3.0,0.0,0.0,2.0,0.0,0.0,0.0,2.0,17.0,0.0,2.0,7.0,1.0,1.0,1.0,0.0,0.0,29.0,31.0,9.0,0.0,0.0,2.0,49.0,0.0,27.0,0.0,0.0,0.0,35.0,0.0,0.0,2.0,0.0,0.0,1.0,0.0,1.0,2.0,0.0,1.0,22.0,0.0,0.0,0.0,0.0,0.0,0.0,0.0,0.0,62.0,0.0,0.0,1.0
60,346585747.0,0.0,0.0,2.0,1.0,1.0,2.0,1.0,0.0,3.0,0.0,2.0,2.0,2.0,3.0,0.0,3.0,0.0,1.0,2.0,0.0,3.0,1.0,0.0,8.0,3.0,9.0,0.0,1.0,0.0,0.0,0.0,0.0,0.0,0.0,0.0,0.0,1.0,3.0,0.0,0.0,0.0,2.0,0.0,0.0,0.0,1.0,0.0,12.0,0.0,3.0,0.0,0.0,0.0,0.0,0.0,0.0,0.0,1.0,0.0,0.0,0.0,0.0,0.0,16.0,0.0,0.0,0.0,0.0,0.0,0.0,1.0,0.0,21.0,0.0,0.0,0.0,0.0,0.0,0.0
61,350202078.0,2.0,16.0,1.0,4.0,0.0,17.0,0.0,0.0,4.0,2.0,0.0,0.0,5.0,0.0,0.0,0.0,0.0,0.0,0.0,0.0,1.0,26.0,0.0,3.0,7.0,0.0,40.0,10.0,6.0,12.0,0.0,0.0,6.0,4.0,4.0,50.0,1.0,1.0,63.0,0.0,0.0,4.0,0.0,6.0,0.0,0.0,0.0,0.0,2.0,0.0,1.0,0.0,1.0,0.0,3.0,1.0,19.0,140.0,1.0,0.0,0.0,1.0,0.0,0.0,0.0,23.0,0.0,0.0,0.0,0.0,0.0,0.0,0.0,3.0,10.0,1.0,0.0,8.0,0.0
62,360113939.0,9.0,3.0,0.0,7.0,5.0,16.0,1.0,15.0,3.0,0.0,5.0,1.0,4.0,9.0,0.0,2.0,0.0,0.0,2.0,0.0,0.0,1.0,1.0,5.0,1.0,14.0,4.0,0.0,6.0,5.0,0.0,2.0,2.0,0.0,0.0,7.0,0.0,2.0,4.0,7.0,1.0,1.0,0.0,4.0,3.0,0.0,1.0,4.0,0.0,1.0,1.0,0.0,0.0,0.0,1.0,3.0,3.0,1.0,0.0,0.0,1.0,0.0,4.0,2.0,0.0,9.0,0.0,0.0,0.0,0.0,1.0,0.0,0.0,1.0,0.0,0.0,0.0,0.0,1.0
63,367841940.0,23.0,2.0,1.0,18.0,34.0,40.0,25.0,10.0,47.0,0.0,21.0,31.0,35.0,39.0,0.0,36.0,7.0,4.0,12.0,1.0,3.0,0.0,12.0,49.0,12.0,22.0,4.0,1.0,6.0,2.0,0.0,4.0,8.0,1.0,0.0,8.0,0.0,15.0,0.0,9.0,3.0,9.0,3.0,3.0,2.0,0.0,0.0,7.0,2.0,13.0,1.0,0.0,1.0,1.0,2.0,19.0,4.0,24.0,1.0,0.0,0.0,4.0,0.0,15.0,14.0,2.0,0.0,0.0,0.0,0.0,1.0,0.0,0.0,0.0,0.0,2.0,1.0,0.0,42.0
64,369028288.0,40.0,1.0,51.0,32.0,64.0,123.0,37.0,39.0,134.0,0.0,77.0,58.0,61.0,167.0,0.0,80.0,8.0,47.0,59.0,0.0,36.0,1.0,22.0,306.0,49.0,112.0,13.0,2.0,9.0,1.0,0.0,14.0,21.0,2.0,0.0,15.0,3.0,38.0,0.0,50.0,4.0,23.0,3.0,3.0,1.0,6.0,0.0,221.0,5.0,89.0,3.0,0.0,0.0,0.0,4.0,38.0,4.0,47.0,2.0,16.0,0.0,2.0,15.0,0.0,12.0,3.0,1.0,1.0,0.0,0.0,25.0,0.0,9.0,4.0,0.0,5.0,16.0,0.0,35.0
65,376061066.0,18.0,2.0,3.0,16.0,30.0,32.0,17.0,17.0,49.0,0.0,15.0,16.0,20.0,80.0,0.0,37.0,6.0,8.0,11.0,1.0,6.0,0.0,19.0,60.0,9.0,12.0,5.0,0.0,4.0,0.0,0.0,4.0,6.0,0.0,0.0,1.0,0.0,10.0,0.0,6.0,1.0,9.0,0.0,0.0,3.0,2.0,0.0,11.0,0.0,4.0,0.0,0.0,1.0,0.0,0.0,21.0,2.0,16.0,0.0,0.0,0.0,0.0,14.0,12.0,0.0,0.0,0.0,0.0,0.0,0.0,1.0,0.0,0.0,2.0,0.0,0.0,0.0,0.0,30.0
66,376761481.0,12.0,71.0,0.0,19.0,4.0,100.0,1.0,21.0,4.0,0.0,13.0,1.0,10.0,2.0,0.0,3.0,0.0,1.0,24.0,5.0,1.0,23.0,1.0,5.0,17.0,9.0,22.0,8.0,16.0,28.0,0.0,0.0,14.0,4.0,5.0,58.0,1.0,1.0,91.0,1.0,0.0,5.0,1.0,8.0,3.0,0.0,10.0,1.0,1.0,1.0,5.0,0.0,0.0,0.0,13.0,9.0,7.0,18.0,1.0,0.0,23.0,9.0,2.0,3.0,0.0,0.0,1.0,0.0,0.0,0.0,0.0,0.0,0.0,4.0,0.0,1.0,0.0,4.0,2.0
67,377220960.0,3.0,0.0,0.0,1.0,2.0,0.0,0.0,4.0,0.0,0.0,5.0,0.0,0.0,0.0,0.0,0.0,0.0,0.0,2.0,0.0,0.0,1.0,0.0,11.0,15.0,1.0,0.0,0.0,0.0,0.0,0.0,0.0,0.0,22.0,0.0,1.0,5.0,2.0,1.0,1.0,0.0,0.0,39.0,42.0,10.0,0.0,0.0,1.0,63.0,0.0,37.0,0.0,0.0,0.0,40.0,0.0,0.0,1.0,22.0,0.0,0.0,0.0,0.0,1.0,0.0,1.0,0.0,0.0,0.0,0.0,0.0,0.0,0.0,0.0,0.0,71.0,0.0,2.0,0.0
68,385090839.0,0.0,0.0,1.0,0.0,1.0,0.0,0.0,0.0,0.0,0.0,0.0,0.0,1.0,0.0,0.0,0.0,0.0,0.0,1.0,0.0,0.0,0.0,0.0,1.0,0.0,0.0,0.0,0.0,0.0,0.0,0.0,0.0,0.0,1.0,0.0,0.0,0.0,0.0,0.0,0.0,0.0,0.0,0.0,0.0,0.0,0.0,0.0,1.0,1.0,0.0,1.0,0.0,0.0,0.0,0.0,0.0,0.0,0.0,0.0,0.0,0.0,0.0,0.0,1.0,0.0,0.0,0.0,0.0,0.0,0.0,0.0,0.0,0.0,0.0,0.0,0.0,0.0,0.0,2.0
69,389239423.0,1.0,0.0,1.0,9.0,2.0,9.0,4.0,1.0,0.0,0.0,8.0,7.0,2.0,0.0,0.0,1.0,0.0,0.0,2.0,1.0,0.0,1.0,0.0,4.0,0.0,9.0,1.0,2.0,1.0,2.0,0.0,0.0,7.0,0.0,0.0,7.0,0.0,0.0,3.0,0.0,1.0,6.0,0.0,0.0,0.0,0.0,0.0,1.0,0.0,0.0,0.0,0.0,1.0,0.0,0.0,4.0,6.0,0.0,0.0,0.0,0.0,0.0,0.0,0.0,0.0,0.0,0.0,0.0,0.0,0.0,0.0,0.0,0.0,0.0,0.0,0.0,0.0,0.0,0.0
70,402892880.0,0.0,0.0,0.0,0.0,0.0,0.0,0.0,0.0,0.0,0.0,0.0,0.0,0.0,0.0,0.0,0.0,0.0,0.0,0.0,0.0,0.0,0.0,0.0,0.0,0.0,0.0,0.0,0.0,0.0,0.0,0.0,0.0,0.0,0.0,0.0,0.0,0.0,0.0,0.0,0.0,0.0,0.0,0.0,0.0,0.0,0.0,0.0,0.0,0.0,0.0,0.0,0.0,0.0,0.0,0.0,0.0,0.0,0.0,0.0,0.0,0.0,0.0,0.0,0.0,0.0,0.0,0.0,0.0,0.0,0.0,0.0,0.0,0.0,0.0,0.0,0.0,0.0,0.0,0.0
71,405452697.0,7.0,0.0,1.0,5.0,8.0,13.0,5.0,3.0,16.0,0.0,9.0,13.0,5.0,19.0,0.0,10.0,3.0,3.0,5.0,1.0,0.0,0.0,6.0,40.0,5.0,10.0,8.0,2.0,5.0,0.0,0.0,3.0,5.0,0.0,0.0,4.0,0.0,5.0,0.0,28.0,2.0,5.0,0.0,0.0,0.0,3.0,0.0,39.0,0.0,3.0,0.0,0.0,0.0,0.0,0.0,3.0,3.0,5.0,0.0,1.0,0.0,1.0,1.0,25.0,1.0,0.0,0.0,0.0,0.0,0.0,0.0,0.0,1.0,1.0,0.0,0.0,0.0,0.0,2.0
72,406558256.0,0.0,0.0,0.0,0.0,2.0,0.0,2.0,0.0,3.0,0.0,0.0,0.0,4.0,3.0,0.0,3.0,0.0,0.0,0.0,0.0,0.0,0.0,1.0,3.0,0.0,0.0,0.0,0.0,0.0,0.0,0.0,1.0,0.0,0.0,0.0,1.0,0.0,0.0,0.0,0.0,0.0,0.0,0.0,0.0,0.0,0.0,0.0,0.0,0.0,0.0,0.0,0.0,0.0,0.0,0.0,2.0,0.0,2.0,0.0,0.0,0.0,0.0,0.0,0.0,0.0,0.0,0.0,0.0,0.0,0.0,0.0,0.0,0.0,0.0,0.0,0.0,0.0,0.0,1.0
73,406647184.0,1.0,0.0,0.0,1.0,1.0,1.0,1.0,1.0,6.0,0.0,2.0,2.0,3.0,2.0,0.0,4.0,0.0,2.0,1.0,0.0,0.0,0.0,2.0,5.0,3.0,3.0,0.0,1.0,0.0,0.0,0.0,0.0,1.0,0.0,0.0,0.0,0.0,5.0,0.0,0.0,0.0,1.0,0.0,0.0,0.0,1.0,0.0,2.0,0.0,3.0,0.0,0.0,0.0,0.0,0.0,0.0,0.0,3.0,0.0,21.0,0.0,0.0,0.0,9.0,0.0,0.0,0.0,0.0,0.0,0.0,1.0,0.0,0.0,0.0,0.0,0.0,0.0,0.0,0.0
74,412663554.0,5.0,2.0,2.0,10.0,5.0,19.0,6.0,4.0,9.0,0.0,14.0,4.0,10.0,8.0,0.0,6.0,1.0,0.0,5.0,1.0,0.0,6.0,3.0,9.0,3.0,12.0,6.0,7.0,8.0,8.0,0.0,1.0,14.0,0.0,1.0,14.0,0.0,2.0,5.0,0.0,2.0,5.0,0.0,2.0,1.0,1.0,0.0,3.0,0.0,0.0,1.0,0.0,1.0,0.0,1.0,5.0,8.0,6.0,0.0,0.0,3.0,1.0,0.0,4.0,2.0,4.0,0.0,0.0,0.0,0.0,1.0,0.0,0.0,0.0,0.0,0.0,0.0,0.0,3.0
75,423782407.0,0.0,0.0,0.0,0.0,0.0,1.0,0.0,0.0,0.0,1.0,0.0,0.0,1.0,0.0,0.0,0.0,0.0,0.0,0.0,0.0,0.0,4.0,0.0,0.0,0.0,0.0,5.0,3.0,1.0,0.0,0.0,0.0,1.0,1.0,0.0,10.0,0.0,0.0,10.0,0.0,0.0,0.0,0.0,0.0,0.0,0.0,0.0,0.0,0.0,0.0,0.0,0.0,0.0,0.0,0.0,0.0,4.0,6.0,0.0,0.0,10.0,0.0,0.0,0.0,0.0,0.0,0.0,0.0,0.0,0.0,0.0,0.0,0.0,0.0,0.0,0.0,0.0,0.0,0.0
76,424509446.0,8.0,2.0,0.0,1.0,6.0,9.0,0.0,4.0,0.0,0.0,7.0,1.0,0.0,0.0,0.0,0.0,0.0,1.0,6.0,0.0,0.0,0.0,1.0,17.0,43.0,2.0,1.0,0.0,1.0,0.0,0.0,0.0,1.0,59.0,0.0,2.0,16.0,2.0,1.0,2.0,0.0,0.0,91.0,87.0,26.0,0.0,1.0,4.0,130.0,0.0,67.0,0.0,0.0,0.0,131.0,0.0,0.0,0.0,62.0,0.0,1.0,0.0,2.0,5.0,0.0,1.0,71.0,0.0,0.0,0.0,0.0,0.0,0.0,0.0,0.0,0.0,0.0,0.0,0.0
77,425840443.0,5.0,0.0,1.0,4.0,4.0,4.0,3.0,4.0,5.0,0.0,9.0,3.0,4.0,6.0,0.0,6.0,1.0,1.0,6.0,0.0,2.0,0.0,3.0,9.0,0.0,8.0,1.0,1.0,1.0,0.0,0.0,2.0,2.0,0.0,0.0,1.0,0.0,3.0,0.0,0.0,0.0,2.0,0.0,0.0,0.0,0.0,0.0,5.0,1.0,1.0,0.0,0.0,0.0,0.0,1.0,2.0,0.0,1.0,0.0,0.0,0.0,0.0,1.0,16.0,0.0,0.0,0.0,0.0,0.0,0.0,0.0,0.0,0.0,0.0,0.0,0.0,0.0,0.0,1.0
78,435637085.0,0.0,0.0,0.0,0.0,0.0,0.0,0.0,0.0,0.0,0.0,0.0,0.0,0.0,0.0,0.0,0.0,0.0,0.0,0.0,0.0,1.0,5.0,0.0,0.0,0.0,0.0,1.0,4.0,1.0,0.0,0.0,0.0,0.0,0.0,0.0,0.0,0.0,0.0,0.0,0.0,0.0,0.0,1.0,0.0,0.0,0.0,0.0,0.0,0.0,0.0,0.0,0.0,0.0,0.0,1.0,0.0,1.0,0.0,0.0,0.0,8.0,0.0,0.0,0.0,0.0,4.0,2.0,0.0,0.0,0.0,0.0,0.0,0.0,0.0,0.0,0.0,0.0,0.0,0.0
79,436029388.0,22.0,2.0,8.0,15.0,51.0,58.0,71.0,11.0,116.0,1.0,30.0,43.0,77.0,57.0,0.0,44.0,7.0,5.0,21.0,2.0,13.0,3.0,21.0,100.0,17.0,32.0,10.0,3.0,3.0,1.0,0.0,9.0,10.0,0.0,0.0,6.0,0.0,28.0,0.0,4.0,3.0,17.0,0.0,0.0,1.0,3.0,0.0,16.0,0.0,62.0,0.0,0.0,1.0,0.0,1.0,37.0,3.0,33.0,1.0,0.0,0.0,1.0,42.0,35.0,30.0,2.0,0.0,2.0,0.0,0.0,2.0,1.0,0.0,3.0,0.0,0.0,1.0,0.0,0.0
