,0,1,2,3,4,5,6,7,8,9,10,11,12,13,14,15,16,17,18,19,20,21,22,23,24,25,26,27,28,29,30,31,32,33,34,35,36,37,38,39,40,41,42,43,44,45,46,47,48,49,50,51,52,53,54,55,56,57,58,59,60,61,62,63,64,65,66,67,68,69,70,71,72,73,74,75,76,77,78,79,80,81,82,83,84,85,86,87,88,89,90,91,92,93,94,95,96,97,98,99,100,101,102,103,104,105,106,107,108,109,110,111,112,113,114,115,116,117,118,119,120,121,122,123,124
0,-1.0,5242.0,17179713.0,17644601.0,17710543.0,18594520.0,19712559.0,24422517.0,25291435.0,34624451.0,42493231.0,48270795.0,48495906.0,48959778.0,49666447.0,50364803.0,50645038.0,55070643.0,55312746.0,57040904.0,57811254.0,59587240.0,70649453.0,71442697.0,72761871.0,73052821.0,74481416.0,75055396.0,78344217.0,79942437.0,81320146.0,86976234.0,88098920.0,92102359.0,97640203.0,98361818.0,107685083.0,107736469.0,108295368.0,109982213.0,111087583.0,111119473.0,111950228.0,120411091.0,124672129.0,135468327.0,140751938.0,148068979.0,150881077.0,152641640.0,154338358.0,163413842.0,178779512.0,184170800.0,186309587.0,190563107.0,194008664.0,218657077.0,224682566.0,226164684.0,227274347.0,238169051.0,240391988.0,240401589.0,244623022.0,244843426.0,244966270.0,246875675.0,247390322.0,250334613.0,254171405.0,256996506.0,257588134.0,257954909.0,258047934.0,260314188.0,261905897.0,262761577.0,263022323.0,265922988.0,266263003.0,267777284.0,270934983.0,271428783.0,273454593.0,273887602.0,273889354.0,274937626.0,274982664.0,278764397.0,278914984.0,280881691.0,282256180.0,282895945.0,283022885.0,287755830.0,288599704.0,289508193.0,290039931.0,293580185.0,294523668.0,295366074.0,298770934.0,299566836.0,300291893.0,301514075.0,302144631.0,313799444.0,313983586.0,318358387.0,318368471.0,344766248.0,345112635.0,351576574.0,362115130.0,362128744.0,362143000.0,363753388.0,369028288.0,379901102.0,386431037.0,388466657.0,396092219.0,402037439.0,405827508.0
1,5242.0,0.0,124.0,147.0,38.0,18.0,0.0,11.0,9.0,2.0,61.0,39.0,101.0,17.0,56.0,121.0,65.0,9.0,1.0,20.0,67.0,10.0,7.0,35.0,7.0,131.0,70.0,0.0,7.0,38.0,30.0,21.0,11.0,0.0,9.0,14.0,0.0,20.0,10.0,68.0,103.0,1.0,39.0,5.0,3.0,99.0,99.0,43.0,25.0,4.0,14.0,9.0,4.0,11.0,1.0,5.0,49.0,92.0,62.0,0.0,22.0,54.0,1.0,7.0,144.0,18.0,153.0,47.0,5.0,18.0,27.0,29.0,26.0,16.0,30.0,63.0,13.0,20.0,81.0,3.0,2.0,5.0,0.0,39.0,13.0,6.0,6.0,18.0,50.0,1.0,5.0,6.0,0.0,2.0,69.0,73.0,0.0,32.0,120.0,23.0,0.0,71.0,63.0,63.0,17.0,7.0,0.0,0.0,40.0,5.0,2.0,0.0,0.0,54.0,0.0,0.0,0.0,4.0,15.0,0.0,0.0,28.0,3.0,76.0,27.0
2,17179713.0,124.0,0.0,264.0,131.0,37.0,2.0,40.0,33.0,16.0,113.0,43.0,278.0,100.0,254.0,329.0,237.0,12.0,4.0,16.0,155.0,82.0,35.0,114.0,25.0,341.0,91.0,8.0,13.0,53.0,15.0,79.0,67.0,2.0,11.0,66.0,3.0,95.0,36.0,217.0,144.0,3.0,127.0,5.0,7.0,285.0,16.0,58.0,105.0,7.0,70.0,55.0,45.0,22.0,0.0,15.0,113.0,533.0,163.0,14.0,41.0,219.0,14.0,38.0,472.0,60.0,241.0,89.0,7.0,59.0,112.0,37.0,63.0,106.0,69.0,280.0,26.0,100.0,276.0,4.0,41.0,10.0,0.0,93.0,32.0,6.0,16.0,61.0,121.0,0.0,24.0,15.0,0.0,4.0,108.0,180.0,0.0,119.0,272.0,122.0,0.0,155.0,175.0,80.0,51.0,35.0,11.0,5.0,60.0,65.0,8.0,2.0,13.0,167.0,1.0,1.0,1.0,24.0,102.0,0.0,1.0,85.0,10.0,174.0,66.0
3,17644601.0,147.0,264.0,0.0,74.0,29.0,1.0,32.0,26.0,14.0,113.0,45.0,237.0,65.0,120.0,245.0,166.0,14.0,2.0,13.0,135.0,38.0,34.0,74.0,19.0,240.0,124.0,4.0,10.0,65.0,8.0,48.0,17.0,2.0,8.0,47.0,0.0,58.0,39.0,189.0,133.0,1.0,110.0,8.0,4.0,300.0,10.0,68.0,61.0,6.0,61.0,35.0,27.0,26.0,0.0,19.0,108.0,166.0,137.0,11.0,62.0,127.0,10.0,18.0,358.0,32.0,287.0,94.0,3.0,52.0,66.0,27.0,40.0,40.0,76.0,165.0,23.0,38.0,167.0,17.0,19.0,3.0,0.0,87.0,21.0,31.0,19.0,66.0,119.0,0.0,11.0,7.0,0.0,1.0,108.0,172.0,0.0,94.0,262.0,86.0,0.0,124.0,142.0,89.0,44.0,29.0,9.0,5.0,56.0,32.0,4.0,2.0,5.0,108.0,1.0,1.0,1.0,21.0,67.0,0.0,1.0,71.0,4.0,179.0,75.0
4,17710543.0,38.0,131.0,74.0,0.0,12.0,1.0,54.0,14.0,2.0,43.0,9.0,121.0,63.0,131.0,89.0,156.0,185.0,121.0,4.0,42.0,219.0,9.0,63.0,153.0,97.0,21.0,6.0,18.0,9.0,5.0,63.0,60.0,1.0,9.0,23.0,17.0,24.0,18.0,244.0,59.0,2.0,69.0,3.0,22.0,96.0,1.0,9.0,112.0,2.0,32.0,14.0,3.0,6.0,0.0,3.0,44.0,118.0,63.0,2.0,11.0,143.0,2.0,38.0,179.0,19.0,69.0,31.0,1.0,29.0,42.0,6.0,37.0,43.0,17.0,77.0,11.0,37.0,214.0,15.0,17.0,1.0,0.0,22.0,12.0,1.0,8.0,64.0,130.0,0.0,316.0,4.0,0.0,1.0,46.0,71.0,0.0,49.0,120.0,54.0,0.0,44.0,41.0,17.0,68.0,7.0,15.0,142.0,23.0,172.0,1.0,7.0,46.0,53.0,0.0,0.0,0.0,24.0,198.0,0.0,0.0,35.0,61.0,62.0,10.0
5,18594520.0,18.0,37.0,29.0,12.0,0.0,2.0,8.0,12.0,0.0,8.0,8.0,16.0,17.0,11.0,36.0,28.0,1.0,1.0,3.0,13.0,14.0,2.0,23.0,2.0,36.0,12.0,2.0,2.0,7.0,6.0,8.0,28.0,0.0,0.0,11.0,4.0,7.0,4.0,52.0,28.0,0.0,14.0,0.0,0.0,33.0,14.0,8.0,33.0,1.0,5.0,9.0,7.0,6.0,0.0,2.0,13.0,31.0,25.0,1.0,6.0,8.0,2.0,11.0,43.0,9.0,34.0,6.0,1.0,12.0,6.0,11.0,4.0,5.0,6.0,16.0,4.0,8.0,15.0,0.0,11.0,0.0,0.0,26.0,5.0,0.0,1.0,6.0,12.0,0.0,2.0,7.0,0.0,1.0,7.0,13.0,0.0,8.0,23.0,23.0,0.0,19.0,24.0,20.0,18.0,5.0,5.0,0.0,4.0,17.0,7.0,0.0,11.0,31.0,0.0,0.0,0.0,8.0,38.0,0.0,0.0,17.0,10.0,16.0,9.0
6,19712559.0,0.0,2.0,1.0,1.0,2.0,0.0,3.0,1.0,0.0,1.0,0.0,0.0,0.0,0.0,8.0,0.0,0.0,0.0,0.0,0.0,1.0,0.0,4.0,4.0,1.0,3.0,0.0,0.0,1.0,1.0,0.0,29.0,0.0,0.0,0.0,13.0,0.0,0.0,23.0,0.0,0.0,0.0,0.0,0.0,2.0,0.0,1.0,29.0,0.0,1.0,1.0,0.0,1.0,0.0,0.0,0.0,1.0,17.0,0.0,0.0,0.0,0.0,6.0,2.0,0.0,2.0,0.0,0.0,27.0,0.0,0.0,3.0,0.0,0.0,3.0,0.0,0.0,1.0,0.0,0.0,0.0,0.0,0.0,0.0,0.0,0.0,0.0,1.0,0.0,0.0,0.0,0.0,0.0,1.0,1.0,0.0,0.0,2.0,3.0,0.0,1.0,2.0,2.0,9.0,0.0,28.0,0.0,2.0,0.0,0.0,0.0,15.0,10.0,0.0,0.0,0.0,0.0,28.0,0.0,0.0,0.0,5.0,1.0,1.0
7,24422517.0,11.0,40.0,32.0,54.0,8.0,3.0,0.0,22.0,5.0,19.0,7.0,70.0,63.0,29.0,91.0,78.0,19.0,5.0,8.0,25.0,27.0,8.0,76.0,20.0,39.0,21.0,4.0,5.0,8.0,2.0,21.0,25.0,1.0,1.0,15.0,11.0,11.0,10.0,66.0,25.0,1.0,18.0,3.0,2.0,48.0,2.0,9.0,43.0,1.0,19.0,18.0,13.0,13.0,0.0,2.0,36.0,40.0,28.0,7.0,12.0,24.0,5.0,10.0,72.0,19.0,46.0,27.0,2.0,10.0,15.0,10.0,15.0,10.0,12.0,53.0,5.0,24.0,49.0,0.0,15.0,3.0,0.0,20.0,1.0,0.0,5.0,24.0,46.0,0.0,20.0,0.0,0.0,0.0,19.0,35.0,0.0,28.0,69.0,58.0,0.0,20.0,28.0,24.0,44.0,9.0,5.0,5.0,7.0,40.0,3.0,1.0,12.0,50.0,0.0,0.0,0.0,11.0,58.0,0.0,1.0,20.0,8.0,54.0,15.0
8,25291435.0,9.0,33.0,26.0,14.0,12.0,1.0,22.0,0.0,15.0,16.0,8.0,27.0,38.0,16.0,79.0,100.0,5.0,3.0,16.0,14.0,10.0,32.0,42.0,7.0,44.0,26.0,7.0,0.0,27.0,6.0,20.0,11.0,2.0,18.0,14.0,5.0,19.0,24.0,43.0,33.0,2.0,15.0,1.0,3.0,60.0,2.0,29.0,52.0,4.0,10.0,19.0,24.0,14.0,0.0,0.0,27.0,39.0,23.0,7.0,20.0,18.0,11.0,16.0,70.0,50.0,47.0,14.0,0.0,8.0,7.0,24.0,3.0,96.0,34.0,12.0,12.0,21.0,23.0,0.0,30.0,2.0,0.0,21.0,7.0,0.0,4.0,12.0,53.0,0.0,4.0,0.0,0.0,0.0,11.0,23.0,0.0,13.0,30.0,92.0,0.0,26.0,33.0,30.0,83.0,12.0,1.0,0.0,4.0,47.0,8.0,2.0,9.0,35.0,0.0,0.0,0.0,13.0,48.0,0.0,0.0,25.0,5.0,20.0,34.0
9,34624451.0,2.0,16.0,14.0,2.0,0.0,0.0,5.0,15.0,0.0,9.0,0.0,14.0,17.0,13.0,20.0,31.0,5.0,4.0,3.0,7.0,2.0,8.0,28.0,5.0,23.0,10.0,8.0,0.0,14.0,5.0,19.0,1.0,5.0,3.0,3.0,0.0,16.0,9.0,16.0,8.0,1.0,3.0,0.0,2.0,25.0,2.0,14.0,13.0,3.0,5.0,13.0,14.0,3.0,0.0,0.0,9.0,23.0,5.0,0.0,5.0,0.0,9.0,3.0,50.0,35.0,14.0,7.0,0.0,3.0,3.0,4.0,0.0,3.0,10.0,2.0,3.0,4.0,5.0,1.0,14.0,1.0,0.0,7.0,2.0,0.0,1.0,4.0,27.0,0.0,1.0,0.0,0.0,0.0,1.0,24.0,0.0,6.0,11.0,32.0,0.0,9.0,26.0,11.0,13.0,5.0,0.0,0.0,0.0,21.0,4.0,2.0,1.0,10.0,0.0,0.0,0.0,3.0,14.0,0.0,0.0,12.0,4.0,8.0,24.0
10,42493231.0,61.0,113.0,113.0,43.0,8.0,1.0,19.0,16.0,9.0,0.0,24.0,110.0,44.0,60.0,118.0,85.0,8.0,1.0,11.0,60.0,15.0,27.0,58.0,17.0,113.0,61.0,5.0,6.0,39.0,9.0,26.0,7.0,3.0,12.0,26.0,1.0,39.0,17.0,99.0,69.0,0.0,45.0,7.0,3.0,134.0,2.0,42.0,35.0,4.0,43.0,25.0,23.0,23.0,0.0,11.0,54.0,81.0,57.0,9.0,35.0,50.0,7.0,15.0,153.0,39.0,131.0,53.0,3.0,22.0,28.0,18.0,17.0,11.0,42.0,66.0,16.0,18.0,92.0,1.0,20.0,5.0,0.0,47.0,15.0,2.0,15.0,39.0,55.0,0.0,5.0,4.0,0.0,1.0,59.0,97.0,0.0,62.0,155.0,59.0,0.0,57.0,85.0,49.0,19.0,19.0,4.0,1.0,20.0,21.0,4.0,1.0,1.0,61.0,0.0,0.0,0.0,16.0,33.0,0.0,1.0,48.0,2.0,95.0,41.0
11,48270795.0,39.0,43.0,45.0,9.0,8.0,0.0,7.0,8.0,0.0,24.0,0.0,61.0,8.0,20.0,89.0,37.0,8.0,0.0,1.0,35.0,3.0,1.0,21.0,3.0,37.0,32.0,0.0,2.0,6.0,1.0,5.0,6.0,0.0,0.0,3.0,1.0,2.0,3.0,43.0,45.0,3.0,10.0,6.0,1.0,43.0,2.0,6.0,32.0,0.0,3.0,5.0,1.0,8.0,0.0,1.0,21.0,27.0,23.0,1.0,17.0,21.0,0.0,2.0,46.0,0.0,92.0,13.0,2.0,7.0,5.0,2.0,12.0,13.0,5.0,42.0,6.0,4.0,29.0,0.0,1.0,0.0,0.0,18.0,1.0,0.0,2.0,8.0,17.0,0.0,0.0,1.0,0.0,0.0,31.0,20.0,0.0,14.0,61.0,8.0,0.0,26.0,9.0,18.0,10.0,0.0,2.0,0.0,9.0,2.0,0.0,0.0,2.0,24.0,0.0,0.0,0.0,1.0,20.0,0.0,0.0,5.0,1.0,57.0,5.0
12,48495906.0,101.0,278.0,237.0,121.0,16.0,0.0,70.0,27.0,14.0,110.0,61.0,0.0,152.0,195.0,354.0,307.0,37.0,1.0,12.0,182.0,176.0,52.0,104.0,26.0,173.0,110.0,8.0,13.0,44.0,6.0,119.0,14.0,0.0,2.0,61.0,2.0,52.0,18.0,238.0,116.0,3.0,176.0,14.0,4.0,301.0,13.0,49.0,73.0,4.0,85.0,48.0,26.0,60.0,0.0,25.0,99.0,209.0,143.0,14.0,51.0,189.0,6.0,21.0,365.0,28.0,275.0,99.0,2.0,38.0,93.0,12.0,62.0,72.0,68.0,301.0,30.0,78.0,266.0,3.0,34.0,3.0,0.0,93.0,14.0,6.0,24.0,94.0,127.0,0.0,17.0,14.0,0.0,3.0,149.0,217.0,0.0,140.0,418.0,109.0,0.0,122.0,158.0,78.0,61.0,39.0,6.0,2.0,60.0,44.0,1.0,3.0,2.0,125.0,0.0,0.0,0.0,33.0,77.0,0.0,2.0,76.0,2.0,304.0,52.0
13,48959778.0,17.0,100.0,65.0,63.0,17.0,0.0,63.0,38.0,17.0,44.0,8.0,152.0,0.0,62.0,151.0,157.0,18.0,2.0,16.0,61.0,73.0,17.0,94.0,30.0,84.0,46.0,14.0,5.0,32.0,2.0,52.0,26.0,2.0,3.0,31.0,2.0,45.0,25.0,121.0,57.0,5.0,58.0,5.0,1.0,125.0,2.0,33.0,56.0,4.0,61.0,36.0,33.0,35.0,0.0,5.0,65.0,79.0,49.0,16.0,29.0,63.0,12.0,22.0,174.0,49.0,106.0,45.0,1.0,17.0,24.0,16.0,27.0,19.0,36.0,104.0,14.0,36.0,109.0,1.0,37.0,4.0,0.0,49.0,10.0,0.0,6.0,54.0,79.0,0.0,19.0,4.0,0.0,0.0,51.0,102.0,0.0,79.0,183.0,105.0,0.0,58.0,79.0,53.0,44.0,22.0,2.0,3.0,14.0,68.0,10.0,4.0,10.0,67.0,1.0,1.0,1.0,13.0,58.0,0.0,2.0,63.0,11.0,126.0,45.0
14,49666447.0,56.0,254.0,120.0,131.0,11.0,0.0,29.0,16.0,13.0,60.0,20.0,195.0,62.0,0.0,127.0,118.0,6.0,6.0,3.0,101.0,40.0,20.0,45.0,16.0,125.0,36.0,5.0,9.0,25.0,6.0,41.0,11.0,2.0,4.0,33.0,2.0,45.0,13.0,94.0,59.0,0.0,71.0,1.0,1.0,139.0,3.0,25.0,29.0,2.0,37.0,15.0,15.0,9.0,0.0,8.0,50.0,242.0,61.0,4.0,13.0,144.0,4.0,16.0,256.0,32.0,96.0,55.0,1.0,29.0,98.0,16.0,23.0,77.0,19.0,183.0,18.0,79.0,211.0,0.0,24.0,2.0,0.0,41.0,13.0,0.0,13.0,39.0,71.0,0.0,17.0,2.0,0.0,2.0,59.0,112.0,0.0,71.0,134.0,50.0,0.0,55.0,72.0,45.0,12.0,18.0,4.0,8.0,38.0,36.0,5.0,1.0,1.0,83.0,0.0,0.0,0.0,18.0,41.0,0.0,0.0,37.0,5.0,89.0,32.0
15,50364803.0,121.0,329.0,245.0,89.0,36.0,8.0,91.0,79.0,20.0,118.0,89.0,354.0,151.0,127.0,0.0,300.0,35.0,4.0,21.0,159.0,86.0,42.0,202.0,32.0,227.0,164.0,12.0,11.0,86.0,10.0,47.0,133.0,1.0,7.0,51.0,25.0,73.0,32.0,337.0,152.0,5.0,114.0,11.0,10.0,330.0,26.0,90.0,194.0,8.0,70.0,105.0,71.0,59.0,0.0,20.0,152.0,201.0,181.0,34.0,104.0,166.0,10.0,39.0,362.0,71.0,366.0,100.0,11.0,53.0,60.0,40.0,60.0,64.0,92.0,314.0,28.0,62.0,213.0,3.0,65.0,12.0,0.0,126.0,20.0,1.0,21.0,86.0,121.0,0.0,16.0,25.0,0.0,2.0,143.0,178.0,0.0,132.0,370.0,172.0,0.0,169.0,202.0,132.0,221.0,36.0,24.0,4.0,73.0,75.0,18.0,1.0,46.0,200.0,0.0,0.0,0.0,46.0,184.0,0.0,0.0,101.0,9.0,341.0,88.0
16,50645038.0,65.0,237.0,166.0,156.0,28.0,0.0,78.0,100.0,31.0,85.0,37.0,307.0,157.0,118.0,300.0,0.0,83.0,17.0,34.0,106.0,248.0,33.0,165.0,72.0,201.0,85.0,22.0,65.0,56.0,15.0,156.0,58.0,5.0,13.0,35.0,5.0,173.0,41.0,211.0,108.0,5.0,145.0,11.0,22.0,252.0,10.0,60.0,145.0,5.0,42.0,62.0,57.0,57.0,0.0,7.0,129.0,191.0,107.0,23.0,44.0,167.0,24.0,38.0,439.0,156.0,244.0,56.0,5.0,34.0,43.0,33.0,38.0,59.0,76.0,116.0,34.0,87.0,261.0,13.0,76.0,9.0,0.0,67.0,20.0,7.0,10.0,45.0,210.0,0.0,67.0,2.0,0.0,2.0,61.0,124.0,0.0,50.0,192.0,330.0,0.0,104.0,140.0,77.0,252.0,36.0,10.0,24.0,31.0,147.0,9.0,7.0,22.0,117.0,0.0,0.0,0.0,33.0,167.0,0.0,0.0,80.0,16.0,95.0,89.0
17,55070643.0,9.0,12.0,14.0,185.0,1.0,0.0,19.0,5.0,5.0,8.0,8.0,37.0,18.0,6.0,35.0,83.0,0.0,578.0,8.0,9.0,42.0,0.0,61.0,70.0,17.0,19.0,4.0,4.0,2.0,2.0,11.0,18.0,1.0,2.0,1.0,1.0,5.0,12.0,38.0,17.0,20.0,4.0,4.0,19.0,11.0,7.0,2.0,47.0,1.0,8.0,2.0,0.0,29.0,0.0,1.0,5.0,16.0,11.0,5.0,4.0,22.0,0.0,14.0,32.0,25.0,48.0,9.0,2.0,1.0,4.0,1.0,51.0,3.0,3.0,10.0,0.0,6.0,25.0,7.0,5.0,1.0,0.0,9.0,2.0,0.0,1.0,23.0,46.0,0.0,43.0,0.0,0.0,0.0,18.0,14.0,0.0,5.0,34.0,20.0,0.0,6.0,11.0,6.0,23.0,1.0,2.0,76.0,10.0,19.0,0.0,4.0,0.0,5.0,0.0,0.0,0.0,4.0,42.0,0.0,0.0,2.0,14.0,19.0,2.0
18,55312746.0,1.0,4.0,2.0,121.0,1.0,0.0,5.0,3.0,4.0,1.0,0.0,1.0,2.0,6.0,4.0,17.0,578.0,0.0,1.0,1.0,13.0,0.0,18.0,28.0,1.0,1.0,1.0,1.0,1.0,0.0,5.0,7.0,1.0,0.0,1.0,1.0,2.0,2.0,10.0,2.0,1.0,1.0,0.0,3.0,5.0,1.0,1.0,8.0,0.0,2.0,0.0,0.0,0.0,0.0,0.0,1.0,6.0,0.0,0.0,1.0,5.0,1.0,3.0,7.0,15.0,5.0,1.0,0.0,0.0,1.0,1.0,14.0,2.0,1.0,1.0,0.0,3.0,11.0,9.0,2.0,0.0,0.0,0.0,0.0,1.0,0.0,3.0,37.0,0.0,36.0,0.0,0.0,0.0,0.0,3.0,0.0,0.0,2.0,2.0,0.0,2.0,3.0,0.0,19.0,1.0,0.0,71.0,1.0,18.0,1.0,2.0,3.0,1.0,0.0,0.0,0.0,2.0,29.0,0.0,0.0,1.0,28.0,0.0,0.0
19,57040904.0,20.0,16.0,13.0,4.0,3.0,0.0,8.0,16.0,3.0,11.0,1.0,12.0,16.0,3.0,21.0,34.0,8.0,1.0,0.0,4.0,7.0,9.0,30.0,6.0,21.0,20.0,5.0,0.0,23.0,15.0,15.0,4.0,0.0,14.0,7.0,0.0,11.0,17.0,14.0,48.0,1.0,11.0,2.0,4.0,31.0,47.0,27.0,5.0,2.0,9.0,13.0,14.0,13.0,1.0,5.0,9.0,27.0,8.0,3.0,9.0,13.0,6.0,3.0,29.0,30.0,26.0,24.0,1.0,5.0,4.0,31.0,1.0,6.0,16.0,2.0,2.0,9.0,14.0,0.0,9.0,14.0,0.0,18.0,5.0,3.0,1.0,10.0,19.0,0.0,3.0,8.0,0.0,0.0,5.0,12.0,0.0,8.0,18.0,28.0,0.0,33.0,63.0,30.0,11.0,15.0,0.0,0.0,2.0,17.0,2.0,0.0,1.0,9.0,0.0,0.0,0.0,5.0,6.0,0.0,0.0,21.0,3.0,10.0,20.0
20,57811254.0,67.0,155.0,135.0,42.0,13.0,0.0,25.0,14.0,7.0,60.0,35.0,182.0,61.0,101.0,159.0,106.0,9.0,1.0,4.0,0.0,10.0,17.0,54.0,9.0,112.0,54.0,1.0,6.0,16.0,1.0,27.0,3.0,2.0,1.0,24.0,0.0,38.0,4.0,88.0,56.0,2.0,54.0,5.0,1.0,111.0,1.0,16.0,38.0,2.0,24.0,18.0,10.0,17.0,0.0,7.0,56.0,119.0,77.0,7.0,24.0,67.0,5.0,12.0,224.0,15.0,162.0,43.0,1.0,20.0,62.0,5.0,9.0,31.0,29.0,180.0,7.0,37.0,115.0,1.0,13.0,2.0,0.0,45.0,6.0,0.0,13.0,26.0,78.0,0.0,3.0,0.0,0.0,0.0,70.0,86.0,0.0,69.0,162.0,30.0,0.0,61.0,49.0,39.0,13.0,9.0,3.0,0.0,19.0,14.0,0.0,0.0,1.0,81.0,0.0,0.0,0.0,10.0,22.0,0.0,0.0,37.0,1.0,163.0,21.0
21,59587240.0,10.0,82.0,38.0,219.0,14.0,1.0,27.0,10.0,2.0,15.0,3.0,176.0,73.0,40.0,86.0,248.0,42.0,13.0,7.0,10.0,0.0,5.0,45.0,34.0,51.0,11.0,7.0,12.0,8.0,4.0,131.0,34.0,0.0,2.0,12.0,2.0,38.0,18.0,84.0,24.0,0.0,101.0,1.0,3.0,98.0,1.0,8.0,53.0,0.0,26.0,43.0,18.0,14.0,0.0,2.0,28.0,43.0,27.0,6.0,4.0,97.0,3.0,26.0,111.0,21.0,45.0,18.0,2.0,16.0,18.0,3.0,37.0,12.0,14.0,22.0,5.0,20.0,179.0,5.0,20.0,4.0,0.0,20.0,4.0,2.0,6.0,28.0,64.0,0.0,46.0,1.0,0.0,0.0,19.0,57.0,0.0,27.0,117.0,98.0,0.0,19.0,29.0,16.0,28.0,9.0,0.0,39.0,16.0,28.0,0.0,6.0,11.0,29.0,1.0,1.0,1.0,11.0,65.0,0.0,1.0,28.0,6.0,30.0,12.0
22,70649453.0,7.0,35.0,34.0,9.0,2.0,0.0,8.0,32.0,8.0,27.0,1.0,52.0,17.0,20.0,42.0,33.0,0.0,0.0,9.0,17.0,5.0,0.0,14.0,8.0,23.0,13.0,2.0,0.0,13.0,6.0,7.0,2.0,1.0,26.0,21.0,1.0,20.0,8.0,30.0,18.0,0.0,23.0,0.0,0.0,92.0,7.0,15.0,8.0,3.0,38.0,22.0,7.0,2.0,0.0,20.0,9.0,12.0,23.0,0.0,13.0,29.0,5.0,3.0,45.0,12.0,22.0,30.0,1.0,8.0,13.0,5.0,4.0,2.0,16.0,38.0,3.0,4.0,24.0,1.0,6.0,1.0,0.0,34.0,5.0,0.0,13.0,29.0,14.0,0.0,2.0,6.0,0.0,0.0,18.0,58.0,0.0,40.0,70.0,22.0,0.0,20.0,77.0,8.0,14.0,21.0,2.0,0.0,9.0,8.0,2.0,1.0,1.0,12.0,0.0,0.0,0.0,5.0,6.0,0.0,1.0,22.0,1.0,42.0,16.0
23,71442697.0,35.0,114.0,74.0,63.0,23.0,4.0,76.0,42.0,28.0,58.0,21.0,104.0,94.0,45.0,202.0,165.0,61.0,18.0,30.0,54.0,45.0,14.0,0.0,50.0,113.0,58.0,16.0,2.0,47.0,12.0,57.0,69.0,5.0,17.0,24.0,16.0,47.0,37.0,155.0,72.0,7.0,33.0,7.0,7.0,118.0,17.0,52.0,83.0,6.0,39.0,46.0,37.0,27.0,0.0,7.0,64.0,88.0,69.0,11.0,35.0,43.0,15.0,25.0,181.0,96.0,139.0,48.0,5.0,22.0,16.0,31.0,21.0,22.0,41.0,85.0,15.0,33.0,91.0,0.0,34.0,11.0,0.0,58.0,17.0,0.0,8.0,45.0,85.0,0.0,15.0,11.0,0.0,0.0,36.0,89.0,0.0,39.0,133.0,154.0,0.0,72.0,101.0,69.0,78.0,35.0,8.0,4.0,15.0,76.0,13.0,2.0,19.0,93.0,0.0,0.0,0.0,14.0,91.0,0.0,0.0,76.0,15.0,84.0,60.0
24,72761871.0,7.0,25.0,19.0,153.0,2.0,4.0,20.0,7.0,5.0,17.0,3.0,26.0,30.0,16.0,32.0,72.0,70.0,28.0,6.0,9.0,34.0,8.0,50.0,0.0,15.0,16.0,4.0,4.0,8.0,2.0,18.0,25.0,5.0,5.0,7.0,10.0,13.0,1.0,58.0,18.0,6.0,13.0,1.0,7.0,42.0,6.0,12.0,26.0,1.0,15.0,20.0,5.0,11.0,0.0,8.0,72.0,24.0,21.0,1.0,7.0,28.0,0.0,7.0,65.0,62.0,58.0,23.0,4.0,8.0,7.0,3.0,12.0,5.0,13.0,18.0,2.0,11.0,41.0,5.0,9.0,3.0,0.0,41.0,1.0,0.0,3.0,37.0,43.0,0.0,28.0,8.0,0.0,1.0,13.0,31.0,0.0,18.0,50.0,41.0,0.0,13.0,62.0,16.0,28.0,14.0,11.0,49.0,11.0,12.0,7.0,5.0,12.0,9.0,0.0,0.0,0.0,3.0,39.0,0.0,1.0,33.0,2.0,27.0,19.0
25,73052821.0,131.0,341.0,240.0,97.0,36.0,1.0,39.0,44.0,23.0,113.0,37.0,173.0,84.0,125.0,227.0,201.0,17.0,1.0,21.0,112.0,51.0,23.0,113.0,15.0,0.0,96.0,12.0,10.0,69.0,22.0,64.0,80.0,2.0,17.0,49.0,1.0,71.0,51.0,225.0,159.0,2.0,106.0,13.0,11.0,253.0,17.0,71.0,89.0,9.0,40.0,42.0,41.0,22.0,0.0,14.0,126.0,213.0,130.0,12.0,41.0,160.0,14.0,29.0,407.0,62.0,199.0,80.0,9.0,72.0,71.0,70.0,32.0,36.0,52.0,113.0,28.0,47.0,177.0,3.0,44.0,7.0,0.0,70.0,63.0,9.0,12.0,51.0,135.0,0.0,24.0,15.0,0.0,6.0,77.0,152.0,0.0,73.0,216.0,130.0,0.0,158.0,140.0,86.0,56.0,31.0,6.0,0.0,31.0,76.0,13.0,3.0,12.0,161.0,0.0,0.0,0.0,27.0,89.0,0.0,0.0,83.0,11.0,120.0,77.0
26,74481416.0,70.0,91.0,124.0,21.0,12.0,3.0,21.0,26.0,10.0,61.0,32.0,110.0,46.0,36.0,164.0,85.0,19.0,1.0,20.0,54.0,11.0,13.0,58.0,16.0,96.0,0.0,6.0,2.0,143.0,11.0,16.0,15.0,1.0,8.0,16.0,1.0,24.0,27.0,88.0,75.0,1.0,32.0,10.0,2.0,237.0,43.0,163.0,80.0,5.0,26.0,29.0,49.0,22.0,0.0,23.0,62.0,72.0,63.0,15.0,242.0,37.0,6.0,14.0,105.0,30.0,160.0,79.0,3.0,19.0,15.0,31.0,24.0,15.0,126.0,72.0,11.0,16.0,64.0,2.0,12.0,13.0,0.0,66.0,13.0,0.0,6.0,51.0,41.0,0.0,6.0,27.0,0.0,0.0,76.0,75.0,0.0,42.0,145.0,45.0,0.0,62.0,115.0,198.0,27.0,10.0,5.0,0.0,53.0,23.0,18.0,3.0,5.0,65.0,0.0,0.0,0.0,8.0,38.0,0.0,0.0,53.0,1.0,95.0,125.0
27,75055396.0,0.0,8.0,4.0,6.0,2.0,0.0,4.0,7.0,8.0,5.0,0.0,8.0,14.0,5.0,12.0,22.0,4.0,1.0,5.0,1.0,7.0,2.0,16.0,4.0,12.0,6.0,0.0,1.0,6.0,1.0,13.0,4.0,1.0,2.0,3.0,0.0,9.0,9.0,17.0,4.0,1.0,7.0,0.0,0.0,11.0,1.0,6.0,5.0,0.0,4.0,4.0,6.0,3.0,0.0,0.0,4.0,8.0,6.0,0.0,3.0,3.0,5.0,1.0,18.0,13.0,10.0,9.0,0.0,4.0,1.0,3.0,3.0,3.0,5.0,0.0,2.0,4.0,10.0,0.0,9.0,0.0,0.0,5.0,2.0,0.0,0.0,2.0,11.0,0.0,1.0,0.0,0.0,0.0,2.0,10.0,0.0,5.0,9.0,37.0,0.0,6.0,9.0,5.0,9.0,7.0,0.0,0.0,0.0,11.0,3.0,1.0,0.0,7.0,0.0,0.0,0.0,3.0,8.0,0.0,0.0,8.0,3.0,2.0,9.0
28,78344217.0,7.0,13.0,10.0,18.0,2.0,0.0,5.0,0.0,0.0,6.0,2.0,13.0,5.0,9.0,11.0,65.0,4.0,1.0,0.0,6.0,12.0,0.0,2.0,4.0,10.0,2.0,1.0,0.0,3.0,1.0,3.0,11.0,0.0,0.0,2.0,0.0,29.0,0.0,16.0,3.0,0.0,13.0,0.0,0.0,10.0,0.0,3.0,5.0,1.0,2.0,0.0,0.0,1.0,0.0,0.0,5.0,13.0,2.0,0.0,0.0,13.0,0.0,0.0,17.0,1.0,10.0,6.0,0.0,4.0,5.0,1.0,2.0,1.0,7.0,7.0,2.0,2.0,16.0,0.0,1.0,1.0,0.0,2.0,2.0,0.0,1.0,4.0,9.0,0.0,5.0,1.0,0.0,1.0,4.0,7.0,0.0,6.0,10.0,7.0,0.0,4.0,4.0,2.0,8.0,2.0,0.0,9.0,3.0,6.0,0.0,0.0,0.0,4.0,0.0,0.0,0.0,1.0,7.0,0.0,0.0,3.0,2.0,7.0,4.0
29,79942437.0,38.0,53.0,65.0,9.0,7.0,1.0,8.0,27.0,14.0,39.0,6.0,44.0,32.0,25.0,86.0,56.0,2.0,1.0,23.0,16.0,8.0,13.0,47.0,8.0,69.0,143.0,6.0,3.0,0.0,16.0,23.0,5.0,2.0,17.0,15.0,0.0,33.0,19.0,37.0,36.0,2.0,16.0,3.0,2.0,163.0,38.0,402.0,32.0,7.0,20.0,26.0,54.0,13.0,0.0,13.0,32.0,41.0,33.0,5.0,109.0,28.0,12.0,4.0,62.0,48.0,69.0,48.0,2.0,19.0,10.0,30.0,9.0,16.0,90.0,18.0,13.0,12.0,36.0,2.0,22.0,18.0,0.0,41.0,14.0,0.0,8.0,31.0,31.0,0.0,1.0,20.0,0.0,2.0,12.0,52.0,0.0,22.0,58.0,50.0,0.0,32.0,117.0,125.0,24.0,22.0,2.0,0.0,28.0,20.0,12.0,3.0,1.0,37.0,0.0,0.0,0.0,11.0,15.0,0.0,0.0,46.0,3.0,31.0,157.0
30,81320146.0,30.0,15.0,8.0,5.0,6.0,1.0,2.0,6.0,5.0,9.0,1.0,6.0,2.0,6.0,10.0,15.0,2.0,0.0,15.0,1.0,4.0,6.0,12.0,2.0,22.0,11.0,1.0,1.0,16.0,0.0,6.0,3.0,0.0,11.0,4.0,0.0,3.0,7.0,9.0,15.0,0.0,3.0,0.0,1.0,18.0,71.0,17.0,4.0,1.0,8.0,11.0,3.0,3.0,4.0,6.0,4.0,14.0,11.0,0.0,2.0,7.0,3.0,1.0,15.0,21.0,10.0,15.0,14.0,2.0,5.0,14.0,0.0,2.0,8.0,1.0,3.0,2.0,7.0,0.0,3.0,4.0,0.0,52.0,5.0,0.0,1.0,14.0,5.0,0.0,1.0,23.0,0.0,3.0,3.0,7.0,0.0,5.0,7.0,13.0,0.0,13.0,46.0,20.0,10.0,9.0,0.0,0.0,1.0,8.0,3.0,1.0,1.0,7.0,0.0,0.0,0.0,5.0,8.0,0.0,0.0,31.0,2.0,5.0,16.0
31,86976234.0,21.0,79.0,48.0,63.0,8.0,0.0,21.0,20.0,19.0,26.0,5.0,119.0,52.0,41.0,47.0,156.0,11.0,5.0,15.0,27.0,131.0,7.0,57.0,18.0,64.0,16.0,13.0,3.0,23.0,6.0,0.0,6.0,3.0,7.0,12.0,1.0,62.0,24.0,39.0,25.0,1.0,55.0,1.0,1.0,85.0,1.0,24.0,19.0,1.0,20.0,21.0,20.0,14.0,0.0,0.0,35.0,59.0,24.0,6.0,13.0,62.0,11.0,11.0,117.0,38.0,47.0,26.0,0.0,13.0,18.0,7.0,15.0,9.0,17.0,16.0,12.0,21.0,87.0,0.0,29.0,4.0,0.0,13.0,9.0,0.0,1.0,16.0,55.0,0.0,20.0,1.0,0.0,0.0,13.0,63.0,0.0,28.0,67.0,71.0,0.0,22.0,51.0,29.0,20.0,18.0,2.0,10.0,7.0,44.0,3.0,6.0,2.0,31.0,1.0,1.0,1.0,7.0,28.0,0.0,0.0,23.0,3.0,22.0,39.0
32,88098920.0,11.0,67.0,17.0,60.0,28.0,29.0,25.0,11.0,1.0,7.0,6.0,14.0,26.0,11.0,133.0,58.0,18.0,7.0,4.0,3.0,34.0,2.0,69.0,25.0,80.0,15.0,4.0,11.0,5.0,3.0,6.0,0.0,0.0,0.0,6.0,95.0,3.0,13.0,303.0,31.0,2.0,12.0,1.0,1.0,36.0,5.0,6.0,232.0,1.0,8.0,13.0,4.0,12.0,0.0,0.0,20.0,34.0,128.0,3.0,6.0,55.0,3.0,55.0,64.0,18.0,26.0,4.0,3.0,92.0,6.0,11.0,11.0,9.0,2.0,41.0,2.0,8.0,33.0,0.0,15.0,2.0,0.0,10.0,3.0,1.0,1.0,6.0,22.0,0.0,25.0,3.0,0.0,1.0,7.0,11.0,0.0,14.0,21.0,46.0,0.0,28.0,16.0,21.0,135.0,4.0,120.0,0.0,12.0,43.0,16.0,0.0,189.0,116.0,0.0,0.0,0.0,12.0,349.0,0.0,0.0,22.0,46.0,16.0,5.0
33,92102359.0,0.0,2.0,2.0,1.0,0.0,0.0,1.0,2.0,5.0,3.0,0.0,0.0,2.0,2.0,1.0,5.0,1.0,1.0,0.0,2.0,0.0,1.0,5.0,5.0,2.0,1.0,1.0,0.0,2.0,0.0,3.0,0.0,0.0,1.0,1.0,0.0,2.0,1.0,4.0,1.0,0.0,0.0,0.0,0.0,2.0,1.0,2.0,3.0,1.0,1.0,1.0,1.0,1.0,0.0,0.0,1.0,2.0,0.0,0.0,1.0,0.0,1.0,0.0,12.0,9.0,5.0,2.0,0.0,1.0,0.0,1.0,0.0,1.0,0.0,0.0,1.0,0.0,2.0,0.0,1.0,0.0,0.0,3.0,0.0,0.0,0.0,0.0,4.0,0.0,1.0,0.0,0.0,0.0,0.0,3.0,0.0,1.0,3.0,4.0,0.0,1.0,2.0,0.0,2.0,2.0,0.0,0.0,0.0,2.0,2.0,1.0,0.0,1.0,0.0,0.0,0.0,1.0,0.0,0.0,0.0,3.0,0.0,0.0,2.0
34,97640203.0,9.0,11.0,8.0,9.0,0.0,0.0,1.0,18.0,3.0,12.0,0.0,2.0,3.0,4.0,7.0,13.0,2.0,0.0,14.0,1.0,2.0,26.0,17.0,5.0,17.0,8.0,2.0,0.0,17.0,11.0,7.0,0.0,1.0,0.0,6.0,0.0,5.0,12.0,3.0,11.0,1.0,0.0,1.0,0.0,15.0,19.0,19.0,1.0,2.0,6.0,6.0,7.0,1.0,1.0,3.0,4.0,12.0,5.0,0.0,5.0,2.0,3.0,3.0,10.0,17.0,10.0,12.0,1.0,4.0,1.0,9.0,0.0,3.0,13.0,0.0,4.0,1.0,2.0,0.0,2.0,10.0,0.0,11.0,3.0,0.0,0.0,14.0,7.0,0.0,0.0,0.0,0.0,0.0,0.0,9.0,0.0,4.0,3.0,17.0,0.0,9.0,49.0,15.0,4.0,9.0,0.0,1.0,2.0,2.0,5.0,3.0,0.0,3.0,0.0,0.0,0.0,5.0,1.0,0.0,0.0,8.0,0.0,2.0,22.0
35,98361818.0,14.0,66.0,47.0,23.0,11.0,0.0,15.0,14.0,3.0,26.0,3.0,61.0,31.0,33.0,51.0,35.0,1.0,1.0,7.0,24.0,12.0,21.0,24.0,7.0,49.0,16.0,3.0,2.0,15.0,4.0,12.0,6.0,1.0,6.0,0.0,2.0,16.0,9.0,50.0,46.0,0.0,27.0,0.0,2.0,69.0,1.0,15.0,16.0,2.0,34.0,11.0,12.0,5.0,0.0,9.0,22.0,41.0,37.0,2.0,13.0,32.0,3.0,7.0,63.0,15.0,50.0,27.0,0.0,16.0,11.0,9.0,11.0,7.0,14.0,43.0,5.0,17.0,39.0,1.0,11.0,1.0,0.0,46.0,8.0,2.0,7.0,30.0,20.0,0.0,6.0,4.0,0.0,0.0,19.0,69.0,0.0,48.0,78.0,26.0,0.0,33.0,65.0,21.0,13.0,14.0,2.0,2.0,11.0,13.0,3.0,1.0,4.0,27.0,0.0,0.0,0.0,12.0,19.0,0.0,0.0,22.0,2.0,55.0,18.0
36,107685083.0,0.0,3.0,0.0,17.0,4.0,13.0,11.0,5.0,0.0,1.0,1.0,2.0,2.0,2.0,25.0,5.0,1.0,1.0,0.0,0.0,2.0,1.0,16.0,10.0,1.0,1.0,0.0,0.0,0.0,0.0,1.0,95.0,0.0,0.0,2.0,0.0,0.0,1.0,62.0,3.0,0.0,1.0,0.0,1.0,2.0,0.0,0.0,66.0,0.0,1.0,0.0,0.0,3.0,0.0,0.0,3.0,5.0,33.0,0.0,1.0,7.0,0.0,21.0,8.0,2.0,2.0,1.0,0.0,18.0,0.0,2.0,4.0,2.0,0.0,7.0,0.0,2.0,6.0,0.0,5.0,0.0,0.0,0.0,0.0,0.0,0.0,1.0,6.0,0.0,6.0,0.0,0.0,0.0,2.0,3.0,0.0,2.0,1.0,7.0,0.0,2.0,2.0,0.0,71.0,0.0,33.0,1.0,1.0,11.0,1.0,0.0,183.0,36.0,0.0,0.0,0.0,10.0,127.0,0.0,0.0,1.0,17.0,2.0,0.0
37,107736469.0,20.0,95.0,58.0,24.0,7.0,0.0,11.0,19.0,16.0,39.0,2.0,52.0,45.0,45.0,73.0,173.0,5.0,2.0,11.0,38.0,38.0,20.0,47.0,13.0,71.0,24.0,9.0,29.0,33.0,3.0,62.0,3.0,2.0,5.0,16.0,0.0,0.0,24.0,50.0,25.0,2.0,38.0,1.0,2.0,77.0,3.0,35.0,18.0,4.0,30.0,28.0,22.0,17.0,0.0,5.0,41.0,65.0,32.0,7.0,14.0,45.0,13.0,9.0,124.0,97.0,57.0,28.0,1.0,18.0,23.0,7.0,7.0,13.0,24.0,38.0,10.0,22.0,89.0,2.0,35.0,5.0,0.0,25.0,9.0,0.0,10.0,21.0,49.0,0.0,4.0,4.0,0.0,0.0,17.0,68.0,0.0,35.0,65.0,77.0,0.0,28.0,84.0,31.0,52.0,17.0,4.0,15.0,9.0,53.0,3.0,5.0,2.0,35.0,0.0,0.0,0.0,12.0,23.0,0.0,1.0,28.0,3.0,27.0,43.0
38,108295368.0,10.0,36.0,39.0,18.0,4.0,0.0,10.0,24.0,9.0,17.0,3.0,18.0,25.0,13.0,32.0,41.0,12.0,2.0,17.0,4.0,18.0,8.0,37.0,1.0,51.0,27.0,9.0,0.0,19.0,7.0,24.0,13.0,1.0,12.0,9.0,1.0,24.0,0.0,37.0,26.0,0.0,12.0,2.0,4.0,55.0,14.0,20.0,18.0,5.0,8.0,11.0,19.0,8.0,0.0,3.0,28.0,38.0,18.0,1.0,10.0,17.0,8.0,12.0,50.0,33.0,24.0,18.0,0.0,14.0,4.0,15.0,8.0,3.0,20.0,0.0,5.0,12.0,26.0,2.0,19.0,1.0,0.0,10.0,8.0,1.0,1.0,12.0,42.0,0.0,8.0,1.0,0.0,0.0,8.0,28.0,0.0,12.0,25.0,45.0,0.0,30.0,48.0,24.0,22.0,7.0,3.0,11.0,4.0,36.0,5.0,1.0,6.0,24.0,0.0,0.0,0.0,3.0,29.0,0.0,0.0,18.0,5.0,10.0,33.0
39,109982213.0,68.0,217.0,189.0,244.0,52.0,23.0,66.0,43.0,16.0,99.0,43.0,238.0,121.0,94.0,337.0,211.0,38.0,10.0,14.0,88.0,84.0,30.0,155.0,58.0,225.0,88.0,17.0,16.0,37.0,9.0,39.0,303.0,4.0,3.0,50.0,62.0,50.0,37.0,0.0,156.0,3.0,76.0,15.0,6.0,213.0,19.0,39.0,338.0,3.0,62.0,68.0,27.0,35.0,0.0,17.0,89.0,148.0,233.0,14.0,39.0,120.0,6.0,61.0,317.0,64.0,240.0,64.0,6.0,89.0,44.0,18.0,48.0,42.0,51.0,188.0,20.0,44.0,205.0,2.0,32.0,5.0,0.0,102.0,22.0,11.0,19.0,71.0,112.0,0.0,40.0,13.0,0.0,2.0,97.0,132.0,0.0,97.0,291.0,144.0,0.0,105.0,134.0,68.0,154.0,31.0,68.0,2.0,38.0,108.0,15.0,3.0,156.0,175.0,0.0,0.0,0.0,23.0,386.0,0.0,2.0,106.0,67.0,189.0,50.0
40,111087583.0,103.0,144.0,133.0,59.0,28.0,0.0,25.0,33.0,8.0,69.0,45.0,116.0,57.0,59.0,152.0,108.0,17.0,2.0,48.0,56.0,24.0,18.0,72.0,18.0,159.0,75.0,4.0,3.0,36.0,15.0,25.0,31.0,1.0,11.0,46.0,3.0,25.0,26.0,156.0,0.0,5.0,54.0,4.0,8.0,148.0,43.0,38.0,68.0,1.0,30.0,27.0,19.0,29.0,1.0,17.0,80.0,95.0,68.0,5.0,41.0,81.0,7.0,14.0,190.0,32.0,161.0,59.0,7.0,32.0,24.0,32.0,20.0,21.0,35.0,79.0,11.0,34.0,108.0,3.0,27.0,15.0,0.0,83.0,19.0,9.0,9.0,44.0,78.0,0.0,12.0,13.0,0.0,2.0,62.0,80.0,0.0,51.0,146.0,80.0,0.0,98.0,85.0,55.0,43.0,18.0,10.0,1.0,25.0,34.0,9.0,1.0,11.0,85.0,0.0,0.0,0.0,15.0,67.0,0.0,0.0,62.0,7.0,97.0,34.0
41,111119473.0,1.0,3.0,1.0,2.0,0.0,0.0,1.0,2.0,1.0,0.0,3.0,3.0,5.0,0.0,5.0,5.0,20.0,1.0,1.0,2.0,0.0,0.0,7.0,6.0,2.0,1.0,1.0,0.0,2.0,0.0,1.0,2.0,0.0,1.0,0.0,0.0,2.0,0.0,3.0,5.0,0.0,0.0,0.0,1.0,3.0,1.0,2.0,2.0,0.0,0.0,2.0,0.0,8.0,0.0,0.0,1.0,0.0,1.0,2.0,1.0,2.0,1.0,0.0,4.0,2.0,10.0,4.0,0.0,0.0,0.0,1.0,3.0,1.0,0.0,2.0,0.0,0.0,3.0,0.0,5.0,0.0,0.0,2.0,0.0,0.0,0.0,2.0,2.0,0.0,1.0,0.0,0.0,0.0,4.0,4.0,0.0,2.0,5.0,26.0,0.0,3.0,0.0,0.0,0.0,1.0,0.0,0.0,2.0,0.0,1.0,0.0,0.0,1.0,0.0,0.0,0.0,0.0,1.0,0.0,0.0,3.0,1.0,4.0,1.0
42,111950228.0,39.0,127.0,110.0,69.0,14.0,0.0,18.0,15.0,3.0,45.0,10.0,176.0,58.0,71.0,114.0,145.0,4.0,1.0,11.0,54.0,101.0,23.0,33.0,13.0,106.0,32.0,7.0,13.0,16.0,3.0,55.0,12.0,0.0,0.0,27.0,1.0,38.0,12.0,76.0,54.0,0.0,0.0,2.0,2.0,145.0,1.0,16.0,23.0,3.0,37.0,19.0,13.0,12.0,0.0,10.0,49.0,86.0,62.0,5.0,13.0,114.0,3.0,15.0,182.0,17.0,71.0,38.0,2.0,26.0,44.0,9.0,12.0,30.0,29.0,93.0,19.0,33.0,144.0,0.0,30.0,0.0,0.0,35.0,17.0,2.0,14.0,32.0,54.0,0.0,10.0,2.0,0.0,2.0,47.0,98.0,0.0,73.0,128.0,68.0,0.0,64.0,69.0,32.0,24.0,21.0,2.0,10.0,20.0,20.0,0.0,5.0,2.0,66.0,0.0,0.0,0.0,35.0,38.0,0.0,0.0,34.0,5.0,85.0,21.0
43,120411091.0,5.0,5.0,8.0,3.0,0.0,0.0,3.0,1.0,0.0,7.0,6.0,14.0,5.0,1.0,11.0,11.0,4.0,0.0,2.0,5.0,1.0,0.0,7.0,1.0,13.0,10.0,0.0,0.0,3.0,0.0,1.0,1.0,0.0,1.0,0.0,0.0,1.0,2.0,15.0,4.0,0.0,2.0,0.0,0.0,10.0,0.0,3.0,12.0,1.0,1.0,1.0,2.0,3.0,0.0,1.0,6.0,10.0,11.0,1.0,7.0,3.0,0.0,0.0,18.0,4.0,17.0,3.0,0.0,1.0,1.0,0.0,1.0,1.0,2.0,6.0,2.0,1.0,10.0,0.0,0.0,1.0,0.0,1.0,1.0,0.0,1.0,2.0,5.0,0.0,0.0,0.0,0.0,0.0,2.0,4.0,0.0,2.0,9.0,7.0,0.0,3.0,2.0,10.0,5.0,0.0,0.0,0.0,2.0,2.0,1.0,1.0,1.0,6.0,0.0,0.0,0.0,0.0,5.0,0.0,0.0,4.0,0.0,12.0,1.0
44,124672129.0,3.0,7.0,4.0,22.0,0.0,0.0,2.0,3.0,2.0,3.0,1.0,4.0,1.0,1.0,10.0,22.0,19.0,3.0,4.0,1.0,3.0,0.0,7.0,7.0,11.0,2.0,0.0,0.0,2.0,1.0,1.0,1.0,0.0,0.0,2.0,1.0,2.0,4.0,6.0,8.0,1.0,2.0,0.0,0.0,7.0,0.0,2.0,10.0,4.0,1.0,2.0,3.0,1.0,0.0,0.0,3.0,3.0,1.0,0.0,1.0,3.0,0.0,2.0,10.0,6.0,10.0,0.0,0.0,1.0,0.0,1.0,0.0,1.0,2.0,0.0,0.0,2.0,4.0,2.0,2.0,0.0,0.0,2.0,1.0,0.0,0.0,1.0,10.0,0.0,12.0,0.0,0.0,0.0,0.0,3.0,0.0,1.0,4.0,9.0,0.0,5.0,4.0,3.0,11.0,0.0,0.0,5.0,0.0,4.0,0.0,0.0,1.0,1.0,0.0,0.0,0.0,0.0,13.0,0.0,0.0,2.0,3.0,4.0,3.0
45,135468327.0,99.0,285.0,300.0,96.0,33.0,2.0,48.0,60.0,25.0,134.0,43.0,301.0,125.0,139.0,330.0,252.0,11.0,5.0,31.0,111.0,98.0,92.0,118.0,42.0,253.0,237.0,11.0,10.0,163.0,18.0,85.0,36.0,2.0,15.0,69.0,2.0,77.0,55.0,213.0,148.0,3.0,145.0,10.0,7.0,0.0,27.0,173.0,105.0,8.0,110.0,63.0,86.0,31.0,0.0,38.0,123.0,193.0,168.0,25.0,182.0,174.0,13.0,28.0,339.0,87.0,225.0,129.0,4.0,55.0,60.0,36.0,62.0,51.0,188.0,178.0,34.0,52.0,246.0,3.0,52.0,15.0,0.0,93.0,22.0,8.0,19.0,115.0,143.0,0.0,19.0,29.0,0.0,1.0,111.0,253.0,0.0,138.0,368.0,168.0,0.0,112.0,267.0,183.0,89.0,50.0,18.0,8.0,106.0,68.0,20.0,3.0,14.0,132.0,0.0,0.0,0.0,56.0,91.0,0.0,3.0,97.0,11.0,197.0,176.0
46,140751938.0,99.0,16.0,10.0,1.0,14.0,0.0,2.0,2.0,2.0,2.0,2.0,13.0,2.0,3.0,26.0,10.0,7.0,1.0,47.0,1.0,1.0,7.0,17.0,6.0,17.0,43.0,1.0,0.0,38.0,71.0,1.0,5.0,1.0,19.0,1.0,0.0,3.0,14.0,19.0,43.0,1.0,1.0,0.0,0.0,27.0,0.0,48.0,10.0,1.0,3.0,26.0,7.0,5.0,12.0,14.0,5.0,25.0,11.0,2.0,20.0,14.0,3.0,0.0,8.0,26.0,25.0,25.0,18.0,4.0,2.0,37.0,4.0,4.0,20.0,5.0,2.0,3.0,6.0,0.0,2.0,8.0,0.0,100.0,5.0,1.0,0.0,35.0,2.0,2.0,2.0,46.0,0.0,2.0,4.0,7.0,0.0,3.0,13.0,7.0,0.0,28.0,97.0,55.0,5.0,8.0,0.0,0.0,8.0,2.0,14.0,0.0,2.0,4.0,0.0,0.0,0.0,2.0,3.0,0.0,0.0,53.0,1.0,10.0,19.0
47,148068979.0,43.0,58.0,68.0,9.0,8.0,1.0,9.0,29.0,14.0,42.0,6.0,49.0,33.0,25.0,90.0,60.0,2.0,1.0,27.0,16.0,8.0,15.0,52.0,12.0,71.0,163.0,6.0,3.0,402.0,17.0,24.0,6.0,2.0,19.0,15.0,0.0,35.0,20.0,39.0,38.0,2.0,16.0,3.0,2.0,173.0,48.0,0.0,34.0,7.0,21.0,26.0,58.0,13.0,0.0,13.0,34.0,46.0,34.0,7.0,121.0,30.0,12.0,4.0,67.0,49.0,75.0,50.0,2.0,20.0,10.0,33.0,10.0,17.0,105.0,19.0,14.0,12.0,38.0,2.0,22.0,19.0,0.0,44.0,16.0,0.0,9.0,36.0,34.0,0.0,1.0,23.0,0.0,2.0,16.0,55.0,0.0,23.0,63.0,53.0,0.0,36.0,129.0,146.0,25.0,23.0,2.0,0.0,34.0,21.0,14.0,3.0,1.0,38.0,0.0,0.0,0.0,11.0,19.0,0.0,0.0,48.0,3.0,33.0,172.0
48,150881077.0,25.0,105.0,61.0,112.0,33.0,29.0,43.0,52.0,13.0,35.0,32.0,73.0,56.0,29.0,194.0,145.0,47.0,8.0,5.0,38.0,53.0,8.0,83.0,26.0,89.0,80.0,5.0,5.0,32.0,4.0,19.0,232.0,3.0,1.0,16.0,66.0,18.0,18.0,338.0,68.0,2.0,23.0,12.0,10.0,105.0,10.0,34.0,0.0,4.0,9.0,32.0,28.0,32.0,0.0,1.0,49.0,60.0,174.0,9.0,43.0,32.0,6.0,49.0,142.0,38.0,133.0,23.0,2.0,60.0,10.0,15.0,46.0,25.0,33.0,65.0,4.0,31.0,69.0,5.0,32.0,2.0,0.0,27.0,3.0,3.0,2.0,19.0,68.0,0.0,33.0,5.0,0.0,0.0,31.0,46.0,0.0,19.0,91.0,91.0,0.0,44.0,48.0,63.0,169.0,3.0,83.0,24.0,28.0,68.0,26.0,3.0,133.0,141.0,0.0,0.0,0.0,9.0,291.0,0.0,0.0,30.0,39.0,58.0,32.0
49,152641640.0,4.0,7.0,6.0,2.0,1.0,0.0,1.0,4.0,3.0,4.0,0.0,4.0,4.0,2.0,8.0,5.0,1.0,0.0,2.0,2.0,0.0,3.0,6.0,1.0,9.0,5.0,0.0,1.0,7.0,1.0,1.0,1.0,1.0,2.0,2.0,0.0,4.0,5.0,3.0,1.0,0.0,3.0,1.0,4.0,8.0,1.0,7.0,4.0,0.0,2.0,3.0,6.0,2.0,0.0,1.0,5.0,4.0,1.0,0.0,2.0,1.0,2.0,2.0,9.0,5.0,6.0,3.0,0.0,2.0,2.0,2.0,0.0,2.0,3.0,1.0,2.0,3.0,2.0,1.0,5.0,0.0,0.0,5.0,1.0,0.0,1.0,3.0,10.0,0.0,1.0,1.0,0.0,0.0,1.0,7.0,0.0,4.0,4.0,5.0,0.0,6.0,7.0,7.0,10.0,1.0,0.0,1.0,0.0,4.0,1.0,0.0,0.0,6.0,0.0,0.0,0.0,1.0,3.0,0.0,0.0,6.0,1.0,3.0,7.0
50,154338358.0,14.0,70.0,61.0,32.0,5.0,1.0,19.0,10.0,5.0,43.0,3.0,85.0,61.0,37.0,70.0,42.0,8.0,2.0,9.0,24.0,26.0,38.0,39.0,15.0,40.0,26.0,4.0,2.0,20.0,8.0,20.0,8.0,1.0,6.0,34.0,1.0,30.0,8.0,62.0,30.0,0.0,37.0,1.0,1.0,110.0,3.0,21.0,9.0,2.0,0.0,24.0,9.0,7.0,0.0,36.0,21.0,34.0,41.0,4.0,11.0,41.0,8.0,8.0,84.0,21.0,49.0,51.0,2.0,16.0,15.0,6.0,32.0,8.0,25.0,68.0,6.0,9.0,69.0,0.0,8.0,3.0,0.0,47.0,5.0,1.0,12.0,83.0,30.0,0.0,2.0,13.0,0.0,0.0,26.0,109.0,0.0,81.0,160.0,29.0,0.0,19.0,114.0,24.0,11.0,21.0,2.0,8.0,26.0,16.0,5.0,2.0,3.0,23.0,0.0,0.0,0.0,15.0,15.0,0.0,2.0,44.0,1.0,83.0,29.0
51,163413842.0,9.0,55.0,35.0,14.0,9.0,1.0,18.0,19.0,13.0,25.0,5.0,48.0,36.0,15.0,105.0,62.0,2.0,0.0,13.0,18.0,43.0,22.0,46.0,20.0,42.0,29.0,4.0,0.0,26.0,11.0,21.0,13.0,1.0,6.0,11.0,0.0,28.0,11.0,68.0,27.0,2.0,19.0,1.0,2.0,63.0,26.0,26.0,32.0,3.0,24.0,0.0,26.0,12.0,0.0,38.0,25.0,27.0,19.0,7.0,10.0,21.0,6.0,5.0,56.0,36.0,73.0,31.0,6.0,7.0,9.0,9.0,6.0,3.0,19.0,44.0,5.0,18.0,45.0,3.0,17.0,7.0,0.0,97.0,5.0,0.0,5.0,49.0,26.0,0.0,1.0,37.0,0.0,0.0,21.0,47.0,0.0,29.0,106.0,55.0,0.0,47.0,91.0,35.0,30.0,18.0,0.0,1.0,6.0,25.0,4.0,0.0,3.0,31.0,0.0,0.0,0.0,6.0,24.0,0.0,9.0,60.0,1.0,74.0,25.0
52,178779512.0,4.0,45.0,27.0,3.0,7.0,0.0,13.0,24.0,14.0,23.0,1.0,26.0,33.0,15.0,71.0,57.0,0.0,0.0,14.0,10.0,18.0,7.0,37.0,5.0,41.0,49.0,6.0,0.0,54.0,3.0,20.0,4.0,1.0,7.0,12.0,0.0,22.0,19.0,27.0,19.0,0.0,13.0,2.0,3.0,86.0,7.0,58.0,28.0,6.0,9.0,26.0,0.0,8.0,0.0,3.0,29.0,42.0,13.0,15.0,42.0,8.0,8.0,4.0,51.0,46.0,31.0,14.0,1.0,8.0,9.0,19.0,2.0,6.0,34.0,8.0,10.0,17.0,22.0,1.0,29.0,8.0,0.0,16.0,8.0,0.0,1.0,14.0,39.0,0.0,2.0,8.0,0.0,0.0,2.0,32.0,0.0,15.0,30.0,53.0,0.0,40.0,63.0,50.0,26.0,21.0,2.0,0.0,6.0,34.0,12.0,0.0,0.0,27.0,0.0,0.0,0.0,8.0,15.0,0.0,0.0,20.0,0.0,22.0,49.0
53,184170800.0,11.0,22.0,26.0,6.0,6.0,1.0,13.0,14.0,3.0,23.0,8.0,60.0,35.0,9.0,59.0,57.0,29.0,0.0,13.0,17.0,14.0,2.0,27.0,11.0,22.0,22.0,3.0,1.0,13.0,3.0,14.0,12.0,1.0,1.0,5.0,3.0,17.0,8.0,35.0,29.0,8.0,12.0,3.0,1.0,31.0,5.0,13.0,32.0,2.0,7.0,12.0,8.0,0.0,0.0,3.0,29.0,17.0,19.0,9.0,14.0,8.0,4.0,8.0,44.0,25.0,46.0,12.0,2.0,2.0,3.0,3.0,12.0,2.0,13.0,13.0,7.0,7.0,36.0,1.0,21.0,2.0,0.0,17.0,3.0,0.0,3.0,12.0,28.0,0.0,1.0,0.0,0.0,0.0,8.0,18.0,0.0,6.0,35.0,38.0,0.0,13.0,20.0,34.0,24.0,2.0,6.0,0.0,1.0,19.0,5.0,1.0,6.0,29.0,0.0,0.0,0.0,6.0,23.0,0.0,0.0,18.0,3.0,29.0,13.0
54,186309587.0,1.0,0.0,0.0,0.0,0.0,0.0,0.0,0.0,0.0,0.0,0.0,0.0,0.0,0.0,0.0,0.0,0.0,0.0,1.0,0.0,0.0,0.0,0.0,0.0,0.0,0.0,0.0,0.0,0.0,4.0,0.0,0.0,0.0,1.0,0.0,0.0,0.0,0.0,0.0,1.0,0.0,0.0,0.0,0.0,0.0,12.0,0.0,0.0,0.0,0.0,0.0,0.0,0.0,0.0,0.0,0.0,0.0,0.0,0.0,0.0,0.0,0.0,0.0,0.0,1.0,0.0,0.0,2.0,0.0,0.0,0.0,0.0,0.0,0.0,0.0,0.0,0.0,0.0,0.0,0.0,0.0,0.0,4.0,0.0,0.0,0.0,2.0,0.0,0.0,0.0,1.0,0.0,0.0,0.0,0.0,0.0,0.0,0.0,0.0,0.0,0.0,1.0,0.0,0.0,0.0,0.0,0.0,0.0,0.0,0.0,0.0,0.0,0.0,0.0,0.0,0.0,0.0,0.0,0.0,0.0,1.0,0.0,0.0,0.0
55,190563107.0,5.0,15.0,19.0,3.0,2.0,0.0,2.0,0.0,0.0,11.0,1.0,25.0,5.0,8.0,20.0,7.0,1.0,0.0,5.0,7.0,2.0,20.0,7.0,8.0,14.0,23.0,0.0,0.0,13.0,6.0,0.0,0.0,0.0,3.0,9.0,0.0,5.0,3.0,17.0,17.0,0.0,10.0,1.0,0.0,38.0,14.0,13.0,1.0,1.0,36.0,38.0,3.0,3.0,0.0,0.0,4.0,4.0,20.0,0.0,6.0,17.0,0.0,0.0,14.0,3.0,17.0,35.0,4.0,5.0,7.0,7.0,5.0,1.0,8.0,23.0,2.0,2.0,12.0,0.0,0.0,6.0,0.0,57.0,1.0,0.0,5.0,63.0,1.0,0.0,0.0,21.0,0.0,0.0,12.0,42.0,0.0,39.0,57.0,1.0,0.0,12.0,86.0,15.0,0.0,15.0,0.0,0.0,15.0,0.0,1.0,0.0,0.0,6.0,0.0,0.0,0.0,5.0,3.0,0.0,4.0,32.0,0.0,38.0,14.0
56,194008664.0,49.0,113.0,108.0,44.0,13.0,0.0,36.0,27.0,9.0,54.0,21.0,99.0,65.0,50.0,152.0,129.0,5.0,1.0,9.0,56.0,28.0,9.0,64.0,72.0,126.0,62.0,4.0,5.0,32.0,4.0,35.0,20.0,1.0,4.0,22.0,3.0,41.0,28.0,89.0,80.0,1.0,49.0,6.0,3.0,123.0,5.0,34.0,49.0,5.0,21.0,25.0,29.0,29.0,0.0,4.0,0.0,78.0,46.0,14.0,38.0,65.0,7.0,18.0,170.0,38.0,106.0,35.0,1.0,24.0,23.0,13.0,12.0,22.0,38.0,48.0,19.0,35.0,93.0,1.0,37.0,5.0,0.0,24.0,16.0,2.0,4.0,26.0,85.0,0.0,4.0,0.0,0.0,0.0,37.0,69.0,0.0,39.0,99.0,83.0,0.0,65.0,60.0,65.0,48.0,7.0,2.0,3.0,25.0,50.0,5.0,0.0,8.0,98.0,1.0,1.0,1.0,9.0,43.0,0.0,0.0,31.0,2.0,72.0,44.0
57,218657077.0,92.0,533.0,166.0,118.0,31.0,1.0,40.0,39.0,23.0,81.0,27.0,209.0,79.0,242.0,201.0,191.0,16.0,6.0,27.0,119.0,43.0,12.0,88.0,24.0,213.0,72.0,8.0,13.0,41.0,14.0,59.0,34.0,2.0,12.0,41.0,5.0,65.0,38.0,148.0,95.0,0.0,86.0,10.0,3.0,193.0,25.0,46.0,60.0,4.0,34.0,27.0,42.0,17.0,0.0,4.0,78.0,0.0,124.0,10.0,31.0,158.0,13.0,14.0,329.0,70.0,171.0,60.0,2.0,34.0,103.0,41.0,31.0,123.0,50.0,233.0,19.0,100.0,215.0,0.0,35.0,9.0,0.0,52.0,24.0,2.0,7.0,34.0,96.0,0.0,24.0,4.0,0.0,4.0,66.0,123.0,0.0,67.0,170.0,110.0,0.0,109.0,103.0,69.0,63.0,23.0,12.0,1.0,40.0,66.0,9.0,3.0,11.0,135.0,0.0,0.0,0.0,23.0,65.0,0.0,0.0,51.0,13.0,117.0,58.0
58,224682566.0,62.0,163.0,137.0,63.0,25.0,17.0,28.0,23.0,5.0,57.0,23.0,143.0,49.0,61.0,181.0,107.0,11.0,0.0,8.0,77.0,27.0,23.0,69.0,21.0,130.0,63.0,6.0,2.0,33.0,11.0,24.0,128.0,0.0,5.0,37.0,33.0,32.0,18.0,233.0,68.0,1.0,62.0,11.0,1.0,168.0,11.0,34.0,174.0,1.0,41.0,19.0,13.0,19.0,0.0,20.0,46.0,124.0,0.0,7.0,27.0,65.0,7.0,39.0,171.0,30.0,144.0,55.0,1.0,56.0,40.0,11.0,35.0,23.0,36.0,141.0,12.0,27.0,120.0,0.0,19.0,4.0,0.0,38.0,6.0,0.0,11.0,46.0,61.0,0.0,10.0,6.0,0.0,0.0,72.0,120.0,0.0,72.0,208.0,71.0,0.0,60.0,99.0,52.0,91.0,13.0,40.0,1.0,54.0,33.0,5.0,2.0,58.0,127.0,2.0,1.0,2.0,11.0,143.0,0.0,1.0,48.0,20.0,130.0,27.0
59,226164684.0,0.0,14.0,11.0,2.0,1.0,0.0,7.0,7.0,0.0,9.0,1.0,14.0,16.0,4.0,34.0,23.0,5.0,0.0,3.0,7.0,6.0,0.0,11.0,1.0,12.0,15.0,0.0,0.0,5.0,0.0,6.0,3.0,0.0,0.0,2.0,0.0,7.0,1.0,14.0,5.0,2.0,5.0,1.0,0.0,25.0,2.0,7.0,9.0,0.0,4.0,7.0,15.0,9.0,0.0,0.0,14.0,10.0,7.0,0.0,11.0,3.0,1.0,7.0,22.0,4.0,23.0,2.0,0.0,2.0,4.0,1.0,2.0,3.0,11.0,10.0,2.0,6.0,13.0,0.0,7.0,2.0,0.0,5.0,0.0,0.0,1.0,4.0,10.0,0.0,1.0,0.0,0.0,0.0,3.0,7.0,0.0,4.0,13.0,21.0,0.0,6.0,11.0,12.0,11.0,4.0,1.0,0.0,0.0,8.0,0.0,0.0,1.0,15.0,0.0,0.0,0.0,3.0,9.0,0.0,0.0,2.0,0.0,15.0,5.0
60,227274347.0,22.0,41.0,62.0,11.0,6.0,0.0,12.0,20.0,5.0,35.0,17.0,51.0,29.0,13.0,104.0,44.0,4.0,1.0,9.0,24.0,4.0,13.0,35.0,7.0,41.0,242.0,3.0,0.0,109.0,2.0,13.0,6.0,1.0,5.0,13.0,1.0,14.0,10.0,39.0,41.0,1.0,13.0,7.0,1.0,182.0,20.0,121.0,43.0,2.0,11.0,10.0,42.0,14.0,0.0,6.0,38.0,31.0,27.0,11.0,0.0,18.0,5.0,8.0,50.0,13.0,87.0,37.0,0.0,10.0,6.0,24.0,19.0,6.0,103.0,29.0,8.0,10.0,29.0,1.0,15.0,9.0,0.0,28.0,3.0,0.0,3.0,32.0,19.0,0.0,3.0,10.0,0.0,0.0,26.0,39.0,0.0,16.0,76.0,32.0,0.0,27.0,77.0,132.0,18.0,12.0,1.0,0.0,43.0,13.0,8.0,1.0,2.0,27.0,0.0,0.0,0.0,7.0,21.0,0.0,0.0,23.0,1.0,45.0,89.0
61,238169051.0,54.0,219.0,127.0,143.0,8.0,0.0,24.0,18.0,0.0,50.0,21.0,189.0,63.0,144.0,166.0,167.0,22.0,5.0,13.0,67.0,97.0,29.0,43.0,28.0,160.0,37.0,3.0,13.0,28.0,7.0,62.0,55.0,0.0,2.0,32.0,7.0,45.0,17.0,120.0,81.0,2.0,114.0,3.0,3.0,174.0,14.0,30.0,32.0,1.0,41.0,21.0,8.0,8.0,0.0,17.0,65.0,158.0,65.0,3.0,18.0,0.0,3.0,13.0,274.0,34.0,83.0,56.0,4.0,42.0,65.0,24.0,26.0,56.0,39.0,133.0,21.0,56.0,197.0,1.0,24.0,4.0,0.0,34.0,29.0,3.0,18.0,46.0,48.0,0.0,38.0,4.0,0.0,3.0,50.0,96.0,0.0,79.0,147.0,68.0,0.0,65.0,106.0,31.0,39.0,23.0,14.0,6.0,44.0,45.0,2.0,4.0,15.0,83.0,0.0,0.0,0.0,41.0,90.0,0.0,2.0,35.0,12.0,90.0,34.0
62,240391988.0,1.0,14.0,10.0,2.0,2.0,0.0,5.0,11.0,9.0,7.0,0.0,6.0,12.0,4.0,10.0,24.0,0.0,1.0,6.0,5.0,3.0,5.0,15.0,0.0,14.0,6.0,5.0,0.0,12.0,3.0,11.0,3.0,1.0,3.0,3.0,0.0,13.0,8.0,6.0,7.0,1.0,3.0,0.0,0.0,13.0,3.0,12.0,6.0,2.0,8.0,6.0,8.0,4.0,0.0,0.0,7.0,13.0,7.0,1.0,5.0,3.0,0.0,3.0,30.0,22.0,11.0,5.0,0.0,1.0,3.0,4.0,0.0,1.0,5.0,2.0,5.0,4.0,8.0,0.0,12.0,0.0,0.0,3.0,2.0,0.0,1.0,2.0,16.0,0.0,1.0,0.0,0.0,0.0,2.0,15.0,0.0,7.0,9.0,19.0,0.0,4.0,13.0,6.0,14.0,3.0,0.0,0.0,1.0,21.0,3.0,0.0,3.0,6.0,0.0,0.0,0.0,3.0,7.0,0.0,0.0,10.0,2.0,5.0,12.0
63,240401589.0,7.0,38.0,18.0,38.0,11.0,6.0,10.0,16.0,3.0,15.0,2.0,21.0,22.0,16.0,39.0,38.0,14.0,3.0,3.0,12.0,26.0,3.0,25.0,7.0,29.0,14.0,1.0,0.0,4.0,1.0,11.0,55.0,0.0,3.0,7.0,21.0,9.0,12.0,61.0,14.0,0.0,15.0,0.0,2.0,28.0,0.0,4.0,49.0,2.0,8.0,5.0,4.0,8.0,0.0,0.0,18.0,14.0,39.0,7.0,8.0,13.0,3.0,0.0,46.0,12.0,23.0,5.0,1.0,28.0,2.0,4.0,11.0,2.0,6.0,23.0,4.0,8.0,24.0,0.0,13.0,1.0,0.0,8.0,4.0,0.0,1.0,8.0,25.0,0.0,17.0,1.0,0.0,0.0,8.0,16.0,0.0,14.0,28.0,23.0,0.0,15.0,16.0,15.0,27.0,1.0,30.0,3.0,6.0,31.0,1.0,0.0,33.0,27.0,1.0,1.0,1.0,8.0,68.0,0.0,0.0,12.0,11.0,18.0,8.0
64,244623022.0,144.0,472.0,358.0,179.0,43.0,2.0,72.0,70.0,50.0,153.0,46.0,365.0,174.0,256.0,362.0,439.0,32.0,7.0,29.0,224.0,111.0,45.0,181.0,65.0,407.0,105.0,18.0,17.0,62.0,15.0,117.0,64.0,12.0,10.0,63.0,8.0,124.0,50.0,317.0,190.0,4.0,182.0,18.0,10.0,339.0,8.0,67.0,142.0,9.0,84.0,56.0,51.0,44.0,0.0,14.0,170.0,329.0,171.0,22.0,50.0,274.0,30.0,46.0,0.0,125.0,302.0,101.0,2.0,70.0,115.0,44.0,53.0,76.0,82.0,268.0,36.0,98.0,378.0,2.0,80.0,11.0,0.0,85.0,41.0,7.0,22.0,72.0,312.0,0.0,32.0,4.0,0.0,3.0,124.0,251.0,0.0,139.0,359.0,247.0,0.0,179.0,176.0,95.0,98.0,43.0,13.0,9.0,61.0,161.0,11.0,3.0,21.0,198.0,1.0,1.0,1.0,32.0,162.0,0.0,1.0,110.0,25.0,220.0,88.0
65,244843426.0,18.0,60.0,32.0,19.0,9.0,0.0,19.0,50.0,35.0,39.0,0.0,28.0,49.0,32.0,71.0,156.0,25.0,15.0,30.0,15.0,21.0,12.0,96.0,62.0,62.0,30.0,13.0,1.0,48.0,21.0,38.0,18.0,9.0,17.0,15.0,2.0,97.0,33.0,64.0,32.0,2.0,17.0,4.0,6.0,87.0,26.0,49.0,38.0,5.0,21.0,36.0,46.0,25.0,1.0,3.0,38.0,70.0,30.0,4.0,13.0,34.0,22.0,12.0,125.0,0.0,63.0,25.0,8.0,10.0,6.0,28.0,4.0,7.0,28.0,7.0,9.0,23.0,72.0,6.0,44.0,9.0,0.0,36.0,5.0,0.0,1.0,22.0,66.0,0.0,4.0,10.0,0.0,1.0,4.0,58.0,0.0,20.0,48.0,148.0,0.0,37.0,115.0,41.0,125.0,20.0,6.0,7.0,1.0,112.0,11.0,3.0,10.0,27.0,0.0,0.0,0.0,9.0,49.0,0.0,0.0,56.0,14.0,20.0,55.0
