,0,1,2,3,4,5,6,7,8,9,10,11,12,13,14,15,16,17,18,19,20,21,22,23,24,25,26,27,28,29,30,31,32,33,34,35,36,37,38,39,40,41,42,43,44,45,46,47,48,49,50,51,52,53,54,55,56,57,58,59,60,61,62,63,64,65,66,67,68,69,70,71,72,73,74,75,76,77,78,79,80,81,82,83,84,85,86,87,88,89,90,91,92,93,94,95,96,97,98,99,100,101,102,103,104,105,106,107,108,109,110,111,112,113,114,115,116,117,118,119,120,121,122,123,124,125,126,127,128,129,130
0,-1.0,257593.0,9378802.0,16174166.0,16542687.0,16990368.0,21801133.0,22510291.0,25905386.0,26067145.0,26718847.0,34947001.0,35158890.0,36935615.0,40692423.0,47379932.0,47950082.0,49008274.0,51478771.0,54308395.0,57811254.0,62842049.0,75055396.0,80293889.0,80791048.0,83845274.0,84424836.0,89351501.0,93011077.0,101411925.0,124407978.0,125797024.0,131803623.0,136208159.0,144477353.0,145832580.0,148509906.0,153465683.0,154961965.0,158482123.0,159065451.0,164583381.0,206738462.0,230637111.0,234958981.0,234987253.0,235027659.0,235038511.0,235049190.0,235061645.0,235120851.0,235327869.0,235378492.0,235396430.0,235431252.0,235573919.0,235581178.0,235590945.0,235595678.0,235602602.0,235621226.0,235623809.0,235628211.0,235632067.0,235633785.0,235635319.0,235635664.0,235636649.0,235637445.0,235646348.0,235654863.0,235656055.0,235657683.0,235659779.0,235661342.0,235665778.0,235666549.0,235674459.0,235675462.0,235676104.0,235679167.0,235683160.0,235693397.0,235700121.0,235708493.0,238169051.0,243997708.0,244071747.0,244117260.0,244152633.0,246340444.0,247438302.0,248010895.0,255689417.0,258536563.0,260314188.0,262821567.0,266720939.0,269680826.0,270934983.0,278914984.0,282256180.0,282635105.0,283718439.0,289192501.0,293202820.0,294523668.0,297664153.0,299716452.0,302039432.0,302144631.0,309041796.0,312862050.0,313203705.0,313799444.0,317401345.0,333557711.0,339855935.0,349146547.0,357252820.0,361525299.0,362115130.0,362145115.0,369028288.0,376344961.0,402037439.0,405452697.0,406558256.0,414109253.0,421837588.0,424552302.0
1,257593.0,0.0,94.0,2.0,57.0,121.0,142.0,18.0,97.0,25.0,348.0,41.0,132.0,101.0,37.0,27.0,147.0,63.0,204.0,429.0,73.0,35.0,14.0,13.0,150.0,15.0,12.0,327.0,302.0,1.0,45.0,219.0,116.0,79.0,66.0,49.0,183.0,127.0,195.0,32.0,122.0,6.0,56.0,50.0,1.0,0.0,1.0,0.0,0.0,0.0,1.0,0.0,0.0,0.0,0.0,1.0,0.0,0.0,0.0,0.0,1.0,0.0,0.0,0.0,1.0,0.0,0.0,0.0,0.0,1.0,0.0,0.0,0.0,0.0,0.0,0.0,0.0,0.0,0.0,0.0,0.0,0.0,0.0,0.0,0.0,165.0,170.0,49.0,62.0,121.0,125.0,54.0,147.0,142.0,181.0,92.0,158.0,4.0,0.0,0.0,135.0,0.0,48.0,5.0,1.0,8.0,0.0,2.0,17.0,332.0,18.0,48.0,5.0,32.0,38.0,256.0,43.0,6.0,50.0,30.0,1.0,1.0,1.0,230.0,0.0,89.0,19.0,2.0,60.0,17.0,3.0
2,9378802.0,94.0,0.0,0.0,20.0,8.0,22.0,1.0,25.0,1.0,59.0,2.0,31.0,1.0,10.0,0.0,63.0,12.0,62.0,51.0,39.0,7.0,1.0,0.0,29.0,10.0,0.0,39.0,135.0,0.0,6.0,71.0,15.0,36.0,6.0,9.0,25.0,17.0,15.0,1.0,13.0,0.0,1.0,3.0,0.0,0.0,0.0,0.0,0.0,0.0,0.0,0.0,0.0,0.0,0.0,0.0,0.0,0.0,0.0,0.0,0.0,0.0,0.0,0.0,0.0,0.0,0.0,0.0,0.0,0.0,0.0,0.0,0.0,0.0,0.0,0.0,0.0,0.0,0.0,0.0,0.0,0.0,0.0,0.0,0.0,60.0,67.0,8.0,9.0,23.0,8.0,4.0,24.0,53.0,23.0,42.0,19.0,0.0,0.0,0.0,20.0,0.0,3.0,0.0,0.0,0.0,0.0,0.0,0.0,73.0,5.0,12.0,1.0,1.0,2.0,36.0,3.0,0.0,0.0,24.0,0.0,0.0,0.0,24.0,0.0,41.0,7.0,0.0,2.0,0.0,0.0
3,16174166.0,2.0,0.0,0.0,1.0,1.0,0.0,0.0,0.0,0.0,0.0,0.0,2.0,2.0,0.0,0.0,0.0,0.0,1.0,1.0,0.0,1.0,0.0,0.0,0.0,1.0,0.0,0.0,1.0,0.0,0.0,0.0,0.0,0.0,0.0,0.0,1.0,0.0,1.0,0.0,1.0,1.0,0.0,1.0,0.0,0.0,0.0,0.0,0.0,0.0,0.0,0.0,0.0,0.0,0.0,0.0,0.0,0.0,0.0,0.0,0.0,0.0,0.0,0.0,1.0,0.0,0.0,0.0,0.0,0.0,0.0,0.0,0.0,0.0,0.0,1.0,0.0,0.0,0.0,0.0,0.0,0.0,0.0,0.0,0.0,2.0,0.0,0.0,1.0,0.0,1.0,0.0,1.0,0.0,0.0,0.0,0.0,0.0,0.0,0.0,0.0,0.0,2.0,0.0,0.0,0.0,0.0,0.0,0.0,2.0,0.0,0.0,0.0,0.0,31.0,0.0,1.0,0.0,0.0,0.0,0.0,0.0,0.0,4.0,0.0,0.0,0.0,0.0,0.0,0.0,0.0
4,16542687.0,57.0,20.0,1.0,0.0,37.0,15.0,6.0,16.0,5.0,41.0,7.0,12.0,21.0,29.0,4.0,81.0,13.0,52.0,67.0,12.0,6.0,4.0,1.0,55.0,6.0,0.0,24.0,43.0,0.0,3.0,29.0,14.0,10.0,6.0,16.0,16.0,33.0,25.0,12.0,13.0,1.0,7.0,10.0,0.0,0.0,0.0,0.0,2.0,0.0,2.0,0.0,1.0,0.0,0.0,1.0,0.0,0.0,0.0,0.0,0.0,0.0,1.0,3.0,0.0,0.0,0.0,1.0,1.0,2.0,0.0,0.0,1.0,0.0,1.0,0.0,1.0,1.0,0.0,0.0,0.0,1.0,0.0,1.0,0.0,49.0,29.0,1.0,10.0,15.0,18.0,14.0,36.0,31.0,26.0,6.0,19.0,1.0,0.0,0.0,24.0,0.0,13.0,2.0,1.0,0.0,0.0,0.0,4.0,30.0,1.0,4.0,0.0,4.0,26.0,29.0,10.0,1.0,10.0,11.0,0.0,0.0,0.0,22.0,0.0,12.0,3.0,0.0,6.0,3.0,0.0
5,16990368.0,121.0,8.0,1.0,37.0,0.0,32.0,8.0,31.0,13.0,67.0,12.0,23.0,19.0,11.0,22.0,51.0,25.0,58.0,104.0,8.0,16.0,8.0,5.0,42.0,18.0,4.0,74.0,79.0,0.0,1.0,26.0,49.0,23.0,33.0,32.0,52.0,81.0,44.0,31.0,54.0,5.0,29.0,16.0,1.0,0.0,0.0,0.0,0.0,0.0,0.0,0.0,0.0,0.0,0.0,0.0,0.0,0.0,0.0,0.0,0.0,0.0,1.0,0.0,0.0,0.0,0.0,0.0,0.0,1.0,0.0,0.0,1.0,0.0,0.0,0.0,1.0,0.0,1.0,0.0,0.0,0.0,0.0,1.0,0.0,45.0,22.0,11.0,26.0,32.0,57.0,49.0,84.0,32.0,67.0,10.0,40.0,4.0,0.0,0.0,21.0,0.0,49.0,3.0,0.0,2.0,0.0,0.0,9.0,92.0,10.0,7.0,0.0,23.0,35.0,75.0,19.0,0.0,19.0,4.0,0.0,0.0,0.0,189.0,0.0,18.0,5.0,0.0,24.0,18.0,1.0
6,21801133.0,142.0,22.0,0.0,15.0,32.0,0.0,23.0,45.0,16.0,99.0,22.0,49.0,7.0,10.0,11.0,42.0,70.0,106.0,84.0,31.0,41.0,4.0,6.0,31.0,9.0,3.0,85.0,181.0,0.0,9.0,87.0,54.0,46.0,35.0,12.0,64.0,52.0,44.0,7.0,75.0,1.0,15.0,10.0,0.0,0.0,0.0,0.0,0.0,0.0,0.0,0.0,0.0,0.0,0.0,0.0,0.0,0.0,0.0,0.0,0.0,0.0,0.0,1.0,0.0,0.0,0.0,0.0,0.0,1.0,0.0,0.0,0.0,0.0,0.0,0.0,0.0,0.0,0.0,0.0,0.0,0.0,0.0,0.0,0.0,24.0,42.0,24.0,53.0,32.0,53.0,27.0,80.0,73.0,76.0,25.0,58.0,3.0,0.0,0.0,4.0,0.0,17.0,2.0,0.0,2.0,0.0,0.0,9.0,86.0,2.0,11.0,7.0,11.0,1.0,83.0,28.0,0.0,11.0,15.0,0.0,0.0,0.0,35.0,0.0,35.0,3.0,0.0,20.0,6.0,0.0
7,22510291.0,18.0,1.0,0.0,6.0,8.0,23.0,0.0,15.0,13.0,19.0,31.0,7.0,4.0,7.0,10.0,2.0,21.0,66.0,12.0,22.0,23.0,8.0,4.0,10.0,3.0,3.0,14.0,68.0,0.0,0.0,10.0,17.0,6.0,36.0,7.0,5.0,32.0,13.0,7.0,71.0,0.0,17.0,9.0,0.0,0.0,0.0,0.0,0.0,0.0,0.0,0.0,0.0,0.0,0.0,0.0,0.0,0.0,0.0,0.0,0.0,0.0,0.0,0.0,0.0,0.0,0.0,0.0,0.0,0.0,0.0,0.0,0.0,0.0,0.0,0.0,0.0,0.0,0.0,0.0,0.0,0.0,0.0,0.0,0.0,2.0,1.0,0.0,15.0,9.0,33.0,24.0,28.0,31.0,26.0,0.0,18.0,1.0,0.0,0.0,4.0,0.0,7.0,0.0,0.0,2.0,0.0,0.0,2.0,48.0,0.0,0.0,3.0,6.0,1.0,64.0,12.0,0.0,4.0,2.0,0.0,0.0,0.0,10.0,0.0,5.0,1.0,0.0,23.0,2.0,0.0
8,25905386.0,97.0,25.0,0.0,16.0,31.0,45.0,15.0,0.0,18.0,129.0,13.0,37.0,11.0,26.0,21.0,72.0,30.0,89.0,128.0,75.0,15.0,11.0,8.0,28.0,6.0,3.0,26.0,123.0,0.0,15.0,81.0,46.0,55.0,45.0,16.0,19.0,72.0,52.0,41.0,53.0,1.0,25.0,21.0,0.0,0.0,0.0,0.0,0.0,0.0,0.0,0.0,0.0,0.0,0.0,0.0,0.0,0.0,0.0,0.0,0.0,0.0,0.0,0.0,0.0,0.0,0.0,0.0,0.0,0.0,0.0,0.0,0.0,0.0,0.0,0.0,0.0,0.0,0.0,0.0,0.0,0.0,0.0,0.0,0.0,39.0,35.0,26.0,5.0,97.0,69.0,34.0,38.0,115.0,111.0,80.0,85.0,4.0,0.0,0.0,5.0,0.0,18.0,4.0,0.0,3.0,0.0,0.0,8.0,96.0,4.0,30.0,1.0,17.0,0.0,81.0,12.0,0.0,25.0,11.0,0.0,0.0,0.0,63.0,0.0,84.0,5.0,0.0,34.0,12.0,0.0
9,26067145.0,25.0,1.0,0.0,5.0,13.0,16.0,13.0,18.0,0.0,27.0,8.0,6.0,6.0,9.0,12.0,11.0,22.0,43.0,24.0,16.0,24.0,4.0,5.0,20.0,5.0,0.0,15.0,52.0,0.0,3.0,7.0,25.0,7.0,17.0,73.0,8.0,44.0,20.0,8.0,50.0,1.0,18.0,18.0,0.0,0.0,0.0,0.0,0.0,0.0,0.0,0.0,0.0,0.0,0.0,0.0,0.0,0.0,0.0,0.0,0.0,0.0,0.0,0.0,0.0,0.0,0.0,0.0,0.0,0.0,0.0,0.0,0.0,0.0,0.0,0.0,0.0,0.0,0.0,0.0,0.0,0.0,0.0,0.0,0.0,5.0,2.0,2.0,6.0,14.0,31.0,68.0,28.0,20.0,23.0,3.0,26.0,5.0,0.0,0.0,5.0,0.0,13.0,2.0,0.0,0.0,0.0,0.0,5.0,34.0,0.0,1.0,0.0,10.0,2.0,31.0,15.0,0.0,4.0,1.0,0.0,0.0,0.0,14.0,0.0,8.0,2.0,0.0,32.0,5.0,0.0
10,26718847.0,348.0,59.0,0.0,41.0,67.0,99.0,19.0,129.0,27.0,0.0,29.0,84.0,40.0,32.0,33.0,146.0,87.0,152.0,288.0,97.0,28.0,13.0,17.0,111.0,22.0,13.0,93.0,218.0,0.0,80.0,316.0,192.0,79.0,82.0,29.0,89.0,147.0,318.0,26.0,110.0,4.0,45.0,32.0,0.0,0.0,0.0,0.0,0.0,0.0,0.0,0.0,0.0,0.0,0.0,0.0,0.0,0.0,0.0,0.0,0.0,0.0,1.0,0.0,0.0,0.0,0.0,0.0,0.0,0.0,0.0,0.0,0.0,0.0,0.0,0.0,0.0,0.0,0.0,0.0,0.0,0.0,0.0,0.0,0.0,121.0,241.0,45.0,31.0,309.0,245.0,52.0,101.0,329.0,295.0,141.0,234.0,5.0,0.0,0.0,17.0,0.0,37.0,4.0,1.0,15.0,0.0,1.0,35.0,212.0,8.0,69.0,2.0,31.0,2.0,246.0,36.0,8.0,100.0,60.0,0.0,0.0,0.0,96.0,0.0,186.0,9.0,1.0,194.0,21.0,13.0
11,34947001.0,41.0,2.0,0.0,7.0,12.0,22.0,31.0,13.0,8.0,29.0,0.0,11.0,8.0,10.0,9.0,7.0,23.0,60.0,16.0,8.0,20.0,5.0,3.0,21.0,3.0,6.0,28.0,58.0,5.0,1.0,12.0,18.0,9.0,24.0,3.0,17.0,26.0,23.0,8.0,66.0,0.0,34.0,9.0,0.0,0.0,0.0,0.0,1.0,0.0,0.0,0.0,0.0,0.0,0.0,0.0,0.0,0.0,0.0,0.0,0.0,0.0,0.0,0.0,0.0,0.0,0.0,0.0,0.0,0.0,0.0,0.0,0.0,0.0,0.0,0.0,0.0,0.0,0.0,0.0,0.0,0.0,0.0,0.0,0.0,4.0,6.0,3.0,17.0,8.0,34.0,20.0,64.0,22.0,21.0,2.0,22.0,0.0,0.0,0.0,3.0,0.0,13.0,0.0,0.0,1.0,0.0,0.0,5.0,41.0,0.0,1.0,1.0,8.0,1.0,56.0,33.0,0.0,4.0,0.0,0.0,0.0,0.0,12.0,0.0,4.0,2.0,0.0,13.0,2.0,0.0
12,35158890.0,132.0,31.0,2.0,12.0,23.0,49.0,7.0,37.0,6.0,84.0,11.0,0.0,8.0,18.0,6.0,45.0,21.0,91.0,85.0,44.0,14.0,3.0,3.0,24.0,4.0,0.0,55.0,106.0,0.0,10.0,52.0,32.0,55.0,28.0,15.0,26.0,47.0,35.0,11.0,41.0,2.0,6.0,13.0,0.0,0.0,0.0,0.0,0.0,0.0,0.0,0.0,0.0,0.0,0.0,0.0,0.0,0.0,0.0,0.0,0.0,0.0,0.0,0.0,0.0,0.0,0.0,0.0,0.0,0.0,0.0,0.0,0.0,0.0,0.0,0.0,0.0,0.0,0.0,0.0,0.0,0.0,0.0,0.0,0.0,88.0,44.0,22.0,25.0,36.0,35.0,21.0,53.0,50.0,70.0,63.0,59.0,0.0,0.0,0.0,15.0,0.0,11.0,0.0,0.0,2.0,0.0,0.0,3.0,85.0,5.0,22.0,4.0,4.0,2.0,84.0,18.0,0.0,13.0,10.0,0.0,0.0,0.0,29.0,0.0,54.0,2.0,2.0,10.0,4.0,0.0
13,36935615.0,101.0,1.0,2.0,21.0,19.0,7.0,4.0,11.0,6.0,40.0,8.0,8.0,0.0,3.0,10.0,9.0,9.0,20.0,48.0,2.0,4.0,3.0,2.0,39.0,32.0,4.0,6.0,23.0,0.0,0.0,12.0,16.0,3.0,14.0,7.0,7.0,20.0,32.0,41.0,18.0,1.0,17.0,25.0,4.0,2.0,4.0,0.0,1.0,2.0,3.0,0.0,1.0,3.0,0.0,4.0,5.0,0.0,0.0,5.0,3.0,3.0,0.0,1.0,2.0,0.0,0.0,3.0,1.0,0.0,3.0,0.0,5.0,0.0,2.0,2.0,3.0,0.0,6.0,1.0,4.0,1.0,5.0,4.0,2.0,27.0,3.0,4.0,5.0,12.0,15.0,14.0,23.0,9.0,17.0,3.0,10.0,1.0,0.0,0.0,42.0,0.0,32.0,2.0,0.0,0.0,0.0,0.0,2.0,26.0,0.0,1.0,0.0,7.0,38.0,58.0,9.0,0.0,4.0,1.0,0.0,0.0,0.0,28.0,0.0,4.0,2.0,1.0,11.0,3.0,0.0
14,40692423.0,37.0,10.0,0.0,29.0,11.0,10.0,7.0,26.0,9.0,32.0,10.0,18.0,3.0,0.0,8.0,20.0,14.0,55.0,24.0,16.0,3.0,6.0,8.0,22.0,3.0,2.0,14.0,35.0,0.0,5.0,19.0,13.0,12.0,12.0,8.0,8.0,30.0,18.0,6.0,26.0,0.0,12.0,12.0,0.0,0.0,0.0,0.0,0.0,0.0,0.0,0.0,0.0,0.0,0.0,0.0,0.0,0.0,0.0,0.0,0.0,0.0,0.0,0.0,0.0,0.0,0.0,0.0,0.0,0.0,0.0,0.0,0.0,0.0,0.0,0.0,0.0,0.0,0.0,0.0,0.0,0.0,0.0,0.0,0.0,39.0,12.0,8.0,4.0,27.0,18.0,14.0,30.0,19.0,27.0,18.0,31.0,1.0,0.0,0.0,6.0,0.0,11.0,1.0,0.0,2.0,0.0,0.0,6.0,36.0,1.0,10.0,0.0,7.0,0.0,34.0,5.0,0.0,5.0,2.0,1.0,1.0,1.0,11.0,0.0,19.0,6.0,0.0,14.0,6.0,0.0
15,47379932.0,27.0,0.0,0.0,4.0,22.0,11.0,10.0,21.0,12.0,33.0,9.0,6.0,10.0,8.0,0.0,13.0,20.0,27.0,36.0,7.0,11.0,8.0,5.0,18.0,6.0,3.0,8.0,31.0,0.0,5.0,16.0,27.0,5.0,26.0,19.0,6.0,36.0,29.0,16.0,32.0,0.0,25.0,16.0,0.0,0.0,0.0,0.0,0.0,0.0,0.0,0.0,0.0,0.0,0.0,0.0,0.0,0.0,0.0,0.0,0.0,0.0,0.0,0.0,0.0,0.0,0.0,0.0,0.0,0.0,0.0,0.0,0.0,0.0,0.0,0.0,0.0,0.0,0.0,0.0,0.0,0.0,0.0,0.0,0.0,9.0,4.0,7.0,3.0,22.0,32.0,30.0,26.0,15.0,33.0,6.0,27.0,2.0,0.0,0.0,1.0,0.0,21.0,1.0,0.0,2.0,0.0,0.0,6.0,33.0,2.0,2.0,0.0,16.0,0.0,34.0,15.0,0.0,11.0,1.0,0.0,0.0,0.0,18.0,0.0,10.0,1.0,1.0,24.0,9.0,0.0
16,47950082.0,147.0,63.0,0.0,81.0,51.0,42.0,2.0,72.0,11.0,146.0,7.0,45.0,9.0,20.0,13.0,0.0,46.0,105.0,190.0,55.0,9.0,5.0,2.0,73.0,10.0,1.0,66.0,134.0,0.0,15.0,112.0,47.0,42.0,24.0,37.0,60.0,62.0,49.0,9.0,37.0,5.0,14.0,17.0,0.0,0.0,0.0,0.0,1.0,0.0,0.0,0.0,0.0,0.0,0.0,0.0,0.0,0.0,0.0,0.0,0.0,0.0,0.0,0.0,0.0,0.0,0.0,0.0,0.0,0.0,0.0,0.0,0.0,0.0,0.0,0.0,0.0,0.0,0.0,0.0,0.0,0.0,0.0,0.0,0.0,82.0,85.0,22.0,25.0,84.0,53.0,34.0,55.0,111.0,84.0,95.0,57.0,3.0,0.0,0.0,24.0,0.0,21.0,1.0,0.0,1.0,0.0,0.0,6.0,143.0,3.0,36.0,2.0,9.0,2.0,74.0,15.0,0.0,20.0,41.0,0.0,0.0,0.0,82.0,0.0,105.0,8.0,0.0,23.0,8.0,1.0
17,49008274.0,63.0,12.0,0.0,13.0,25.0,70.0,21.0,30.0,22.0,87.0,23.0,21.0,9.0,14.0,20.0,46.0,0.0,72.0,77.0,14.0,23.0,20.0,6.0,33.0,9.0,6.0,32.0,84.0,0.0,5.0,50.0,44.0,13.0,37.0,21.0,24.0,46.0,45.0,18.0,72.0,2.0,31.0,23.0,0.0,0.0,0.0,0.0,0.0,0.0,0.0,0.0,0.0,0.0,0.0,0.0,0.0,0.0,0.0,0.0,0.0,0.0,0.0,0.0,0.0,0.0,0.0,0.0,0.0,0.0,0.0,0.0,0.0,0.0,0.0,0.0,0.0,0.0,0.0,0.0,0.0,0.0,0.0,0.0,0.0,12.0,20.0,13.0,22.0,28.0,51.0,31.0,44.0,56.0,48.0,9.0,43.0,2.0,0.0,0.0,1.0,0.0,13.0,2.0,0.0,2.0,0.0,0.0,12.0,49.0,1.0,5.0,5.0,14.0,0.0,66.0,23.0,1.0,14.0,3.0,0.0,0.0,0.0,24.0,0.0,17.0,3.0,0.0,32.0,8.0,0.0
18,51478771.0,204.0,62.0,1.0,52.0,58.0,106.0,66.0,89.0,43.0,152.0,60.0,91.0,20.0,55.0,27.0,105.0,72.0,0.0,149.0,136.0,64.0,14.0,8.0,89.0,17.0,3.0,121.0,400.0,0.0,11.0,93.0,75.0,92.0,111.0,49.0,79.0,127.0,68.0,17.0,200.0,7.0,35.0,34.0,0.0,0.0,0.0,0.0,1.0,0.0,1.0,0.0,0.0,0.0,0.0,0.0,0.0,0.0,0.0,0.0,0.0,0.0,0.0,0.0,0.0,0.0,0.0,0.0,0.0,1.0,0.0,0.0,0.0,0.0,0.0,0.0,0.0,0.0,0.0,0.0,0.0,0.0,0.0,0.0,0.0,124.0,66.0,38.0,105.0,85.0,95.0,91.0,397.0,128.0,147.0,117.0,110.0,4.0,0.0,0.0,50.0,0.0,42.0,2.0,0.0,5.0,0.0,0.0,14.0,295.0,8.0,31.0,6.0,19.0,17.0,212.0,52.0,0.0,24.0,28.0,1.0,1.0,1.0,97.0,0.0,98.0,16.0,3.0,44.0,13.0,1.0
19,54308395.0,429.0,51.0,1.0,67.0,104.0,84.0,12.0,128.0,24.0,288.0,16.0,85.0,48.0,24.0,36.0,190.0,77.0,149.0,0.0,100.0,22.0,9.0,10.0,133.0,11.0,5.0,148.0,243.0,0.0,13.0,179.0,108.0,94.0,64.0,42.0,102.0,119.0,103.0,16.0,86.0,5.0,30.0,37.0,0.0,0.0,0.0,0.0,0.0,0.0,1.0,0.0,0.0,0.0,0.0,0.0,0.0,0.0,0.0,0.0,0.0,0.0,1.0,0.0,0.0,0.0,0.0,0.0,0.0,1.0,0.0,0.0,0.0,0.0,0.0,0.0,0.0,0.0,0.0,0.0,0.0,0.0,0.0,0.0,0.0,99.0,111.0,41.0,35.0,142.0,105.0,74.0,104.0,199.0,175.0,130.0,104.0,4.0,0.0,0.0,53.0,0.0,47.0,4.0,0.0,4.0,0.0,0.0,13.0,302.0,15.0,40.0,4.0,29.0,22.0,184.0,34.0,0.0,44.0,39.0,0.0,0.0,0.0,171.0,0.0,126.0,7.0,0.0,45.0,20.0,1.0
20,57811254.0,73.0,39.0,0.0,12.0,8.0,31.0,22.0,75.0,16.0,97.0,8.0,44.0,2.0,16.0,7.0,55.0,14.0,136.0,100.0,0.0,17.0,1.0,5.0,20.0,4.0,1.0,24.0,126.0,0.0,28.0,98.0,29.0,70.0,45.0,7.0,8.0,53.0,32.0,1.0,47.0,0.0,6.0,6.0,0.0,0.0,0.0,0.0,0.0,0.0,0.0,0.0,0.0,0.0,0.0,0.0,0.0,0.0,0.0,0.0,0.0,0.0,0.0,0.0,0.0,0.0,0.0,0.0,0.0,0.0,0.0,0.0,0.0,0.0,0.0,0.0,0.0,0.0,0.0,0.0,0.0,0.0,0.0,0.0,0.0,67.0,38.0,29.0,8.0,102.0,50.0,26.0,27.0,119.0,96.0,180.0,78.0,2.0,0.0,0.0,3.0,0.0,7.0,1.0,0.0,5.0,0.0,0.0,7.0,133.0,3.0,59.0,2.0,7.0,0.0,88.0,18.0,0.0,16.0,25.0,0.0,0.0,0.0,22.0,0.0,163.0,5.0,1.0,12.0,4.0,2.0
21,62842049.0,35.0,7.0,1.0,6.0,16.0,41.0,23.0,15.0,24.0,28.0,20.0,14.0,4.0,3.0,11.0,9.0,23.0,64.0,22.0,17.0,0.0,2.0,2.0,15.0,7.0,1.0,38.0,138.0,1.0,3.0,18.0,23.0,21.0,15.0,20.0,34.0,30.0,34.0,9.0,120.0,0.0,17.0,8.0,0.0,0.0,0.0,0.0,0.0,0.0,0.0,0.0,0.0,0.0,0.0,0.0,0.0,0.0,0.0,0.0,0.0,0.0,0.0,0.0,0.0,0.0,0.0,0.0,0.0,0.0,0.0,0.0,0.0,0.0,0.0,0.0,0.0,0.0,0.0,0.0,0.0,0.0,0.0,0.0,0.0,6.0,8.0,2.0,25.0,8.0,35.0,37.0,64.0,24.0,22.0,1.0,27.0,1.0,0.0,0.0,3.0,0.0,15.0,0.0,0.0,0.0,0.0,0.0,1.0,63.0,2.0,3.0,2.0,6.0,1.0,43.0,44.0,0.0,3.0,4.0,0.0,0.0,0.0,20.0,0.0,8.0,0.0,0.0,16.0,2.0,1.0
22,75055396.0,14.0,1.0,0.0,4.0,8.0,4.0,8.0,11.0,4.0,13.0,5.0,3.0,3.0,6.0,8.0,5.0,20.0,14.0,9.0,1.0,2.0,0.0,4.0,11.0,1.0,2.0,6.0,17.0,0.0,0.0,8.0,10.0,4.0,9.0,5.0,6.0,14.0,9.0,4.0,18.0,2.0,12.0,8.0,0.0,0.0,0.0,0.0,0.0,0.0,0.0,0.0,0.0,0.0,0.0,0.0,0.0,0.0,0.0,0.0,0.0,0.0,0.0,0.0,0.0,0.0,0.0,0.0,0.0,0.0,0.0,0.0,0.0,0.0,0.0,0.0,0.0,0.0,0.0,0.0,0.0,0.0,0.0,0.0,0.0,3.0,4.0,1.0,4.0,6.0,10.0,7.0,11.0,5.0,11.0,0.0,13.0,0.0,0.0,0.0,1.0,0.0,4.0,1.0,0.0,1.0,0.0,0.0,2.0,15.0,0.0,2.0,0.0,6.0,0.0,19.0,3.0,0.0,5.0,0.0,0.0,0.0,0.0,8.0,0.0,2.0,3.0,0.0,10.0,3.0,0.0
23,80293889.0,13.0,0.0,0.0,1.0,5.0,6.0,4.0,8.0,5.0,17.0,3.0,3.0,2.0,8.0,5.0,2.0,6.0,8.0,10.0,5.0,2.0,4.0,0.0,5.0,1.0,1.0,2.0,11.0,0.0,0.0,5.0,11.0,3.0,10.0,1.0,3.0,11.0,13.0,2.0,9.0,0.0,7.0,5.0,0.0,0.0,0.0,0.0,0.0,0.0,0.0,0.0,0.0,0.0,0.0,0.0,0.0,0.0,0.0,0.0,0.0,0.0,0.0,0.0,0.0,0.0,0.0,0.0,0.0,0.0,0.0,0.0,0.0,0.0,0.0,0.0,0.0,0.0,0.0,0.0,0.0,0.0,0.0,0.0,0.0,0.0,2.0,2.0,1.0,10.0,7.0,6.0,8.0,7.0,14.0,2.0,12.0,1.0,0.0,0.0,0.0,0.0,5.0,1.0,0.0,1.0,0.0,0.0,3.0,10.0,1.0,0.0,0.0,9.0,0.0,9.0,2.0,0.0,4.0,0.0,0.0,0.0,0.0,2.0,0.0,4.0,1.0,0.0,11.0,5.0,1.0
24,80791048.0,150.0,29.0,0.0,55.0,42.0,31.0,10.0,28.0,20.0,111.0,21.0,24.0,39.0,22.0,18.0,73.0,33.0,89.0,133.0,20.0,15.0,11.0,5.0,0.0,14.0,3.0,80.0,88.0,0.0,7.0,72.0,48.0,21.0,28.0,45.0,86.0,62.0,40.0,19.0,55.0,7.0,20.0,28.0,0.0,0.0,0.0,0.0,0.0,0.0,0.0,0.0,0.0,0.0,0.0,0.0,0.0,0.0,0.0,0.0,0.0,0.0,0.0,0.0,0.0,0.0,0.0,0.0,0.0,0.0,0.0,0.0,0.0,0.0,0.0,1.0,0.0,0.0,0.0,0.0,0.0,0.0,0.0,0.0,0.0,70.0,77.0,10.0,35.0,42.0,49.0,30.0,79.0,42.0,66.0,33.0,57.0,3.0,0.0,0.0,55.0,0.0,23.0,3.0,0.0,3.0,0.0,0.0,12.0,129.0,4.0,18.0,0.0,14.0,6.0,94.0,17.0,0.0,18.0,36.0,0.0,0.0,0.0,92.0,0.0,48.0,24.0,0.0,26.0,9.0,1.0
25,83845274.0,15.0,10.0,1.0,6.0,18.0,9.0,3.0,6.0,5.0,22.0,3.0,4.0,32.0,3.0,6.0,10.0,9.0,17.0,11.0,4.0,7.0,1.0,1.0,14.0,0.0,3.0,10.0,20.0,0.0,0.0,8.0,10.0,3.0,3.0,8.0,6.0,13.0,12.0,6.0,11.0,1.0,5.0,5.0,0.0,0.0,0.0,0.0,0.0,0.0,0.0,0.0,0.0,0.0,0.0,0.0,0.0,0.0,0.0,0.0,0.0,0.0,0.0,0.0,0.0,0.0,0.0,0.0,0.0,0.0,0.0,0.0,0.0,0.0,0.0,0.0,0.0,0.0,0.0,0.0,0.0,0.0,0.0,0.0,0.0,25.0,6.0,1.0,6.0,6.0,9.0,4.0,16.0,3.0,16.0,2.0,15.0,0.0,0.0,0.0,8.0,0.0,13.0,1.0,0.0,0.0,0.0,0.0,4.0,32.0,1.0,7.0,0.0,5.0,0.0,32.0,6.0,0.0,6.0,4.0,0.0,0.0,0.0,14.0,0.0,4.0,5.0,0.0,8.0,4.0,0.0
26,84424836.0,12.0,0.0,0.0,0.0,4.0,3.0,3.0,3.0,0.0,13.0,6.0,0.0,4.0,2.0,3.0,1.0,6.0,3.0,5.0,1.0,1.0,2.0,1.0,3.0,3.0,0.0,1.0,6.0,0.0,3.0,5.0,6.0,0.0,5.0,1.0,3.0,6.0,21.0,5.0,5.0,0.0,10.0,2.0,0.0,0.0,0.0,0.0,0.0,0.0,0.0,0.0,0.0,0.0,0.0,0.0,0.0,0.0,0.0,0.0,0.0,0.0,0.0,0.0,0.0,0.0,0.0,0.0,0.0,0.0,0.0,0.0,0.0,0.0,0.0,0.0,0.0,0.0,0.0,0.0,0.0,0.0,0.0,0.0,0.0,2.0,4.0,0.0,0.0,6.0,11.0,3.0,5.0,7.0,8.0,0.0,17.0,0.0,0.0,0.0,1.0,0.0,4.0,0.0,0.0,4.0,0.0,0.0,3.0,6.0,0.0,0.0,0.0,4.0,0.0,9.0,1.0,14.0,6.0,1.0,0.0,0.0,0.0,7.0,0.0,2.0,0.0,0.0,10.0,2.0,0.0
27,89351501.0,327.0,39.0,0.0,24.0,74.0,85.0,14.0,26.0,15.0,93.0,28.0,55.0,6.0,14.0,8.0,66.0,32.0,121.0,148.0,24.0,38.0,6.0,2.0,80.0,10.0,1.0,0.0,201.0,1.0,6.0,60.0,47.0,43.0,26.0,51.0,148.0,55.0,44.0,9.0,93.0,10.0,23.0,9.0,0.0,0.0,0.0,0.0,0.0,0.0,0.0,0.0,0.0,0.0,0.0,0.0,0.0,0.0,0.0,0.0,0.0,0.0,0.0,0.0,0.0,0.0,0.0,0.0,0.0,0.0,0.0,0.0,0.0,0.0,0.0,0.0,0.0,0.0,0.0,0.0,0.0,0.0,0.0,0.0,0.0,62.0,49.0,19.0,86.0,27.0,50.0,31.0,134.0,44.0,66.0,27.0,45.0,0.0,0.0,0.0,37.0,0.0,21.0,1.0,0.0,1.0,0.0,0.0,6.0,194.0,16.0,20.0,3.0,6.0,5.0,152.0,38.0,0.0,12.0,18.0,1.0,1.0,1.0,164.0,0.0,29.0,16.0,0.0,14.0,6.0,1.0
28,93011077.0,302.0,135.0,1.0,43.0,79.0,181.0,68.0,123.0,52.0,218.0,58.0,106.0,23.0,35.0,31.0,134.0,84.0,400.0,243.0,126.0,138.0,17.0,11.0,88.0,20.0,6.0,201.0,0.0,0.0,10.0,157.0,112.0,141.0,91.0,87.0,120.0,129.0,127.0,23.0,355.0,7.0,42.0,35.0,0.0,0.0,0.0,0.0,1.0,0.0,0.0,0.0,0.0,0.0,0.0,0.0,0.0,1.0,0.0,0.0,0.0,0.0,0.0,0.0,0.0,0.0,0.0,0.0,0.0,0.0,0.0,0.0,0.0,0.0,0.0,0.0,0.0,0.0,0.0,0.0,0.0,0.0,0.0,0.0,0.0,103.0,116.0,38.0,128.0,91.0,131.0,127.0,277.0,205.0,149.0,76.0,121.0,4.0,0.0,0.0,18.0,0.0,69.0,3.0,0.0,3.0,0.0,0.0,11.0,355.0,10.0,34.0,9.0,32.0,3.0,225.0,100.0,0.0,25.0,57.0,0.0,0.0,0.0,131.0,0.0,112.0,17.0,2.0,49.0,14.0,0.0
29,101411925.0,1.0,0.0,0.0,0.0,0.0,0.0,0.0,0.0,0.0,0.0,5.0,0.0,0.0,0.0,0.0,0.0,0.0,0.0,0.0,0.0,1.0,0.0,0.0,0.0,0.0,0.0,1.0,0.0,0.0,0.0,0.0,0.0,0.0,0.0,0.0,0.0,1.0,0.0,0.0,0.0,0.0,3.0,0.0,0.0,0.0,0.0,0.0,0.0,0.0,0.0,0.0,0.0,0.0,0.0,0.0,0.0,0.0,0.0,0.0,0.0,0.0,0.0,0.0,0.0,0.0,0.0,0.0,0.0,0.0,0.0,0.0,0.0,0.0,0.0,0.0,0.0,0.0,0.0,0.0,0.0,0.0,0.0,0.0,0.0,0.0,0.0,0.0,0.0,0.0,0.0,0.0,0.0,0.0,0.0,0.0,0.0,0.0,0.0,0.0,0.0,0.0,0.0,0.0,0.0,0.0,0.0,0.0,0.0,0.0,0.0,0.0,0.0,0.0,0.0,0.0,0.0,0.0,0.0,0.0,0.0,0.0,0.0,0.0,0.0,0.0,0.0,0.0,0.0,0.0,0.0
30,124407978.0,45.0,6.0,0.0,3.0,1.0,9.0,0.0,15.0,3.0,80.0,1.0,10.0,0.0,5.0,5.0,15.0,5.0,11.0,13.0,28.0,3.0,0.0,0.0,7.0,0.0,3.0,6.0,10.0,0.0,0.0,136.0,29.0,10.0,7.0,2.0,1.0,8.0,33.0,2.0,2.0,0.0,2.0,0.0,0.0,0.0,0.0,0.0,0.0,0.0,0.0,0.0,0.0,0.0,0.0,0.0,0.0,0.0,0.0,0.0,0.0,0.0,0.0,0.0,0.0,0.0,0.0,0.0,0.0,0.0,0.0,0.0,0.0,0.0,0.0,0.0,0.0,0.0,0.0,0.0,0.0,0.0,0.0,0.0,0.0,38.0,24.0,12.0,0.0,57.0,66.0,1.0,3.0,42.0,140.0,70.0,124.0,0.0,0.0,0.0,2.0,0.0,0.0,0.0,1.0,58.0,0.0,1.0,0.0,18.0,0.0,68.0,0.0,0.0,0.0,79.0,4.0,7.0,26.0,4.0,0.0,0.0,0.0,4.0,0.0,97.0,2.0,0.0,17.0,0.0,22.0
31,125797024.0,219.0,71.0,0.0,29.0,26.0,87.0,10.0,81.0,7.0,316.0,12.0,52.0,12.0,19.0,16.0,112.0,50.0,93.0,179.0,98.0,18.0,8.0,5.0,72.0,8.0,5.0,60.0,157.0,0.0,136.0,0.0,96.0,53.0,34.0,8.0,53.0,71.0,91.0,11.0,65.0,1.0,15.0,17.0,0.0,0.0,0.0,0.0,0.0,0.0,0.0,0.0,0.0,0.0,0.0,0.0,0.0,0.0,0.0,0.0,0.0,0.0,0.0,0.0,0.0,0.0,0.0,0.0,0.0,0.0,0.0,0.0,0.0,0.0,0.0,0.0,0.0,0.0,0.0,0.0,0.0,0.0,0.0,0.0,0.0,85.0,138.0,45.0,20.0,231.0,154.0,22.0,44.0,263.0,216.0,198.0,177.0,0.0,0.0,0.0,14.0,0.0,15.0,1.0,3.0,39.0,0.0,0.0,10.0,139.0,3.0,145.0,2.0,15.0,0.0,212.0,21.0,6.0,39.0,36.0,1.0,1.0,1.0,49.0,0.0,267.0,4.0,0.0,43.0,6.0,15.0
32,131803623.0,116.0,15.0,0.0,14.0,49.0,54.0,17.0,46.0,25.0,192.0,18.0,32.0,16.0,13.0,27.0,47.0,44.0,75.0,108.0,29.0,23.0,10.0,11.0,48.0,10.0,6.0,47.0,112.0,0.0,29.0,96.0,0.0,26.0,59.0,29.0,29.0,79.0,100.0,18.0,78.0,0.0,29.0,21.0,0.0,0.0,0.0,0.0,0.0,0.0,0.0,0.0,0.0,0.0,0.0,0.0,0.0,0.0,0.0,0.0,0.0,0.0,0.0,0.0,0.0,0.0,0.0,0.0,0.0,0.0,0.0,0.0,0.0,0.0,0.0,0.0,0.0,0.0,0.0,0.0,0.0,0.0,0.0,0.0,0.0,28.0,58.0,25.0,25.0,63.0,142.0,60.0,64.0,124.0,131.0,23.0,88.0,3.0,0.0,0.0,7.0,0.0,30.0,3.0,1.0,6.0,0.0,1.0,14.0,94.0,2.0,13.0,2.0,27.0,1.0,93.0,25.0,5.0,40.0,14.0,0.0,0.0,0.0,57.0,0.0,46.0,4.0,0.0,53.0,11.0,3.0
33,136208159.0,79.0,36.0,0.0,10.0,23.0,46.0,6.0,55.0,7.0,79.0,9.0,55.0,3.0,12.0,5.0,42.0,13.0,92.0,94.0,70.0,21.0,4.0,3.0,21.0,3.0,0.0,43.0,141.0,0.0,10.0,53.0,26.0,0.0,30.0,9.0,31.0,36.0,27.0,6.0,42.0,3.0,9.0,5.0,0.0,0.0,0.0,0.0,0.0,0.0,0.0,0.0,0.0,0.0,0.0,0.0,0.0,0.0,0.0,0.0,0.0,0.0,0.0,0.0,0.0,0.0,0.0,0.0,0.0,0.0,0.0,0.0,0.0,0.0,0.0,0.0,0.0,0.0,0.0,0.0,0.0,0.0,0.0,0.0,0.0,48.0,33.0,26.0,25.0,51.0,28.0,14.0,58.0,74.0,67.0,97.0,59.0,2.0,0.0,0.0,9.0,0.0,11.0,1.0,0.0,2.0,0.0,0.0,4.0,104.0,12.0,27.0,3.0,5.0,0.0,75.0,28.0,0.0,8.0,20.0,0.0,0.0,0.0,33.0,0.0,75.0,10.0,0.0,9.0,9.0,0.0
34,144477353.0,66.0,6.0,0.0,6.0,33.0,35.0,36.0,45.0,17.0,82.0,24.0,28.0,14.0,12.0,26.0,24.0,37.0,111.0,64.0,45.0,15.0,9.0,10.0,28.0,3.0,5.0,26.0,91.0,0.0,7.0,34.0,59.0,30.0,0.0,14.0,14.0,69.0,51.0,15.0,86.0,2.0,31.0,20.0,0.0,0.0,0.0,0.0,0.0,0.0,0.0,0.0,0.0,0.0,0.0,0.0,0.0,0.0,0.0,0.0,0.0,0.0,0.0,0.0,0.0,0.0,0.0,0.0,0.0,0.0,0.0,0.0,0.0,0.0,0.0,0.0,0.0,0.0,0.0,0.0,0.0,0.0,0.0,0.0,0.0,36.0,23.0,12.0,11.0,54.0,71.0,46.0,64.0,57.0,76.0,41.0,52.0,5.0,0.0,0.0,6.0,0.0,30.0,2.0,0.0,2.0,0.0,0.0,9.0,90.0,1.0,7.0,4.0,18.0,1.0,82.0,24.0,0.0,20.0,2.0,0.0,0.0,0.0,36.0,0.0,29.0,2.0,1.0,30.0,9.0,2.0
35,145832580.0,49.0,9.0,0.0,16.0,32.0,12.0,7.0,16.0,73.0,29.0,3.0,15.0,7.0,8.0,19.0,37.0,21.0,49.0,42.0,7.0,20.0,5.0,1.0,45.0,8.0,1.0,51.0,87.0,0.0,2.0,8.0,29.0,9.0,14.0,0.0,54.0,49.0,25.0,11.0,64.0,3.0,18.0,13.0,0.0,0.0,0.0,0.0,0.0,0.0,0.0,0.0,0.0,0.0,0.0,0.0,0.0,0.0,0.0,0.0,0.0,0.0,0.0,0.0,0.0,0.0,0.0,0.0,0.0,0.0,0.0,0.0,0.0,0.0,0.0,1.0,0.0,0.0,0.0,0.0,0.0,0.0,0.0,0.0,0.0,21.0,11.0,2.0,31.0,14.0,44.0,107.0,77.0,23.0,31.0,2.0,32.0,1.0,0.0,0.0,26.0,0.0,30.0,4.0,0.0,0.0,0.0,0.0,3.0,63.0,13.0,1.0,1.0,12.0,3.0,52.0,17.0,0.0,8.0,5.0,0.0,0.0,0.0,101.0,0.0,15.0,13.0,1.0,31.0,8.0,0.0
36,148509906.0,183.0,25.0,1.0,16.0,52.0,64.0,5.0,19.0,8.0,89.0,17.0,26.0,7.0,8.0,6.0,60.0,24.0,79.0,102.0,8.0,34.0,6.0,3.0,86.0,6.0,3.0,148.0,120.0,0.0,1.0,53.0,29.0,31.0,14.0,54.0,0.0,38.0,36.0,5.0,52.0,6.0,15.0,15.0,0.0,0.0,0.0,0.0,0.0,0.0,0.0,0.0,0.0,0.0,0.0,0.0,0.0,0.0,0.0,0.0,0.0,0.0,0.0,0.0,0.0,0.0,0.0,0.0,0.0,0.0,0.0,0.0,0.0,0.0,0.0,0.0,0.0,0.0,0.0,0.0,0.0,0.0,0.0,0.0,0.0,40.0,50.0,8.0,78.0,56.0,29.0,26.0,103.0,45.0,40.0,28.0,40.0,1.0,0.0,0.0,23.0,0.0,12.0,7.0,0.0,0.0,0.0,0.0,4.0,108.0,119.0,11.0,1.0,10.0,9.0,91.0,19.0,0.0,16.0,10.0,1.0,1.0,1.0,279.0,0.0,25.0,11.0,0.0,21.0,22.0,0.0
37,153465683.0,127.0,17.0,0.0,33.0,81.0,52.0,32.0,72.0,44.0,147.0,26.0,47.0,20.0,30.0,36.0,62.0,46.0,127.0,119.0,53.0,30.0,14.0,11.0,62.0,13.0,6.0,55.0,129.0,1.0,8.0,71.0,79.0,36.0,69.0,49.0,38.0,0.0,89.0,22.0,117.0,3.0,80.0,33.0,0.0,0.0,0.0,0.0,1.0,0.0,0.0,0.0,0.0,0.0,0.0,0.0,0.0,0.0,0.0,0.0,0.0,0.0,0.0,0.0,0.0,0.0,0.0,0.0,0.0,0.0,0.0,0.0,0.0,0.0,0.0,0.0,0.0,0.0,0.0,0.0,0.0,0.0,0.0,0.0,0.0,93.0,51.0,33.0,18.0,68.0,136.0,102.0,100.0,80.0,150.0,61.0,105.0,5.0,0.0,0.0,8.0,0.0,57.0,4.0,0.0,7.0,0.0,0.0,23.0,133.0,4.0,18.0,2.0,43.0,3.0,124.0,31.0,0.0,51.0,14.0,0.0,0.0,0.0,72.0,0.0,59.0,10.0,2.0,68.0,18.0,4.0
38,154961965.0,195.0,15.0,1.0,25.0,44.0,44.0,13.0,52.0,20.0,318.0,23.0,35.0,32.0,18.0,29.0,49.0,45.0,68.0,103.0,32.0,34.0,9.0,13.0,40.0,12.0,21.0,44.0,127.0,0.0,33.0,91.0,100.0,27.0,51.0,25.0,36.0,89.0,0.0,22.0,91.0,2.0,44.0,27.0,0.0,0.0,0.0,0.0,0.0,0.0,0.0,0.0,0.0,0.0,0.0,0.0,0.0,0.0,0.0,0.0,0.0,0.0,0.0,0.0,0.0,0.0,0.0,0.0,0.0,0.0,0.0,0.0,0.0,0.0,0.0,0.0,0.0,0.0,0.0,0.0,0.0,0.0,0.0,0.0,0.0,43.0,83.0,14.0,14.0,96.0,143.0,50.0,73.0,100.0,118.0,29.0,135.0,3.0,0.0,0.0,7.0,0.0,38.0,3.0,0.0,8.0,0.0,0.0,11.0,93.0,3.0,20.0,1.0,42.0,0.0,99.0,33.0,27.0,48.0,12.0,0.0,0.0,0.0,47.0,0.0,49.0,3.0,0.0,103.0,10.0,6.0
39,158482123.0,32.0,1.0,0.0,12.0,31.0,7.0,7.0,41.0,8.0,26.0,8.0,11.0,41.0,6.0,16.0,9.0,18.0,17.0,16.0,1.0,9.0,4.0,2.0,19.0,6.0,5.0,9.0,23.0,0.0,2.0,11.0,18.0,6.0,15.0,11.0,5.0,22.0,22.0,0.0,25.0,0.0,12.0,10.0,0.0,0.0,0.0,0.0,0.0,0.0,0.0,0.0,0.0,0.0,0.0,0.0,0.0,0.0,0.0,0.0,0.0,0.0,1.0,0.0,0.0,0.0,0.0,0.0,0.0,0.0,0.0,0.0,0.0,0.0,1.0,1.0,0.0,0.0,0.0,0.0,0.0,0.0,0.0,0.0,0.0,7.0,5.0,3.0,6.0,10.0,23.0,18.0,23.0,16.0,18.0,0.0,14.0,1.0,0.0,0.0,7.0,0.0,18.0,1.0,0.0,1.0,0.0,0.0,4.0,18.0,0.0,0.0,0.0,12.0,12.0,22.0,12.0,0.0,7.0,1.0,0.0,0.0,0.0,68.0,0.0,4.0,0.0,1.0,13.0,4.0,0.0
40,159065451.0,122.0,13.0,1.0,13.0,54.0,75.0,71.0,53.0,50.0,110.0,66.0,41.0,18.0,26.0,32.0,37.0,72.0,200.0,86.0,47.0,120.0,18.0,9.0,55.0,11.0,5.0,93.0,355.0,0.0,2.0,65.0,78.0,42.0,86.0,64.0,52.0,117.0,91.0,25.0,0.0,7.0,46.0,29.0,0.0,0.0,0.0,0.0,1.0,0.0,0.0,0.0,0.0,0.0,0.0,0.0,0.0,0.0,0.0,0.0,0.0,0.0,0.0,0.0,0.0,0.0,0.0,0.0,0.0,0.0,0.0,0.0,0.0,0.0,0.0,0.0,0.0,0.0,0.0,0.0,0.0,0.0,0.0,0.0,0.0,26.0,32.0,16.0,66.0,37.0,120.0,110.0,215.0,84.0,90.0,9.0,90.0,4.0,0.0,0.0,7.0,0.0,57.0,3.0,0.0,2.0,0.0,0.0,11.0,164.0,0.0,8.0,6.0,29.0,0.0,145.0,84.0,0.0,22.0,6.0,0.0,0.0,0.0,51.0,0.0,29.0,6.0,3.0,54.0,10.0,0.0
41,164583381.0,6.0,0.0,1.0,1.0,5.0,1.0,0.0,1.0,1.0,4.0,0.0,2.0,1.0,0.0,0.0,5.0,2.0,7.0,5.0,0.0,0.0,2.0,0.0,7.0,1.0,0.0,10.0,7.0,0.0,0.0,1.0,0.0,3.0,2.0,3.0,6.0,3.0,2.0,0.0,7.0,0.0,1.0,2.0,0.0,0.0,0.0,0.0,0.0,0.0,0.0,0.0,0.0,0.0,0.0,0.0,0.0,0.0,0.0,0.0,0.0,0.0,0.0,0.0,0.0,0.0,0.0,0.0,0.0,0.0,0.0,0.0,0.0,0.0,0.0,0.0,0.0,0.0,0.0,0.0,0.0,0.0,0.0,0.0,0.0,8.0,2.0,1.0,2.0,1.0,2.0,1.0,14.0,1.0,3.0,0.0,3.0,0.0,0.0,0.0,1.0,0.0,0.0,0.0,0.0,0.0,0.0,0.0,1.0,6.0,0.0,1.0,0.0,0.0,2.0,10.0,2.0,0.0,3.0,0.0,0.0,0.0,0.0,13.0,0.0,1.0,4.0,0.0,1.0,2.0,0.0
42,206738462.0,56.0,1.0,0.0,7.0,29.0,15.0,17.0,25.0,18.0,45.0,34.0,6.0,17.0,12.0,25.0,14.0,31.0,35.0,30.0,6.0,17.0,12.0,7.0,20.0,5.0,10.0,23.0,42.0,3.0,2.0,15.0,29.0,9.0,31.0,18.0,15.0,80.0,44.0,12.0,46.0,1.0,0.0,27.0,0.0,0.0,0.0,0.0,1.0,0.0,0.0,0.0,0.0,0.0,0.0,0.0,0.0,0.0,0.0,0.0,0.0,0.0,0.0,0.0,0.0,0.0,0.0,0.0,0.0,0.0,0.0,0.0,1.0,0.0,0.0,0.0,0.0,0.0,0.0,0.0,0.0,0.0,0.0,0.0,0.0,10.0,6.0,8.0,5.0,19.0,52.0,44.0,42.0,17.0,55.0,1.0,41.0,4.0,0.0,0.0,1.0,0.0,20.0,3.0,0.0,3.0,0.0,0.0,8.0,37.0,0.0,2.0,0.0,27.0,8.0,51.0,19.0,7.0,10.0,0.0,0.0,0.0,0.0,14.0,0.0,10.0,1.0,1.0,33.0,9.0,1.0
43,230637111.0,50.0,3.0,1.0,10.0,16.0,10.0,9.0,21.0,18.0,32.0,9.0,13.0,25.0,12.0,16.0,17.0,23.0,34.0,37.0,6.0,8.0,8.0,5.0,28.0,5.0,2.0,9.0,35.0,0.0,0.0,17.0,21.0,5.0,20.0,13.0,15.0,33.0,27.0,10.0,29.0,2.0,27.0,0.0,0.0,0.0,0.0,0.0,0.0,0.0,1.0,0.0,0.0,0.0,0.0,0.0,0.0,0.0,0.0,0.0,0.0,0.0,0.0,0.0,0.0,0.0,0.0,0.0,0.0,0.0,0.0,0.0,0.0,0.0,0.0,0.0,0.0,0.0,0.0,0.0,0.0,0.0,0.0,0.0,0.0,16.0,7.0,3.0,4.0,17.0,21.0,21.0,26.0,19.0,31.0,3.0,28.0,2.0,0.0,0.0,8.0,0.0,11.0,1.0,0.0,0.0,0.0,0.0,7.0,28.0,1.0,3.0,0.0,9.0,5.0,31.0,13.0,3.0,11.0,0.0,0.0,0.0,0.0,18.0,0.0,6.0,4.0,1.0,21.0,4.0,0.0
44,234958981.0,1.0,0.0,0.0,0.0,1.0,0.0,0.0,0.0,0.0,0.0,0.0,0.0,4.0,0.0,0.0,0.0,0.0,0.0,0.0,0.0,0.0,0.0,0.0,0.0,0.0,0.0,0.0,0.0,0.0,0.0,0.0,0.0,0.0,0.0,0.0,0.0,0.0,0.0,0.0,0.0,0.0,0.0,0.0,0.0,69.0,1319.0,16.0,5.0,89.0,142.0,8.0,269.0,596.0,0.0,1283.0,1471.0,30.0,3.0,1398.0,413.0,209.0,19.0,1.0,521.0,25.0,25.0,1357.0,2.0,19.0,186.0,0.0,218.0,0.0,199.0,7.0,572.0,0.0,1305.0,48.0,1227.0,6.0,1356.0,1293.0,51.0,0.0,0.0,0.0,0.0,0.0,0.0,0.0,0.0,0.0,0.0,0.0,0.0,0.0,0.0,0.0,0.0,0.0,2.0,0.0,0.0,0.0,0.0,0.0,0.0,0.0,0.0,0.0,0.0,0.0,72.0,0.0,0.0,0.0,0.0,0.0,0.0,0.0,0.0,0.0,0.0,0.0,0.0,0.0,0.0,0.0,0.0
45,234987253.0,0.0,0.0,0.0,0.0,0.0,0.0,0.0,0.0,0.0,0.0,0.0,0.0,2.0,0.0,0.0,0.0,0.0,0.0,0.0,0.0,0.0,0.0,0.0,0.0,0.0,0.0,0.0,0.0,0.0,0.0,0.0,0.0,0.0,0.0,0.0,0.0,0.0,0.0,0.0,0.0,0.0,0.0,0.0,69.0,0.0,124.0,0.0,12.0,54.0,97.0,14.0,33.0,61.0,0.0,66.0,66.0,6.0,2.0,81.0,72.0,53.0,12.0,42.0,59.0,8.0,3.0,66.0,43.0,3.0,61.0,0.0,63.0,0.0,58.0,5.0,64.0,0.0,98.0,42.0,65.0,12.0,64.0,61.0,48.0,0.0,0.0,0.0,0.0,0.0,0.0,0.0,0.0,0.0,0.0,0.0,0.0,0.0,0.0,0.0,0.0,0.0,0.0,0.0,0.0,0.0,0.0,0.0,0.0,0.0,0.0,0.0,0.0,0.0,22.0,0.0,0.0,0.0,0.0,0.0,0.0,0.0,0.0,0.0,0.0,0.0,0.0,0.0,0.0,0.0,0.0
46,235027659.0,1.0,0.0,0.0,0.0,0.0,0.0,0.0,0.0,0.0,0.0,0.0,0.0,4.0,0.0,0.0,0.0,0.0,0.0,0.0,0.0,0.0,0.0,0.0,0.0,0.0,0.0,0.0,0.0,0.0,0.0,0.0,0.0,0.0,0.0,0.0,0.0,0.0,0.0,0.0,0.0,0.0,0.0,0.0,1319.0,124.0,0.0,15.0,6.0,86.0,178.0,27.0,200.0,448.0,0.0,1161.0,1172.0,24.0,5.0,1330.0,315.0,177.0,19.0,51.0,399.0,26.0,19.0,1427.0,49.0,19.0,152.0,0.0,163.0,0.0,164.0,7.0,444.0,0.0,1093.0,46.0,1181.0,3.0,1450.0,1311.0,51.0,0.0,0.0,0.0,0.0,0.0,0.0,0.0,0.0,0.0,0.0,0.0,0.0,0.0,0.0,0.0,0.0,0.0,0.0,0.0,0.0,0.0,0.0,0.0,0.0,0.0,0.0,0.0,0.0,0.0,65.0,0.0,0.0,0.0,0.0,0.0,0.0,0.0,0.0,0.0,0.0,0.0,0.0,0.0,0.0,0.0,0.0
47,235038511.0,0.0,0.0,0.0,0.0,0.0,0.0,0.0,0.0,0.0,0.0,0.0,0.0,0.0,0.0,0.0,0.0,0.0,0.0,0.0,0.0,0.0,0.0,0.0,0.0,0.0,0.0,0.0,0.0,0.0,0.0,0.0,0.0,0.0,0.0,0.0,0.0,0.0,0.0,0.0,0.0,0.0,0.0,0.0,16.0,0.0,15.0,0.0,4.0,0.0,7.0,1.0,5.0,6.0,0.0,15.0,14.0,2.0,0.0,16.0,3.0,5.0,3.0,4.0,5.0,1.0,2.0,19.0,7.0,3.0,2.0,0.0,4.0,0.0,3.0,0.0,6.0,0.0,12.0,1.0,18.0,3.0,19.0,20.0,0.0,0.0,0.0,0.0,0.0,0.0,0.0,0.0,0.0,0.0,0.0,0.0,0.0,0.0,0.0,0.0,0.0,0.0,1.0,0.0,0.0,0.0,0.0,0.0,0.0,0.0,0.0,0.0,0.0,0.0,6.0,0.0,0.0,0.0,0.0,0.0,0.0,0.0,0.0,1.0,0.0,0.0,0.0,0.0,0.0,0.0,0.0
48,235049190.0,0.0,0.0,0.0,2.0,0.0,0.0,0.0,0.0,0.0,0.0,1.0,0.0,1.0,0.0,0.0,1.0,0.0,1.0,0.0,0.0,0.0,0.0,0.0,0.0,0.0,0.0,0.0,1.0,0.0,0.0,0.0,0.0,0.0,0.0,0.0,0.0,1.0,0.0,0.0,1.0,0.0,1.0,0.0,5.0,12.0,6.0,4.0,0.0,1.0,381.0,5.0,805.0,1.0,0.0,6.0,13.0,8.0,3.0,13.0,14.0,12.0,14.0,395.0,5.0,13.0,7.0,45.0,397.0,8.0,9.0,0.0,851.0,0.0,0.0,1.0,633.0,0.0,176.0,0.0,51.0,933.0,11.0,5.0,0.0,0.0,1.0,0.0,0.0,0.0,1.0,1.0,1.0,1.0,1.0,0.0,0.0,0.0,0.0,0.0,0.0,0.0,1.0,0.0,0.0,0.0,0.0,0.0,0.0,0.0,0.0,0.0,0.0,0.0,4.0,1.0,0.0,0.0,0.0,0.0,0.0,0.0,0.0,2.0,0.0,0.0,0.0,0.0,0.0,0.0,0.0
49,235061645.0,0.0,0.0,0.0,0.0,0.0,0.0,0.0,0.0,0.0,0.0,0.0,0.0,2.0,0.0,0.0,0.0,0.0,0.0,0.0,0.0,0.0,0.0,0.0,0.0,0.0,0.0,0.0,0.0,0.0,0.0,0.0,0.0,0.0,0.0,0.0,0.0,0.0,0.0,0.0,0.0,0.0,0.0,0.0,89.0,54.0,86.0,0.0,1.0,0.0,85.0,0.0,42.0,88.0,0.0,89.0,87.0,0.0,0.0,86.0,89.0,74.0,1.0,0.0,87.0,2.0,0.0,86.0,0.0,3.0,83.0,0.0,77.0,0.0,87.0,4.0,87.0,0.0,89.0,44.0,87.0,3.0,82.0,83.0,50.0,0.0,0.0,0.0,0.0,0.0,0.0,0.0,0.0,0.0,0.0,0.0,0.0,0.0,0.0,0.0,0.0,0.0,0.0,0.0,0.0,0.0,0.0,0.0,0.0,0.0,0.0,0.0,0.0,0.0,28.0,0.0,0.0,0.0,0.0,0.0,0.0,0.0,0.0,0.0,0.0,0.0,0.0,0.0,0.0,0.0,0.0
50,235120851.0,1.0,0.0,0.0,2.0,0.0,0.0,0.0,0.0,0.0,0.0,0.0,0.0,3.0,0.0,0.0,0.0,0.0,1.0,1.0,0.0,0.0,0.0,0.0,0.0,0.0,0.0,0.0,0.0,0.0,0.0,0.0,0.0,0.0,0.0,0.0,0.0,0.0,0.0,0.0,0.0,0.0,0.0,1.0,142.0,97.0,178.0,7.0,381.0,85.0,0.0,14.0,406.0,137.0,0.0,140.0,146.0,6.0,3.0,162.0,149.0,118.0,16.0,671.0,133.0,12.0,7.0,158.0,653.0,16.0,139.0,0.0,476.0,2.0,127.0,13.0,406.0,2.0,253.0,49.0,163.0,382.0,128.0,132.0,51.0,1.0,0.0,0.0,0.0,0.0,0.0,2.0,0.0,0.0,0.0,1.0,0.0,0.0,0.0,0.0,2.0,0.0,2.0,0.0,0.0,0.0,0.0,0.0,0.0,0.0,0.0,0.0,0.0,0.0,49.0,0.0,0.0,0.0,0.0,0.0,0.0,0.0,0.0,2.0,0.0,0.0,0.0,0.0,0.0,0.0,0.0
51,235327869.0,0.0,0.0,0.0,0.0,0.0,0.0,0.0,0.0,0.0,0.0,0.0,0.0,0.0,0.0,0.0,0.0,0.0,0.0,0.0,0.0,0.0,0.0,0.0,0.0,0.0,0.0,0.0,0.0,0.0,0.0,0.0,0.0,0.0,0.0,0.0,0.0,0.0,0.0,0.0,0.0,0.0,0.0,0.0,8.0,14.0,27.0,1.0,5.0,0.0,14.0,0.0,3.0,1.0,0.0,9.0,7.0,1.0,0.0,18.0,2.0,0.0,4.0,15.0,0.0,1.0,1.0,10.0,15.0,1.0,0.0,0.0,3.0,0.0,0.0,0.0,2.0,0.0,32.0,0.0,11.0,5.0,9.0,9.0,0.0,0.0,0.0,0.0,0.0,0.0,0.0,0.0,0.0,0.0,0.0,0.0,0.0,0.0,0.0,0.0,0.0,0.0,0.0,0.0,0.0,0.0,0.0,0.0,0.0,0.0,0.0,0.0,0.0,0.0,0.0,0.0,0.0,0.0,0.0,0.0,0.0,0.0,0.0,0.0,0.0,0.0,0.0,0.0,0.0,0.0,0.0
52,235378492.0,0.0,0.0,0.0,1.0,0.0,0.0,0.0,0.0,0.0,0.0,0.0,0.0,1.0,0.0,0.0,0.0,0.0,0.0,0.0,0.0,0.0,0.0,0.0,0.0,0.0,0.0,0.0,0.0,0.0,0.0,0.0,0.0,0.0,0.0,0.0,0.0,0.0,0.0,0.0,0.0,0.0,0.0,0.0,269.0,33.0,200.0,5.0,805.0,42.0,406.0,3.0,0.0,248.0,0.0,259.0,258.0,15.0,7.0,247.0,183.0,99.0,20.0,361.0,227.0,20.0,15.0,238.0,362.0,10.0,83.0,0.0,899.0,0.0,90.0,1.0,868.0,0.0,405.0,17.0,289.0,805.0,229.0,235.0,21.0,0.0,0.0,0.0,0.0,0.0,0.0,0.0,0.0,0.0,0.0,0.0,0.0,0.0,0.0,0.0,0.0,0.0,0.0,0.0,0.0,0.0,0.0,0.0,0.0,0.0,0.0,0.0,0.0,0.0,23.0,0.0,0.0,0.0,0.0,0.0,0.0,0.0,0.0,0.0,0.0,0.0,0.0,0.0,0.0,0.0,0.0
53,235396430.0,0.0,0.0,0.0,0.0,0.0,0.0,0.0,0.0,0.0,0.0,0.0,0.0,3.0,0.0,0.0,0.0,0.0,0.0,0.0,0.0,0.0,0.0,0.0,0.0,0.0,0.0,0.0,0.0,0.0,0.0,0.0,0.0,0.0,0.0,0.0,0.0,0.0,0.0,0.0,0.0,0.0,0.0,0.0,596.0,61.0,448.0,6.0,1.0,88.0,137.0,1.0,248.0,0.0,0.0,568.0,538.0,10.0,1.0,522.0,369.0,183.0,6.0,0.0,499.0,6.0,2.0,443.0,1.0,8.0,162.0,0.0,192.0,0.0,192.0,6.0,542.0,0.0,501.0,48.0,528.0,4.0,502.0,513.0,51.0,0.0,0.0,0.0,0.0,0.0,0.0,0.0,0.0,0.0,0.0,0.0,0.0,0.0,0.0,0.0,0.0,0.0,0.0,0.0,0.0,0.0,0.0,0.0,0.0,0.0,0.0,0.0,0.0,0.0,44.0,0.0,0.0,0.0,0.0,0.0,0.0,0.0,0.0,0.0,0.0,0.0,0.0,0.0,0.0,0.0,0.0
54,235431252.0,0.0,0.0,0.0,0.0,0.0,0.0,0.0,0.0,0.0,0.0,0.0,0.0,0.0,0.0,0.0,0.0,0.0,0.0,0.0,0.0,0.0,0.0,0.0,0.0,0.0,0.0,0.0,0.0,0.0,0.0,0.0,0.0,0.0,0.0,0.0,0.0,0.0,0.0,0.0,0.0,0.0,0.0,0.0,0.0,0.0,0.0,0.0,0.0,0.0,0.0,0.0,0.0,0.0,0.0,0.0,0.0,0.0,0.0,0.0,0.0,0.0,0.0,0.0,0.0,0.0,0.0,0.0,0.0,0.0,0.0,0.0,0.0,0.0,0.0,0.0,0.0,0.0,0.0,0.0,0.0,0.0,0.0,0.0,0.0,0.0,0.0,0.0,0.0,0.0,0.0,0.0,0.0,0.0,0.0,0.0,0.0,0.0,0.0,0.0,0.0,0.0,0.0,0.0,0.0,0.0,0.0,0.0,0.0,0.0,0.0,0.0,0.0,0.0,0.0,0.0,0.0,0.0,0.0,0.0,0.0,0.0,0.0,0.0,0.0,0.0,0.0,0.0,0.0,0.0,0.0
55,235573919.0,1.0,0.0,0.0,1.0,0.0,0.0,0.0,0.0,0.0,0.0,0.0,0.0,4.0,0.0,0.0,0.0,0.0,0.0,0.0,0.0,0.0,0.0,0.0,0.0,0.0,0.0,0.0,0.0,0.0,0.0,0.0,0.0,0.0,0.0,0.0,0.0,0.0,0.0,0.0,0.0,0.0,0.0,0.0,1283.0,66.0,1161.0,15.0,6.0,89.0,140.0,9.0,259.0,568.0,0.0,0.0,1138.0,25.0,4.0,1146.0,388.0,198.0,13.0,3.0,513.0,16.0,17.0,1158.0,2.0,20.0,170.0,0.0,198.0,1.0,198.0,9.0,564.0,2.0,1016.0,47.0,1236.0,6.0,1212.0,1211.0,51.0,0.0,0.0,0.0,0.0,0.0,0.0,0.0,0.0,0.0,0.0,0.0,0.0,0.0,0.0,0.0,2.0,0.0,0.0,0.0,0.0,0.0,0.0,0.0,0.0,0.0,0.0,0.0,0.0,0.0,59.0,0.0,0.0,0.0,0.0,0.0,0.0,0.0,0.0,0.0,0.0,0.0,0.0,0.0,0.0,0.0,0.0
56,235581178.0,0.0,0.0,0.0,0.0,0.0,0.0,0.0,0.0,0.0,0.0,0.0,0.0,5.0,0.0,0.0,0.0,0.0,0.0,0.0,0.0,0.0,0.0,0.0,0.0,0.0,0.0,0.0,0.0,0.0,0.0,0.0,0.0,0.0,0.0,0.0,0.0,0.0,0.0,0.0,0.0,0.0,0.0,0.0,1471.0,66.0,1172.0,14.0,13.0,87.0,146.0,7.0,258.0,538.0,0.0,1138.0,0.0,30.0,3.0,1485.0,394.0,200.0,20.0,12.0,487.0,23.0,22.0,1207.0,10.0,16.0,177.0,0.0,217.0,0.0,191.0,6.0,530.0,0.0,1394.0,46.0,1092.0,15.0,1215.0,1156.0,50.0,0.0,0.0,0.0,0.0,0.0,0.0,1.0,0.0,0.0,0.0,0.0,0.0,0.0,0.0,0.0,0.0,0.0,1.0,0.0,0.0,0.0,0.0,0.0,0.0,0.0,0.0,0.0,0.0,0.0,79.0,0.0,0.0,0.0,0.0,0.0,0.0,0.0,0.0,0.0,0.0,0.0,0.0,0.0,0.0,0.0,0.0
57,235590945.0,0.0,0.0,0.0,0.0,0.0,0.0,0.0,0.0,0.0,0.0,0.0,0.0,0.0,0.0,0.0,0.0,0.0,0.0,0.0,0.0,0.0,0.0,0.0,0.0,0.0,0.0,0.0,1.0,0.0,0.0,0.0,0.0,0.0,0.0,0.0,0.0,0.0,0.0,0.0,0.0,0.0,0.0,0.0,30.0,6.0,24.0,2.0,8.0,0.0,6.0,1.0,15.0,10.0,0.0,25.0,30.0,0.0,4.0,33.0,14.0,10.0,5.0,8.0,7.0,9.0,6.0,20.0,12.0,1.0,11.0,0.0,14.0,0.0,4.0,0.0,15.0,1.0,30.0,0.0,20.0,8.0,23.0,22.0,0.0,0.0,0.0,0.0,0.0,0.0,0.0,0.0,0.0,0.0,0.0,0.0,0.0,0.0,0.0,0.0,0.0,0.0,0.0,0.0,0.0,0.0,0.0,0.0,0.0,0.0,0.0,0.0,0.0,0.0,1.0,0.0,0.0,0.0,0.0,0.0,0.0,0.0,0.0,0.0,0.0,0.0,0.0,0.0,0.0,0.0,0.0
58,235595678.0,0.0,0.0,0.0,0.0,0.0,0.0,0.0,0.0,0.0,0.0,0.0,0.0,0.0,0.0,0.0,0.0,0.0,0.0,0.0,0.0,0.0,0.0,0.0,0.0,0.0,0.0,0.0,0.0,0.0,0.0,0.0,0.0,0.0,0.0,0.0,0.0,0.0,0.0,0.0,0.0,0.0,0.0,0.0,3.0,2.0,5.0,0.0,3.0,0.0,3.0,0.0,7.0,1.0,0.0,4.0,3.0,4.0,0.0,7.0,4.0,1.0,2.0,4.0,2.0,0.0,1.0,4.0,4.0,0.0,1.0,0.0,2.0,0.0,0.0,0.0,4.0,0.0,4.0,0.0,5.0,3.0,5.0,4.0,0.0,0.0,0.0,0.0,0.0,0.0,0.0,0.0,0.0,0.0,0.0,0.0,0.0,0.0,0.0,0.0,0.0,0.0,0.0,0.0,0.0,0.0,0.0,0.0,0.0,0.0,0.0,0.0,0.0,0.0,0.0,0.0,0.0,0.0,0.0,0.0,0.0,0.0,0.0,0.0,0.0,0.0,0.0,0.0,0.0,0.0,0.0
59,235602602.0,0.0,0.0,0.0,0.0,0.0,0.0,0.0,0.0,0.0,0.0,0.0,0.0,5.0,0.0,0.0,0.0,0.0,0.0,0.0,0.0,0.0,0.0,0.0,0.0,0.0,0.0,0.0,0.0,0.0,0.0,0.0,0.0,0.0,0.0,0.0,0.0,0.0,0.0,0.0,0.0,0.0,0.0,0.0,1398.0,81.0,1330.0,16.0,13.0,86.0,162.0,18.0,247.0,522.0,0.0,1146.0,1485.0,33.0,7.0,0.0,383.0,204.0,22.0,49.0,476.0,25.0,23.0,1235.0,47.0,24.0,172.0,0.0,198.0,0.0,191.0,7.0,518.0,1.0,1394.0,45.0,1127.0,15.0,1320.0,1223.0,50.0,0.0,0.0,0.0,0.0,0.0,0.0,0.0,0.0,0.0,0.0,0.0,0.0,0.0,0.0,0.0,0.0,0.0,1.0,0.0,0.0,0.0,0.0,0.0,0.0,0.0,0.0,0.0,0.0,0.0,79.0,0.0,0.0,0.0,0.0,0.0,0.0,0.0,0.0,0.0,0.0,0.0,0.0,0.0,0.0,0.0,0.0
60,235621226.0,1.0,0.0,0.0,0.0,0.0,0.0,0.0,0.0,0.0,0.0,0.0,0.0,3.0,0.0,0.0,0.0,0.0,0.0,0.0,0.0,0.0,0.0,0.0,0.0,0.0,0.0,0.0,0.0,0.0,0.0,0.0,0.0,0.0,0.0,0.0,0.0,0.0,0.0,0.0,0.0,0.0,0.0,0.0,413.0,72.0,315.0,3.0,14.0,89.0,149.0,2.0,183.0,369.0,0.0,388.0,394.0,14.0,4.0,383.0,0.0,201.0,15.0,29.0,350.0,17.0,12.0,312.0,18.0,10.0,178.0,0.0,222.0,0.0,196.0,6.0,366.0,0.0,382.0,47.0,366.0,15.0,338.0,356.0,51.0,0.0,0.0,0.0,0.0,0.0,0.0,0.0,0.0,0.0,0.0,0.0,0.0,0.0,0.0,0.0,0.0,0.0,0.0,0.0,0.0,0.0,0.0,0.0,0.0,0.0,0.0,0.0,0.0,0.0,41.0,0.0,0.0,0.0,0.0,0.0,0.0,0.0,0.0,0.0,0.0,0.0,0.0,0.0,0.0,0.0,0.0
61,235623809.0,0.0,0.0,0.0,0.0,0.0,0.0,0.0,0.0,0.0,0.0,0.0,0.0,3.0,0.0,0.0,0.0,0.0,0.0,0.0,0.0,0.0,0.0,0.0,0.0,0.0,0.0,0.0,0.0,0.0,0.0,0.0,0.0,0.0,0.0,0.0,0.0,0.0,0.0,0.0,0.0,0.0,0.0,0.0,209.0,53.0,177.0,5.0,12.0,74.0,118.0,0.0,99.0,183.0,0.0,198.0,200.0,10.0,1.0,204.0,201.0,0.0,13.0,14.0,179.0,10.0,11.0,178.0,12.0,4.0,142.0,0.0,173.0,0.0,164.0,4.0,188.0,0.0,200.0,37.0,193.0,15.0,179.0,195.0,42.0,0.0,0.0,0.0,0.0,0.0,0.0,0.0,0.0,0.0,0.0,0.0,0.0,0.0,0.0,0.0,0.0,0.0,0.0,0.0,0.0,0.0,0.0,0.0,0.0,0.0,0.0,0.0,0.0,0.0,35.0,0.0,0.0,0.0,0.0,0.0,0.0,0.0,0.0,0.0,0.0,0.0,0.0,0.0,0.0,0.0,0.0
62,235628211.0,0.0,0.0,0.0,1.0,1.0,0.0,0.0,0.0,0.0,1.0,0.0,0.0,0.0,0.0,0.0,0.0,0.0,0.0,1.0,0.0,0.0,0.0,0.0,0.0,0.0,0.0,0.0,0.0,0.0,0.0,0.0,0.0,0.0,0.0,0.0,0.0,0.0,0.0,1.0,0.0,0.0,0.0,0.0,19.0,12.0,19.0,3.0,14.0,1.0,16.0,4.0,20.0,6.0,0.0,13.0,20.0,5.0,2.0,22.0,15.0,13.0,0.0,25.0,4.0,8.0,13.0,16.0,20.0,5.0,14.0,0.0,17.0,0.0,3.0,0.0,14.0,0.0,24.0,2.0,17.0,13.0,18.0,17.0,1.0,0.0,0.0,0.0,0.0,0.0,0.0,0.0,0.0,0.0,0.0,0.0,0.0,0.0,0.0,0.0,0.0,0.0,0.0,0.0,0.0,0.0,0.0,0.0,0.0,0.0,0.0,0.0,0.0,0.0,4.0,0.0,0.0,0.0,0.0,0.0,0.0,0.0,0.0,0.0,0.0,0.0,0.0,0.0,0.0,0.0,0.0
63,235632067.0,0.0,0.0,0.0,3.0,0.0,1.0,0.0,0.0,0.0,0.0,0.0,0.0,1.0,0.0,0.0,0.0,0.0,0.0,0.0,0.0,0.0,0.0,0.0,0.0,0.0,0.0,0.0,0.0,0.0,0.0,0.0,0.0,0.0,0.0,0.0,0.0,0.0,0.0,0.0,0.0,0.0,0.0,0.0,1.0,42.0,51.0,4.0,395.0,0.0,671.0,15.0,361.0,0.0,0.0,3.0,12.0,8.0,4.0,49.0,29.0,14.0,25.0,0.0,1.0,20.0,12.0,30.0,960.0,10.0,26.0,0.0,372.0,0.0,0.0,1.0,292.0,0.0,150.0,0.0,31.0,396.0,7.0,2.0,0.0,0.0,0.0,0.0,0.0,0.0,0.0,0.0,0.0,0.0,0.0,0.0,0.0,0.0,0.0,0.0,1.0,0.0,0.0,0.0,0.0,0.0,0.0,0.0,0.0,0.0,0.0,0.0,0.0,0.0,5.0,0.0,0.0,0.0,0.0,0.0,0.0,0.0,0.0,0.0,0.0,0.0,0.0,0.0,0.0,0.0,0.0
64,235633785.0,1.0,0.0,1.0,0.0,0.0,0.0,0.0,0.0,0.0,0.0,0.0,0.0,2.0,0.0,0.0,0.0,0.0,0.0,0.0,0.0,0.0,0.0,0.0,0.0,0.0,0.0,0.0,0.0,0.0,0.0,0.0,0.0,0.0,0.0,0.0,0.0,0.0,0.0,0.0,0.0,0.0,0.0,0.0,521.0,59.0,399.0,5.0,5.0,87.0,133.0,0.0,227.0,499.0,0.0,513.0,487.0,7.0,2.0,476.0,350.0,179.0,4.0,1.0,0.0,5.0,2.0,402.0,2.0,6.0,154.0,0.0,190.0,0.0,193.0,7.0,510.0,3.0,454.0,48.0,477.0,4.0,449.0,470.0,51.0,0.0,0.0,0.0,0.0,0.0,0.0,0.0,0.0,0.0,0.0,0.0,0.0,0.0,0.0,0.0,0.0,0.0,0.0,0.0,0.0,0.0,0.0,0.0,0.0,0.0,0.0,0.0,0.0,0.0,47.0,0.0,0.0,0.0,0.0,0.0,0.0,0.0,0.0,0.0,0.0,0.0,0.0,0.0,0.0,0.0,0.0
65,235635319.0,0.0,0.0,0.0,0.0,0.0,0.0,0.0,0.0,0.0,0.0,0.0,0.0,0.0,0.0,0.0,0.0,0.0,0.0,0.0,0.0,0.0,0.0,0.0,0.0,0.0,0.0,0.0,0.0,0.0,0.0,0.0,0.0,0.0,0.0,0.0,0.0,0.0,0.0,0.0,0.0,0.0,0.0,0.0,25.0,8.0,26.0,1.0,13.0,2.0,12.0,1.0,20.0,6.0,0.0,16.0,23.0,9.0,0.0,25.0,17.0,10.0,8.0,20.0,5.0,0.0,13.0,21.0,24.0,2.0,13.0,0.0,24.0,0.0,3.0,0.0,17.0,0.0,25.0,1.0,21.0,15.0,21.0,18.0,1.0,0.0,0.0,0.0,0.0,0.0,0.0,0.0,0.0,0.0,0.0,0.0,0.0,0.0,0.0,0.0,0.0,0.0,0.0,0.0,0.0,0.0,0.0,0.0,0.0,0.0,0.0,0.0,0.0,0.0,1.0,0.0,0.0,0.0,0.0,0.0,0.0,0.0,0.0,0.0,0.0,0.0,0.0,0.0,0.0,0.0,0.0
