,0,1,2,3,4,5,6,7,8,9,10,11,12,13,14,15,16,17,18,19,20,21,22,23,24,25,26,27,28,29,30,31,32,33,34,35,36,37,38,39,40,41,42,43,44,45,46,47,48,49,50,51,52,53,54,55,56,57,58,59,60,61,62,63,64,65,66,67,68,69,70,71,72,73,74,75,76,77,78,79,80,81,82,83,84,85,86,87,88,89,90,91,92,93,94,95,96,97,98,99,100,101,102,103,104,105,106,107,108,109,110,111,112,113,114,115,116,117,118,119
0,-1.0,18060557.0,24921240.0,26457380.0,31622418.0,31668901.0,34699794.0,41555288.0,43610956.0,48516077.0,48959778.0,49416159.0,49817093.0,49923648.0,52434723.0,54577514.0,59002693.0,62783007.0,67964859.0,69104195.0,74481416.0,80291509.0,84805126.0,94626353.0,96894552.0,97534492.0,98914416.0,101250325.0,101710782.0,106001054.0,109392688.0,111950228.0,112279899.0,113855131.0,115000873.0,124407978.0,126568681.0,132158439.0,140198531.0,142555961.0,145068025.0,145401113.0,150881077.0,176015466.0,196019843.0,199227570.0,210824047.0,217078361.0,225618759.0,230844017.0,234460214.0,239065881.0,244152633.0,244529400.0,244623022.0,244896607.0,245650642.0,246411237.0,247012412.0,248029247.0,248185799.0,249740668.0,253436491.0,253596281.0,254688158.0,254785112.0,257849174.0,258536563.0,260314188.0,263022323.0,266586628.0,267676613.0,268506803.0,270618254.0,272308325.0,274985804.0,275519557.0,279947636.0,283022885.0,287755830.0,288599704.0,289104235.0,290039931.0,290994539.0,293452799.0,293967375.0,294523668.0,296358688.0,296526287.0,298209264.0,301537287.0,302144631.0,306977093.0,309930491.0,311371515.0,312702669.0,314048797.0,315673304.0,316006382.0,316620374.0,344630481.0,349146547.0,353312460.0,359509980.0,366307789.0,369028288.0,370501016.0,373420192.0,377220892.0,382368139.0,383602088.0,384671106.0,396823485.0,402037439.0,405452697.0,406558256.0,409763432.0,411999037.0,412663554.0,438541165.0
1,18060557.0,0.0,5.0,2.0,0.0,2.0,1.0,0.0,0.0,2.0,1.0,2.0,6.0,4.0,0.0,6.0,1.0,0.0,1.0,0.0,1.0,1.0,4.0,0.0,0.0,6.0,0.0,0.0,0.0,0.0,2.0,5.0,0.0,0.0,1.0,0.0,3.0,1.0,5.0,1.0,0.0,1.0,7.0,2.0,0.0,0.0,0.0,4.0,6.0,0.0,1.0,4.0,3.0,2.0,10.0,2.0,14.0,1.0,3.0,29.0,0.0,6.0,0.0,0.0,1.0,0.0,1.0,5.0,2.0,7.0,1.0,0.0,0.0,0.0,0.0,0.0,0.0,2.0,2.0,5.0,0.0,1.0,6.0,0.0,0.0,4.0,0.0,3.0,2.0,0.0,0.0,2.0,1.0,0.0,0.0,0.0,0.0,0.0,0.0,0.0,0.0,0.0,0.0,3.0,1.0,15.0,1.0,0.0,25.0,0.0,19.0,2.0,0.0,3.0,5.0,0.0,0.0,0.0,1.0,11.0
2,24921240.0,5.0,0.0,8.0,9.0,19.0,8.0,1.0,7.0,7.0,13.0,11.0,46.0,23.0,5.0,12.0,6.0,2.0,0.0,0.0,7.0,7.0,3.0,4.0,0.0,14.0,0.0,2.0,0.0,0.0,3.0,9.0,9.0,1.0,5.0,0.0,3.0,3.0,7.0,2.0,2.0,1.0,5.0,10.0,0.0,0.0,2.0,17.0,23.0,0.0,10.0,18.0,9.0,2.0,41.0,6.0,30.0,0.0,11.0,27.0,2.0,18.0,1.0,0.0,1.0,6.0,0.0,20.0,1.0,17.0,5.0,0.0,9.0,0.0,2.0,8.0,3.0,1.0,4.0,19.0,0.0,0.0,24.0,0.0,5.0,7.0,0.0,21.0,9.0,0.0,0.0,1.0,2.0,1.0,0.0,1.0,0.0,0.0,0.0,0.0,0.0,6.0,4.0,6.0,0.0,9.0,0.0,1.0,22.0,0.0,16.0,3.0,5.0,3.0,4.0,0.0,0.0,6.0,0.0,27.0
3,26457380.0,2.0,8.0,0.0,43.0,366.0,34.0,184.0,127.0,10.0,50.0,84.0,361.0,160.0,25.0,77.0,19.0,123.0,31.0,64.0,84.0,110.0,2.0,4.0,0.0,124.0,179.0,197.0,18.0,138.0,96.0,57.0,58.0,51.0,236.0,168.0,22.0,21.0,31.0,204.0,3.0,36.0,24.0,128.0,0.0,49.0,76.0,80.0,72.0,96.0,42.0,223.0,110.0,163.0,134.0,85.0,91.0,48.0,172.0,44.0,12.0,42.0,64.0,0.0,315.0,91.0,28.0,279.0,97.0,89.0,83.0,1.0,346.0,17.0,82.0,164.0,58.0,105.0,66.0,149.0,0.0,97.0,260.0,83.0,46.0,20.0,0.0,72.0,45.0,20.0,141.0,4.0,11.0,35.0,24.0,63.0,0.0,78.0,50.0,3.0,0.0,70.0,18.0,16.0,55.0,23.0,0.0,4.0,6.0,0.0,48.0,166.0,42.0,131.0,4.0,1.0,4.0,13.0,16.0,46.0
4,31622418.0,0.0,9.0,43.0,0.0,38.0,21.0,8.0,33.0,13.0,21.0,24.0,72.0,38.0,14.0,40.0,16.0,24.0,1.0,5.0,32.0,12.0,2.0,6.0,0.0,41.0,5.0,7.0,1.0,4.0,37.0,20.0,19.0,7.0,10.0,7.0,7.0,15.0,34.0,20.0,10.0,7.0,25.0,21.0,0.0,26.0,5.0,48.0,56.0,2.0,17.0,40.0,30.0,19.0,60.0,16.0,107.0,53.0,36.0,24.0,6.0,55.0,9.0,2.0,16.0,5.0,2.0,48.0,12.0,34.0,12.0,1.0,54.0,0.0,8.0,21.0,9.0,4.0,11.0,37.0,0.0,9.0,46.0,10.0,12.0,8.0,0.0,48.0,10.0,1.0,5.0,3.0,8.0,7.0,15.0,5.0,0.0,20.0,5.0,8.0,0.0,13.0,19.0,13.0,4.0,14.0,1.0,7.0,3.0,0.0,35.0,12.0,10.0,22.0,3.0,0.0,0.0,12.0,5.0,39.0
5,31668901.0,2.0,19.0,366.0,38.0,0.0,58.0,191.0,127.0,15.0,86.0,107.0,445.0,128.0,40.0,111.0,30.0,112.0,37.0,64.0,82.0,117.0,5.0,10.0,0.0,148.0,176.0,198.0,10.0,143.0,109.0,85.0,56.0,62.0,269.0,182.0,35.0,28.0,49.0,158.0,9.0,25.0,35.0,154.0,0.0,36.0,86.0,114.0,119.0,90.0,64.0,242.0,131.0,211.0,198.0,127.0,93.0,47.0,219.0,86.0,18.0,62.0,72.0,0.0,318.0,119.0,23.0,372.0,167.0,129.0,115.0,2.0,287.0,8.0,100.0,203.0,74.0,150.0,87.0,219.0,0.0,113.0,334.0,104.0,56.0,23.0,0.0,73.0,62.0,27.0,146.0,7.0,17.0,53.0,16.0,60.0,0.0,73.0,44.0,5.0,1.0,92.0,22.0,26.0,47.0,37.0,3.0,9.0,16.0,0.0,76.0,163.0,58.0,197.0,9.0,1.0,6.0,18.0,19.0,64.0
6,34699794.0,1.0,8.0,34.0,21.0,58.0,0.0,11.0,16.0,5.0,61.0,28.0,111.0,23.0,67.0,78.0,46.0,12.0,15.0,4.0,22.0,24.0,2.0,0.0,0.0,65.0,8.0,15.0,0.0,2.0,33.0,65.0,10.0,6.0,34.0,10.0,55.0,11.0,43.0,12.0,4.0,4.0,24.0,16.0,0.0,3.0,13.0,93.0,82.0,7.0,65.0,35.0,42.0,33.0,162.0,51.0,55.0,1.0,60.0,87.0,27.0,55.0,4.0,0.0,31.0,35.0,3.0,95.0,74.0,112.0,23.0,4.0,29.0,0.0,9.0,38.0,11.0,25.0,34.0,72.0,0.0,13.0,119.0,9.0,13.0,34.0,0.0,37.0,16.0,1.0,12.0,5.0,14.0,31.0,1.0,4.0,0.0,4.0,4.0,0.0,0.0,14.0,16.0,24.0,5.0,39.0,6.0,2.0,17.0,0.0,27.0,18.0,16.0,48.0,3.0,0.0,2.0,10.0,5.0,35.0
7,41555288.0,0.0,1.0,184.0,8.0,191.0,11.0,0.0,50.0,6.0,10.0,43.0,180.0,56.0,7.0,26.0,6.0,67.0,10.0,50.0,23.0,49.0,0.0,1.0,0.0,41.0,115.0,126.0,12.0,147.0,27.0,27.0,28.0,42.0,216.0,113.0,13.0,5.0,2.0,153.0,0.0,13.0,1.0,70.0,0.0,24.0,39.0,25.0,25.0,52.0,10.0,116.0,40.0,81.0,41.0,34.0,16.0,47.0,76.0,16.0,5.0,7.0,63.0,1.0,239.0,49.0,13.0,181.0,46.0,26.0,43.0,0.0,186.0,9.0,57.0,128.0,38.0,76.0,21.0,81.0,0.0,63.0,98.0,63.0,31.0,2.0,0.0,17.0,31.0,30.0,125.0,0.0,1.0,13.0,19.0,50.0,0.0,57.0,14.0,8.0,0.0,49.0,9.0,5.0,27.0,4.0,0.0,3.0,1.0,0.0,16.0,159.0,27.0,60.0,2.0,0.0,3.0,2.0,10.0,5.0
8,43610956.0,0.0,7.0,127.0,33.0,127.0,16.0,50.0,0.0,15.0,57.0,59.0,200.0,127.0,8.0,53.0,11.0,112.0,14.0,35.0,93.0,86.0,1.0,13.0,0.0,97.0,72.0,76.0,10.0,22.0,78.0,24.0,62.0,30.0,65.0,59.0,10.0,18.0,32.0,78.0,12.0,38.0,33.0,75.0,0.0,31.0,32.0,83.0,63.0,28.0,48.0,123.0,115.0,79.0,107.0,56.0,82.0,46.0,135.0,35.0,5.0,47.0,44.0,0.0,108.0,38.0,29.0,162.0,57.0,56.0,40.0,0.0,229.0,2.0,53.0,67.0,38.0,40.0,59.0,93.0,0.0,47.0,151.0,51.0,24.0,18.0,0.0,74.0,31.0,8.0,49.0,0.0,8.0,32.0,7.0,48.0,0.0,23.0,53.0,2.0,2.0,49.0,15.0,10.0,50.0,26.0,0.0,10.0,5.0,0.0,64.0,61.0,29.0,97.0,5.0,1.0,1.0,8.0,9.0,42.0
9,48516077.0,2.0,7.0,10.0,13.0,15.0,5.0,6.0,15.0,0.0,18.0,7.0,26.0,17.0,2.0,6.0,2.0,11.0,1.0,1.0,8.0,6.0,2.0,8.0,0.0,12.0,2.0,2.0,0.0,1.0,7.0,6.0,15.0,2.0,2.0,0.0,6.0,5.0,10.0,4.0,0.0,5.0,9.0,17.0,0.0,0.0,1.0,24.0,17.0,1.0,10.0,20.0,20.0,4.0,25.0,4.0,19.0,1.0,12.0,14.0,1.0,14.0,0.0,0.0,4.0,1.0,1.0,19.0,3.0,9.0,4.0,0.0,35.0,0.0,2.0,5.0,2.0,1.0,1.0,18.0,0.0,2.0,16.0,4.0,6.0,5.0,0.0,18.0,8.0,1.0,0.0,0.0,2.0,1.0,0.0,1.0,0.0,0.0,0.0,0.0,0.0,6.0,5.0,2.0,1.0,8.0,0.0,2.0,3.0,0.0,17.0,9.0,6.0,4.0,1.0,0.0,0.0,4.0,1.0,17.0
10,48959778.0,1.0,13.0,50.0,21.0,86.0,61.0,10.0,57.0,18.0,0.0,43.0,188.0,57.0,26.0,46.0,32.0,18.0,12.0,2.0,46.0,34.0,3.0,14.0,0.0,91.0,30.0,23.0,1.0,3.0,49.0,58.0,24.0,10.0,28.0,22.0,23.0,28.0,54.0,14.0,11.0,11.0,56.0,66.0,0.0,3.0,21.0,151.0,100.0,29.0,112.0,72.0,77.0,59.0,174.0,76.0,85.0,4.0,100.0,85.0,17.0,60.0,12.0,0.0,43.0,35.0,4.0,140.0,105.0,109.0,24.0,2.0,85.0,0.0,13.0,41.0,16.0,28.0,51.0,102.0,0.0,18.0,184.0,19.0,19.0,50.0,0.0,52.0,25.0,4.0,14.0,2.0,12.0,54.0,0.0,5.0,0.0,4.0,25.0,0.0,0.0,28.0,12.0,25.0,8.0,58.0,0.0,6.0,23.0,0.0,58.0,20.0,27.0,127.0,13.0,0.0,1.0,10.0,4.0,62.0
11,49416159.0,2.0,11.0,84.0,24.0,107.0,28.0,43.0,59.0,7.0,43.0,0.0,169.0,52.0,28.0,91.0,28.0,59.0,7.0,19.0,111.0,62.0,1.0,2.0,0.0,115.0,56.0,69.0,3.0,30.0,94.0,38.0,38.0,22.0,58.0,36.0,17.0,13.0,32.0,44.0,14.0,12.0,53.0,38.0,0.0,11.0,25.0,78.0,76.0,21.0,45.0,75.0,122.0,72.0,108.0,42.0,69.0,21.0,130.0,44.0,10.0,59.0,30.0,0.0,84.0,37.0,9.0,136.0,79.0,78.0,36.0,2.0,117.0,0.0,36.0,59.0,37.0,36.0,47.0,81.0,0.0,39.0,136.0,49.0,14.0,7.0,0.0,37.0,30.0,7.0,35.0,11.0,12.0,41.0,2.0,23.0,0.0,16.0,27.0,3.0,0.0,56.0,11.0,41.0,25.0,38.0,3.0,5.0,11.0,0.0,48.0,48.0,21.0,98.0,5.0,0.0,1.0,7.0,11.0,34.0
12,49817093.0,6.0,46.0,361.0,72.0,445.0,111.0,180.0,200.0,26.0,188.0,169.0,0.0,241.0,71.0,386.0,121.0,168.0,72.0,62.0,191.0,133.0,20.0,19.0,0.0,335.0,226.0,222.0,11.0,137.0,252.0,128.0,73.0,51.0,300.0,197.0,66.0,47.0,132.0,157.0,80.0,40.0,158.0,209.0,0.0,44.0,89.0,289.0,409.0,146.0,154.0,313.0,265.0,286.0,831.0,264.0,337.0,34.0,498.0,194.0,36.0,236.0,68.0,0.0,371.0,163.0,19.0,637.0,377.0,319.0,122.0,2.0,394.0,8.0,84.0,247.0,77.0,175.0,194.0,394.0,0.0,127.0,708.0,119.0,70.0,59.0,0.0,253.0,75.0,35.0,138.0,18.0,40.0,155.0,10.0,48.0,0.0,66.0,83.0,2.0,0.0,111.0,30.0,149.0,60.0,140.0,5.0,11.0,78.0,0.0,136.0,173.0,71.0,438.0,18.0,2.0,7.0,30.0,25.0,296.0
13,49923648.0,4.0,23.0,160.0,38.0,128.0,23.0,56.0,127.0,17.0,57.0,52.0,241.0,0.0,16.0,66.0,16.0,67.0,16.0,28.0,87.0,70.0,5.0,16.0,0.0,74.0,66.0,54.0,10.0,33.0,73.0,27.0,36.0,14.0,73.0,61.0,10.0,13.0,37.0,72.0,5.0,50.0,40.0,75.0,0.0,23.0,21.0,87.0,75.0,43.0,47.0,134.0,60.0,63.0,180.0,56.0,141.0,43.0,96.0,48.0,10.0,52.0,30.0,0.0,114.0,36.0,23.0,144.0,43.0,61.0,35.0,0.0,181.0,11.0,26.0,57.0,23.0,31.0,43.0,84.0,0.0,39.0,132.0,29.0,27.0,22.0,0.0,104.0,25.0,5.0,32.0,1.0,4.0,26.0,9.0,37.0,0.0,34.0,24.0,5.0,3.0,38.0,18.0,16.0,26.0,51.0,0.0,7.0,18.0,0.0,62.0,78.0,29.0,66.0,2.0,1.0,1.0,15.0,10.0,94.0
14,52434723.0,0.0,5.0,25.0,14.0,40.0,67.0,7.0,8.0,2.0,26.0,28.0,71.0,16.0,0.0,98.0,123.0,8.0,4.0,0.0,21.0,21.0,2.0,0.0,0.0,59.0,4.0,14.0,1.0,4.0,24.0,76.0,6.0,9.0,18.0,7.0,44.0,7.0,39.0,9.0,4.0,2.0,10.0,8.0,0.0,0.0,4.0,108.0,104.0,3.0,21.0,29.0,30.0,29.0,167.0,36.0,60.0,1.0,60.0,65.0,26.0,48.0,5.0,0.0,23.0,26.0,2.0,47.0,51.0,88.0,24.0,3.0,28.0,0.0,8.0,28.0,16.0,15.0,25.0,46.0,0.0,13.0,65.0,11.0,10.0,4.0,0.0,36.0,12.0,2.0,7.0,3.0,4.0,14.0,0.0,4.0,0.0,0.0,3.0,0.0,0.0,11.0,20.0,21.0,3.0,20.0,0.0,1.0,14.0,0.0,12.0,16.0,13.0,43.0,5.0,0.0,1.0,7.0,2.0,29.0
15,54577514.0,6.0,12.0,77.0,40.0,111.0,78.0,26.0,53.0,6.0,46.0,91.0,386.0,66.0,98.0,0.0,75.0,40.0,22.0,6.0,115.0,44.0,6.0,1.0,0.0,191.0,33.0,44.0,2.0,14.0,157.0,82.0,18.0,11.0,44.0,37.0,68.0,19.0,75.0,16.0,51.0,7.0,72.0,37.0,0.0,6.0,18.0,128.0,224.0,25.0,37.0,88.0,130.0,97.0,342.0,115.0,125.0,2.0,224.0,90.0,32.0,159.0,8.0,0.0,79.0,54.0,3.0,154.0,163.0,163.0,44.0,4.0,71.0,0.0,18.0,70.0,33.0,55.0,99.0,126.0,0.0,35.0,216.0,35.0,15.0,10.0,0.0,99.0,26.0,6.0,20.0,11.0,24.0,70.0,1.0,8.0,0.0,5.0,35.0,0.0,0.0,30.0,16.0,60.0,12.0,48.0,4.0,1.0,22.0,0.0,38.0,41.0,23.0,157.0,7.0,1.0,1.0,13.0,11.0,95.0
16,59002693.0,1.0,6.0,19.0,16.0,30.0,46.0,6.0,11.0,2.0,32.0,28.0,121.0,16.0,123.0,75.0,0.0,5.0,4.0,0.0,19.0,13.0,4.0,0.0,0.0,52.0,11.0,13.0,1.0,1.0,28.0,59.0,2.0,5.0,18.0,5.0,33.0,11.0,29.0,7.0,6.0,2.0,13.0,4.0,0.0,0.0,2.0,87.0,87.0,6.0,25.0,21.0,25.0,15.0,174.0,28.0,56.0,1.0,64.0,80.0,20.0,44.0,3.0,0.0,16.0,16.0,0.0,40.0,45.0,99.0,16.0,3.0,23.0,0.0,8.0,20.0,10.0,19.0,27.0,38.0,0.0,9.0,72.0,4.0,7.0,22.0,0.0,30.0,12.0,2.0,5.0,3.0,5.0,18.0,0.0,1.0,0.0,2.0,7.0,0.0,0.0,5.0,8.0,20.0,1.0,23.0,0.0,2.0,28.0,0.0,24.0,8.0,8.0,42.0,4.0,0.0,0.0,4.0,2.0,52.0
17,62783007.0,0.0,2.0,123.0,24.0,112.0,12.0,67.0,112.0,11.0,18.0,59.0,168.0,67.0,8.0,40.0,5.0,0.0,16.0,41.0,81.0,56.0,1.0,3.0,0.0,71.0,87.0,110.0,7.0,49.0,77.0,12.0,72.0,28.0,82.0,98.0,9.0,7.0,9.0,191.0,12.0,25.0,25.0,71.0,0.0,33.0,33.0,45.0,34.0,33.0,30.0,85.0,101.0,60.0,47.0,27.0,53.0,62.0,105.0,14.0,3.0,22.0,39.0,2.0,149.0,28.0,23.0,130.0,47.0,30.0,28.0,0.0,341.0,1.0,39.0,60.0,32.0,26.0,50.0,50.0,0.0,40.0,114.0,62.0,19.0,5.0,0.0,29.0,17.0,9.0,45.0,4.0,6.0,22.0,17.0,64.0,0.0,40.0,44.0,6.0,1.0,34.0,14.0,14.0,53.0,16.0,1.0,2.0,4.0,0.0,23.0,117.0,21.0,76.0,2.0,0.0,0.0,2.0,8.0,13.0
18,67964859.0,1.0,0.0,31.0,1.0,37.0,15.0,10.0,14.0,1.0,12.0,7.0,72.0,16.0,4.0,22.0,4.0,16.0,0.0,6.0,33.0,13.0,0.0,0.0,0.0,38.0,16.0,15.0,3.0,5.0,34.0,12.0,2.0,5.0,23.0,20.0,2.0,9.0,9.0,11.0,4.0,3.0,16.0,18.0,0.0,3.0,9.0,18.0,13.0,14.0,28.0,22.0,23.0,26.0,24.0,33.0,9.0,1.0,37.0,10.0,3.0,9.0,3.0,0.0,28.0,13.0,1.0,43.0,34.0,32.0,8.0,1.0,21.0,0.0,6.0,21.0,5.0,20.0,23.0,41.0,0.0,13.0,63.0,17.0,5.0,14.0,0.0,6.0,3.0,1.0,7.0,2.0,3.0,16.0,1.0,1.0,0.0,7.0,11.0,0.0,0.0,7.0,2.0,5.0,3.0,9.0,0.0,0.0,0.0,0.0,3.0,10.0,10.0,40.0,1.0,0.0,1.0,0.0,2.0,7.0
19,69104195.0,0.0,0.0,64.0,5.0,64.0,4.0,50.0,35.0,1.0,2.0,19.0,62.0,28.0,0.0,6.0,0.0,41.0,6.0,0.0,14.0,22.0,0.0,0.0,0.0,12.0,51.0,69.0,9.0,46.0,11.0,3.0,22.0,21.0,63.0,50.0,1.0,5.0,1.0,52.0,0.0,5.0,1.0,44.0,0.0,18.0,22.0,7.0,3.0,19.0,2.0,33.0,20.0,39.0,7.0,6.0,7.0,28.0,29.0,4.0,1.0,0.0,26.0,0.0,85.0,11.0,12.0,54.0,12.0,9.0,12.0,0.0,75.0,3.0,27.0,37.0,15.0,22.0,3.0,19.0,0.0,28.0,26.0,25.0,10.0,2.0,0.0,12.0,6.0,11.0,45.0,1.0,0.0,4.0,9.0,27.0,0.0,20.0,1.0,2.0,0.0,21.0,3.0,2.0,17.0,1.0,0.0,5.0,1.0,0.0,9.0,65.0,9.0,19.0,0.0,0.0,0.0,0.0,4.0,5.0
20,74481416.0,1.0,7.0,84.0,32.0,82.0,22.0,23.0,93.0,8.0,46.0,111.0,191.0,87.0,21.0,115.0,19.0,81.0,33.0,14.0,0.0,58.0,3.0,6.0,0.0,153.0,39.0,41.0,4.0,7.0,224.0,32.0,35.0,15.0,30.0,43.0,17.0,17.0,32.0,44.0,19.0,22.0,80.0,41.0,0.0,19.0,17.0,73.0,73.0,26.0,47.0,71.0,163.0,54.0,105.0,62.0,63.0,16.0,151.0,39.0,9.0,75.0,15.0,0.0,73.0,29.0,10.0,116.0,72.0,64.0,22.0,0.0,145.0,0.0,23.0,43.0,22.0,27.0,76.0,75.0,0.0,28.0,145.0,42.0,14.0,9.0,0.0,48.0,19.0,5.0,21.0,5.0,13.0,47.0,4.0,17.0,0.0,15.0,44.0,1.0,0.0,47.0,7.0,25.0,22.0,38.0,3.0,5.0,5.0,0.0,39.0,36.0,22.0,95.0,2.0,0.0,1.0,8.0,8.0,42.0
21,80291509.0,1.0,7.0,110.0,12.0,117.0,24.0,49.0,86.0,6.0,34.0,62.0,133.0,70.0,21.0,44.0,13.0,56.0,13.0,22.0,58.0,0.0,2.0,3.0,0.0,71.0,55.0,79.0,4.0,19.0,54.0,44.0,43.0,23.0,52.0,43.0,18.0,11.0,20.0,48.0,2.0,18.0,16.0,43.0,0.0,17.0,29.0,43.0,51.0,14.0,29.0,85.0,64.0,75.0,79.0,45.0,52.0,29.0,92.0,31.0,6.0,31.0,35.0,0.0,95.0,53.0,14.0,114.0,52.0,42.0,40.0,0.0,146.0,1.0,45.0,48.0,43.0,36.0,46.0,75.0,0.0,45.0,106.0,52.0,16.0,6.0,0.0,32.0,36.0,6.0,35.0,3.0,9.0,18.0,4.0,30.0,0.0,18.0,33.0,1.0,0.0,49.0,15.0,13.0,30.0,12.0,2.0,7.0,7.0,0.0,47.0,38.0,33.0,66.0,4.0,0.0,2.0,11.0,11.0,21.0
22,84805126.0,4.0,3.0,2.0,2.0,5.0,2.0,0.0,1.0,2.0,3.0,1.0,20.0,5.0,2.0,6.0,4.0,1.0,0.0,0.0,3.0,2.0,0.0,0.0,0.0,5.0,0.0,1.0,0.0,0.0,2.0,1.0,1.0,1.0,3.0,0.0,1.0,11.0,3.0,0.0,0.0,0.0,9.0,4.0,0.0,0.0,0.0,14.0,7.0,1.0,11.0,3.0,2.0,0.0,17.0,3.0,16.0,0.0,4.0,6.0,1.0,5.0,0.0,0.0,2.0,3.0,0.0,3.0,2.0,8.0,1.0,0.0,3.0,0.0,1.0,2.0,1.0,1.0,4.0,4.0,0.0,0.0,10.0,1.0,1.0,8.0,0.0,6.0,1.0,0.0,0.0,1.0,1.0,0.0,0.0,0.0,0.0,0.0,0.0,0.0,0.0,2.0,1.0,3.0,0.0,10.0,0.0,1.0,8.0,0.0,4.0,1.0,3.0,3.0,1.0,0.0,0.0,1.0,0.0,13.0
23,94626353.0,0.0,4.0,4.0,6.0,10.0,0.0,1.0,13.0,8.0,14.0,2.0,19.0,16.0,0.0,1.0,0.0,3.0,0.0,0.0,6.0,3.0,0.0,0.0,0.0,6.0,0.0,0.0,0.0,0.0,5.0,2.0,5.0,1.0,0.0,0.0,0.0,2.0,7.0,0.0,0.0,4.0,14.0,15.0,0.0,0.0,0.0,16.0,10.0,1.0,2.0,19.0,8.0,4.0,22.0,1.0,17.0,1.0,9.0,11.0,1.0,10.0,2.0,0.0,3.0,0.0,0.0,20.0,0.0,3.0,3.0,0.0,25.0,0.0,0.0,5.0,1.0,1.0,0.0,14.0,0.0,2.0,7.0,0.0,8.0,9.0,0.0,14.0,3.0,0.0,0.0,1.0,0.0,1.0,0.0,0.0,0.0,0.0,0.0,0.0,0.0,4.0,3.0,0.0,1.0,9.0,0.0,1.0,2.0,0.0,16.0,0.0,4.0,3.0,1.0,0.0,0.0,1.0,1.0,18.0
24,96894552.0,0.0,0.0,0.0,0.0,0.0,0.0,0.0,0.0,0.0,0.0,0.0,0.0,0.0,0.0,0.0,0.0,0.0,0.0,0.0,0.0,0.0,0.0,0.0,0.0,0.0,0.0,0.0,0.0,0.0,0.0,0.0,0.0,0.0,0.0,0.0,0.0,0.0,0.0,0.0,0.0,0.0,0.0,0.0,0.0,0.0,0.0,0.0,0.0,0.0,0.0,0.0,0.0,0.0,0.0,0.0,0.0,0.0,0.0,0.0,0.0,0.0,0.0,0.0,0.0,0.0,0.0,0.0,0.0,0.0,0.0,0.0,0.0,0.0,0.0,0.0,0.0,0.0,0.0,0.0,0.0,0.0,0.0,0.0,0.0,0.0,0.0,0.0,0.0,0.0,0.0,0.0,0.0,0.0,0.0,0.0,0.0,0.0,0.0,0.0,0.0,0.0,0.0,0.0,0.0,0.0,0.0,0.0,0.0,0.0,0.0,0.0,0.0,0.0,0.0,0.0,0.0,0.0,0.0,0.0
25,97534492.0,6.0,14.0,124.0,41.0,148.0,65.0,41.0,97.0,12.0,91.0,115.0,335.0,74.0,59.0,191.0,52.0,71.0,38.0,12.0,153.0,71.0,5.0,6.0,0.0,0.0,83.0,70.0,3.0,13.0,174.0,91.0,28.0,17.0,50.0,55.0,48.0,30.0,71.0,35.0,28.0,12.0,74.0,85.0,0.0,12.0,25.0,137.0,169.0,50.0,83.0,103.0,159.0,120.0,241.0,138.0,106.0,8.0,308.0,94.0,26.0,130.0,16.0,0.0,105.0,73.0,5.0,194.0,164.0,167.0,43.0,2.0,127.0,0.0,25.0,75.0,33.0,56.0,143.0,150.0,0.0,49.0,319.0,53.0,23.0,17.0,0.0,92.0,42.0,6.0,24.0,10.0,25.0,90.0,3.0,12.0,0.0,7.0,73.0,0.0,0.0,42.0,19.0,39.0,22.0,45.0,2.0,5.0,23.0,0.0,60.0,44.0,38.0,204.0,12.0,0.0,1.0,19.0,12.0,82.0
26,98914416.0,0.0,0.0,179.0,5.0,176.0,8.0,115.0,72.0,2.0,30.0,56.0,226.0,66.0,4.0,33.0,11.0,87.0,16.0,51.0,39.0,55.0,0.0,0.0,0.0,83.0,0.0,125.0,12.0,95.0,53.0,28.0,30.0,30.0,154.0,116.0,5.0,6.0,9.0,130.0,7.0,18.0,15.0,124.0,0.0,34.0,48.0,37.0,41.0,111.0,32.0,109.0,86.0,112.0,54.0,46.0,33.0,34.0,135.0,18.0,1.0,13.0,42.0,0.0,226.0,47.0,14.0,149.0,75.0,40.0,43.0,2.0,277.0,12.0,47.0,96.0,29.0,72.0,54.0,72.0,0.0,51.0,169.0,51.0,20.0,4.0,0.0,22.0,22.0,15.0,71.0,1.0,3.0,38.0,16.0,40.0,0.0,46.0,41.0,3.0,1.0,28.0,5.0,14.0,39.0,19.0,0.0,3.0,0.0,0.0,13.0,130.0,21.0,111.0,1.0,0.0,1.0,1.0,9.0,5.0
27,101250325.0,0.0,2.0,197.0,7.0,198.0,15.0,126.0,76.0,2.0,23.0,69.0,222.0,54.0,14.0,44.0,13.0,110.0,15.0,69.0,41.0,79.0,1.0,0.0,0.0,70.0,125.0,0.0,7.0,117.0,45.0,33.0,41.0,51.0,151.0,105.0,11.0,10.0,9.0,140.0,2.0,12.0,6.0,87.0,0.0,30.0,66.0,29.0,38.0,49.0,20.0,122.0,68.0,148.0,53.0,47.0,15.0,44.0,124.0,21.0,7.0,16.0,62.0,0.0,268.0,70.0,15.0,204.0,70.0,40.0,69.0,0.0,223.0,3.0,82.0,110.0,59.0,77.0,32.0,91.0,0.0,85.0,150.0,88.0,25.0,3.0,0.0,21.0,34.0,24.0,96.0,2.0,7.0,25.0,11.0,52.0,0.0,41.0,24.0,2.0,0.0,53.0,7.0,14.0,38.0,2.0,1.0,4.0,2.0,0.0,30.0,113.0,34.0,99.0,3.0,0.0,3.0,5.0,8.0,6.0
28,101710782.0,0.0,0.0,18.0,1.0,10.0,0.0,12.0,10.0,0.0,1.0,3.0,11.0,10.0,1.0,2.0,1.0,7.0,3.0,9.0,4.0,4.0,0.0,0.0,0.0,3.0,12.0,7.0,0.0,8.0,4.0,1.0,3.0,6.0,12.0,12.0,0.0,0.0,0.0,13.0,0.0,3.0,1.0,7.0,0.0,8.0,1.0,2.0,1.0,7.0,0.0,10.0,4.0,7.0,4.0,3.0,2.0,8.0,9.0,2.0,0.0,1.0,4.0,0.0,15.0,3.0,4.0,10.0,4.0,2.0,3.0,0.0,23.0,6.0,3.0,6.0,2.0,4.0,2.0,4.0,0.0,6.0,12.0,4.0,5.0,0.0,0.0,4.0,3.0,3.0,4.0,0.0,0.0,1.0,3.0,8.0,0.0,9.0,0.0,0.0,0.0,0.0,1.0,0.0,2.0,0.0,0.0,0.0,0.0,0.0,2.0,14.0,1.0,6.0,0.0,0.0,0.0,0.0,0.0,3.0
29,106001054.0,0.0,0.0,138.0,4.0,143.0,2.0,147.0,22.0,1.0,3.0,30.0,137.0,33.0,4.0,14.0,1.0,49.0,5.0,46.0,7.0,19.0,0.0,0.0,0.0,13.0,95.0,117.0,8.0,0.0,12.0,11.0,18.0,33.0,187.0,102.0,3.0,4.0,1.0,150.0,0.0,4.0,3.0,62.0,0.0,35.0,30.0,9.0,8.0,53.0,5.0,109.0,21.0,69.0,16.0,19.0,6.0,70.0,57.0,5.0,2.0,3.0,40.0,1.0,244.0,28.0,4.0,155.0,27.0,11.0,45.0,0.0,227.0,11.0,54.0,94.0,22.0,59.0,8.0,45.0,0.0,52.0,65.0,42.0,24.0,1.0,0.0,3.0,15.0,37.0,101.0,0.0,0.0,8.0,10.0,35.0,0.0,41.0,6.0,18.0,1.0,32.0,8.0,4.0,16.0,1.0,0.0,0.0,1.0,0.0,5.0,209.0,10.0,38.0,1.0,0.0,1.0,0.0,2.0,1.0
30,109392688.0,2.0,3.0,96.0,37.0,109.0,33.0,27.0,78.0,7.0,49.0,94.0,252.0,73.0,24.0,157.0,28.0,77.0,34.0,11.0,224.0,54.0,2.0,5.0,0.0,174.0,53.0,45.0,4.0,12.0,0.0,45.0,21.0,17.0,39.0,47.0,36.0,18.0,49.0,47.0,30.0,16.0,99.0,54.0,0.0,23.0,16.0,88.0,116.0,31.0,50.0,80.0,128.0,78.0,161.0,83.0,79.0,18.0,179.0,51.0,10.0,97.0,12.0,0.0,88.0,33.0,11.0,119.0,120.0,100.0,27.0,0.0,129.0,0.0,18.0,57.0,27.0,43.0,79.0,96.0,0.0,31.0,174.0,32.0,5.0,12.0,0.0,52.0,17.0,7.0,20.0,17.0,17.0,54.0,0.0,19.0,0.0,19.0,33.0,2.0,0.0,31.0,13.0,63.0,13.0,53.0,6.0,5.0,7.0,0.0,42.0,52.0,29.0,144.0,5.0,0.0,1.0,7.0,7.0,49.0
31,111950228.0,5.0,9.0,57.0,20.0,85.0,65.0,27.0,24.0,6.0,58.0,38.0,128.0,27.0,76.0,82.0,59.0,12.0,12.0,3.0,32.0,44.0,1.0,2.0,0.0,91.0,28.0,33.0,1.0,11.0,45.0,0.0,12.0,11.0,39.0,24.0,36.0,39.0,45.0,9.0,6.0,6.0,23.0,23.0,0.0,3.0,18.0,121.0,108.0,10.0,46.0,56.0,70.0,55.0,182.0,81.0,69.0,2.0,100.0,96.0,19.0,57.0,7.0,0.0,46.0,51.0,3.0,114.0,93.0,144.0,30.0,6.0,43.0,0.0,16.0,59.0,26.0,48.0,47.0,98.0,0.0,31.0,128.0,24.0,13.0,17.0,0.0,37.0,30.0,4.0,18.0,2.0,8.0,38.0,1.0,3.0,0.0,2.0,14.0,0.0,0.0,24.0,17.0,27.0,6.0,38.0,0.0,2.0,25.0,0.0,36.0,23.0,37.0,85.0,7.0,0.0,1.0,14.0,8.0,34.0
32,112279899.0,0.0,9.0,58.0,19.0,56.0,10.0,28.0,62.0,15.0,24.0,38.0,73.0,36.0,6.0,18.0,2.0,72.0,2.0,22.0,35.0,43.0,1.0,5.0,0.0,28.0,30.0,41.0,3.0,18.0,21.0,12.0,0.0,16.0,37.0,28.0,9.0,7.0,13.0,64.0,2.0,18.0,19.0,38.0,0.0,15.0,19.0,35.0,21.0,3.0,13.0,45.0,46.0,34.0,36.0,7.0,35.0,37.0,34.0,15.0,3.0,21.0,23.0,0.0,54.0,11.0,13.0,83.0,6.0,18.0,17.0,1.0,126.0,1.0,33.0,35.0,19.0,11.0,6.0,35.0,0.0,20.0,42.0,35.0,12.0,7.0,0.0,34.0,15.0,5.0,29.0,1.0,4.0,3.0,6.0,35.0,0.0,15.0,11.0,3.0,0.0,39.0,12.0,7.0,27.0,10.0,0.0,7.0,3.0,0.0,36.0,43.0,17.0,17.0,3.0,0.0,0.0,5.0,4.0,16.0
33,113855131.0,0.0,1.0,51.0,7.0,62.0,6.0,42.0,30.0,2.0,10.0,22.0,51.0,14.0,9.0,11.0,5.0,28.0,5.0,21.0,15.0,23.0,1.0,1.0,0.0,17.0,30.0,51.0,6.0,33.0,17.0,11.0,16.0,0.0,47.0,29.0,5.0,1.0,5.0,39.0,1.0,7.0,3.0,30.0,0.0,18.0,18.0,13.0,16.0,10.0,9.0,29.0,22.0,36.0,21.0,15.0,13.0,25.0,35.0,10.0,5.0,5.0,24.0,1.0,63.0,21.0,13.0,54.0,17.0,16.0,17.0,0.0,49.0,1.0,32.0,30.0,23.0,32.0,7.0,29.0,0.0,29.0,36.0,32.0,7.0,4.0,0.0,13.0,20.0,13.0,36.0,0.0,2.0,8.0,5.0,19.0,0.0,18.0,4.0,5.0,0.0,24.0,6.0,5.0,12.0,0.0,0.0,6.0,1.0,0.0,10.0,34.0,15.0,27.0,2.0,0.0,1.0,2.0,5.0,4.0
34,115000873.0,1.0,5.0,236.0,10.0,269.0,34.0,216.0,65.0,2.0,28.0,58.0,300.0,73.0,18.0,44.0,18.0,82.0,23.0,63.0,30.0,52.0,3.0,0.0,0.0,50.0,154.0,151.0,12.0,187.0,39.0,39.0,37.0,47.0,0.0,140.0,24.0,12.0,7.0,184.0,1.0,19.0,5.0,96.0,0.0,39.0,74.0,47.0,30.0,88.0,17.0,177.0,51.0,128.0,65.0,67.0,24.0,53.0,93.0,35.0,6.0,17.0,86.0,0.0,349.0,69.0,13.0,308.0,65.0,47.0,90.0,0.0,259.0,8.0,77.0,206.0,60.0,128.0,25.0,143.0,0.0,85.0,182.0,69.0,63.0,9.0,0.0,21.0,31.0,41.0,182.0,3.0,6.0,24.0,19.0,54.0,0.0,71.0,16.0,6.0,0.0,77.0,20.0,11.0,28.0,12.0,0.0,4.0,5.0,0.0,27.0,205.0,31.0,90.0,3.0,0.0,3.0,2.0,14.0,5.0
35,124407978.0,0.0,0.0,168.0,7.0,182.0,10.0,113.0,59.0,0.0,22.0,36.0,197.0,61.0,7.0,37.0,5.0,98.0,20.0,50.0,43.0,43.0,0.0,0.0,0.0,55.0,116.0,105.0,12.0,102.0,47.0,24.0,28.0,29.0,140.0,0.0,11.0,4.0,12.0,138.0,3.0,11.0,6.0,83.0,0.0,30.0,40.0,17.0,31.0,68.0,13.0,89.0,57.0,84.0,52.0,54.0,21.0,29.0,100.0,19.0,4.0,11.0,37.0,0.0,202.0,52.0,13.0,140.0,70.0,27.0,35.0,1.0,206.0,4.0,37.0,83.0,22.0,73.0,51.0,78.0,0.0,51.0,136.0,49.0,25.0,0.0,0.0,30.0,19.0,20.0,80.0,0.0,4.0,27.0,8.0,45.0,0.0,51.0,35.0,4.0,0.0,26.0,5.0,8.0,35.0,4.0,0.0,2.0,2.0,0.0,11.0,137.0,18.0,97.0,2.0,0.0,2.0,2.0,5.0,6.0
36,126568681.0,3.0,3.0,22.0,7.0,35.0,55.0,13.0,10.0,6.0,23.0,17.0,66.0,10.0,44.0,68.0,33.0,9.0,2.0,1.0,17.0,18.0,1.0,0.0,0.0,48.0,5.0,11.0,0.0,3.0,36.0,36.0,9.0,5.0,24.0,11.0,0.0,7.0,25.0,13.0,5.0,0.0,22.0,10.0,0.0,2.0,7.0,46.0,61.0,1.0,9.0,23.0,32.0,20.0,106.0,35.0,29.0,3.0,48.0,74.0,20.0,56.0,4.0,0.0,24.0,13.0,0.0,46.0,40.0,46.0,9.0,0.0,21.0,0.0,5.0,18.0,8.0,16.0,28.0,32.0,0.0,9.0,49.0,7.0,5.0,6.0,0.0,33.0,9.0,3.0,6.0,6.0,10.0,16.0,1.0,3.0,0.0,1.0,7.0,0.0,0.0,6.0,6.0,21.0,0.0,38.0,6.0,1.0,16.0,0.0,18.0,27.0,10.0,29.0,7.0,0.0,0.0,6.0,3.0,15.0
37,132158439.0,1.0,3.0,21.0,15.0,28.0,11.0,5.0,18.0,5.0,28.0,13.0,47.0,13.0,7.0,19.0,11.0,7.0,9.0,5.0,17.0,11.0,11.0,2.0,0.0,30.0,6.0,10.0,0.0,4.0,18.0,39.0,7.0,1.0,12.0,4.0,7.0,0.0,14.0,5.0,0.0,3.0,12.0,8.0,0.0,1.0,3.0,343.0,24.0,2.0,16.0,31.0,18.0,15.0,60.0,15.0,37.0,1.0,31.0,37.0,3.0,17.0,2.0,0.0,11.0,8.0,4.0,35.0,25.0,41.0,3.0,1.0,23.0,0.0,4.0,20.0,8.0,5.0,8.0,27.0,0.0,9.0,39.0,5.0,7.0,20.0,0.0,22.0,5.0,2.0,7.0,3.0,3.0,8.0,2.0,3.0,0.0,0.0,3.0,0.0,0.0,10.0,2.0,8.0,3.0,30.0,0.0,2.0,8.0,0.0,16.0,11.0,11.0,20.0,2.0,0.0,0.0,7.0,1.0,38.0
38,140198531.0,5.0,7.0,31.0,34.0,49.0,43.0,2.0,32.0,10.0,54.0,32.0,132.0,37.0,39.0,75.0,29.0,9.0,9.0,1.0,32.0,20.0,3.0,7.0,0.0,71.0,9.0,9.0,0.0,1.0,49.0,45.0,13.0,5.0,7.0,12.0,25.0,14.0,0.0,10.0,13.0,5.0,54.0,21.0,0.0,0.0,9.0,98.0,116.0,6.0,62.0,30.0,41.0,31.0,169.0,56.0,101.0,3.0,86.0,100.0,9.0,91.0,4.0,0.0,26.0,15.0,1.0,89.0,55.0,123.0,15.0,5.0,26.0,0.0,5.0,32.0,5.0,12.0,41.0,78.0,0.0,11.0,116.0,11.0,6.0,44.0,0.0,54.0,11.0,0.0,3.0,3.0,13.0,25.0,0.0,1.0,0.0,1.0,12.0,0.0,0.0,17.0,18.0,32.0,1.0,59.0,1.0,3.0,23.0,0.0,38.0,23.0,21.0,68.0,5.0,0.0,0.0,10.0,5.0,49.0
39,142555961.0,1.0,2.0,204.0,20.0,158.0,12.0,153.0,78.0,4.0,14.0,44.0,157.0,72.0,9.0,16.0,7.0,191.0,11.0,52.0,44.0,48.0,0.0,0.0,0.0,35.0,130.0,140.0,13.0,150.0,47.0,9.0,64.0,39.0,184.0,138.0,13.0,5.0,10.0,0.0,0.0,33.0,10.0,92.0,0.0,82.0,62.0,29.0,16.0,43.0,18.0,109.0,55.0,69.0,41.0,25.0,59.0,144.0,78.0,15.0,7.0,12.0,53.0,2.0,298.0,33.0,32.0,161.0,33.0,18.0,33.0,2.0,642.0,20.0,58.0,79.0,25.0,41.0,21.0,54.0,0.0,55.0,85.0,66.0,36.0,4.0,0.0,55.0,17.0,25.0,100.0,0.0,2.0,11.0,42.0,130.0,0.0,76.0,26.0,12.0,1.0,31.0,19.0,10.0,51.0,8.0,0.0,1.0,3.0,0.0,8.0,403.0,20.0,49.0,1.0,0.0,0.0,1.0,5.0,11.0
40,145068025.0,0.0,2.0,3.0,10.0,9.0,4.0,0.0,12.0,0.0,11.0,14.0,80.0,5.0,4.0,51.0,6.0,12.0,4.0,0.0,19.0,2.0,0.0,0.0,0.0,28.0,7.0,2.0,0.0,0.0,30.0,6.0,2.0,1.0,1.0,3.0,5.0,0.0,13.0,0.0,0.0,0.0,24.0,9.0,0.0,0.0,0.0,18.0,52.0,38.0,23.0,6.0,33.0,15.0,43.0,17.0,25.0,0.0,53.0,6.0,2.0,42.0,1.0,0.0,7.0,1.0,0.0,15.0,32.0,28.0,0.0,0.0,15.0,0.0,0.0,4.0,1.0,3.0,23.0,11.0,0.0,2.0,44.0,5.0,0.0,3.0,0.0,11.0,1.0,0.0,0.0,1.0,2.0,26.0,0.0,1.0,0.0,0.0,9.0,0.0,0.0,0.0,0.0,21.0,1.0,10.0,0.0,0.0,2.0,0.0,3.0,5.0,1.0,48.0,0.0,0.0,0.0,0.0,1.0,29.0
41,145401113.0,1.0,1.0,36.0,7.0,25.0,4.0,13.0,38.0,5.0,11.0,12.0,40.0,50.0,2.0,7.0,2.0,25.0,3.0,5.0,22.0,18.0,0.0,4.0,0.0,12.0,18.0,12.0,3.0,4.0,16.0,6.0,18.0,7.0,19.0,11.0,0.0,3.0,5.0,33.0,0.0,0.0,8.0,21.0,0.0,9.0,4.0,16.0,8.0,12.0,10.0,46.0,22.0,16.0,29.0,6.0,33.0,13.0,30.0,10.0,0.0,8.0,10.0,0.0,21.0,3.0,14.0,34.0,2.0,10.0,9.0,0.0,74.0,6.0,13.0,21.0,10.0,8.0,4.0,16.0,0.0,10.0,17.0,9.0,7.0,10.0,0.0,23.0,6.0,0.0,9.0,0.0,0.0,1.0,8.0,25.0,0.0,11.0,4.0,2.0,0.0,17.0,9.0,6.0,13.0,12.0,0.0,4.0,0.0,0.0,22.0,20.0,4.0,8.0,1.0,0.0,1.0,2.0,4.0,11.0
42,150881077.0,7.0,5.0,24.0,25.0,35.0,24.0,1.0,33.0,9.0,56.0,53.0,158.0,40.0,10.0,72.0,13.0,25.0,16.0,1.0,80.0,16.0,9.0,14.0,0.0,74.0,15.0,6.0,1.0,3.0,99.0,23.0,19.0,3.0,5.0,6.0,22.0,12.0,54.0,10.0,24.0,8.0,0.0,29.0,0.0,1.0,1.0,110.0,82.0,20.0,86.0,52.0,107.0,26.0,142.0,25.0,127.0,1.0,81.0,76.0,3.0,74.0,2.0,0.0,22.0,6.0,4.0,69.0,65.0,69.0,6.0,1.0,57.0,0.0,1.0,15.0,5.0,6.0,31.0,46.0,0.0,4.0,91.0,4.0,14.0,69.0,0.0,50.0,6.0,1.0,1.0,83.0,28.0,26.0,0.0,0.0,0.0,1.0,14.0,0.0,0.0,22.0,12.0,277.0,10.0,291.0,19.0,1.0,35.0,0.0,70.0,17.0,12.0,58.0,10.0,0.0,0.0,3.0,2.0,82.0
43,176015466.0,2.0,10.0,128.0,21.0,154.0,16.0,70.0,75.0,17.0,66.0,38.0,209.0,75.0,8.0,37.0,4.0,71.0,18.0,44.0,41.0,43.0,4.0,15.0,0.0,85.0,124.0,87.0,7.0,62.0,54.0,23.0,38.0,30.0,96.0,83.0,10.0,8.0,21.0,92.0,9.0,21.0,29.0,0.0,0.0,34.0,31.0,64.0,57.0,100.0,55.0,105.0,95.0,80.0,80.0,55.0,69.0,49.0,127.0,37.0,6.0,38.0,38.0,1.0,137.0,33.0,16.0,130.0,67.0,46.0,31.0,0.0,275.0,4.0,44.0,72.0,19.0,58.0,57.0,87.0,0.0,40.0,148.0,35.0,31.0,18.0,0.0,69.0,23.0,13.0,63.0,5.0,6.0,43.0,8.0,52.0,0.0,49.0,37.0,6.0,0.0,43.0,14.0,11.0,32.0,32.0,0.0,5.0,10.0,0.0,45.0,122.0,25.0,108.0,3.0,0.0,1.0,7.0,7.0,42.0
44,196019843.0,0.0,0.0,0.0,0.0,0.0,0.0,0.0,0.0,0.0,0.0,0.0,0.0,0.0,0.0,0.0,0.0,0.0,0.0,0.0,0.0,0.0,0.0,0.0,0.0,0.0,0.0,0.0,0.0,0.0,0.0,0.0,0.0,0.0,0.0,0.0,0.0,0.0,0.0,0.0,0.0,0.0,0.0,0.0,0.0,0.0,0.0,0.0,0.0,0.0,0.0,0.0,0.0,0.0,0.0,0.0,0.0,0.0,0.0,0.0,0.0,0.0,0.0,0.0,0.0,0.0,0.0,0.0,0.0,0.0,0.0,0.0,0.0,0.0,0.0,0.0,0.0,0.0,0.0,0.0,0.0,0.0,0.0,0.0,0.0,0.0,0.0,0.0,0.0,0.0,0.0,0.0,0.0,0.0,0.0,0.0,0.0,0.0,0.0,0.0,0.0,0.0,0.0,0.0,0.0,0.0,0.0,0.0,0.0,0.0,0.0,0.0,0.0,0.0,0.0,0.0,0.0,0.0,0.0,0.0
45,199227570.0,0.0,0.0,49.0,26.0,36.0,3.0,24.0,31.0,0.0,3.0,11.0,44.0,23.0,0.0,6.0,0.0,33.0,3.0,18.0,19.0,17.0,0.0,0.0,0.0,12.0,34.0,30.0,8.0,35.0,23.0,3.0,15.0,18.0,39.0,30.0,2.0,1.0,0.0,82.0,0.0,9.0,1.0,34.0,0.0,0.0,20.0,7.0,5.0,15.0,5.0,26.0,18.0,18.0,6.0,7.0,34.0,84.0,23.0,1.0,1.0,2.0,29.0,1.0,79.0,8.0,17.0,45.0,12.0,4.0,5.0,0.0,130.0,3.0,24.0,16.0,2.0,12.0,4.0,15.0,0.0,17.0,26.0,22.0,14.0,1.0,0.0,10.0,3.0,18.0,35.0,1.0,0.0,2.0,29.0,42.0,0.0,51.0,6.0,15.0,0.0,11.0,3.0,4.0,14.0,1.0,0.0,0.0,0.0,0.0,3.0,59.0,4.0,21.0,0.0,0.0,0.0,0.0,1.0,3.0
46,210824047.0,0.0,2.0,76.0,5.0,86.0,13.0,39.0,32.0,1.0,21.0,25.0,89.0,21.0,4.0,18.0,2.0,33.0,9.0,22.0,17.0,29.0,0.0,0.0,0.0,25.0,48.0,66.0,1.0,30.0,16.0,18.0,19.0,18.0,74.0,40.0,7.0,3.0,9.0,62.0,0.0,4.0,1.0,31.0,0.0,20.0,0.0,21.0,18.0,21.0,18.0,49.0,27.0,44.0,31.0,26.0,10.0,17.0,45.0,10.0,3.0,4.0,22.0,0.0,94.0,29.0,8.0,81.0,27.0,27.0,28.0,0.0,88.0,6.0,36.0,40.0,17.0,32.0,18.0,53.0,0.0,30.0,65.0,32.0,15.0,7.0,0.0,16.0,18.0,7.0,46.0,1.0,2.0,12.0,6.0,23.0,0.0,27.0,12.0,4.0,0.0,23.0,2.0,1.0,15.0,2.0,0.0,1.0,1.0,0.0,8.0,39.0,14.0,39.0,2.0,0.0,2.0,2.0,7.0,6.0
47,217078361.0,4.0,17.0,80.0,48.0,114.0,93.0,25.0,83.0,24.0,151.0,78.0,289.0,87.0,108.0,128.0,87.0,45.0,18.0,7.0,73.0,43.0,14.0,16.0,0.0,137.0,37.0,29.0,2.0,9.0,88.0,121.0,35.0,13.0,47.0,17.0,46.0,343.0,98.0,29.0,18.0,16.0,110.0,64.0,0.0,7.0,21.0,0.0,208.0,24.0,112.0,146.0,124.0,66.0,368.0,90.0,189.0,6.0,153.0,146.0,31.0,115.0,14.0,0.0,56.0,43.0,6.0,188.0,121.0,219.0,47.0,4.0,103.0,0.0,19.0,71.0,25.0,41.0,57.0,133.0,0.0,29.0,196.0,26.0,31.0,66.0,0.0,89.0,32.0,7.0,20.0,18.0,23.0,50.0,1.0,10.0,0.0,9.0,22.0,0.0,0.0,46.0,36.0,56.0,13.0,160.0,7.0,6.0,26.0,0.0,95.0,42.0,39.0,105.0,9.0,0.0,1.0,21.0,10.0,107.0
48,225618759.0,6.0,23.0,72.0,56.0,119.0,82.0,25.0,63.0,17.0,100.0,76.0,409.0,75.0,104.0,224.0,87.0,34.0,13.0,3.0,73.0,51.0,7.0,10.0,0.0,169.0,41.0,38.0,1.0,8.0,116.0,108.0,21.0,16.0,30.0,31.0,61.0,24.0,116.0,16.0,52.0,8.0,82.0,57.0,0.0,5.0,18.0,208.0,0.0,30.0,78.0,98.0,132.0,93.0,434.0,101.0,209.0,4.0,241.0,146.0,51.0,161.0,13.0,0.0,62.0,48.0,3.0,180.0,166.0,233.0,36.0,10.0,89.0,0.0,18.0,69.0,26.0,52.0,84.0,146.0,0.0,33.0,230.0,32.0,22.0,34.0,0.0,114.0,34.0,3.0,16.0,7.0,16.0,78.0,2.0,3.0,0.0,3.0,29.0,0.0,0.0,36.0,31.0,73.0,16.0,79.0,1.0,5.0,43.0,0.0,67.0,33.0,39.0,175.0,13.0,0.0,2.0,16.0,10.0,116.0
49,230844017.0,0.0,0.0,96.0,2.0,90.0,7.0,52.0,28.0,1.0,29.0,21.0,146.0,43.0,3.0,25.0,6.0,33.0,14.0,19.0,26.0,14.0,1.0,1.0,0.0,50.0,111.0,49.0,7.0,53.0,31.0,10.0,3.0,10.0,88.0,68.0,1.0,2.0,6.0,43.0,38.0,12.0,20.0,100.0,0.0,15.0,21.0,24.0,30.0,0.0,32.0,71.0,46.0,55.0,31.0,35.0,20.0,2.0,91.0,14.0,2.0,22.0,18.0,0.0,136.0,21.0,1.0,73.0,84.0,20.0,16.0,0.0,138.0,4.0,17.0,49.0,9.0,45.0,57.0,41.0,0.0,24.0,116.0,11.0,12.0,1.0,0.0,16.0,7.0,6.0,48.0,3.0,1.0,64.0,1.0,8.0,0.0,27.0,25.0,0.0,0.0,10.0,1.0,18.0,17.0,16.0,1.0,0.0,2.0,0.0,5.0,64.0,6.0,100.0,1.0,0.0,0.0,0.0,3.0,8.0
50,234460214.0,1.0,10.0,42.0,17.0,64.0,65.0,10.0,48.0,10.0,112.0,45.0,154.0,47.0,21.0,37.0,25.0,30.0,28.0,2.0,47.0,29.0,11.0,2.0,0.0,83.0,32.0,20.0,0.0,5.0,50.0,46.0,13.0,9.0,17.0,13.0,9.0,16.0,62.0,18.0,23.0,10.0,86.0,55.0,0.0,5.0,18.0,112.0,78.0,32.0,0.0,44.0,72.0,46.0,119.0,64.0,91.0,4.0,96.0,79.0,8.0,59.0,9.0,0.0,31.0,31.0,2.0,94.0,81.0,146.0,21.0,7.0,78.0,0.0,12.0,37.0,14.0,21.0,55.0,80.0,0.0,14.0,187.0,14.0,8.0,140.0,0.0,39.0,17.0,1.0,7.0,1.0,10.0,45.0,0.0,4.0,0.0,2.0,22.0,0.0,0.0,20.0,39.0,26.0,13.0,64.0,0.0,4.0,38.0,0.0,35.0,21.0,19.0,105.0,4.0,1.0,0.0,15.0,7.0,41.0
51,239065881.0,4.0,18.0,223.0,40.0,242.0,35.0,116.0,123.0,20.0,72.0,75.0,313.0,134.0,29.0,88.0,21.0,85.0,22.0,33.0,71.0,85.0,3.0,19.0,0.0,103.0,109.0,122.0,10.0,109.0,80.0,56.0,45.0,29.0,177.0,89.0,23.0,31.0,30.0,109.0,6.0,46.0,52.0,105.0,0.0,26.0,49.0,146.0,98.0,71.0,44.0,0.0,95.0,131.0,186.0,67.0,130.0,27.0,167.0,64.0,9.0,56.0,41.0,0.0,209.0,64.0,22.0,319.0,69.0,78.0,109.0,0.0,238.0,11.0,58.0,159.0,43.0,95.0,48.0,148.0,0.0,68.0,189.0,60.0,50.0,23.0,0.0,85.0,41.0,15.0,78.0,7.0,11.0,28.0,6.0,37.0,0.0,41.0,32.0,1.0,0.0,75.0,19.0,36.0,33.0,58.0,0.0,4.0,11.0,0.0,89.0,101.0,34.0,98.0,7.0,2.0,2.0,13.0,8.0,93.0
52,244152633.0,3.0,9.0,110.0,30.0,131.0,42.0,40.0,115.0,20.0,77.0,122.0,265.0,60.0,30.0,130.0,25.0,101.0,23.0,20.0,163.0,64.0,2.0,8.0,0.0,159.0,86.0,68.0,4.0,21.0,128.0,70.0,46.0,22.0,51.0,57.0,32.0,18.0,41.0,55.0,33.0,22.0,107.0,95.0,0.0,18.0,27.0,124.0,132.0,46.0,72.0,95.0,0.0,102.0,170.0,77.0,79.0,20.0,226.0,56.0,29.0,68.0,24.0,0.0,102.0,48.0,10.0,167.0,180.0,107.0,49.0,1.0,219.0,0.0,36.0,55.0,36.0,58.0,72.0,100.0,0.0,43.0,229.0,47.0,20.0,14.0,0.0,74.0,36.0,5.0,34.0,18.0,18.0,61.0,2.0,19.0,0.0,17.0,56.0,2.0,0.0,62.0,12.0,70.0,45.0,74.0,5.0,8.0,11.0,0.0,60.0,53.0,36.0,196.0,6.0,0.0,2.0,14.0,13.0,40.0
53,244529400.0,2.0,2.0,163.0,19.0,211.0,33.0,81.0,79.0,4.0,59.0,72.0,286.0,63.0,29.0,97.0,15.0,60.0,26.0,39.0,54.0,75.0,0.0,4.0,0.0,120.0,112.0,148.0,7.0,69.0,78.0,55.0,34.0,36.0,128.0,84.0,20.0,15.0,31.0,69.0,15.0,16.0,26.0,80.0,0.0,18.0,44.0,66.0,93.0,55.0,46.0,131.0,102.0,0.0,117.0,103.0,49.0,26.0,176.0,40.0,11.0,50.0,39.0,0.0,184.0,83.0,8.0,255.0,145.0,92.0,77.0,1.0,159.0,1.0,56.0,112.0,57.0,105.0,74.0,147.0,0.0,68.0,236.0,63.0,17.0,8.0,0.0,36.0,38.0,17.0,67.0,4.0,12.0,58.0,3.0,26.0,0.0,30.0,37.0,2.0,0.0,55.0,10.0,26.0,30.0,21.0,0.0,8.0,5.0,0.0,42.0,71.0,30.0,166.0,5.0,0.0,2.0,10.0,14.0,27.0
54,244623022.0,10.0,41.0,134.0,60.0,198.0,162.0,41.0,107.0,25.0,174.0,108.0,831.0,180.0,167.0,342.0,174.0,47.0,24.0,7.0,105.0,79.0,17.0,22.0,0.0,241.0,54.0,53.0,4.0,16.0,161.0,182.0,36.0,21.0,65.0,52.0,106.0,60.0,169.0,41.0,43.0,29.0,142.0,80.0,0.0,6.0,31.0,368.0,434.0,31.0,119.0,186.0,170.0,117.0,0.0,179.0,350.0,5.0,285.0,282.0,74.0,223.0,16.0,0.0,98.0,81.0,5.0,343.0,267.0,378.0,59.0,13.0,133.0,1.0,21.0,111.0,42.0,76.0,124.0,251.0,0.0,53.0,359.0,45.0,56.0,88.0,0.0,215.0,56.0,5.0,31.0,13.0,25.0,94.0,1.0,8.0,0.0,11.0,40.0,0.0,0.0,58.0,63.0,117.0,13.0,162.0,8.0,6.0,66.0,0.0,136.0,64.0,53.0,220.0,22.0,2.0,2.0,29.0,13.0,255.0
55,244896607.0,2.0,6.0,85.0,16.0,127.0,51.0,34.0,56.0,4.0,76.0,42.0,264.0,56.0,36.0,115.0,28.0,27.0,33.0,6.0,62.0,45.0,3.0,1.0,0.0,138.0,46.0,47.0,3.0,19.0,83.0,81.0,7.0,15.0,67.0,54.0,35.0,15.0,56.0,25.0,17.0,6.0,25.0,55.0,0.0,7.0,26.0,90.0,101.0,35.0,64.0,67.0,77.0,103.0,179.0,0.0,63.0,3.0,154.0,72.0,14.0,66.0,10.0,0.0,80.0,70.0,2.0,178.0,159.0,126.0,44.0,0.0,68.0,0.0,19.0,81.0,29.0,80.0,95.0,145.0,0.0,43.0,255.0,37.0,17.0,7.0,0.0,61.0,37.0,6.0,26.0,2.0,9.0,75.0,1.0,5.0,0.0,10.0,41.0,0.0,0.0,21.0,7.0,14.0,12.0,29.0,0.0,2.0,15.0,0.0,17.0,44.0,31.0,182.0,10.0,0.0,2.0,9.0,10.0,38.0
56,245650642.0,14.0,30.0,91.0,107.0,93.0,55.0,16.0,82.0,19.0,85.0,69.0,337.0,141.0,60.0,125.0,56.0,53.0,9.0,7.0,63.0,52.0,16.0,17.0,0.0,106.0,33.0,15.0,2.0,6.0,79.0,69.0,35.0,13.0,24.0,21.0,29.0,37.0,101.0,59.0,25.0,33.0,127.0,69.0,0.0,34.0,10.0,189.0,209.0,20.0,91.0,130.0,79.0,49.0,350.0,63.0,0.0,62.0,142.0,162.0,17.0,145.0,18.0,0.0,42.0,21.0,16.0,153.0,62.0,166.0,29.0,25.0,145.0,1.0,19.0,52.0,17.0,17.0,51.0,101.0,0.0,16.0,163.0,17.0,19.0,57.0,0.0,149.0,23.0,4.0,9.0,20.0,17.0,37.0,11.0,19.0,0.0,29.0,21.0,10.0,1.0,49.0,95.0,130.0,20.0,187.0,7.0,10.0,60.0,0.0,95.0,51.0,25.0,78.0,9.0,2.0,0.0,18.0,7.0,158.0
57,246411237.0,1.0,0.0,48.0,53.0,47.0,1.0,47.0,46.0,1.0,4.0,21.0,34.0,43.0,1.0,2.0,1.0,62.0,1.0,28.0,16.0,29.0,0.0,1.0,0.0,8.0,34.0,44.0,8.0,70.0,18.0,2.0,37.0,25.0,53.0,29.0,3.0,1.0,3.0,144.0,0.0,13.0,1.0,49.0,0.0,84.0,17.0,6.0,4.0,2.0,4.0,27.0,20.0,26.0,5.0,3.0,62.0,0.0,17.0,5.0,2.0,4.0,36.0,6.0,94.0,4.0,22.0,63.0,7.0,3.0,12.0,0.0,191.0,15.0,45.0,38.0,17.0,9.0,1.0,13.0,0.0,22.0,15.0,30.0,16.0,1.0,0.0,29.0,4.0,23.0,36.0,0.0,0.0,1.0,45.0,61.0,0.0,62.0,5.0,75.0,2.0,25.0,13.0,3.0,25.0,0.0,0.0,6.0,1.0,0.0,15.0,150.0,8.0,12.0,0.0,0.0,0.0,1.0,4.0,3.0
58,247012412.0,3.0,11.0,172.0,36.0,219.0,60.0,76.0,135.0,12.0,100.0,130.0,498.0,96.0,60.0,224.0,64.0,105.0,37.0,29.0,151.0,92.0,4.0,9.0,0.0,308.0,135.0,124.0,9.0,57.0,179.0,100.0,34.0,35.0,93.0,100.0,48.0,31.0,86.0,78.0,53.0,30.0,81.0,127.0,0.0,23.0,45.0,153.0,241.0,91.0,96.0,167.0,226.0,176.0,285.0,154.0,142.0,17.0,0.0,121.0,21.0,157.0,34.0,0.0,170.0,77.0,7.0,248.0,231.0,193.0,59.0,0.0,237.0,2.0,49.0,105.0,44.0,91.0,189.0,174.0,0.0,69.0,423.0,59.0,19.0,21.0,0.0,108.0,39.0,16.0,66.0,7.0,25.0,119.0,2.0,29.0,0.0,32.0,73.0,3.0,0.0,56.0,17.0,63.0,34.0,58.0,2.0,9.0,29.0,0.0,61.0,85.0,42.0,317.0,9.0,0.0,4.0,16.0,9.0,78.0
59,248029247.0,29.0,27.0,44.0,24.0,86.0,87.0,16.0,35.0,14.0,85.0,44.0,194.0,48.0,65.0,90.0,80.0,14.0,10.0,4.0,39.0,31.0,6.0,11.0,0.0,94.0,18.0,21.0,2.0,5.0,51.0,96.0,15.0,10.0,35.0,19.0,74.0,37.0,100.0,15.0,6.0,10.0,76.0,37.0,0.0,1.0,10.0,146.0,146.0,14.0,79.0,64.0,56.0,40.0,282.0,72.0,162.0,5.0,121.0,0.0,14.0,118.0,6.0,0.0,36.0,30.0,3.0,127.0,67.0,211.0,25.0,8.0,48.0,0.0,10.0,49.0,17.0,43.0,35.0,100.0,0.0,21.0,142.0,10.0,18.0,162.0,0.0,79.0,29.0,4.0,13.0,16.0,16.0,23.0,0.0,3.0,0.0,6.0,11.0,0.0,0.0,26.0,33.0,57.0,3.0,244.0,6.0,5.0,193.0,0.0,126.0,37.0,24.0,62.0,57.0,0.0,1.0,21.0,8.0,124.0
60,248185799.0,0.0,2.0,12.0,6.0,18.0,27.0,5.0,5.0,1.0,17.0,10.0,36.0,10.0,26.0,32.0,20.0,3.0,3.0,1.0,9.0,6.0,1.0,1.0,0.0,26.0,1.0,7.0,0.0,2.0,10.0,19.0,3.0,5.0,6.0,4.0,20.0,3.0,9.0,7.0,2.0,0.0,3.0,6.0,0.0,1.0,3.0,31.0,51.0,2.0,8.0,9.0,29.0,11.0,74.0,14.0,17.0,2.0,21.0,14.0,0.0,14.0,4.0,0.0,15.0,8.0,0.0,27.0,66.0,47.0,7.0,0.0,15.0,0.0,4.0,8.0,4.0,7.0,9.0,24.0,0.0,5.0,27.0,6.0,7.0,1.0,0.0,60.0,5.0,2.0,4.0,2.0,4.0,7.0,0.0,1.0,0.0,1.0,0.0,0.0,0.0,7.0,2.0,9.0,1.0,11.0,0.0,2.0,4.0,0.0,7.0,7.0,7.0,27.0,1.0,0.0,0.0,4.0,0.0,9.0
61,249740668.0,6.0,18.0,42.0,55.0,62.0,55.0,7.0,47.0,14.0,60.0,59.0,236.0,52.0,48.0,159.0,44.0,22.0,9.0,0.0,75.0,31.0,5.0,10.0,0.0,130.0,13.0,16.0,1.0,3.0,97.0,57.0,21.0,5.0,17.0,11.0,56.0,17.0,91.0,12.0,42.0,8.0,74.0,38.0,0.0,2.0,4.0,115.0,161.0,22.0,59.0,56.0,68.0,50.0,223.0,66.0,145.0,4.0,157.0,118.0,14.0,0.0,3.0,0.0,26.0,21.0,1.0,111.0,69.0,118.0,19.0,19.0,51.0,0.0,8.0,51.0,13.0,20.0,54.0,97.0,0.0,12.0,148.0,16.0,9.0,26.0,0.0,77.0,21.0,2.0,8.0,10.0,13.0,42.0,1.0,2.0,0.0,1.0,23.0,0.0,0.0,24.0,41.0,55.0,5.0,68.0,4.0,5.0,25.0,0.0,51.0,28.0,21.0,91.0,4.0,1.0,1.0,14.0,7.0,82.0
62,253436491.0,0.0,1.0,64.0,9.0,72.0,4.0,63.0,44.0,0.0,12.0,30.0,68.0,30.0,5.0,8.0,3.0,39.0,3.0,26.0,15.0,35.0,0.0,2.0,0.0,16.0,42.0,62.0,4.0,40.0,12.0,7.0,23.0,24.0,86.0,37.0,4.0,2.0,4.0,53.0,1.0,10.0,2.0,38.0,0.0,29.0,22.0,14.0,13.0,18.0,9.0,41.0,24.0,39.0,16.0,10.0,18.0,36.0,34.0,6.0,4.0,3.0,0.0,0.0,99.0,15.0,12.0,74.0,19.0,12.0,23.0,0.0,91.0,2.0,43.0,43.0,28.0,26.0,5.0,30.0,0.0,32.0,42.0,33.0,16.0,2.0,0.0,15.0,14.0,13.0,52.0,0.0,4.0,6.0,13.0,34.0,0.0,26.0,6.0,3.0,1.0,31.0,8.0,3.0,19.0,3.0,0.0,4.0,1.0,0.0,16.0,53.0,15.0,29.0,0.0,0.0,1.0,1.0,4.0,2.0
63,253596281.0,0.0,0.0,0.0,2.0,0.0,0.0,1.0,0.0,0.0,0.0,0.0,0.0,0.0,0.0,0.0,0.0,2.0,0.0,0.0,0.0,0.0,0.0,0.0,0.0,0.0,0.0,0.0,0.0,1.0,0.0,0.0,0.0,1.0,0.0,0.0,0.0,0.0,0.0,2.0,0.0,0.0,0.0,1.0,0.0,1.0,0.0,0.0,0.0,0.0,0.0,0.0,0.0,0.0,0.0,0.0,0.0,6.0,0.0,0.0,0.0,0.0,0.0,0.0,1.0,0.0,0.0,0.0,0.0,0.0,0.0,0.0,2.0,0.0,0.0,0.0,0.0,0.0,0.0,0.0,0.0,0.0,0.0,0.0,0.0,0.0,0.0,0.0,0.0,1.0,0.0,0.0,0.0,0.0,1.0,2.0,0.0,0.0,0.0,1.0,0.0,0.0,0.0,0.0,0.0,0.0,0.0,0.0,0.0,0.0,0.0,1.0,0.0,0.0,0.0,0.0,0.0,0.0,0.0,0.0
64,254688158.0,1.0,1.0,315.0,16.0,318.0,31.0,239.0,108.0,4.0,43.0,84.0,371.0,114.0,23.0,79.0,16.0,149.0,28.0,85.0,73.0,95.0,2.0,3.0,0.0,105.0,226.0,268.0,15.0,244.0,88.0,46.0,54.0,63.0,349.0,202.0,24.0,11.0,26.0,298.0,7.0,21.0,22.0,137.0,0.0,79.0,94.0,56.0,62.0,136.0,31.0,209.0,102.0,184.0,98.0,80.0,42.0,94.0,170.0,36.0,15.0,26.0,99.0,1.0,0.0,98.0,21.0,350.0,129.0,72.0,90.0,3.0,481.0,15.0,101.0,186.0,58.0,127.0,62.0,146.0,0.0,105.0,227.0,109.0,57.0,8.0,0.0,38.0,42.0,51.0,177.0,3.0,11.0,45.0,28.0,84.0,0.0,86.0,34.0,11.0,1.0,76.0,10.0,23.0,51.0,15.0,1.0,3.0,3.0,0.0,27.0,276.0,36.0,152.0,4.0,1.0,4.0,6.0,14.0,16.0
65,254785112.0,0.0,6.0,91.0,5.0,119.0,35.0,49.0,38.0,1.0,35.0,37.0,163.0,36.0,26.0,54.0,16.0,28.0,13.0,11.0,29.0,53.0,3.0,0.0,0.0,73.0,47.0,70.0,3.0,28.0,33.0,51.0,11.0,21.0,69.0,52.0,13.0,8.0,15.0,33.0,1.0,3.0,6.0,33.0,0.0,8.0,29.0,43.0,48.0,21.0,31.0,64.0,48.0,83.0,81.0,70.0,21.0,4.0,77.0,30.0,8.0,21.0,15.0,0.0,98.0,0.0,3.0,126.0,72.0,62.0,52.0,1.0,71.0,1.0,28.0,64.0,38.0,63.0,55.0,88.0,0.0,43.0,165.0,36.0,12.0,5.0,0.0,16.0,38.0,6.0,37.0,1.0,3.0,34.0,2.0,10.0,0.0,12.0,25.0,0.0,0.0,23.0,6.0,14.0,17.0,7.0,0.0,1.0,16.0,0.0,9.0,33.0,29.0,80.0,6.0,0.0,3.0,10.0,6.0,9.0
66,257849174.0,1.0,0.0,28.0,2.0,23.0,3.0,13.0,29.0,1.0,4.0,9.0,19.0,23.0,2.0,3.0,0.0,23.0,1.0,12.0,10.0,14.0,0.0,0.0,0.0,5.0,14.0,15.0,4.0,4.0,11.0,3.0,13.0,13.0,13.0,13.0,0.0,4.0,1.0,32.0,0.0,14.0,4.0,16.0,0.0,17.0,8.0,6.0,3.0,1.0,2.0,22.0,10.0,8.0,5.0,2.0,16.0,22.0,7.0,3.0,0.0,1.0,12.0,0.0,21.0,3.0,0.0,22.0,2.0,3.0,4.0,0.0,54.0,1.0,13.0,10.0,6.0,8.0,2.0,8.0,0.0,8.0,18.0,10.0,6.0,3.0,0.0,10.0,4.0,3.0,11.0,1.0,0.0,0.0,4.0,19.0,0.0,11.0,2.0,3.0,0.0,11.0,7.0,0.0,10.0,4.0,0.0,2.0,0.0,0.0,9.0,23.0,4.0,5.0,0.0,0.0,0.0,0.0,4.0,5.0
