,0,1,2,3,4,5,6,7,8,9,10,11,12,13,14,15,16,17,18,19,20,21,22,23,24,25,26,27,28,29,30,31,32,33,34,35,36,37,38,39,40,41,42,43,44,45,46,47,48,49,50,51,52,53,54,55,56,57,58,59,60,61,62,63,64,65,66,67,68,69,70,71,72,73,74,75,76,77,78,79,80,81,82,83,84,85,86,87,88,89,90,91,92,93,94,95,96,97,98,99,100,101,102,103,104,105,106,107,108,109,110,111,112,113,114,115,116,117,118,119,120,121,122,123,124,125,126,127,128,129,130,131,132,133,134,135,136,137,138,139
0,-1.0,11277572.0,14894671.0,15439100.0,16542687.0,17650854.0,18454892.0,19042030.0,19512791.0,19938782.0,20263645.0,22391773.0,23023443.0,23934422.0,25406279.0,27414505.0,28135772.0,29662823.0,42910193.0,47107118.0,47625088.0,47628437.0,47962856.0,47987652.0,48307172.0,48376323.0,48825712.0,48959778.0,49174862.0,49472202.0,50645038.0,52696957.0,53223847.0,56726017.0,64209306.0,66647830.0,72761871.0,73916481.0,74481416.0,85738930.0,86976234.0,95169094.0,98724873.0,103144765.0,106039297.0,109315857.0,111950228.0,117967849.0,124578114.0,144065119.0,146815718.0,165318041.0,180261346.0,183138723.0,192211801.0,192477353.0,194008664.0,217078361.0,235614474.0,242303675.0,243694087.0,244673951.0,244896607.0,245901604.0,247182392.0,250722768.0,251766570.0,255056286.0,255164348.0,257471968.0,260377929.0,260706920.0,261537291.0,263022323.0,264796466.0,265530743.0,266133951.0,272259832.0,272323854.0,272521025.0,272866147.0,273005601.0,274018215.0,275402193.0,277483604.0,278440078.0,285140553.0,285181021.0,287425961.0,288479798.0,288599704.0,290530096.0,303073117.0,304035334.0,305882242.0,306425055.0,308047805.0,312896307.0,314472089.0,315212695.0,318358387.0,319313480.0,322751229.0,322844100.0,323559063.0,325509780.0,325774787.0,330994588.0,331103789.0,333904942.0,334472942.0,338676684.0,343800608.0,343827613.0,345875168.0,352699452.0,358982116.0,359509980.0,361337650.0,361525299.0,361947583.0,362678880.0,364481118.0,365021388.0,366250095.0,367279583.0,369028288.0,369820320.0,374202786.0,380572608.0,390924797.0,394709673.0,396170119.0,396995779.0,399232274.0,402294835.0,412663554.0,420653865.0,430530678.0,432687183.0
1,11277572.0,0.0,4.0,39.0,3.0,8.0,1.0,17.0,6.0,3.0,17.0,3.0,6.0,10.0,1.0,7.0,8.0,32.0,1.0,9.0,2.0,0.0,92.0,4.0,0.0,2.0,1.0,10.0,2.0,3.0,20.0,15.0,8.0,16.0,0.0,2.0,5.0,0.0,3.0,55.0,4.0,1.0,0.0,13.0,4.0,3.0,6.0,11.0,12.0,26.0,0.0,0.0,39.0,32.0,0.0,34.0,7.0,30.0,5.0,0.0,5.0,4.0,1.0,8.0,5.0,4.0,0.0,2.0,3.0,37.0,11.0,18.0,9.0,18.0,0.0,2.0,0.0,14.0,78.0,0.0,0.0,0.0,0.0,1.0,0.0,18.0,6.0,0.0,4.0,1.0,0.0,9.0,0.0,0.0,1.0,0.0,0.0,3.0,5.0,0.0,26.0,5.0,25.0,0.0,4.0,1.0,11.0,0.0,0.0,0.0,8.0,0.0,58.0,3.0,78.0,0.0,14.0,75.0,0.0,0.0,0.0,0.0,11.0,0.0,0.0,0.0,145.0,0.0,0.0,0.0,0.0,0.0,0.0,0.0,0.0,4.0,1.0,0.0,2.0,0.0
2,14894671.0,4.0,0.0,25.0,3.0,2.0,4.0,11.0,0.0,18.0,1.0,1.0,3.0,7.0,1.0,2.0,10.0,0.0,1.0,30.0,0.0,0.0,7.0,11.0,0.0,2.0,0.0,7.0,1.0,2.0,13.0,5.0,0.0,5.0,0.0,2.0,4.0,1.0,2.0,21.0,5.0,1.0,1.0,18.0,13.0,28.0,3.0,11.0,12.0,5.0,0.0,1.0,2.0,2.0,0.0,18.0,4.0,15.0,13.0,0.0,7.0,2.0,1.0,3.0,7.0,2.0,1.0,3.0,3.0,4.0,15.0,9.0,16.0,5.0,1.0,17.0,0.0,1.0,6.0,0.0,2.0,0.0,0.0,2.0,1.0,5.0,6.0,5.0,2.0,2.0,0.0,2.0,0.0,0.0,3.0,2.0,1.0,7.0,1.0,1.0,17.0,3.0,5.0,0.0,2.0,0.0,1.0,0.0,0.0,0.0,8.0,1.0,17.0,16.0,14.0,0.0,10.0,3.0,0.0,0.0,0.0,0.0,6.0,0.0,0.0,0.0,15.0,1.0,0.0,0.0,2.0,0.0,3.0,1.0,0.0,5.0,1.0,0.0,6.0,0.0
3,15439100.0,39.0,25.0,0.0,22.0,30.0,24.0,70.0,34.0,44.0,24.0,21.0,35.0,54.0,1.0,37.0,123.0,44.0,4.0,75.0,4.0,2.0,193.0,34.0,0.0,8.0,0.0,30.0,8.0,18.0,88.0,39.0,12.0,51.0,0.0,9.0,25.0,0.0,11.0,270.0,26.0,0.0,1.0,340.0,31.0,117.0,17.0,62.0,56.0,55.0,0.0,1.0,57.0,18.0,0.0,229.0,24.0,65.0,92.0,1.0,27.0,18.0,14.0,38.0,21.0,13.0,4.0,11.0,20.0,90.0,109.0,61.0,44.0,60.0,0.0,140.0,0.0,6.0,45.0,0.0,1.0,0.0,0.0,2.0,0.0,49.0,23.0,1.0,12.0,7.0,0.0,13.0,4.0,0.0,8.0,1.0,0.0,18.0,7.0,0.0,153.0,18.0,40.0,0.0,5.0,6.0,4.0,0.0,0.0,0.0,55.0,2.0,90.0,44.0,118.0,1.0,49.0,22.0,0.0,1.0,2.0,0.0,64.0,0.0,0.0,0.0,181.0,2.0,0.0,0.0,3.0,0.0,4.0,0.0,0.0,61.0,2.0,0.0,8.0,0.0
4,16542687.0,3.0,3.0,22.0,0.0,40.0,3.0,161.0,13.0,14.0,2.0,13.0,48.0,142.0,4.0,18.0,101.0,23.0,1.0,84.0,55.0,10.0,30.0,8.0,0.0,34.0,14.0,30.0,106.0,54.0,131.0,35.0,116.0,26.0,1.0,8.0,22.0,3.0,15.0,60.0,111.0,3.0,0.0,5.0,9.0,4.0,44.0,39.0,37.0,19.0,0.0,0.0,17.0,0.0,0.0,256.0,20.0,91.0,18.0,3.0,4.0,8.0,12.0,46.0,45.0,9.0,1.0,19.0,23.0,27.0,60.0,63.0,3.0,69.0,0.0,10.0,0.0,1.0,10.0,3.0,2.0,0.0,0.0,3.0,2.0,18.0,29.0,5.0,7.0,12.0,0.0,17.0,2.0,1.0,11.0,2.0,0.0,10.0,8.0,2.0,15.0,5.0,5.0,0.0,1.0,5.0,2.0,0.0,0.0,0.0,56.0,0.0,20.0,3.0,25.0,0.0,34.0,12.0,0.0,0.0,1.0,1.0,30.0,0.0,0.0,0.0,22.0,2.0,0.0,0.0,2.0,1.0,7.0,0.0,0.0,2.0,3.0,1.0,12.0,0.0
5,17650854.0,8.0,2.0,30.0,40.0,0.0,11.0,80.0,14.0,12.0,4.0,25.0,40.0,35.0,1.0,47.0,47.0,9.0,1.0,56.0,11.0,5.0,20.0,16.0,0.0,6.0,0.0,24.0,1.0,9.0,149.0,72.0,12.0,40.0,0.0,11.0,11.0,0.0,13.0,72.0,36.0,0.0,0.0,5.0,4.0,3.0,37.0,92.0,58.0,22.0,0.0,1.0,43.0,3.0,1.0,325.0,30.0,66.0,18.0,0.0,5.0,19.0,18.0,56.0,48.0,9.0,0.0,14.0,24.0,24.0,55.0,118.0,2.0,135.0,1.0,2.0,0.0,0.0,5.0,0.0,0.0,0.0,0.0,2.0,0.0,28.0,30.0,0.0,11.0,4.0,0.0,13.0,2.0,0.0,6.0,0.0,1.0,28.0,7.0,0.0,32.0,2.0,17.0,0.0,3.0,5.0,10.0,0.0,0.0,0.0,36.0,1.0,25.0,2.0,22.0,0.0,77.0,34.0,0.0,1.0,2.0,0.0,262.0,0.0,0.0,0.0,41.0,0.0,0.0,0.0,13.0,0.0,2.0,0.0,0.0,1.0,2.0,1.0,20.0,0.0
6,18454892.0,1.0,4.0,24.0,3.0,11.0,0.0,48.0,13.0,23.0,2.0,18.0,18.0,25.0,1.0,17.0,41.0,1.0,9.0,55.0,4.0,6.0,3.0,31.0,0.0,3.0,0.0,37.0,2.0,14.0,59.0,79.0,1.0,29.0,0.0,17.0,16.0,2.0,20.0,45.0,20.0,0.0,1.0,0.0,16.0,3.0,12.0,70.0,53.0,26.0,0.0,1.0,10.0,0.0,0.0,60.0,25.0,69.0,17.0,1.0,9.0,20.0,12.0,24.0,25.0,17.0,7.0,14.0,15.0,15.0,26.0,67.0,2.0,20.0,0.0,13.0,0.0,3.0,1.0,0.0,1.0,0.0,0.0,6.0,2.0,18.0,24.0,5.0,13.0,8.0,0.0,7.0,5.0,0.0,3.0,1.0,0.0,5.0,10.0,1.0,29.0,12.0,5.0,0.0,17.0,4.0,4.0,0.0,1.0,0.0,17.0,0.0,29.0,13.0,7.0,0.0,41.0,7.0,0.0,0.0,2.0,0.0,45.0,0.0,0.0,0.0,18.0,2.0,0.0,0.0,5.0,0.0,10.0,0.0,0.0,0.0,1.0,0.0,17.0,0.0
7,19042030.0,17.0,11.0,70.0,161.0,80.0,48.0,0.0,46.0,68.0,6.0,35.0,105.0,250.0,1.0,42.0,263.0,22.0,18.0,204.0,64.0,12.0,37.0,58.0,0.0,39.0,17.0,86.0,103.0,84.0,317.0,153.0,112.0,84.0,0.0,32.0,40.0,6.0,41.0,224.0,348.0,4.0,0.0,11.0,30.0,8.0,75.0,237.0,188.0,66.0,0.0,2.0,57.0,7.0,1.0,471.0,76.0,233.0,61.0,3.0,25.0,57.0,44.0,111.0,135.0,31.0,7.0,43.0,48.0,51.0,106.0,197.0,7.0,154.0,2.0,11.0,0.0,5.0,13.0,2.0,2.0,0.0,1.0,13.0,3.0,59.0,77.0,17.0,47.0,28.0,0.0,24.0,7.0,1.0,18.0,2.0,1.0,28.0,21.0,2.0,102.0,30.0,24.0,0.0,8.0,10.0,21.0,0.0,1.0,0.0,169.0,6.0,76.0,25.0,47.0,0.0,139.0,28.0,0.0,1.0,2.0,0.0,194.0,0.0,0.0,0.0,72.0,4.0,0.0,0.0,11.0,0.0,12.0,0.0,0.0,5.0,5.0,1.0,61.0,0.0
8,19512791.0,6.0,0.0,34.0,13.0,14.0,13.0,46.0,0.0,13.0,9.0,18.0,11.0,21.0,1.0,23.0,83.0,15.0,9.0,84.0,6.0,9.0,37.0,11.0,0.0,8.0,1.0,43.0,4.0,11.0,86.0,67.0,10.0,45.0,0.0,10.0,18.0,1.0,20.0,76.0,16.0,2.0,1.0,14.0,16.0,13.0,14.0,66.0,67.0,25.0,0.0,1.0,9.0,5.0,0.0,127.0,37.0,89.0,25.0,3.0,6.0,15.0,17.0,107.0,45.0,13.0,8.0,12.0,16.0,59.0,31.0,353.0,3.0,54.0,0.0,47.0,0.0,4.0,13.0,0.0,1.0,0.0,0.0,2.0,1.0,17.0,19.0,7.0,15.0,9.0,0.0,14.0,7.0,1.0,5.0,2.0,0.0,15.0,14.0,1.0,47.0,21.0,7.0,0.0,8.0,1.0,21.0,0.0,0.0,0.0,45.0,1.0,42.0,8.0,28.0,1.0,92.0,11.0,0.0,0.0,1.0,0.0,32.0,0.0,0.0,0.0,44.0,0.0,0.0,0.0,10.0,0.0,4.0,0.0,0.0,6.0,2.0,0.0,10.0,0.0
9,19938782.0,3.0,18.0,44.0,14.0,12.0,23.0,68.0,13.0,0.0,1.0,9.0,22.0,37.0,1.0,15.0,68.0,3.0,8.0,44.0,7.0,3.0,3.0,43.0,1.0,3.0,4.0,21.0,8.0,12.0,54.0,34.0,7.0,27.0,1.0,7.0,10.0,2.0,16.0,69.0,29.0,1.0,0.0,1.0,9.0,3.0,16.0,71.0,57.0,15.0,0.0,2.0,16.0,2.0,0.0,86.0,24.0,41.0,18.0,1.0,5.0,24.0,17.0,33.0,42.0,12.0,9.0,10.0,12.0,14.0,40.0,59.0,5.0,41.0,1.0,3.0,0.0,2.0,3.0,0.0,1.0,0.0,0.0,3.0,0.0,20.0,23.0,6.0,14.0,7.0,0.0,4.0,4.0,0.0,5.0,0.0,0.0,9.0,6.0,1.0,29.0,8.0,11.0,0.0,4.0,1.0,7.0,0.0,1.0,0.0,19.0,1.0,27.0,14.0,7.0,0.0,41.0,6.0,0.0,0.0,2.0,0.0,69.0,0.0,0.0,0.0,19.0,1.0,0.0,0.0,4.0,0.0,3.0,0.0,0.0,0.0,1.0,0.0,10.0,0.0
10,20263645.0,17.0,1.0,24.0,2.0,4.0,2.0,6.0,9.0,1.0,0.0,8.0,6.0,1.0,0.0,10.0,3.0,12.0,0.0,13.0,0.0,3.0,55.0,11.0,0.0,0.0,0.0,6.0,1.0,1.0,16.0,10.0,22.0,10.0,0.0,1.0,2.0,0.0,5.0,49.0,1.0,0.0,0.0,14.0,5.0,6.0,3.0,11.0,7.0,9.0,0.0,0.0,9.0,11.0,0.0,18.0,9.0,14.0,3.0,1.0,0.0,3.0,1.0,13.0,1.0,3.0,1.0,1.0,7.0,30.0,1.0,18.0,9.0,8.0,0.0,3.0,0.0,12.0,29.0,0.0,1.0,0.0,0.0,0.0,0.0,9.0,4.0,0.0,0.0,2.0,0.0,7.0,1.0,0.0,1.0,0.0,0.0,3.0,6.0,0.0,23.0,1.0,15.0,0.0,2.0,1.0,2.0,0.0,0.0,0.0,3.0,0.0,21.0,2.0,26.0,0.0,10.0,35.0,0.0,0.0,0.0,0.0,6.0,0.0,0.0,0.0,73.0,0.0,0.0,0.0,0.0,0.0,0.0,1.0,0.0,3.0,1.0,0.0,3.0,0.0
11,22391773.0,3.0,1.0,21.0,13.0,25.0,18.0,35.0,18.0,9.0,8.0,0.0,23.0,31.0,1.0,30.0,192.0,16.0,3.0,57.0,3.0,10.0,116.0,19.0,0.0,2.0,0.0,42.0,3.0,22.0,138.0,48.0,8.0,41.0,2.0,16.0,27.0,3.0,19.0,176.0,20.0,7.0,1.0,5.0,6.0,3.0,16.0,66.0,36.0,26.0,0.0,0.0,20.0,1.0,0.0,404.0,19.0,49.0,13.0,1.0,5.0,22.0,21.0,54.0,41.0,9.0,2.0,23.0,16.0,61.0,37.0,49.0,6.0,46.0,0.0,24.0,0.0,1.0,3.0,0.0,6.0,0.0,0.0,4.0,3.0,35.0,18.0,2.0,18.0,12.0,0.0,12.0,2.0,0.0,6.0,2.0,0.0,8.0,13.0,1.0,24.0,3.0,10.0,0.0,6.0,9.0,7.0,0.0,1.0,0.0,30.0,0.0,13.0,2.0,26.0,1.0,41.0,26.0,0.0,0.0,0.0,1.0,50.0,0.0,0.0,0.0,45.0,1.0,0.0,0.0,3.0,0.0,10.0,0.0,0.0,1.0,1.0,0.0,15.0,0.0
12,23023443.0,6.0,3.0,35.0,48.0,40.0,18.0,105.0,11.0,22.0,6.0,23.0,0.0,90.0,0.0,37.0,100.0,8.0,3.0,66.0,41.0,2.0,17.0,35.0,0.0,19.0,15.0,23.0,41.0,38.0,104.0,34.0,41.0,33.0,0.0,10.0,22.0,2.0,11.0,168.0,63.0,3.0,0.0,7.0,8.0,3.0,24.0,62.0,42.0,17.0,0.0,0.0,15.0,2.0,0.0,222.0,22.0,54.0,11.0,3.0,5.0,18.0,16.0,27.0,35.0,10.0,2.0,14.0,12.0,29.0,33.0,48.0,4.0,65.0,0.0,5.0,0.0,2.0,7.0,1.0,0.0,0.0,1.0,6.0,1.0,14.0,16.0,4.0,12.0,8.0,0.0,8.0,1.0,1.0,4.0,0.0,0.0,4.0,8.0,2.0,36.0,7.0,18.0,0.0,2.0,3.0,4.0,0.0,1.0,0.0,24.0,0.0,18.0,9.0,19.0,0.0,33.0,35.0,0.0,0.0,0.0,0.0,111.0,0.0,0.0,0.0,39.0,2.0,0.0,0.0,5.0,0.0,6.0,0.0,0.0,2.0,2.0,0.0,19.0,0.0
13,23934422.0,10.0,7.0,54.0,142.0,35.0,25.0,250.0,21.0,37.0,1.0,31.0,90.0,0.0,1.0,23.0,136.0,25.0,2.0,139.0,90.0,7.0,49.0,20.0,0.0,61.0,21.0,60.0,132.0,74.0,247.0,106.0,139.0,40.0,0.0,15.0,32.0,4.0,27.0,124.0,176.0,1.0,0.0,13.0,9.0,4.0,83.0,117.0,95.0,32.0,0.0,1.0,32.0,2.0,0.0,321.0,44.0,161.0,28.0,2.0,14.0,25.0,45.0,48.0,101.0,11.0,2.0,43.0,48.0,67.0,107.0,93.0,6.0,131.0,0.0,11.0,0.0,4.0,11.0,0.0,0.0,0.0,0.0,5.0,1.0,40.0,49.0,4.0,25.0,13.0,0.0,16.0,2.0,0.0,14.0,0.0,0.0,16.0,11.0,1.0,47.0,15.0,12.0,0.0,6.0,9.0,16.0,0.0,1.0,0.0,96.0,1.0,41.0,15.0,38.0,0.0,52.0,25.0,0.0,0.0,0.0,0.0,60.0,0.0,0.0,0.0,51.0,4.0,0.0,0.0,3.0,0.0,4.0,0.0,0.0,7.0,5.0,0.0,27.0,0.0
14,25406279.0,1.0,1.0,1.0,4.0,1.0,1.0,1.0,1.0,1.0,0.0,1.0,0.0,1.0,0.0,1.0,1.0,0.0,1.0,3.0,1.0,8.0,6.0,56.0,0.0,0.0,0.0,7.0,1.0,0.0,10.0,5.0,2.0,1.0,3.0,49.0,9.0,66.0,16.0,6.0,2.0,18.0,0.0,1.0,1.0,0.0,7.0,24.0,3.0,2.0,16.0,17.0,3.0,1.0,0.0,7.0,3.0,8.0,0.0,24.0,1.0,3.0,9.0,53.0,9.0,0.0,34.0,52.0,7.0,1.0,3.0,4.0,1.0,11.0,2.0,0.0,2.0,0.0,1.0,0.0,45.0,0.0,5.0,0.0,18.0,9.0,6.0,61.0,47.0,63.0,0.0,4.0,11.0,17.0,9.0,25.0,16.0,2.0,13.0,6.0,2.0,0.0,1.0,0.0,3.0,0.0,3.0,0.0,2.0,0.0,0.0,4.0,3.0,1.0,3.0,19.0,3.0,7.0,15.0,0.0,24.0,48.0,1.0,0.0,4.0,0.0,3.0,0.0,0.0,0.0,6.0,36.0,68.0,0.0,3.0,1.0,1.0,2.0,8.0,0.0
15,27414505.0,7.0,2.0,37.0,18.0,47.0,17.0,42.0,23.0,15.0,10.0,30.0,37.0,23.0,1.0,0.0,90.0,10.0,3.0,39.0,3.0,4.0,33.0,17.0,0.0,2.0,1.0,24.0,2.0,8.0,81.0,30.0,8.0,25.0,0.0,12.0,16.0,2.0,11.0,156.0,19.0,1.0,1.0,13.0,20.0,8.0,9.0,37.0,39.0,34.0,0.0,1.0,19.0,7.0,0.0,168.0,12.0,46.0,23.0,2.0,8.0,12.0,5.0,18.0,18.0,8.0,4.0,9.0,9.0,57.0,25.0,29.0,4.0,35.0,1.0,37.0,0.0,5.0,10.0,0.0,2.0,0.0,0.0,5.0,1.0,19.0,14.0,7.0,9.0,5.0,0.0,6.0,2.0,1.0,4.0,1.0,0.0,4.0,2.0,2.0,49.0,11.0,13.0,0.0,5.0,18.0,1.0,0.0,0.0,0.0,70.0,0.0,27.0,9.0,41.0,1.0,29.0,1.0,0.0,0.0,0.0,0.0,68.0,0.0,0.0,0.0,49.0,1.0,0.0,0.0,3.0,0.0,3.0,0.0,0.0,6.0,1.0,0.0,8.0,0.0
16,28135772.0,8.0,10.0,123.0,101.0,47.0,41.0,263.0,83.0,68.0,3.0,192.0,100.0,136.0,1.0,90.0,0.0,42.0,21.0,175.0,12.0,7.0,118.0,111.0,1.0,25.0,1.0,68.0,24.0,46.0,266.0,137.0,37.0,108.0,0.0,14.0,163.0,4.0,26.0,1115.0,85.0,2.0,0.0,40.0,22.0,30.0,27.0,215.0,201.0,50.0,0.0,5.0,39.0,3.0,1.0,1523.0,39.0,128.0,103.0,3.0,23.0,51.0,32.0,69.0,128.0,18.0,9.0,32.0,18.0,495.0,258.0,145.0,18.0,174.0,2.0,114.0,0.0,0.0,7.0,0.0,2.0,0.0,0.0,14.0,2.0,30.0,33.0,23.0,51.0,10.0,0.0,9.0,3.0,1.0,17.0,1.0,1.0,15.0,7.0,3.0,140.0,30.0,41.0,0.0,3.0,24.0,21.0,0.0,1.0,0.0,418.0,1.0,73.0,17.0,55.0,1.0,112.0,31.0,1.0,0.0,1.0,0.0,274.0,0.0,0.0,0.0,99.0,2.0,0.0,0.0,9.0,0.0,12.0,0.0,0.0,16.0,2.0,0.0,41.0,0.0
17,29662823.0,32.0,0.0,44.0,23.0,9.0,1.0,22.0,15.0,3.0,12.0,16.0,8.0,25.0,0.0,10.0,42.0,0.0,0.0,11.0,1.0,1.0,265.0,1.0,0.0,9.0,0.0,4.0,3.0,0.0,38.0,32.0,30.0,19.0,0.0,2.0,16.0,0.0,0.0,86.0,14.0,3.0,0.0,26.0,0.0,10.0,5.0,7.0,9.0,52.0,0.0,0.0,30.0,24.0,0.0,149.0,4.0,28.0,6.0,0.0,0.0,3.0,1.0,6.0,12.0,0.0,0.0,6.0,8.0,84.0,29.0,12.0,1.0,22.0,0.0,8.0,0.0,2.0,73.0,1.0,0.0,0.0,0.0,0.0,0.0,20.0,8.0,0.0,0.0,1.0,0.0,12.0,0.0,0.0,12.0,0.0,0.0,0.0,2.0,0.0,14.0,1.0,11.0,0.0,0.0,3.0,2.0,0.0,0.0,0.0,42.0,0.0,49.0,1.0,60.0,0.0,5.0,31.0,0.0,0.0,0.0,0.0,6.0,0.0,0.0,0.0,92.0,0.0,0.0,0.0,1.0,0.0,0.0,0.0,0.0,13.0,0.0,0.0,1.0,1.0
18,42910193.0,1.0,1.0,4.0,1.0,1.0,9.0,18.0,9.0,8.0,0.0,3.0,3.0,2.0,1.0,3.0,21.0,0.0,0.0,21.0,0.0,1.0,0.0,32.0,0.0,2.0,0.0,7.0,1.0,5.0,45.0,10.0,0.0,7.0,0.0,6.0,2.0,1.0,4.0,11.0,7.0,0.0,0.0,1.0,7.0,0.0,1.0,17.0,21.0,5.0,0.0,0.0,2.0,0.0,0.0,22.0,7.0,9.0,12.0,0.0,2.0,13.0,1.0,6.0,4.0,10.0,8.0,5.0,1.0,3.0,7.0,29.0,2.0,8.0,0.0,1.0,0.0,0.0,1.0,0.0,0.0,0.0,0.0,1.0,0.0,6.0,8.0,5.0,2.0,1.0,0.0,1.0,5.0,0.0,0.0,0.0,0.0,2.0,1.0,1.0,10.0,10.0,4.0,0.0,2.0,0.0,0.0,0.0,1.0,0.0,7.0,0.0,25.0,3.0,4.0,0.0,20.0,12.0,1.0,0.0,2.0,0.0,26.0,0.0,0.0,0.0,11.0,0.0,0.0,0.0,4.0,0.0,1.0,0.0,0.0,0.0,0.0,0.0,3.0,0.0
19,47107118.0,9.0,30.0,75.0,84.0,56.0,55.0,204.0,84.0,44.0,13.0,57.0,66.0,139.0,3.0,39.0,175.0,11.0,21.0,0.0,59.0,44.0,25.0,98.0,0.0,49.0,17.0,97.0,59.0,102.0,289.0,150.0,48.0,103.0,0.0,31.0,69.0,5.0,81.0,129.0,93.0,6.0,2.0,22.0,34.0,42.0,51.0,256.0,240.0,65.0,0.0,1.0,30.0,6.0,1.0,302.0,69.0,322.0,119.0,6.0,13.0,58.0,65.0,428.0,180.0,107.0,8.0,49.0,55.0,41.0,95.0,439.0,45.0,170.0,3.0,126.0,0.0,4.0,17.0,0.0,11.0,0.0,1.0,10.0,6.0,27.0,51.0,11.0,68.0,39.0,0.0,59.0,5.0,0.0,16.0,9.0,1.0,54.0,38.0,3.0,92.0,49.0,34.0,0.0,13.0,7.0,50.0,0.0,1.0,0.0,43.0,3.0,82.0,25.0,61.0,1.0,193.0,64.0,0.0,0.0,3.0,4.0,187.0,0.0,0.0,0.0,108.0,9.0,0.0,0.0,17.0,1.0,26.0,0.0,0.0,5.0,6.0,1.0,35.0,0.0
20,47625088.0,2.0,0.0,4.0,55.0,11.0,4.0,64.0,6.0,7.0,0.0,3.0,41.0,90.0,1.0,3.0,12.0,1.0,0.0,59.0,0.0,5.0,5.0,1.0,0.0,29.0,16.0,21.0,44.0,49.0,81.0,23.0,58.0,14.0,1.0,2.0,8.0,0.0,12.0,13.0,50.0,2.0,0.0,1.0,2.0,1.0,31.0,29.0,19.0,4.0,0.0,0.0,7.0,0.0,0.0,54.0,12.0,52.0,1.0,1.0,1.0,5.0,12.0,29.0,19.0,8.0,0.0,7.0,15.0,4.0,15.0,27.0,0.0,29.0,0.0,2.0,0.0,0.0,1.0,0.0,1.0,0.0,0.0,0.0,1.0,8.0,11.0,1.0,5.0,3.0,0.0,9.0,0.0,0.0,15.0,0.0,0.0,9.0,7.0,1.0,2.0,0.0,2.0,0.0,1.0,1.0,8.0,0.0,0.0,0.0,10.0,1.0,6.0,1.0,7.0,0.0,14.0,25.0,0.0,0.0,0.0,0.0,11.0,0.0,0.0,0.0,11.0,1.0,0.0,0.0,1.0,0.0,0.0,0.0,0.0,0.0,3.0,1.0,3.0,0.0
21,47628437.0,0.0,0.0,2.0,10.0,5.0,6.0,12.0,9.0,3.0,3.0,10.0,2.0,7.0,8.0,4.0,7.0,1.0,1.0,44.0,5.0,0.0,3.0,13.0,0.0,2.0,1.0,25.0,1.0,9.0,31.0,21.0,1.0,16.0,1.0,18.0,7.0,3.0,26.0,10.0,5.0,2.0,0.0,0.0,3.0,2.0,15.0,51.0,15.0,9.0,0.0,0.0,4.0,0.0,0.0,23.0,22.0,28.0,3.0,6.0,0.0,8.0,25.0,76.0,41.0,5.0,8.0,17.0,14.0,6.0,3.0,44.0,0.0,24.0,0.0,0.0,0.0,2.0,3.0,0.0,9.0,0.0,0.0,0.0,4.0,9.0,10.0,6.0,17.0,26.0,0.0,20.0,2.0,0.0,2.0,11.0,2.0,4.0,7.0,0.0,8.0,3.0,0.0,0.0,5.0,1.0,20.0,1.0,0.0,0.0,4.0,2.0,6.0,1.0,9.0,0.0,24.0,7.0,0.0,0.0,0.0,6.0,11.0,0.0,0.0,0.0,8.0,0.0,0.0,0.0,2.0,5.0,11.0,0.0,0.0,0.0,4.0,0.0,6.0,0.0
22,47962856.0,92.0,7.0,193.0,30.0,20.0,3.0,37.0,37.0,3.0,55.0,116.0,17.0,49.0,6.0,33.0,118.0,265.0,0.0,25.0,5.0,3.0,0.0,5.0,0.0,17.0,1.0,29.0,6.0,8.0,89.0,57.0,77.0,46.0,0.0,3.0,79.0,5.0,9.0,494.0,19.0,11.0,2.0,75.0,7.0,38.0,12.0,48.0,20.0,164.0,1.0,0.0,92.0,102.0,0.0,362.0,15.0,72.0,19.0,0.0,6.0,13.0,14.0,34.0,23.0,4.0,0.0,24.0,14.0,255.0,76.0,43.0,16.0,63.0,0.0,47.0,0.0,30.0,189.0,3.0,0.0,0.0,1.0,0.0,2.0,88.0,25.0,1.0,9.0,3.0,0.0,37.0,0.0,0.0,18.0,1.0,0.0,5.0,22.0,0.0,86.0,5.0,51.0,0.0,5.0,15.0,18.0,0.0,0.0,0.0,79.0,1.0,169.0,10.0,234.0,1.0,24.0,121.0,0.0,1.0,2.0,0.0,12.0,0.0,0.0,0.0,452.0,0.0,0.0,0.0,2.0,0.0,2.0,1.0,0.0,39.0,0.0,1.0,1.0,0.0
23,47987652.0,4.0,11.0,34.0,8.0,16.0,31.0,58.0,11.0,43.0,11.0,19.0,35.0,20.0,56.0,17.0,111.0,1.0,32.0,98.0,1.0,13.0,5.0,0.0,11.0,2.0,0.0,18.0,0.0,15.0,115.0,20.0,5.0,34.0,1.0,30.0,12.0,80.0,21.0,94.0,10.0,10.0,1.0,8.0,12.0,4.0,7.0,82.0,51.0,27.0,15.0,19.0,14.0,0.0,0.0,124.0,18.0,35.0,14.0,36.0,8.0,52.0,18.0,68.0,42.0,17.0,63.0,55.0,9.0,12.0,33.0,103.0,30.0,45.0,2.0,3.0,0.0,1.0,7.0,0.0,69.0,0.0,7.0,9.0,15.0,15.0,16.0,81.0,34.0,18.0,0.0,12.0,10.0,10.0,6.0,34.0,16.0,23.0,10.0,5.0,62.0,8.0,24.0,0.0,7.0,3.0,7.0,0.0,2.0,0.0,15.0,1.0,47.0,12.0,10.0,19.0,48.0,33.0,28.0,0.0,7.0,7.0,160.0,0.0,3.0,0.0,29.0,1.0,0.0,0.0,22.0,42.0,111.0,0.0,0.0,1.0,2.0,3.0,17.0,0.0
24,48307172.0,0.0,0.0,0.0,0.0,0.0,0.0,0.0,0.0,1.0,0.0,0.0,0.0,0.0,0.0,0.0,1.0,0.0,0.0,0.0,0.0,0.0,0.0,11.0,0.0,0.0,0.0,0.0,0.0,0.0,0.0,0.0,0.0,0.0,0.0,0.0,0.0,2.0,0.0,0.0,0.0,1.0,0.0,0.0,0.0,0.0,0.0,0.0,0.0,0.0,1.0,1.0,0.0,0.0,0.0,1.0,1.0,0.0,0.0,0.0,0.0,0.0,0.0,3.0,0.0,0.0,0.0,3.0,0.0,0.0,0.0,0.0,0.0,0.0,0.0,0.0,0.0,0.0,0.0,0.0,2.0,0.0,1.0,0.0,0.0,1.0,1.0,0.0,3.0,0.0,0.0,0.0,1.0,0.0,1.0,1.0,2.0,0.0,0.0,0.0,0.0,0.0,0.0,0.0,1.0,0.0,0.0,0.0,0.0,0.0,1.0,0.0,1.0,0.0,0.0,0.0,0.0,0.0,0.0,0.0,0.0,0.0,0.0,0.0,0.0,0.0,0.0,0.0,0.0,0.0,0.0,2.0,1.0,0.0,0.0,0.0,0.0,0.0,0.0,0.0
25,48376323.0,2.0,2.0,8.0,34.0,6.0,3.0,39.0,8.0,3.0,0.0,2.0,19.0,61.0,0.0,2.0,25.0,9.0,2.0,49.0,29.0,2.0,17.0,2.0,0.0,0.0,13.0,10.0,32.0,26.0,33.0,42.0,17.0,10.0,0.0,2.0,23.0,1.0,2.0,26.0,31.0,2.0,7.0,8.0,1.0,3.0,13.0,8.0,15.0,21.0,0.0,0.0,5.0,1.0,0.0,83.0,2.0,40.0,12.0,0.0,7.0,4.0,4.0,19.0,16.0,8.0,0.0,7.0,3.0,20.0,65.0,18.0,0.0,16.0,0.0,15.0,0.0,0.0,5.0,0.0,1.0,0.0,0.0,2.0,1.0,2.0,3.0,2.0,1.0,4.0,0.0,1.0,0.0,0.0,3.0,1.0,0.0,1.0,2.0,5.0,6.0,1.0,2.0,0.0,0.0,1.0,2.0,0.0,2.0,0.0,36.0,1.0,7.0,0.0,13.0,0.0,3.0,14.0,0.0,0.0,0.0,0.0,3.0,0.0,0.0,0.0,28.0,1.0,0.0,0.0,0.0,0.0,1.0,0.0,0.0,3.0,0.0,0.0,2.0,1.0
26,48825712.0,1.0,0.0,0.0,14.0,0.0,0.0,17.0,1.0,4.0,0.0,0.0,15.0,21.0,0.0,1.0,1.0,0.0,0.0,17.0,16.0,1.0,1.0,0.0,0.0,13.0,0.0,3.0,21.0,5.0,13.0,7.0,8.0,3.0,0.0,0.0,0.0,0.0,2.0,2.0,14.0,0.0,0.0,0.0,0.0,0.0,8.0,3.0,6.0,0.0,0.0,0.0,0.0,0.0,0.0,7.0,4.0,11.0,0.0,0.0,0.0,0.0,0.0,3.0,2.0,4.0,0.0,0.0,3.0,0.0,5.0,3.0,0.0,8.0,0.0,0.0,0.0,0.0,0.0,0.0,0.0,0.0,0.0,0.0,0.0,0.0,3.0,0.0,1.0,0.0,0.0,0.0,0.0,0.0,1.0,0.0,0.0,0.0,1.0,0.0,0.0,0.0,0.0,0.0,0.0,0.0,2.0,0.0,0.0,0.0,1.0,0.0,1.0,0.0,2.0,0.0,1.0,1.0,0.0,0.0,0.0,0.0,0.0,0.0,0.0,0.0,2.0,0.0,0.0,0.0,0.0,0.0,0.0,0.0,0.0,0.0,0.0,0.0,0.0,0.0
27,48959778.0,10.0,7.0,30.0,30.0,24.0,37.0,86.0,43.0,21.0,6.0,42.0,23.0,60.0,7.0,24.0,68.0,4.0,7.0,97.0,21.0,25.0,29.0,18.0,0.0,10.0,3.0,0.0,8.0,30.0,158.0,97.0,27.0,52.0,0.0,40.0,30.0,3.0,46.0,87.0,52.0,3.0,1.0,5.0,22.0,8.0,58.0,126.0,80.0,37.0,0.0,1.0,36.0,10.0,0.0,178.0,64.0,151.0,23.0,1.0,13.0,29.0,76.0,82.0,141.0,17.0,4.0,30.0,65.0,41.0,48.0,135.0,5.0,109.0,1.0,11.0,0.0,4.0,9.0,1.0,2.0,0.0,0.0,12.0,1.0,43.0,45.0,4.0,55.0,29.0,0.0,24.0,3.0,0.0,16.0,3.0,0.0,19.0,15.0,1.0,68.0,20.0,14.0,0.0,12.0,5.0,49.0,0.0,1.0,1.0,52.0,4.0,40.0,13.0,44.0,0.0,95.0,25.0,0.0,1.0,3.0,1.0,64.0,0.0,0.0,0.0,58.0,3.0,0.0,0.0,6.0,1.0,10.0,0.0,0.0,3.0,4.0,1.0,23.0,0.0
28,49174862.0,2.0,1.0,8.0,106.0,1.0,2.0,103.0,4.0,8.0,1.0,3.0,41.0,132.0,1.0,2.0,24.0,3.0,1.0,59.0,44.0,1.0,6.0,0.0,0.0,32.0,21.0,8.0,0.0,41.0,47.0,16.0,76.0,7.0,1.0,0.0,6.0,0.0,2.0,8.0,82.0,0.0,0.0,2.0,4.0,1.0,20.0,6.0,20.0,2.0,0.0,0.0,2.0,0.0,0.0,49.0,3.0,33.0,3.0,0.0,3.0,1.0,2.0,6.0,11.0,7.0,0.0,2.0,6.0,6.0,19.0,8.0,0.0,20.0,0.0,4.0,0.0,0.0,2.0,0.0,1.0,0.0,0.0,0.0,1.0,3.0,3.0,1.0,0.0,1.0,0.0,0.0,0.0,0.0,3.0,0.0,0.0,3.0,2.0,1.0,3.0,1.0,0.0,0.0,0.0,0.0,3.0,0.0,0.0,0.0,6.0,1.0,4.0,0.0,3.0,0.0,2.0,5.0,0.0,0.0,0.0,0.0,1.0,0.0,0.0,0.0,11.0,7.0,0.0,0.0,0.0,0.0,0.0,0.0,0.0,1.0,0.0,0.0,0.0,1.0
29,49472202.0,3.0,2.0,18.0,54.0,9.0,14.0,84.0,11.0,12.0,1.0,22.0,38.0,74.0,0.0,8.0,46.0,0.0,5.0,102.0,49.0,9.0,8.0,15.0,0.0,26.0,5.0,30.0,41.0,0.0,83.0,23.0,33.0,28.0,0.0,10.0,14.0,1.0,15.0,60.0,52.0,1.0,0.0,3.0,4.0,3.0,23.0,43.0,30.0,20.0,0.0,0.0,8.0,1.0,0.0,96.0,20.0,57.0,9.0,1.0,4.0,18.0,11.0,34.0,16.0,47.0,1.0,13.0,8.0,11.0,32.0,43.0,2.0,27.0,0.0,1.0,0.0,3.0,4.0,0.0,0.0,0.0,0.0,3.0,1.0,17.0,18.0,2.0,14.0,7.0,0.0,9.0,2.0,0.0,8.0,0.0,0.0,5.0,3.0,1.0,17.0,5.0,11.0,0.0,2.0,4.0,7.0,0.0,1.0,0.0,23.0,0.0,19.0,5.0,15.0,0.0,32.0,19.0,0.0,0.0,0.0,0.0,45.0,0.0,0.0,0.0,22.0,6.0,0.0,0.0,5.0,0.0,3.0,0.0,0.0,0.0,2.0,0.0,9.0,0.0
30,50645038.0,20.0,13.0,88.0,131.0,149.0,59.0,317.0,86.0,54.0,16.0,138.0,104.0,247.0,10.0,81.0,266.0,38.0,45.0,289.0,81.0,31.0,89.0,115.0,0.0,33.0,13.0,158.0,47.0,83.0,0.0,226.0,79.0,143.0,2.0,37.0,72.0,15.0,85.0,290.0,156.0,15.0,0.0,24.0,39.0,7.0,145.0,361.0,264.0,86.0,1.0,4.0,89.0,6.0,0.0,662.0,129.0,363.0,59.0,7.0,27.0,74.0,87.0,214.0,199.0,41.0,13.0,118.0,89.0,136.0,127.0,416.0,10.0,262.0,5.0,37.0,0.0,3.0,18.0,3.0,5.0,0.0,0.0,14.0,7.0,82.0,107.0,26.0,69.0,33.0,0.0,44.0,8.0,1.0,47.0,6.0,1.0,58.0,50.0,4.0,147.0,43.0,37.0,0.0,21.0,25.0,57.0,0.0,1.0,0.0,96.0,3.0,108.0,16.0,101.0,0.0,267.0,108.0,1.0,0.0,5.0,2.0,318.0,0.0,0.0,1.0,167.0,4.0,0.0,0.0,19.0,1.0,18.0,0.0,1.0,4.0,9.0,3.0,75.0,0.0
31,52696957.0,15.0,5.0,39.0,35.0,72.0,79.0,153.0,67.0,34.0,10.0,48.0,34.0,106.0,5.0,30.0,137.0,32.0,10.0,150.0,23.0,21.0,57.0,20.0,0.0,42.0,7.0,97.0,16.0,23.0,226.0,0.0,29.0,82.0,2.0,32.0,177.0,5.0,53.0,130.0,75.0,3.0,0.0,12.0,20.0,10.0,76.0,243.0,176.0,60.0,0.0,2.0,54.0,6.0,0.0,367.0,154.0,247.0,43.0,2.0,14.0,31.0,67.0,155.0,158.0,26.0,7.0,55.0,69.0,83.0,109.0,276.0,3.0,202.0,2.0,32.0,0.0,6.0,13.0,1.0,10.0,0.0,0.0,5.0,6.0,79.0,67.0,10.0,56.0,37.0,0.0,29.0,7.0,0.0,16.0,3.0,1.0,36.0,44.0,3.0,67.0,20.0,6.0,0.0,19.0,6.0,27.0,0.0,2.0,0.0,146.0,4.0,86.0,15.0,48.0,0.0,160.0,42.0,1.0,0.0,3.0,2.0,130.0,0.0,0.0,0.0,93.0,3.0,0.0,0.0,12.0,1.0,9.0,0.0,0.0,8.0,8.0,0.0,48.0,0.0
32,53223847.0,8.0,0.0,12.0,116.0,12.0,1.0,112.0,10.0,7.0,22.0,8.0,41.0,139.0,2.0,8.0,37.0,30.0,0.0,48.0,58.0,1.0,77.0,5.0,0.0,17.0,8.0,27.0,76.0,33.0,79.0,29.0,0.0,14.0,0.0,2.0,12.0,1.0,11.0,37.0,91.0,1.0,0.0,5.0,2.0,2.0,42.0,24.0,20.0,11.0,0.0,0.0,8.0,8.0,0.0,150.0,14.0,79.0,2.0,0.0,3.0,5.0,16.0,24.0,44.0,3.0,0.0,10.0,23.0,22.0,28.0,32.0,0.0,70.0,1.0,3.0,0.0,7.0,22.0,0.0,0.0,0.0,0.0,0.0,0.0,25.0,14.0,1.0,6.0,8.0,0.0,13.0,0.0,0.0,7.0,0.0,0.0,5.0,5.0,0.0,8.0,2.0,9.0,0.0,2.0,4.0,9.0,0.0,0.0,0.0,35.0,0.0,21.0,0.0,28.0,0.0,11.0,28.0,0.0,0.0,0.0,2.0,9.0,0.0,0.0,0.0,40.0,0.0,0.0,0.0,0.0,0.0,2.0,0.0,0.0,2.0,1.0,1.0,4.0,0.0
33,56726017.0,16.0,5.0,51.0,26.0,40.0,29.0,84.0,45.0,27.0,10.0,41.0,33.0,40.0,1.0,25.0,108.0,19.0,7.0,103.0,14.0,16.0,46.0,34.0,0.0,10.0,3.0,52.0,7.0,28.0,143.0,82.0,14.0,0.0,1.0,23.0,29.0,17.0,38.0,118.0,36.0,13.0,2.0,12.0,21.0,10.0,32.0,132.0,83.0,51.0,0.0,5.0,33.0,8.0,0.0,169.0,47.0,119.0,26.0,5.0,7.0,36.0,18.0,118.0,46.0,19.0,12.0,43.0,24.0,52.0,46.0,141.0,8.0,77.0,0.0,23.0,3.0,8.0,15.0,3.0,7.0,0.0,2.0,4.0,13.0,53.0,49.0,14.0,22.0,23.0,0.0,29.0,17.0,2.0,25.0,5.0,1.0,25.0,30.0,5.0,63.0,22.0,29.0,0.0,16.0,3.0,7.0,0.0,2.0,0.0,37.0,1.0,41.0,9.0,38.0,1.0,93.0,46.0,1.0,0.0,1.0,6.0,86.0,0.0,0.0,0.0,78.0,4.0,0.0,0.0,16.0,1.0,12.0,0.0,2.0,5.0,3.0,2.0,20.0,0.0
34,64209306.0,0.0,0.0,0.0,1.0,0.0,0.0,0.0,0.0,1.0,0.0,2.0,0.0,0.0,3.0,0.0,0.0,0.0,0.0,0.0,1.0,1.0,0.0,1.0,0.0,0.0,0.0,0.0,1.0,0.0,2.0,2.0,0.0,1.0,0.0,3.0,0.0,5.0,3.0,0.0,0.0,2.0,0.0,0.0,0.0,0.0,2.0,3.0,1.0,1.0,0.0,2.0,0.0,0.0,0.0,2.0,0.0,1.0,0.0,1.0,0.0,2.0,1.0,2.0,1.0,0.0,0.0,14.0,1.0,0.0,0.0,0.0,0.0,1.0,0.0,0.0,0.0,0.0,0.0,0.0,4.0,0.0,0.0,0.0,1.0,2.0,3.0,2.0,4.0,5.0,0.0,0.0,0.0,2.0,2.0,0.0,0.0,0.0,3.0,2.0,0.0,0.0,0.0,0.0,1.0,0.0,0.0,0.0,0.0,0.0,0.0,1.0,1.0,0.0,0.0,0.0,0.0,0.0,0.0,0.0,4.0,0.0,0.0,0.0,0.0,0.0,0.0,0.0,0.0,0.0,1.0,1.0,1.0,0.0,0.0,0.0,0.0,1.0,6.0,0.0
35,66647830.0,2.0,2.0,9.0,8.0,11.0,17.0,32.0,10.0,7.0,1.0,16.0,10.0,15.0,49.0,12.0,14.0,2.0,6.0,31.0,2.0,18.0,3.0,30.0,0.0,2.0,0.0,40.0,0.0,10.0,37.0,32.0,2.0,23.0,3.0,0.0,28.0,31.0,36.0,29.0,19.0,21.0,2.0,1.0,8.0,3.0,16.0,46.0,34.0,21.0,24.0,3.0,11.0,0.0,1.0,44.0,15.0,40.0,13.0,10.0,8.0,17.0,22.0,130.0,40.0,9.0,15.0,70.0,12.0,9.0,12.0,33.0,1.0,26.0,1.0,5.0,4.0,4.0,2.0,0.0,38.0,0.0,6.0,5.0,37.0,22.0,29.0,24.0,88.0,185.0,0.0,7.0,21.0,26.0,8.0,22.0,3.0,7.0,3.0,8.0,22.0,9.0,1.0,0.0,13.0,3.0,4.0,2.0,6.0,1.0,17.0,10.0,14.0,8.0,12.0,5.0,31.0,8.0,5.0,0.0,15.0,118.0,24.0,0.0,2.0,2.0,7.0,3.0,0.0,0.0,3.0,9.0,18.0,0.0,6.0,0.0,4.0,2.0,26.0,0.0
36,72761871.0,5.0,4.0,25.0,22.0,11.0,16.0,40.0,18.0,10.0,2.0,27.0,22.0,32.0,9.0,16.0,163.0,16.0,2.0,69.0,8.0,7.0,79.0,12.0,0.0,23.0,0.0,30.0,6.0,14.0,72.0,177.0,12.0,29.0,0.0,28.0,0.0,4.0,16.0,104.0,18.0,1.0,1.0,16.0,8.0,10.0,13.0,51.0,59.0,25.0,1.0,0.0,13.0,9.0,0.0,179.0,72.0,67.0,33.0,1.0,4.0,13.0,20.0,33.0,47.0,4.0,0.0,27.0,14.0,97.0,44.0,56.0,2.0,41.0,0.0,54.0,0.0,3.0,7.0,0.0,5.0,0.0,1.0,6.0,3.0,7.0,11.0,2.0,29.0,27.0,0.0,2.0,0.0,2.0,12.0,0.0,0.0,5.0,1.0,4.0,12.0,16.0,7.0,0.0,4.0,4.0,4.0,0.0,2.0,0.0,86.0,3.0,33.0,1.0,19.0,0.0,37.0,52.0,0.0,0.0,4.0,12.0,58.0,0.0,0.0,0.0,39.0,0.0,0.0,0.0,2.0,1.0,10.0,0.0,1.0,6.0,2.0,0.0,16.0,0.0
37,73916481.0,0.0,1.0,0.0,3.0,0.0,2.0,6.0,1.0,2.0,0.0,3.0,2.0,4.0,66.0,2.0,4.0,0.0,1.0,5.0,0.0,3.0,5.0,80.0,2.0,1.0,0.0,3.0,0.0,1.0,15.0,5.0,1.0,17.0,5.0,31.0,4.0,0.0,26.0,2.0,2.0,80.0,1.0,2.0,2.0,0.0,6.0,16.0,4.0,3.0,20.0,47.0,10.0,0.0,1.0,15.0,9.0,9.0,2.0,84.0,1.0,7.0,4.0,53.0,7.0,4.0,47.0,100.0,7.0,2.0,2.0,3.0,1.0,11.0,8.0,1.0,2.0,4.0,0.0,5.0,67.0,0.0,8.0,4.0,42.0,46.0,82.0,106.0,25.0,41.0,0.0,14.0,24.0,17.0,81.0,43.0,22.0,0.0,18.0,18.0,0.0,2.0,0.0,1.0,24.0,0.0,1.0,0.0,7.0,0.0,0.0,7.0,8.0,0.0,1.0,17.0,4.0,18.0,15.0,0.0,12.0,23.0,1.0,0.0,2.0,0.0,5.0,1.0,0.0,4.0,21.0,49.0,95.0,0.0,10.0,0.0,3.0,18.0,23.0,0.0
38,74481416.0,3.0,2.0,11.0,15.0,13.0,20.0,41.0,20.0,16.0,5.0,19.0,11.0,27.0,16.0,11.0,26.0,0.0,4.0,81.0,12.0,26.0,9.0,21.0,0.0,2.0,2.0,46.0,2.0,15.0,85.0,53.0,11.0,38.0,3.0,36.0,16.0,26.0,0.0,30.0,16.0,16.0,1.0,2.0,6.0,2.0,32.0,145.0,36.0,18.0,1.0,3.0,15.0,3.0,1.0,63.0,61.0,73.0,10.0,17.0,5.0,21.0,62.0,198.0,77.0,12.0,10.0,192.0,40.0,9.0,20.0,88.0,3.0,64.0,2.0,3.0,0.0,7.0,2.0,1.0,30.0,0.0,2.0,3.0,23.0,36.0,32.0,11.0,63.0,73.0,0.0,39.0,6.0,2.0,18.0,17.0,1.0,10.0,36.0,5.0,23.0,4.0,4.0,0.0,21.0,1.0,52.0,0.0,1.0,0.0,18.0,5.0,21.0,8.0,11.0,3.0,60.0,25.0,1.0,0.0,5.0,14.0,31.0,0.0,0.0,0.0,38.0,3.0,0.0,0.0,14.0,7.0,33.0,0.0,1.0,0.0,8.0,2.0,136.0,0.0
39,85738930.0,55.0,21.0,270.0,60.0,72.0,45.0,224.0,76.0,69.0,49.0,176.0,168.0,124.0,6.0,156.0,1115.0,86.0,11.0,129.0,13.0,10.0,494.0,94.0,0.0,26.0,2.0,87.0,8.0,60.0,290.0,130.0,37.0,118.0,0.0,29.0,104.0,2.0,30.0,0.0,63.0,3.0,1.0,84.0,27.0,34.0,46.0,209.0,131.0,104.0,0.0,2.0,85.0,32.0,0.0,1605.0,60.0,175.0,64.0,1.0,64.0,55.0,51.0,81.0,112.0,16.0,9.0,30.0,39.0,414.0,247.0,147.0,35.0,204.0,1.0,66.0,0.0,13.0,76.0,3.0,2.0,0.0,1.0,7.0,0.0,76.0,53.0,10.0,46.0,15.0,0.0,35.0,6.0,0.0,22.0,2.0,1.0,18.0,20.0,1.0,296.0,23.0,105.0,0.0,10.0,19.0,13.0,0.0,1.0,0.0,476.0,3.0,103.0,33.0,206.0,2.0,130.0,86.0,0.0,0.0,2.0,0.0,306.0,0.0,0.0,0.0,325.0,2.0,0.0,0.0,5.0,0.0,8.0,0.0,0.0,40.0,4.0,1.0,20.0,0.0
40,86976234.0,4.0,5.0,26.0,111.0,36.0,20.0,348.0,16.0,29.0,1.0,20.0,63.0,176.0,2.0,19.0,85.0,14.0,7.0,93.0,50.0,5.0,19.0,10.0,0.0,31.0,14.0,52.0,82.0,52.0,156.0,75.0,91.0,36.0,0.0,19.0,18.0,2.0,16.0,63.0,0.0,1.0,0.0,4.0,13.0,7.0,55.0,93.0,103.0,26.0,0.0,2.0,35.0,2.0,0.0,217.0,35.0,126.0,29.0,3.0,14.0,22.0,26.0,44.0,67.0,12.0,2.0,20.0,29.0,26.0,55.0,81.0,5.0,87.0,2.0,6.0,0.0,3.0,8.0,0.0,1.0,0.0,0.0,5.0,2.0,30.0,50.0,7.0,13.0,12.0,0.0,11.0,3.0,1.0,10.0,0.0,1.0,14.0,7.0,2.0,44.0,12.0,2.0,0.0,5.0,4.0,12.0,0.0,1.0,0.0,81.0,2.0,36.0,15.0,30.0,0.0,42.0,12.0,0.0,1.0,1.0,0.0,59.0,0.0,0.0,0.0,28.0,2.0,0.0,0.0,8.0,0.0,6.0,0.0,0.0,2.0,4.0,0.0,27.0,0.0
41,95169094.0,1.0,1.0,0.0,3.0,0.0,0.0,4.0,2.0,1.0,0.0,7.0,3.0,1.0,18.0,1.0,2.0,3.0,0.0,6.0,2.0,2.0,11.0,10.0,1.0,2.0,0.0,3.0,0.0,1.0,15.0,3.0,1.0,13.0,2.0,21.0,1.0,80.0,16.0,3.0,1.0,0.0,1.0,0.0,1.0,1.0,8.0,8.0,4.0,1.0,15.0,35.0,23.0,0.0,0.0,22.0,6.0,6.0,0.0,6.0,0.0,1.0,0.0,26.0,1.0,0.0,10.0,43.0,6.0,1.0,0.0,2.0,0.0,8.0,9.0,2.0,0.0,5.0,1.0,19.0,25.0,0.0,5.0,1.0,32.0,74.0,303.0,17.0,15.0,16.0,0.0,12.0,10.0,3.0,391.0,18.0,9.0,1.0,17.0,11.0,1.0,0.0,0.0,0.0,7.0,1.0,1.0,0.0,6.0,0.0,1.0,6.0,3.0,0.0,1.0,3.0,0.0,36.0,3.0,0.0,3.0,23.0,0.0,0.0,1.0,0.0,8.0,0.0,0.0,3.0,3.0,13.0,7.0,0.0,1.0,0.0,0.0,17.0,11.0,0.0
42,98724873.0,0.0,1.0,1.0,0.0,0.0,1.0,0.0,1.0,0.0,0.0,1.0,0.0,0.0,0.0,1.0,0.0,0.0,0.0,2.0,0.0,0.0,2.0,1.0,0.0,7.0,0.0,1.0,0.0,0.0,0.0,0.0,0.0,2.0,0.0,2.0,1.0,1.0,1.0,1.0,0.0,1.0,0.0,1.0,1.0,1.0,0.0,1.0,0.0,2.0,2.0,0.0,0.0,0.0,0.0,7.0,0.0,5.0,2.0,0.0,1.0,1.0,0.0,1.0,0.0,1.0,2.0,1.0,0.0,0.0,4.0,1.0,1.0,0.0,1.0,2.0,0.0,0.0,0.0,0.0,16.0,0.0,0.0,1.0,17.0,0.0,0.0,1.0,2.0,1.0,0.0,1.0,0.0,0.0,1.0,21.0,0.0,0.0,0.0,76.0,0.0,1.0,0.0,0.0,1.0,0.0,0.0,0.0,5.0,1.0,1.0,69.0,2.0,0.0,1.0,0.0,1.0,0.0,0.0,0.0,2.0,1.0,0.0,0.0,0.0,0.0,2.0,1.0,0.0,0.0,1.0,0.0,1.0,0.0,1.0,0.0,0.0,0.0,0.0,0.0
43,103144765.0,13.0,18.0,340.0,5.0,5.0,0.0,11.0,14.0,1.0,14.0,5.0,7.0,13.0,1.0,13.0,40.0,26.0,1.0,22.0,1.0,0.0,75.0,8.0,0.0,8.0,0.0,5.0,2.0,3.0,24.0,12.0,5.0,12.0,0.0,1.0,16.0,2.0,2.0,84.0,4.0,0.0,1.0,0.0,8.0,145.0,2.0,6.0,5.0,18.0,1.0,0.0,11.0,11.0,0.0,81.0,4.0,24.0,49.0,0.0,14.0,4.0,2.0,7.0,11.0,0.0,0.0,2.0,4.0,31.0,28.0,14.0,34.0,21.0,0.0,74.0,0.0,3.0,19.0,0.0,2.0,0.0,0.0,0.0,0.0,13.0,2.0,0.0,2.0,2.0,0.0,2.0,0.0,1.0,4.0,0.0,0.0,4.0,2.0,0.0,59.0,5.0,10.0,0.0,1.0,2.0,4.0,0.0,1.0,0.0,20.0,0.0,44.0,46.0,46.0,0.0,8.0,1.0,0.0,0.0,0.0,1.0,6.0,0.0,0.0,0.0,74.0,1.0,0.0,0.0,0.0,0.0,2.0,1.0,0.0,69.0,2.0,0.0,3.0,0.0
44,106039297.0,4.0,13.0,31.0,9.0,4.0,16.0,30.0,16.0,9.0,5.0,6.0,8.0,9.0,1.0,20.0,22.0,0.0,7.0,34.0,2.0,3.0,7.0,12.0,0.0,1.0,0.0,22.0,4.0,4.0,39.0,20.0,2.0,21.0,0.0,8.0,8.0,2.0,6.0,27.0,13.0,1.0,1.0,8.0,0.0,18.0,7.0,27.0,35.0,14.0,0.0,1.0,8.0,1.0,0.0,22.0,14.0,30.0,42.0,3.0,9.0,9.0,2.0,12.0,11.0,11.0,6.0,8.0,7.0,10.0,25.0,36.0,11.0,7.0,0.0,36.0,0.0,2.0,10.0,0.0,1.0,0.0,0.0,5.0,1.0,14.0,14.0,6.0,4.0,5.0,0.0,4.0,2.0,1.0,3.0,2.0,0.0,4.0,4.0,1.0,32.0,8.0,7.0,0.0,6.0,0.0,0.0,0.0,0.0,0.0,21.0,0.0,24.0,13.0,21.0,0.0,29.0,2.0,0.0,0.0,1.0,0.0,20.0,0.0,0.0,0.0,23.0,1.0,0.0,0.0,3.0,0.0,4.0,1.0,0.0,4.0,1.0,0.0,12.0,0.0
45,109315857.0,3.0,28.0,117.0,4.0,3.0,3.0,8.0,13.0,3.0,6.0,3.0,3.0,4.0,0.0,8.0,30.0,10.0,0.0,42.0,1.0,2.0,38.0,4.0,0.0,3.0,0.0,8.0,1.0,3.0,7.0,10.0,2.0,10.0,0.0,3.0,10.0,0.0,2.0,34.0,7.0,1.0,1.0,145.0,18.0,0.0,2.0,5.0,17.0,11.0,0.0,0.0,4.0,4.0,0.0,48.0,4.0,13.0,60.0,1.0,4.0,1.0,2.0,7.0,3.0,3.0,1.0,2.0,4.0,12.0,36.0,6.0,26.0,7.0,0.0,109.0,0.0,1.0,4.0,0.0,1.0,0.0,0.0,1.0,0.0,2.0,5.0,2.0,1.0,2.0,0.0,3.0,1.0,0.0,3.0,0.0,0.0,2.0,1.0,1.0,33.0,6.0,2.0,0.0,2.0,1.0,0.0,0.0,0.0,0.0,14.0,2.0,25.0,114.0,21.0,0.0,4.0,2.0,0.0,1.0,2.0,0.0,9.0,0.0,0.0,0.0,36.0,0.0,0.0,0.0,0.0,1.0,2.0,1.0,0.0,69.0,1.0,0.0,2.0,0.0
46,111950228.0,6.0,3.0,17.0,44.0,37.0,12.0,75.0,14.0,16.0,3.0,16.0,24.0,83.0,7.0,9.0,27.0,5.0,1.0,51.0,31.0,15.0,12.0,7.0,0.0,13.0,8.0,58.0,20.0,23.0,145.0,76.0,42.0,32.0,2.0,16.0,13.0,6.0,32.0,46.0,55.0,8.0,0.0,2.0,7.0,2.0,0.0,114.0,45.0,23.0,0.0,0.0,33.0,1.0,0.0,152.0,48.0,121.0,10.0,1.0,12.0,16.0,81.0,53.0,96.0,9.0,1.0,39.0,73.0,11.0,41.0,73.0,1.0,144.0,1.0,3.0,0.0,2.0,6.0,3.0,2.0,0.0,0.0,1.0,2.0,36.0,55.0,2.0,30.0,34.0,0.0,22.0,2.0,1.0,20.0,0.0,0.0,26.0,21.0,3.0,20.0,6.0,2.0,0.0,3.0,7.0,26.0,0.0,0.0,0.0,29.0,0.0,32.0,5.0,34.0,0.0,43.0,27.0,0.0,0.0,2.0,0.0,45.0,0.0,0.0,0.0,38.0,2.0,0.0,0.0,2.0,0.0,6.0,0.0,0.0,3.0,8.0,2.0,10.0,0.0
47,117967849.0,11.0,11.0,62.0,39.0,92.0,70.0,237.0,66.0,71.0,11.0,66.0,62.0,117.0,24.0,37.0,215.0,7.0,17.0,256.0,29.0,51.0,48.0,82.0,0.0,8.0,3.0,126.0,6.0,43.0,361.0,243.0,24.0,132.0,3.0,46.0,51.0,16.0,145.0,209.0,93.0,8.0,1.0,6.0,27.0,5.0,114.0,0.0,208.0,83.0,1.0,4.0,58.0,8.0,1.0,431.0,164.0,293.0,41.0,8.0,21.0,71.0,134.0,379.0,261.0,33.0,17.0,110.0,102.0,45.0,96.0,413.0,12.0,243.0,3.0,20.0,0.0,8.0,13.0,1.0,16.0,0.0,0.0,12.0,10.0,97.0,94.0,24.0,106.0,81.0,0.0,122.0,6.0,1.0,24.0,11.0,4.0,49.0,94.0,4.0,117.0,23.0,30.0,0.0,21.0,5.0,112.0,0.0,3.0,0.0,60.0,4.0,102.0,30.0,53.0,0.0,188.0,101.0,2.0,0.0,7.0,9.0,250.0,0.0,0.0,2.0,102.0,4.0,0.0,0.0,24.0,4.0,35.0,0.0,1.0,3.0,13.0,2.0,61.0,0.0
48,124578114.0,12.0,12.0,56.0,37.0,58.0,53.0,188.0,67.0,57.0,7.0,36.0,42.0,95.0,3.0,39.0,201.0,9.0,21.0,240.0,19.0,15.0,20.0,51.0,0.0,15.0,6.0,80.0,20.0,30.0,264.0,176.0,20.0,83.0,1.0,34.0,59.0,4.0,36.0,131.0,103.0,4.0,0.0,5.0,35.0,17.0,45.0,208.0,0.0,41.0,0.0,6.0,51.0,3.0,0.0,347.0,63.0,199.0,75.0,3.0,24.0,48.0,39.0,117.0,139.0,33.0,11.0,34.0,51.0,45.0,102.0,343.0,10.0,151.0,2.0,50.0,0.0,3.0,8.0,3.0,3.0,0.0,0.0,11.0,2.0,60.0,74.0,14.0,37.0,19.0,0.0,23.0,7.0,1.0,13.0,2.0,1.0,42.0,22.0,1.0,108.0,31.0,17.0,0.0,13.0,4.0,15.0,0.0,1.0,0.0,76.0,4.0,73.0,20.0,51.0,0.0,141.0,36.0,0.0,1.0,5.0,0.0,180.0,0.0,0.0,0.0,66.0,2.0,0.0,0.0,11.0,0.0,9.0,0.0,0.0,5.0,4.0,1.0,43.0,0.0
49,144065119.0,26.0,5.0,55.0,19.0,22.0,26.0,66.0,25.0,15.0,9.0,26.0,17.0,32.0,2.0,34.0,50.0,52.0,5.0,65.0,4.0,9.0,164.0,27.0,0.0,21.0,0.0,37.0,2.0,20.0,86.0,60.0,11.0,51.0,1.0,21.0,25.0,3.0,18.0,104.0,26.0,1.0,2.0,18.0,14.0,11.0,23.0,83.0,41.0,0.0,2.0,1.0,32.0,20.0,20.0,170.0,36.0,90.0,25.0,4.0,11.0,153.0,20.0,57.0,46.0,12.0,3.0,27.0,18.0,40.0,68.0,75.0,5.0,40.0,0.0,14.0,0.0,7.0,49.0,2.0,4.0,0.0,1.0,2.0,6.0,29.0,32.0,3.0,19.0,12.0,0.0,22.0,3.0,2.0,11.0,6.0,0.0,12.0,6.0,1.0,44.0,9.0,34.0,0.0,8.0,9.0,10.0,0.0,0.0,0.0,50.0,3.0,64.0,11.0,44.0,0.0,65.0,38.0,0.0,0.0,1.0,4.0,50.0,0.0,0.0,3.0,104.0,3.0,0.0,0.0,7.0,0.0,8.0,0.0,1.0,7.0,1.0,0.0,12.0,0.0
50,146815718.0,0.0,0.0,0.0,0.0,0.0,0.0,0.0,0.0,0.0,0.0,0.0,0.0,0.0,16.0,0.0,0.0,0.0,0.0,0.0,0.0,0.0,1.0,15.0,1.0,0.0,0.0,0.0,0.0,0.0,1.0,0.0,0.0,0.0,0.0,24.0,1.0,20.0,1.0,0.0,0.0,15.0,2.0,1.0,0.0,0.0,0.0,1.0,0.0,2.0,0.0,9.0,0.0,0.0,0.0,1.0,0.0,0.0,0.0,4.0,0.0,1.0,0.0,5.0,0.0,0.0,10.0,10.0,0.0,1.0,0.0,0.0,0.0,0.0,1.0,0.0,0.0,0.0,0.0,0.0,30.0,0.0,4.0,0.0,10.0,1.0,4.0,15.0,23.0,7.0,0.0,1.0,5.0,18.0,9.0,24.0,7.0,0.0,2.0,1.0,0.0,0.0,0.0,0.0,0.0,0.0,0.0,0.0,0.0,0.0,0.0,4.0,0.0,0.0,0.0,1.0,0.0,1.0,7.0,0.0,3.0,34.0,0.0,0.0,3.0,0.0,1.0,0.0,0.0,1.0,8.0,19.0,10.0,0.0,5.0,0.0,1.0,1.0,3.0,0.0
51,165318041.0,0.0,1.0,1.0,0.0,1.0,1.0,2.0,1.0,2.0,0.0,0.0,0.0,1.0,17.0,1.0,5.0,0.0,0.0,1.0,0.0,0.0,0.0,19.0,1.0,0.0,0.0,1.0,0.0,0.0,4.0,2.0,0.0,5.0,2.0,3.0,0.0,47.0,3.0,2.0,2.0,35.0,0.0,0.0,1.0,0.0,0.0,4.0,6.0,1.0,9.0,0.0,1.0,0.0,0.0,10.0,1.0,2.0,0.0,13.0,1.0,1.0,2.0,14.0,2.0,0.0,16.0,27.0,1.0,1.0,2.0,1.0,0.0,2.0,5.0,0.0,1.0,1.0,0.0,1.0,12.0,0.0,6.0,0.0,8.0,12.0,19.0,32.0,9.0,8.0,0.0,3.0,3.0,13.0,26.0,5.0,16.0,1.0,5.0,2.0,1.0,1.0,1.0,1.0,6.0,0.0,0.0,0.0,0.0,0.0,5.0,2.0,0.0,1.0,1.0,2.0,2.0,7.0,7.0,0.0,6.0,12.0,5.0,0.0,2.0,0.0,2.0,0.0,0.0,4.0,5.0,17.0,10.0,0.0,2.0,0.0,1.0,7.0,2.0,0.0
52,180261346.0,39.0,2.0,57.0,17.0,43.0,10.0,57.0,9.0,16.0,9.0,20.0,15.0,32.0,3.0,19.0,39.0,30.0,2.0,30.0,7.0,4.0,92.0,14.0,0.0,5.0,0.0,36.0,2.0,8.0,89.0,54.0,8.0,33.0,0.0,11.0,13.0,10.0,15.0,85.0,35.0,23.0,0.0,11.0,8.0,4.0,33.0,58.0,51.0,32.0,0.0,1.0,0.0,12.0,1.0,117.0,38.0,84.0,14.0,3.0,6.0,23.0,14.0,28.0,23.0,5.0,2.0,22.0,23.0,46.0,33.0,56.0,4.0,67.0,2.0,1.0,0.0,3.0,35.0,6.0,1.0,0.0,0.0,1.0,2.0,80.0,63.0,3.0,9.0,4.0,0.0,16.0,2.0,1.0,33.0,1.0,0.0,11.0,13.0,3.0,30.0,7.0,21.0,0.0,5.0,3.0,5.0,0.0,0.0,0.0,34.0,1.0,48.0,7.0,69.0,0.0,37.0,121.0,0.0,0.0,0.0,0.0,48.0,0.0,0.0,0.0,168.0,0.0,0.0,1.0,3.0,0.0,4.0,0.0,0.0,3.0,2.0,4.0,13.0,0.0
53,183138723.0,32.0,2.0,18.0,0.0,3.0,0.0,7.0,5.0,2.0,11.0,1.0,2.0,2.0,1.0,7.0,3.0,24.0,0.0,6.0,0.0,0.0,102.0,0.0,0.0,1.0,0.0,10.0,0.0,1.0,6.0,6.0,8.0,8.0,0.0,0.0,9.0,0.0,3.0,32.0,2.0,0.0,0.0,11.0,1.0,4.0,1.0,8.0,3.0,20.0,0.0,0.0,12.0,0.0,0.0,14.0,4.0,15.0,1.0,0.0,1.0,0.0,0.0,2.0,2.0,0.0,0.0,1.0,4.0,16.0,0.0,8.0,6.0,5.0,0.0,0.0,0.0,18.0,50.0,0.0,1.0,0.0,0.0,1.0,0.0,10.0,1.0,0.0,2.0,1.0,0.0,8.0,0.0,0.0,1.0,0.0,0.0,0.0,2.0,0.0,18.0,0.0,15.0,0.0,3.0,0.0,15.0,0.0,0.0,0.0,3.0,1.0,49.0,1.0,48.0,0.0,2.0,30.0,0.0,0.0,0.0,0.0,0.0,0.0,0.0,0.0,103.0,0.0,0.0,0.0,0.0,0.0,2.0,0.0,0.0,5.0,0.0,0.0,0.0,0.0
54,192211801.0,0.0,0.0,0.0,0.0,1.0,0.0,1.0,0.0,0.0,0.0,0.0,0.0,0.0,0.0,0.0,1.0,0.0,0.0,1.0,0.0,0.0,0.0,0.0,0.0,0.0,0.0,0.0,0.0,0.0,0.0,0.0,0.0,0.0,0.0,1.0,0.0,1.0,1.0,0.0,0.0,0.0,0.0,0.0,0.0,0.0,0.0,1.0,0.0,20.0,0.0,0.0,1.0,0.0,0.0,3.0,0.0,1.0,0.0,1.0,0.0,8.0,0.0,1.0,0.0,0.0,0.0,0.0,0.0,0.0,0.0,0.0,0.0,2.0,0.0,0.0,0.0,0.0,0.0,0.0,0.0,0.0,0.0,0.0,0.0,0.0,0.0,0.0,0.0,0.0,0.0,0.0,0.0,0.0,0.0,0.0,0.0,0.0,0.0,0.0,1.0,0.0,0.0,0.0,0.0,0.0,0.0,0.0,0.0,0.0,0.0,0.0,0.0,0.0,0.0,0.0,1.0,1.0,0.0,0.0,0.0,0.0,0.0,0.0,0.0,0.0,0.0,0.0,0.0,0.0,0.0,0.0,1.0,0.0,0.0,0.0,0.0,0.0,1.0,0.0
55,192477353.0,34.0,18.0,229.0,256.0,325.0,60.0,471.0,127.0,86.0,18.0,404.0,222.0,321.0,7.0,168.0,1523.0,149.0,22.0,302.0,54.0,23.0,362.0,124.0,1.0,83.0,7.0,178.0,49.0,96.0,662.0,367.0,150.0,169.0,2.0,44.0,179.0,15.0,63.0,1605.0,217.0,22.0,7.0,81.0,22.0,48.0,152.0,431.0,347.0,170.0,1.0,10.0,117.0,14.0,3.0,0.0,117.0,370.0,151.0,6.0,62.0,83.0,103.0,186.0,324.0,28.0,10.0,58.0,107.0,415.0,510.0,386.0,32.0,555.0,3.0,97.0,0.0,6.0,53.0,8.0,3.0,0.0,2.0,14.0,8.0,106.0,123.0,32.0,72.0,31.0,0.0,59.0,8.0,1.0,48.0,5.0,2.0,59.0,40.0,8.0,314.0,39.0,89.0,0.0,14.0,59.0,52.0,0.0,1.0,0.0,661.0,4.0,157.0,27.0,224.0,1.0,254.0,125.0,0.0,0.0,1.0,3.0,643.0,0.0,0.0,0.0,306.0,2.0,0.0,0.0,22.0,1.0,17.0,0.0,1.0,49.0,9.0,4.0,59.0,0.0
56,194008664.0,7.0,4.0,24.0,20.0,30.0,25.0,76.0,37.0,24.0,9.0,19.0,22.0,44.0,3.0,12.0,39.0,4.0,7.0,69.0,12.0,22.0,15.0,18.0,1.0,2.0,4.0,64.0,3.0,20.0,129.0,154.0,14.0,47.0,0.0,15.0,72.0,9.0,61.0,60.0,35.0,6.0,0.0,4.0,14.0,4.0,48.0,164.0,63.0,36.0,0.0,1.0,38.0,4.0,0.0,117.0,0.0,131.0,10.0,2.0,9.0,22.0,39.0,98.0,73.0,13.0,6.0,54.0,61.0,18.0,24.0,123.0,3.0,92.0,1.0,6.0,0.0,4.0,7.0,3.0,6.0,0.0,0.0,0.0,4.0,60.0,59.0,6.0,36.0,25.0,0.0,38.0,4.0,0.0,15.0,2.0,0.0,15.0,35.0,1.0,50.0,8.0,11.0,0.0,8.0,1.0,32.0,0.0,0.0,0.0,26.0,3.0,39.0,7.0,23.0,1.0,65.0,44.0,0.0,1.0,4.0,0.0,39.0,0.0,0.0,0.0,43.0,1.0,0.0,0.0,7.0,1.0,9.0,0.0,0.0,1.0,4.0,3.0,20.0,0.0
57,217078361.0,30.0,15.0,65.0,91.0,66.0,69.0,233.0,89.0,41.0,14.0,49.0,54.0,161.0,8.0,46.0,128.0,28.0,9.0,322.0,52.0,28.0,72.0,35.0,0.0,40.0,11.0,151.0,33.0,57.0,363.0,247.0,79.0,119.0,1.0,40.0,67.0,9.0,73.0,175.0,126.0,6.0,5.0,24.0,30.0,13.0,121.0,293.0,199.0,90.0,0.0,2.0,84.0,15.0,1.0,370.0,131.0,0.0,58.0,2.0,25.0,57.0,90.0,185.0,185.0,40.0,9.0,73.0,103.0,74.0,108.0,360.0,17.0,219.0,5.0,47.0,0.0,8.0,29.0,2.0,9.0,0.0,1.0,13.0,8.0,92.0,92.0,8.0,71.0,46.0,0.0,51.0,9.0,1.0,26.0,5.0,1.0,40.0,41.0,8.0,111.0,285.0,22.0,0.0,24.0,8.0,46.0,0.0,2.0,0.0,71.0,4.0,110.0,18.0,108.0,1.0,181.0,56.0,0.0,0.0,5.0,4.0,124.0,0.0,0.0,0.0,160.0,5.0,0.0,0.0,16.0,0.0,16.0,0.0,0.0,3.0,10.0,2.0,41.0,0.0
58,235614474.0,5.0,13.0,92.0,18.0,18.0,17.0,61.0,25.0,18.0,3.0,13.0,11.0,28.0,0.0,23.0,103.0,6.0,12.0,119.0,1.0,3.0,19.0,14.0,0.0,12.0,0.0,23.0,3.0,9.0,59.0,43.0,2.0,26.0,0.0,13.0,33.0,2.0,10.0,64.0,29.0,0.0,2.0,49.0,42.0,60.0,10.0,41.0,75.0,25.0,0.0,0.0,14.0,1.0,0.0,151.0,10.0,58.0,0.0,1.0,11.0,19.0,5.0,17.0,33.0,11.0,3.0,9.0,6.0,38.0,99.0,38.0,18.0,24.0,0.0,373.0,0.0,2.0,6.0,0.0,1.0,0.0,0.0,5.0,1.0,11.0,18.0,7.0,12.0,8.0,0.0,4.0,2.0,0.0,0.0,2.0,0.0,3.0,2.0,1.0,48.0,19.0,12.0,0.0,6.0,7.0,0.0,0.0,1.0,0.0,102.0,2.0,26.0,18.0,40.0,0.0,33.0,2.0,0.0,0.0,1.0,0.0,52.0,0.0,0.0,0.0,42.0,3.0,0.0,0.0,3.0,0.0,5.0,1.0,0.0,26.0,2.0,0.0,22.0,0.0
59,242303675.0,0.0,0.0,1.0,3.0,0.0,1.0,3.0,3.0,1.0,1.0,1.0,3.0,2.0,24.0,2.0,3.0,0.0,0.0,6.0,1.0,6.0,0.0,36.0,0.0,0.0,0.0,1.0,0.0,1.0,7.0,2.0,0.0,5.0,1.0,10.0,1.0,84.0,17.0,1.0,3.0,6.0,0.0,0.0,3.0,1.0,1.0,8.0,3.0,4.0,4.0,13.0,3.0,0.0,1.0,6.0,2.0,2.0,1.0,0.0,0.0,3.0,2.0,13.0,1.0,1.0,44.0,42.0,2.0,0.0,0.0,2.0,0.0,4.0,3.0,1.0,0.0,1.0,1.0,0.0,44.0,0.0,0.0,1.0,31.0,7.0,3.0,57.0,16.0,17.0,0.0,9.0,2.0,7.0,2.0,41.0,13.0,0.0,4.0,11.0,2.0,2.0,0.0,0.0,5.0,0.0,0.0,0.0,4.0,0.0,1.0,3.0,2.0,1.0,2.0,8.0,3.0,0.0,6.0,0.0,7.0,12.0,1.0,0.0,0.0,0.0,0.0,0.0,0.0,0.0,4.0,44.0,74.0,0.0,2.0,0.0,2.0,1.0,13.0,0.0
60,243694087.0,5.0,7.0,27.0,4.0,5.0,9.0,25.0,6.0,5.0,0.0,5.0,5.0,14.0,1.0,8.0,23.0,0.0,2.0,13.0,1.0,0.0,6.0,8.0,0.0,7.0,0.0,13.0,3.0,4.0,27.0,14.0,3.0,7.0,0.0,8.0,4.0,1.0,5.0,64.0,14.0,0.0,1.0,14.0,9.0,4.0,12.0,21.0,24.0,11.0,0.0,1.0,6.0,1.0,0.0,62.0,9.0,25.0,11.0,0.0,0.0,5.0,5.0,5.0,19.0,4.0,1.0,3.0,8.0,11.0,20.0,27.0,4.0,14.0,1.0,3.0,0.0,2.0,3.0,0.0,1.0,0.0,0.0,2.0,0.0,12.0,13.0,3.0,8.0,1.0,0.0,2.0,0.0,0.0,3.0,0.0,0.0,7.0,3.0,0.0,35.0,3.0,3.0,0.0,4.0,4.0,1.0,0.0,0.0,0.0,20.0,0.0,17.0,6.0,10.0,0.0,15.0,2.0,0.0,0.0,0.0,0.0,18.0,0.0,0.0,0.0,16.0,1.0,0.0,0.0,1.0,0.0,0.0,0.0,0.0,2.0,1.0,0.0,7.0,0.0
