,0,1,2,3,4,5,6,7,8,9,10,11,12,13,14,15,16,17,18,19,20,21,22,23,24,25,26,27,28,29,30,31,32,33,34,35,36,37,38,39,40,41,42,43,44,45,46,47,48,49,50,51,52,53,54,55,56,57,58,59,60,61,62,63,64,65,66,67,68,69,70,71,72,73,74,75,76,77,78,79,80,81,82,83,84,85,86,87,88,89,90,91,92,93,94,95,96,97,98,99,100,101,102,103,104,105,106,107,108,109,110,111,112,113,114,115,116,117,118
0,-1.0,10211442.0,18525043.0,18594520.0,20097381.0,22741371.0,23792734.0,26304800.0,34898084.0,48495906.0,48959778.0,51056700.0,52206201.0,58455154.0,64234543.0,67964859.0,70115569.0,71442697.0,72761871.0,74481416.0,75055396.0,76932332.0,88955642.0,93714606.0,94647128.0,106311646.0,107736469.0,109982213.0,124756260.0,125797024.0,136208159.0,145832580.0,150413331.0,150881077.0,155832368.0,176015466.0,178779512.0,192477353.0,193652442.0,196572401.0,197509029.0,210824047.0,224682566.0,225618759.0,227411792.0,230844017.0,232084857.0,234333247.0,239154848.0,241540569.0,244152633.0,245370629.0,245455196.0,246223044.0,247012412.0,247494866.0,249133743.0,249846861.0,250334613.0,253856394.0,254198581.0,256996506.0,257592414.0,258536563.0,262821567.0,263937073.0,264649934.0,266562398.0,266674985.0,267088381.0,268934421.0,269680826.0,270592241.0,271565431.0,272259832.0,273061905.0,273889354.0,274937626.0,274982664.0,279039469.0,279947636.0,283718439.0,287263554.0,288927802.0,289104235.0,289508193.0,290039931.0,290698882.0,290840403.0,294280010.0,295366074.0,296418534.0,297664153.0,298209264.0,301699344.0,302144631.0,302672280.0,303383154.0,303599294.0,304659133.0,304677043.0,313799444.0,315673304.0,317401345.0,318621520.0,322658558.0,339474731.0,346760056.0,349146547.0,355897168.0,361525299.0,367473622.0,369028288.0,375451125.0,388466657.0,396823485.0,406558256.0,415826305.0,419193664.0
1,10211442.0,0.0,198.0,19.0,9.0,333.0,36.0,13.0,284.0,185.0,54.0,71.0,16.0,1.0,150.0,28.0,48.0,51.0,23.0,109.0,5.0,30.0,8.0,1.0,0.0,56.0,31.0,189.0,22.0,232.0,59.0,13.0,0.0,71.0,13.0,70.0,22.0,91.0,86.0,56.0,35.0,33.0,97.0,131.0,31.0,86.0,0.0,5.0,85.0,17.0,132.0,49.0,47.0,2.0,268.0,22.0,8.0,54.0,46.0,51.0,5.0,22.0,143.0,166.0,155.0,11.0,11.0,10.0,140.0,148.0,147.0,0.0,2.0,114.0,2.0,54.0,9.0,58.0,55.0,63.0,62.0,1.0,13.0,24.0,50.0,71.0,290.0,159.0,81.0,50.0,97.0,30.0,0.0,5.0,16.0,11.0,52.0,23.0,166.0,50.0,6.0,0.0,20.0,177.0,17.0,9.0,3.0,3.0,36.0,64.0,0.0,13.0,43.0,9.0,49.0,27.0,0.0,8.0,27.0
2,18525043.0,198.0,0.0,22.0,14.0,507.0,56.0,38.0,410.0,304.0,105.0,85.0,76.0,2.0,289.0,42.0,63.0,98.0,36.0,127.0,7.0,38.0,16.0,1.0,0.0,115.0,67.0,236.0,56.0,316.0,101.0,20.0,2.0,71.0,20.0,140.0,25.0,171.0,151.0,90.0,71.0,69.0,197.0,195.0,39.0,87.0,0.0,13.0,135.0,42.0,174.0,100.0,117.0,2.0,347.0,39.0,2.0,109.0,54.0,90.0,7.0,13.0,255.0,365.0,272.0,11.0,6.0,6.0,51.0,215.0,270.0,0.0,6.0,145.0,5.0,97.0,21.0,127.0,110.0,140.0,121.0,3.0,31.0,60.0,85.0,217.0,464.0,314.0,196.0,119.0,103.0,33.0,1.0,34.0,28.0,8.0,103.0,70.0,316.0,79.0,13.0,1.0,50.0,295.0,61.0,24.0,0.0,4.0,59.0,124.0,0.0,15.0,58.0,15.0,134.0,61.0,5.0,11.0,34.0
3,18594520.0,19.0,22.0,0.0,2.0,48.0,8.0,9.0,52.0,16.0,17.0,11.0,14.0,1.0,29.0,2.0,14.0,23.0,2.0,12.0,2.0,11.0,2.0,0.0,0.0,6.0,7.0,52.0,8.0,18.0,10.0,17.0,3.0,33.0,9.0,16.0,7.0,31.0,30.0,18.0,7.0,3.0,25.0,29.0,16.0,0.0,0.0,4.0,4.0,16.0,19.0,4.0,4.0,0.0,32.0,1.0,0.0,8.0,12.0,3.0,1.0,11.0,31.0,28.0,27.0,5.0,3.0,0.0,4.0,10.0,12.0,0.0,1.0,24.0,8.0,19.0,1.0,6.0,12.0,5.0,5.0,2.0,2.0,4.0,4.0,8.0,23.0,15.0,7.0,13.0,19.0,3.0,0.0,1.0,6.0,5.0,0.0,13.0,14.0,10.0,0.0,0.0,2.0,30.0,1.0,8.0,1.0,1.0,11.0,4.0,0.0,10.0,38.0,12.0,17.0,6.0,0.0,2.0,4.0
4,20097381.0,9.0,14.0,2.0,0.0,51.0,7.0,2.0,95.0,140.0,41.0,2.0,6.0,0.0,29.0,11.0,3.0,29.0,33.0,10.0,2.0,13.0,0.0,0.0,0.0,8.0,10.0,49.0,5.0,30.0,8.0,8.0,1.0,45.0,0.0,9.0,0.0,331.0,18.0,13.0,2.0,5.0,18.0,22.0,0.0,6.0,0.0,7.0,39.0,6.0,18.0,1.0,0.0,1.0,27.0,70.0,0.0,7.0,11.0,3.0,2.0,0.0,37.0,35.0,13.0,3.0,2.0,0.0,1.0,7.0,11.0,0.0,0.0,10.0,1.0,15.0,2.0,22.0,45.0,7.0,6.0,0.0,4.0,10.0,3.0,16.0,73.0,26.0,12.0,31.0,11.0,1.0,0.0,2.0,1.0,3.0,2.0,26.0,6.0,12.0,0.0,35.0,1.0,35.0,3.0,4.0,0.0,0.0,6.0,4.0,0.0,1.0,51.0,7.0,10.0,9.0,0.0,69.0,1.0
5,22741371.0,333.0,507.0,48.0,51.0,0.0,109.0,63.0,1150.0,449.0,162.0,162.0,80.0,12.0,357.0,58.0,169.0,195.0,55.0,282.0,11.0,59.0,35.0,0.0,0.0,151.0,58.0,390.0,97.0,569.0,130.0,66.0,3.0,154.0,101.0,226.0,62.0,274.0,256.0,165.0,51.0,59.0,242.0,319.0,80.0,202.0,0.0,10.0,157.0,32.0,363.0,105.0,107.0,6.0,568.0,53.0,10.0,137.0,61.0,93.0,11.0,62.0,380.0,368.0,333.0,20.0,15.0,17.0,143.0,252.0,263.0,0.0,11.0,277.0,7.0,184.0,18.0,138.0,172.0,123.0,104.0,4.0,24.0,51.0,79.0,143.0,622.0,286.0,149.0,152.0,196.0,79.0,0.0,18.0,35.0,15.0,84.0,51.0,428.0,98.0,9.0,5.0,54.0,337.0,33.0,26.0,3.0,5.0,75.0,132.0,0.0,30.0,123.0,29.0,175.0,47.0,0.0,28.0,38.0
6,23792734.0,36.0,56.0,8.0,7.0,109.0,0.0,33.0,189.0,67.0,40.0,25.0,41.0,9.0,49.0,4.0,30.0,95.0,14.0,33.0,8.0,35.0,3.0,0.0,0.0,31.0,27.0,66.0,42.0,44.0,25.0,27.0,0.0,22.0,5.0,26.0,17.0,74.0,76.0,43.0,7.0,5.0,34.0,60.0,22.0,10.0,0.0,5.0,27.0,13.0,51.0,16.0,5.0,0.0,67.0,8.0,0.0,8.0,15.0,20.0,7.0,13.0,83.0,61.0,62.0,9.0,5.0,1.0,3.0,20.0,46.0,0.0,5.0,52.0,2.0,44.0,6.0,21.0,52.0,12.0,9.0,1.0,4.0,20.0,8.0,25.0,74.0,32.0,28.0,27.0,27.0,24.0,0.0,1.0,12.0,1.0,5.0,26.0,35.0,30.0,0.0,1.0,0.0,60.0,20.0,17.0,2.0,1.0,14.0,11.0,0.0,8.0,22.0,5.0,25.0,15.0,0.0,9.0,15.0
7,26304800.0,13.0,38.0,9.0,2.0,63.0,33.0,0.0,29.0,19.0,25.0,9.0,68.0,12.0,37.0,2.0,16.0,29.0,6.0,20.0,7.0,25.0,3.0,0.0,0.0,14.0,23.0,45.0,59.0,24.0,16.0,30.0,2.0,22.0,4.0,26.0,19.0,104.0,57.0,30.0,3.0,0.0,27.0,34.0,23.0,1.0,0.0,12.0,6.0,11.0,14.0,15.0,5.0,1.0,28.0,5.0,0.0,5.0,10.0,11.0,4.0,11.0,48.0,37.0,41.0,7.0,3.0,0.0,2.0,2.0,20.0,0.0,3.0,31.0,5.0,30.0,2.0,7.0,51.0,1.0,5.0,3.0,1.0,11.0,4.0,11.0,28.0,13.0,9.0,19.0,19.0,18.0,0.0,1.0,10.0,1.0,1.0,43.0,21.0,19.0,0.0,2.0,0.0,62.0,23.0,18.0,1.0,1.0,10.0,13.0,0.0,8.0,42.0,6.0,21.0,10.0,1.0,10.0,6.0
8,34898084.0,284.0,410.0,52.0,95.0,1150.0,189.0,29.0,0.0,524.0,196.0,97.0,36.0,4.0,261.0,56.0,103.0,551.0,78.0,208.0,19.0,75.0,20.0,0.0,0.0,105.0,93.0,445.0,38.0,578.0,158.0,69.0,13.0,326.0,40.0,156.0,33.0,325.0,308.0,384.0,44.0,36.0,322.0,322.0,47.0,182.0,0.0,23.0,145.0,54.0,459.0,79.0,59.0,4.0,555.0,58.0,3.0,68.0,73.0,70.0,12.0,34.0,377.0,270.0,218.0,12.0,13.0,7.0,70.0,187.0,176.0,0.0,6.0,182.0,19.0,176.0,16.0,98.0,141.0,84.0,60.0,3.0,16.0,42.0,48.0,114.0,592.0,197.0,132.0,126.0,198.0,43.0,0.0,9.0,22.0,30.0,37.0,43.0,278.0,107.0,3.0,5.0,24.0,266.0,22.0,51.0,4.0,4.0,50.0,46.0,0.0,75.0,190.0,70.0,124.0,45.0,0.0,45.0,24.0
9,48495906.0,185.0,304.0,16.0,140.0,449.0,67.0,19.0,524.0,0.0,153.0,65.0,35.0,1.0,194.0,40.0,51.0,104.0,26.0,110.0,8.0,48.0,9.0,0.0,0.0,62.0,52.0,238.0,47.0,253.0,104.0,26.0,1.0,73.0,4.0,91.0,26.0,261.0,184.0,79.0,46.0,36.0,143.0,258.0,41.0,78.0,0.0,19.0,208.0,24.0,167.0,57.0,53.0,3.0,317.0,73.0,2.0,65.0,38.0,66.0,19.0,12.0,257.0,275.0,175.0,21.0,13.0,6.0,59.0,167.0,179.0,0.0,3.0,111.0,3.0,88.0,24.0,94.0,127.0,121.0,98.0,2.0,29.0,93.0,61.0,140.0,419.0,213.0,140.0,134.0,122.0,31.0,1.0,9.0,25.0,6.0,50.0,53.0,200.0,140.0,6.0,2.0,14.0,260.0,28.0,14.0,3.0,5.0,52.0,67.0,0.0,8.0,77.0,12.0,76.0,52.0,0.0,17.0,28.0
10,48959778.0,54.0,105.0,17.0,41.0,162.0,40.0,25.0,196.0,153.0,0.0,29.0,44.0,2.0,126.0,12.0,37.0,94.0,30.0,46.0,14.0,52.0,10.0,0.0,0.0,59.0,45.0,121.0,52.0,89.0,32.0,27.0,4.0,56.0,3.0,66.0,33.0,178.0,70.0,64.0,18.0,21.0,49.0,100.0,30.0,29.0,0.0,14.0,62.0,18.0,77.0,25.0,13.0,1.0,100.0,52.0,1.0,27.0,17.0,26.0,4.0,16.0,116.0,140.0,88.0,18.0,8.0,2.0,7.0,40.0,77.0,0.0,4.0,75.0,4.0,62.0,6.0,54.0,79.0,44.0,28.0,4.0,8.0,25.0,18.0,79.0,184.0,72.0,64.0,72.0,58.0,17.0,0.0,4.0,14.0,2.0,13.0,42.0,61.0,60.0,3.0,3.0,4.0,139.0,22.0,51.0,1.0,4.0,28.0,21.0,1.0,9.0,58.0,13.0,63.0,27.0,0.0,18.0,18.0
11,51056700.0,71.0,85.0,11.0,2.0,162.0,25.0,9.0,97.0,65.0,29.0,0.0,19.0,0.0,93.0,25.0,76.0,37.0,10.0,108.0,6.0,21.0,10.0,0.0,0.0,44.0,15.0,43.0,19.0,79.0,23.0,8.0,0.0,26.0,55.0,50.0,24.0,49.0,44.0,33.0,15.0,18.0,29.0,50.0,42.0,29.0,0.0,3.0,52.0,11.0,83.0,20.0,41.0,0.0,76.0,12.0,13.0,34.0,14.0,23.0,1.0,26.0,61.0,91.0,80.0,3.0,6.0,7.0,39.0,54.0,77.0,0.0,3.0,87.0,4.0,35.0,5.0,41.0,40.0,34.0,34.0,2.0,7.0,14.0,30.0,35.0,79.0,78.0,28.0,42.0,41.0,15.0,0.0,5.0,9.0,3.0,31.0,14.0,103.0,34.0,7.0,1.0,18.0,88.0,11.0,17.0,1.0,2.0,39.0,32.0,0.0,6.0,23.0,4.0,53.0,20.0,0.0,0.0,16.0
12,52206201.0,16.0,76.0,14.0,6.0,80.0,41.0,68.0,36.0,35.0,44.0,19.0,0.0,41.0,53.0,2.0,31.0,60.0,15.0,20.0,13.0,34.0,4.0,1.0,0.0,27.0,37.0,82.0,179.0,23.0,22.0,59.0,6.0,21.0,5.0,34.0,19.0,253.0,51.0,36.0,2.0,5.0,26.0,65.0,39.0,4.0,0.0,8.0,9.0,11.0,23.0,12.0,10.0,0.0,31.0,8.0,0.0,6.0,10.0,10.0,6.0,13.0,66.0,79.0,63.0,9.0,4.0,0.0,2.0,5.0,46.0,0.0,7.0,46.0,4.0,48.0,3.0,16.0,99.0,7.0,10.0,3.0,0.0,12.0,5.0,18.0,63.0,20.0,18.0,40.0,18.0,31.0,0.0,1.0,25.0,1.0,5.0,101.0,26.0,21.0,2.0,5.0,2.0,112.0,29.0,27.0,1.0,1.0,14.0,20.0,0.0,9.0,71.0,8.0,34.0,10.0,1.0,33.0,9.0
13,58455154.0,1.0,2.0,1.0,0.0,12.0,9.0,12.0,4.0,1.0,2.0,0.0,41.0,0.0,17.0,0.0,17.0,5.0,1.0,6.0,2.0,4.0,0.0,0.0,0.0,4.0,3.0,2.0,15.0,5.0,0.0,1.0,0.0,1.0,4.0,1.0,0.0,23.0,1.0,2.0,2.0,1.0,3.0,3.0,7.0,0.0,0.0,0.0,1.0,2.0,1.0,1.0,2.0,0.0,4.0,0.0,0.0,0.0,1.0,2.0,0.0,3.0,9.0,11.0,12.0,0.0,3.0,0.0,1.0,1.0,5.0,0.0,0.0,10.0,0.0,10.0,0.0,1.0,2.0,1.0,7.0,0.0,0.0,2.0,0.0,2.0,2.0,3.0,1.0,3.0,1.0,8.0,0.0,0.0,1.0,0.0,0.0,7.0,2.0,0.0,0.0,1.0,3.0,14.0,7.0,2.0,0.0,0.0,0.0,4.0,0.0,2.0,3.0,1.0,2.0,0.0,0.0,1.0,1.0
14,64234543.0,150.0,289.0,29.0,29.0,357.0,49.0,37.0,261.0,194.0,126.0,93.0,53.0,17.0,0.0,32.0,127.0,126.0,47.0,92.0,16.0,66.0,33.0,1.0,0.0,136.0,64.0,187.0,62.0,261.0,56.0,26.0,4.0,55.0,69.0,153.0,56.0,246.0,103.0,69.0,37.0,75.0,93.0,186.0,128.0,78.0,0.0,21.0,123.0,43.0,157.0,52.0,169.0,4.0,348.0,36.0,13.0,138.0,59.0,73.0,10.0,129.0,223.0,281.0,272.0,15.0,21.0,9.0,67.0,133.0,253.0,0.0,6.0,188.0,7.0,217.0,22.0,133.0,95.0,107.0,106.0,3.0,20.0,59.0,80.0,151.0,282.0,277.0,107.0,65.0,187.0,35.0,2.0,32.0,16.0,5.0,111.0,77.0,280.0,81.0,10.0,2.0,76.0,230.0,50.0,24.0,3.0,5.0,87.0,192.0,1.0,17.0,84.0,13.0,144.0,53.0,0.0,13.0,25.0
15,67964859.0,28.0,42.0,2.0,11.0,58.0,4.0,2.0,56.0,40.0,12.0,25.0,2.0,0.0,32.0,0.0,11.0,7.0,11.0,33.0,1.0,2.0,2.0,0.0,0.0,16.0,4.0,24.0,1.0,38.0,10.0,1.0,0.0,16.0,3.0,18.0,0.0,32.0,12.0,6.0,13.0,9.0,25.0,13.0,5.0,14.0,0.0,2.0,34.0,1.0,23.0,11.0,8.0,0.0,37.0,20.0,2.0,10.0,11.0,9.0,2.0,3.0,26.0,43.0,28.0,0.0,0.0,4.0,17.0,32.0,29.0,0.0,0.0,20.0,0.0,8.0,2.0,19.0,14.0,22.0,20.0,0.0,3.0,3.0,13.0,25.0,63.0,48.0,24.0,20.0,7.0,7.0,0.0,1.0,0.0,2.0,10.0,5.0,26.0,15.0,4.0,7.0,7.0,45.0,2.0,2.0,0.0,0.0,7.0,12.0,0.0,1.0,9.0,2.0,15.0,10.0,0.0,17.0,5.0
16,70115569.0,48.0,63.0,14.0,3.0,169.0,30.0,16.0,103.0,51.0,37.0,76.0,31.0,17.0,127.0,11.0,0.0,57.0,24.0,210.0,8.0,29.0,20.0,1.0,0.0,60.0,34.0,58.0,25.0,69.0,18.0,11.0,3.0,45.0,116.0,37.0,51.0,57.0,33.0,30.0,8.0,17.0,41.0,46.0,36.0,19.0,0.0,8.0,27.0,15.0,123.0,12.0,36.0,2.0,65.0,4.0,21.0,42.0,20.0,34.0,7.0,43.0,83.0,125.0,107.0,15.0,6.0,4.0,67.0,38.0,77.0,0.0,4.0,98.0,7.0,44.0,10.0,54.0,24.0,32.0,30.0,4.0,8.0,16.0,28.0,32.0,84.0,87.0,31.0,20.0,42.0,14.0,1.0,5.0,9.0,6.0,19.0,17.0,53.0,26.0,2.0,2.0,14.0,68.0,17.0,13.0,2.0,6.0,73.0,43.0,0.0,11.0,21.0,10.0,55.0,16.0,0.0,8.0,12.0
17,71442697.0,51.0,98.0,23.0,29.0,195.0,95.0,29.0,551.0,104.0,94.0,37.0,60.0,5.0,126.0,7.0,57.0,0.0,50.0,58.0,16.0,63.0,7.0,1.0,0.0,77.0,47.0,155.0,59.0,94.0,32.0,46.0,3.0,83.0,24.0,53.0,37.0,178.0,80.0,74.0,10.0,13.0,69.0,111.0,38.0,17.0,0.0,10.0,32.0,23.0,124.0,22.0,28.0,2.0,119.0,22.0,1.0,24.0,22.0,26.0,10.0,31.0,128.0,130.0,115.0,15.0,7.0,2.0,6.0,29.0,82.0,0.0,3.0,84.0,15.0,98.0,8.0,45.0,85.0,23.0,14.0,5.0,7.0,25.0,18.0,39.0,133.0,63.0,49.0,46.0,72.0,20.0,0.0,3.0,13.0,8.0,11.0,38.0,61.0,45.0,0.0,4.0,10.0,101.0,33.0,27.0,3.0,2.0,39.0,25.0,0.0,29.0,91.0,28.0,76.0,21.0,0.0,28.0,17.0
18,72761871.0,23.0,36.0,2.0,33.0,55.0,14.0,6.0,78.0,26.0,30.0,10.0,15.0,1.0,47.0,11.0,24.0,50.0,0.0,16.0,4.0,17.0,2.0,0.0,0.0,40.0,13.0,58.0,19.0,44.0,3.0,9.0,5.0,26.0,5.0,22.0,5.0,179.0,22.0,22.0,4.0,16.0,21.0,20.0,3.0,10.0,0.0,7.0,24.0,4.0,34.0,5.0,21.0,0.0,30.0,47.0,0.0,18.0,8.0,14.0,1.0,3.0,60.0,61.0,47.0,1.0,2.0,2.0,3.0,14.0,27.0,0.0,2.0,28.0,3.0,10.0,3.0,37.0,43.0,14.0,13.0,2.0,5.0,10.0,17.0,18.0,50.0,35.0,20.0,21.0,13.0,8.0,0.0,5.0,7.0,11.0,14.0,13.0,25.0,13.0,0.0,49.0,10.0,45.0,6.0,13.0,0.0,1.0,16.0,22.0,0.0,14.0,39.0,14.0,33.0,12.0,1.0,53.0,5.0
19,74481416.0,109.0,127.0,12.0,10.0,282.0,33.0,20.0,208.0,110.0,46.0,108.0,20.0,6.0,92.0,33.0,210.0,58.0,16.0,0.0,6.0,28.0,11.0,0.0,0.0,57.0,24.0,88.0,25.0,123.0,36.0,7.0,1.0,80.0,87.0,41.0,49.0,63.0,57.0,55.0,19.0,17.0,63.0,73.0,33.0,26.0,0.0,4.0,48.0,12.0,163.0,30.0,17.0,1.0,151.0,11.0,33.0,38.0,19.0,34.0,2.0,31.0,115.0,116.0,103.0,5.0,3.0,5.0,117.0,80.0,87.0,0.0,0.0,91.0,7.0,62.0,6.0,51.0,41.0,37.0,27.0,1.0,8.0,16.0,28.0,42.0,145.0,82.0,56.0,41.0,62.0,16.0,1.0,5.0,10.0,5.0,22.0,22.0,90.0,32.0,6.0,0.0,15.0,93.0,16.0,10.0,0.0,0.0,47.0,28.0,0.0,8.0,38.0,11.0,53.0,22.0,0.0,7.0,15.0
20,75055396.0,5.0,7.0,2.0,2.0,11.0,8.0,7.0,19.0,8.0,14.0,6.0,13.0,2.0,16.0,1.0,8.0,16.0,4.0,6.0,0.0,11.0,2.0,0.0,0.0,9.0,9.0,17.0,14.0,8.0,4.0,5.0,0.0,5.0,1.0,8.0,6.0,23.0,14.0,9.0,0.0,0.0,6.0,9.0,5.0,1.0,0.0,6.0,3.0,4.0,6.0,1.0,2.0,0.0,4.0,1.0,0.0,3.0,4.0,3.0,2.0,3.0,13.0,11.0,13.0,3.0,3.0,0.0,0.0,0.0,9.0,0.0,1.0,11.0,3.0,12.0,0.0,2.0,11.0,0.0,1.0,1.0,1.0,2.0,1.0,5.0,9.0,5.0,2.0,8.0,6.0,5.0,0.0,0.0,3.0,0.0,0.0,8.0,3.0,4.0,0.0,0.0,0.0,19.0,5.0,5.0,0.0,0.0,5.0,2.0,0.0,1.0,8.0,1.0,8.0,2.0,0.0,3.0,4.0
21,76932332.0,30.0,38.0,11.0,13.0,59.0,35.0,25.0,75.0,48.0,52.0,21.0,34.0,4.0,66.0,2.0,29.0,63.0,17.0,28.0,11.0,0.0,3.0,0.0,0.0,32.0,35.0,80.0,37.0,50.0,14.0,22.0,3.0,55.0,12.0,30.0,26.0,142.0,54.0,37.0,2.0,3.0,30.0,62.0,24.0,6.0,0.0,18.0,18.0,22.0,35.0,6.0,9.0,10.0,45.0,18.0,1.0,20.0,12.0,12.0,6.0,14.0,91.0,59.0,56.0,22.0,35.0,1.0,9.0,6.0,35.0,0.0,4.0,46.0,5.0,51.0,2.0,14.0,52.0,1.0,2.0,3.0,4.0,15.0,3.0,17.0,67.0,29.0,6.0,18.0,41.0,12.0,1.0,1.0,18.0,3.0,2.0,27.0,24.0,24.0,0.0,0.0,1.0,67.0,23.0,20.0,10.0,1.0,25.0,9.0,0.0,18.0,45.0,10.0,36.0,13.0,0.0,7.0,9.0
22,88955642.0,8.0,16.0,2.0,0.0,35.0,3.0,3.0,20.0,9.0,10.0,10.0,4.0,0.0,33.0,2.0,20.0,7.0,2.0,11.0,2.0,3.0,0.0,0.0,0.0,17.0,2.0,15.0,4.0,26.0,2.0,4.0,0.0,3.0,11.0,15.0,2.0,7.0,4.0,11.0,2.0,9.0,5.0,5.0,5.0,9.0,0.0,2.0,5.0,1.0,13.0,4.0,18.0,2.0,17.0,0.0,1.0,20.0,1.0,5.0,0.0,2.0,8.0,16.0,21.0,2.0,0.0,1.0,1.0,8.0,15.0,0.0,1.0,22.0,1.0,9.0,1.0,17.0,3.0,7.0,5.0,1.0,0.0,1.0,7.0,9.0,15.0,17.0,5.0,8.0,7.0,4.0,0.0,2.0,0.0,0.0,9.0,1.0,24.0,5.0,3.0,0.0,12.0,8.0,1.0,3.0,0.0,1.0,5.0,19.0,0.0,0.0,5.0,2.0,25.0,2.0,1.0,0.0,3.0
23,93714606.0,1.0,1.0,0.0,0.0,0.0,0.0,0.0,0.0,0.0,0.0,0.0,1.0,0.0,1.0,0.0,1.0,1.0,0.0,0.0,0.0,0.0,0.0,0.0,0.0,0.0,1.0,0.0,2.0,0.0,0.0,0.0,0.0,0.0,0.0,1.0,0.0,2.0,0.0,0.0,0.0,0.0,0.0,0.0,0.0,0.0,0.0,0.0,0.0,0.0,1.0,1.0,1.0,0.0,0.0,0.0,0.0,0.0,0.0,0.0,1.0,0.0,0.0,0.0,0.0,0.0,0.0,0.0,0.0,0.0,2.0,0.0,1.0,0.0,0.0,0.0,0.0,0.0,0.0,0.0,0.0,0.0,0.0,1.0,0.0,0.0,0.0,0.0,0.0,0.0,1.0,0.0,0.0,0.0,0.0,0.0,0.0,1.0,0.0,0.0,0.0,0.0,0.0,0.0,0.0,0.0,0.0,0.0,0.0,1.0,0.0,0.0,0.0,0.0,0.0,0.0,0.0,0.0,0.0
24,94647128.0,0.0,0.0,0.0,0.0,0.0,0.0,0.0,0.0,0.0,0.0,0.0,0.0,0.0,0.0,0.0,0.0,0.0,0.0,0.0,0.0,0.0,0.0,0.0,0.0,0.0,0.0,0.0,0.0,0.0,0.0,0.0,0.0,0.0,0.0,0.0,0.0,0.0,0.0,0.0,0.0,0.0,0.0,0.0,0.0,0.0,0.0,0.0,0.0,0.0,0.0,0.0,0.0,0.0,0.0,0.0,0.0,0.0,0.0,0.0,0.0,0.0,0.0,0.0,0.0,0.0,0.0,0.0,0.0,0.0,0.0,0.0,0.0,0.0,0.0,0.0,0.0,0.0,0.0,0.0,0.0,0.0,0.0,0.0,0.0,0.0,0.0,0.0,0.0,0.0,0.0,0.0,0.0,0.0,0.0,0.0,0.0,0.0,0.0,0.0,0.0,0.0,0.0,0.0,0.0,0.0,0.0,0.0,0.0,0.0,0.0,0.0,0.0,0.0,0.0,0.0,0.0,0.0,0.0
25,106311646.0,56.0,115.0,6.0,8.0,151.0,31.0,14.0,105.0,62.0,59.0,44.0,27.0,4.0,136.0,16.0,60.0,77.0,40.0,57.0,9.0,32.0,17.0,0.0,0.0,0.0,29.0,63.0,35.0,84.0,14.0,16.0,0.0,22.0,41.0,69.0,28.0,70.0,23.0,31.0,14.0,40.0,26.0,50.0,23.0,23.0,0.0,4.0,40.0,9.0,72.0,19.0,69.0,0.0,80.0,13.0,1.0,86.0,14.0,46.0,5.0,25.0,79.0,142.0,135.0,7.0,3.0,3.0,10.0,49.0,107.0,0.0,3.0,117.0,3.0,42.0,10.0,80.0,33.0,50.0,43.0,2.0,18.0,15.0,61.0,62.0,128.0,105.0,60.0,36.0,44.0,15.0,0.0,9.0,5.0,2.0,46.0,23.0,102.0,20.0,4.0,2.0,30.0,98.0,26.0,18.0,1.0,4.0,45.0,61.0,0.0,4.0,17.0,6.0,93.0,28.0,0.0,5.0,23.0
26,107736469.0,31.0,67.0,7.0,10.0,58.0,27.0,23.0,93.0,52.0,45.0,15.0,37.0,3.0,64.0,4.0,34.0,47.0,13.0,24.0,9.0,35.0,2.0,1.0,0.0,29.0,0.0,50.0,44.0,35.0,26.0,12.0,0.0,18.0,4.0,29.0,22.0,120.0,80.0,32.0,3.0,13.0,32.0,73.0,22.0,5.0,0.0,58.0,29.0,20.0,53.0,9.0,13.0,0.0,47.0,7.0,1.0,13.0,18.0,23.0,10.0,7.0,92.0,94.0,70.0,8.0,4.0,1.0,5.0,14.0,64.0,0.0,1.0,42.0,2.0,46.0,10.0,21.0,49.0,21.0,21.0,1.0,9.0,18.0,15.0,35.0,65.0,45.0,27.0,26.0,28.0,5.0,0.0,3.0,8.0,4.0,10.0,30.0,32.0,37.0,1.0,15.0,4.0,62.0,30.0,12.0,0.0,3.0,32.0,27.0,0.0,4.0,23.0,2.0,28.0,22.0,0.0,7.0,8.0
27,109982213.0,189.0,236.0,52.0,49.0,390.0,66.0,45.0,445.0,238.0,121.0,43.0,82.0,2.0,187.0,24.0,58.0,155.0,58.0,88.0,17.0,80.0,15.0,0.0,0.0,63.0,50.0,0.0,64.0,223.0,73.0,98.0,23.0,338.0,15.0,88.0,27.0,370.0,176.0,88.0,49.0,23.0,233.0,205.0,33.0,46.0,0.0,19.0,89.0,36.0,168.0,56.0,27.0,1.0,230.0,41.0,1.0,46.0,89.0,57.0,8.0,18.0,266.0,184.0,181.0,15.0,16.0,5.0,58.0,89.0,111.0,0.0,7.0,123.0,38.0,96.0,19.0,71.0,112.0,64.0,57.0,7.0,16.0,55.0,35.0,97.0,290.0,124.0,87.0,73.0,105.0,56.0,2.0,5.0,58.0,68.0,32.0,86.0,149.0,64.0,2.0,2.0,8.0,286.0,34.0,20.0,3.0,6.0,46.0,43.0,0.0,80.0,386.0,108.0,106.0,32.0,0.0,57.0,19.0
28,124756260.0,22.0,56.0,8.0,5.0,97.0,42.0,59.0,38.0,47.0,52.0,19.0,179.0,15.0,62.0,1.0,25.0,59.0,19.0,25.0,14.0,37.0,4.0,2.0,0.0,35.0,44.0,64.0,0.0,26.0,22.0,62.0,11.0,42.0,6.0,50.0,33.0,139.0,85.0,44.0,3.0,3.0,25.0,63.0,37.0,5.0,0.0,16.0,12.0,13.0,23.0,15.0,8.0,0.0,34.0,8.0,0.0,8.0,9.0,18.0,5.0,13.0,68.0,68.0,70.0,13.0,9.0,0.0,1.0,4.0,41.0,0.0,13.0,56.0,4.0,55.0,2.0,16.0,77.0,4.0,7.0,3.0,2.0,10.0,6.0,19.0,43.0,21.0,15.0,25.0,28.0,30.0,0.0,2.0,51.0,3.0,2.0,35.0,50.0,27.0,1.0,3.0,1.0,93.0,37.0,29.0,1.0,1.0,18.0,31.0,0.0,5.0,70.0,5.0,36.0,16.0,1.0,8.0,12.0
29,125797024.0,232.0,316.0,18.0,30.0,569.0,44.0,24.0,578.0,253.0,89.0,79.0,23.0,5.0,261.0,38.0,69.0,94.0,44.0,123.0,8.0,50.0,26.0,0.0,0.0,84.0,35.0,223.0,26.0,0.0,53.0,8.0,1.0,77.0,38.0,179.0,36.0,165.0,100.0,163.0,47.0,41.0,121.0,164.0,33.0,155.0,0.0,14.0,96.0,62.0,231.0,78.0,106.0,3.0,370.0,52.0,5.0,103.0,34.0,64.0,9.0,26.0,192.0,216.0,177.0,8.0,8.0,7.0,81.0,140.0,153.0,0.0,7.0,154.0,2.0,80.0,11.0,93.0,72.0,80.0,87.0,1.0,16.0,42.0,63.0,114.0,420.0,187.0,105.0,79.0,132.0,23.0,0.0,14.0,21.0,3.0,73.0,41.0,271.0,53.0,11.0,0.0,38.0,212.0,28.0,11.0,3.0,5.0,39.0,90.0,1.0,11.0,49.0,10.0,107.0,58.0,0.0,10.0,22.0
30,136208159.0,59.0,101.0,10.0,8.0,130.0,25.0,16.0,158.0,104.0,32.0,23.0,22.0,0.0,56.0,10.0,18.0,32.0,3.0,36.0,4.0,14.0,2.0,0.0,0.0,14.0,26.0,73.0,22.0,53.0,0.0,9.0,3.0,35.0,2.0,21.0,9.0,90.0,104.0,25.0,10.0,7.0,59.0,97.0,16.0,3.0,0.0,11.0,49.0,9.0,51.0,29.0,7.0,0.0,104.0,11.0,0.0,2.0,20.0,15.0,8.0,6.0,114.0,67.0,59.0,5.0,5.0,1.0,13.0,43.0,47.0,0.0,1.0,39.0,3.0,38.0,4.0,15.0,51.0,25.0,19.0,1.0,3.0,34.0,20.0,40.0,97.0,68.0,31.0,37.0,44.0,12.0,0.0,2.0,9.0,12.0,4.0,36.0,62.0,54.0,1.0,0.0,0.0,75.0,13.0,6.0,0.0,2.0,8.0,8.0,0.0,6.0,33.0,9.0,21.0,19.0,0.0,9.0,9.0
31,145832580.0,13.0,20.0,17.0,8.0,66.0,27.0,30.0,69.0,26.0,27.0,8.0,59.0,1.0,26.0,1.0,11.0,46.0,9.0,7.0,5.0,22.0,4.0,0.0,0.0,16.0,12.0,98.0,62.0,8.0,9.0,0.0,5.0,45.0,3.0,19.0,8.0,153.0,41.0,25.0,3.0,1.0,33.0,31.0,11.0,3.0,0.0,6.0,3.0,5.0,14.0,1.0,1.0,0.0,26.0,7.0,0.0,3.0,8.0,6.0,1.0,9.0,39.0,31.0,32.0,5.0,1.0,0.0,2.0,2.0,7.0,0.0,3.0,36.0,5.0,38.0,1.0,6.0,34.0,2.0,0.0,4.0,2.0,3.0,0.0,5.0,21.0,4.0,1.0,9.0,12.0,18.0,0.0,1.0,10.0,13.0,0.0,24.0,11.0,14.0,0.0,3.0,0.0,52.0,12.0,12.0,0.0,0.0,8.0,7.0,0.0,7.0,101.0,21.0,21.0,1.0,1.0,17.0,2.0
32,150413331.0,0.0,2.0,3.0,1.0,3.0,0.0,2.0,13.0,1.0,4.0,0.0,6.0,0.0,4.0,0.0,3.0,3.0,5.0,1.0,0.0,3.0,0.0,0.0,0.0,0.0,0.0,23.0,11.0,1.0,3.0,5.0,0.0,30.0,0.0,3.0,0.0,8.0,4.0,4.0,0.0,0.0,12.0,2.0,1.0,0.0,0.0,3.0,0.0,1.0,10.0,0.0,1.0,0.0,3.0,0.0,0.0,0.0,11.0,0.0,0.0,2.0,4.0,7.0,4.0,1.0,0.0,0.0,0.0,0.0,0.0,0.0,0.0,1.0,4.0,6.0,1.0,1.0,7.0,0.0,0.0,3.0,0.0,0.0,0.0,1.0,3.0,1.0,0.0,0.0,2.0,0.0,0.0,1.0,5.0,34.0,0.0,1.0,0.0,2.0,0.0,0.0,0.0,2.0,0.0,4.0,0.0,0.0,1.0,1.0,0.0,20.0,78.0,25.0,1.0,0.0,0.0,0.0,0.0
33,150881077.0,71.0,71.0,33.0,45.0,154.0,22.0,22.0,326.0,73.0,56.0,26.0,21.0,1.0,55.0,16.0,45.0,83.0,26.0,80.0,5.0,55.0,3.0,0.0,0.0,22.0,18.0,338.0,42.0,77.0,35.0,45.0,30.0,0.0,16.0,29.0,28.0,175.0,70.0,61.0,12.0,1.0,174.0,82.0,19.0,20.0,0.0,3.0,23.0,21.0,107.0,11.0,5.0,1.0,81.0,27.0,2.0,5.0,61.0,15.0,1.0,15.0,106.0,69.0,58.0,6.0,7.0,2.0,39.0,26.0,31.0,0.0,1.0,50.0,36.0,54.0,2.0,19.0,68.0,8.0,6.0,3.0,2.0,9.0,4.0,19.0,91.0,33.0,13.0,30.0,44.0,6.0,0.0,1.0,26.0,83.0,3.0,17.0,46.0,29.0,2.0,24.0,1.0,111.0,9.0,16.0,2.0,0.0,22.0,8.0,0.0,73.0,291.0,103.0,30.0,12.0,0.0,55.0,4.0
34,155832368.0,13.0,20.0,9.0,0.0,101.0,5.0,4.0,40.0,4.0,3.0,55.0,5.0,4.0,69.0,3.0,116.0,24.0,5.0,87.0,1.0,12.0,11.0,0.0,0.0,41.0,4.0,15.0,6.0,38.0,2.0,3.0,0.0,16.0,0.0,43.0,32.0,11.0,4.0,6.0,3.0,10.0,6.0,7.0,17.0,7.0,0.0,1.0,4.0,2.0,57.0,2.0,40.0,0.0,22.0,2.0,5.0,36.0,5.0,16.0,1.0,27.0,12.0,46.0,54.0,3.0,4.0,2.0,21.0,14.0,31.0,0.0,1.0,67.0,3.0,19.0,0.0,27.0,2.0,10.0,6.0,1.0,0.0,1.0,18.0,6.0,21.0,33.0,4.0,4.0,31.0,3.0,0.0,7.0,1.0,2.0,17.0,2.0,51.0,4.0,0.0,0.0,18.0,19.0,3.0,2.0,0.0,2.0,41.0,18.0,0.0,0.0,5.0,4.0,60.0,3.0,0.0,0.0,3.0
35,176015466.0,70.0,140.0,16.0,9.0,226.0,26.0,26.0,156.0,91.0,66.0,50.0,34.0,1.0,153.0,18.0,37.0,53.0,22.0,41.0,8.0,30.0,15.0,1.0,0.0,69.0,29.0,88.0,50.0,179.0,21.0,19.0,3.0,29.0,43.0,0.0,33.0,83.0,50.0,75.0,11.0,31.0,41.0,57.0,27.0,99.0,0.0,4.0,36.0,13.0,95.0,22.0,98.0,0.0,127.0,29.0,1.0,74.0,11.0,40.0,5.0,21.0,64.0,130.0,115.0,9.0,4.0,6.0,22.0,56.0,95.0,0.0,4.0,90.0,4.0,47.0,8.0,70.0,44.0,47.0,58.0,1.0,11.0,16.0,40.0,53.0,148.0,118.0,42.0,47.0,61.0,12.0,1.0,13.0,14.0,5.0,65.0,27.0,129.0,23.0,5.0,0.0,49.0,110.0,22.0,15.0,1.0,2.0,43.0,96.0,0.0,6.0,32.0,6.0,85.0,25.0,0.0,6.0,14.0
36,178779512.0,22.0,25.0,7.0,0.0,62.0,17.0,19.0,33.0,26.0,33.0,24.0,19.0,0.0,56.0,0.0,51.0,37.0,5.0,49.0,6.0,26.0,2.0,0.0,0.0,28.0,22.0,27.0,33.0,36.0,9.0,8.0,0.0,28.0,32.0,33.0,0.0,59.0,25.0,31.0,0.0,4.0,13.0,34.0,29.0,3.0,0.0,7.0,9.0,14.0,72.0,5.0,12.0,0.0,37.0,6.0,1.0,14.0,8.0,12.0,3.0,19.0,44.0,61.0,43.0,8.0,3.0,0.0,5.0,4.0,34.0,0.0,3.0,39.0,5.0,47.0,1.0,14.0,39.0,6.0,4.0,3.0,1.0,10.0,6.0,15.0,30.0,28.0,11.0,15.0,41.0,0.0,0.0,0.0,6.0,2.0,4.0,21.0,18.0,16.0,0.0,0.0,3.0,34.0,14.0,11.0,2.0,1.0,38.0,15.0,0.0,4.0,15.0,3.0,20.0,16.0,0.0,1.0,8.0
37,192477353.0,91.0,171.0,31.0,331.0,274.0,74.0,104.0,325.0,261.0,178.0,49.0,253.0,23.0,246.0,32.0,57.0,178.0,179.0,63.0,23.0,142.0,7.0,2.0,0.0,70.0,120.0,370.0,139.0,165.0,90.0,153.0,8.0,175.0,11.0,83.0,59.0,0.0,261.0,81.0,15.0,22.0,100.0,315.0,50.0,12.0,0.0,70.0,106.0,42.0,114.0,43.0,15.0,9.0,203.0,240.0,1.0,30.0,38.0,30.0,21.0,23.0,338.0,220.0,140.0,28.0,31.0,2.0,11.0,54.0,117.0,0.0,8.0,101.0,6.0,180.0,6.0,70.0,386.0,32.0,16.0,4.0,10.0,44.0,21.0,64.0,331.0,86.0,61.0,164.0,87.0,37.0,2.0,3.0,57.0,14.0,14.0,356.0,91.0,92.0,2.0,504.0,4.0,326.0,50.0,43.0,8.0,2.0,49.0,29.0,0.0,27.0,306.0,16.0,90.0,34.0,3.0,635.0,23.0
38,193652442.0,86.0,151.0,30.0,18.0,256.0,76.0,57.0,308.0,184.0,70.0,44.0,51.0,1.0,103.0,12.0,33.0,80.0,22.0,57.0,14.0,54.0,4.0,0.0,0.0,23.0,80.0,176.0,85.0,100.0,104.0,41.0,4.0,70.0,4.0,50.0,25.0,261.0,0.0,80.0,12.0,11.0,106.0,192.0,44.0,13.0,0.0,66.0,48.0,25.0,90.0,32.0,9.0,1.0,194.0,26.0,1.0,12.0,34.0,26.0,12.0,12.0,203.0,126.0,104.0,13.0,10.0,1.0,12.0,49.0,89.0,0.0,4.0,69.0,5.0,92.0,10.0,35.0,122.0,30.0,20.0,2.0,10.0,38.0,18.0,48.0,152.0,87.0,45.0,72.0,83.0,17.0,0.0,2.0,35.0,10.0,8.0,49.0,100.0,71.0,1.0,11.0,0.0,130.0,30.0,22.0,0.0,1.0,24.0,14.0,0.0,14.0,72.0,10.0,53.0,27.0,0.0,26.0,17.0
39,196572401.0,56.0,90.0,18.0,13.0,165.0,43.0,30.0,384.0,79.0,64.0,33.0,36.0,2.0,69.0,6.0,30.0,74.0,22.0,55.0,9.0,37.0,11.0,0.0,0.0,31.0,32.0,88.0,44.0,163.0,25.0,25.0,4.0,61.0,6.0,75.0,31.0,81.0,80.0,0.0,10.0,2.0,50.0,78.0,30.0,50.0,0.0,7.0,21.0,29.0,103.0,12.0,9.0,0.0,104.0,17.0,0.0,11.0,21.0,26.0,4.0,15.0,73.0,83.0,64.0,9.0,4.0,0.0,3.0,25.0,46.0,0.0,2.0,57.0,4.0,65.0,4.0,31.0,66.0,11.0,12.0,3.0,4.0,15.0,8.0,26.0,106.0,40.0,36.0,38.0,62.0,7.0,0.0,2.0,14.0,5.0,4.0,32.0,56.0,32.0,1.0,1.0,2.0,83.0,23.0,26.0,0.0,2.0,19.0,9.0,0.0,12.0,52.0,15.0,41.0,22.0,1.0,9.0,12.0
40,197509029.0,35.0,71.0,7.0,2.0,51.0,7.0,3.0,44.0,46.0,18.0,15.0,2.0,2.0,37.0,13.0,8.0,10.0,4.0,19.0,0.0,2.0,2.0,0.0,0.0,14.0,3.0,49.0,3.0,47.0,10.0,3.0,0.0,12.0,3.0,11.0,0.0,15.0,12.0,10.0,0.0,7.0,13.0,24.0,3.0,9.0,0.0,3.0,34.0,11.0,21.0,26.0,9.0,0.0,39.0,8.0,0.0,9.0,9.0,14.0,0.0,1.0,32.0,28.0,36.0,1.0,1.0,3.0,20.0,43.0,37.0,0.0,0.0,20.0,1.0,10.0,3.0,20.0,6.0,24.0,28.0,0.0,5.0,18.0,16.0,40.0,57.0,38.0,36.0,14.0,13.0,13.0,0.0,3.0,1.0,1.0,13.0,17.0,33.0,16.0,2.0,0.0,6.0,50.0,10.0,1.0,0.0,1.0,7.0,14.0,0.0,4.0,13.0,2.0,11.0,12.0,0.0,1.0,4.0
41,210824047.0,33.0,69.0,3.0,5.0,59.0,5.0,0.0,36.0,36.0,21.0,18.0,5.0,1.0,75.0,9.0,17.0,13.0,16.0,17.0,0.0,3.0,9.0,0.0,0.0,40.0,13.0,23.0,3.0,41.0,7.0,1.0,0.0,1.0,10.0,31.0,4.0,22.0,11.0,2.0,7.0,0.0,22.0,18.0,4.0,21.0,0.0,1.0,20.0,2.0,27.0,11.0,50.0,1.0,45.0,15.0,0.0,50.0,4.0,22.0,2.0,3.0,28.0,81.0,57.0,1.0,1.0,2.0,8.0,39.0,72.0,0.0,0.0,43.0,0.0,5.0,5.0,65.0,8.0,30.0,32.0,0.0,13.0,6.0,30.0,40.0,65.0,69.0,37.0,17.0,13.0,5.0,0.0,7.0,0.0,1.0,46.0,7.0,56.0,11.0,5.0,1.0,27.0,49.0,6.0,2.0,0.0,0.0,23.0,44.0,0.0,0.0,2.0,1.0,32.0,14.0,0.0,3.0,8.0
42,224682566.0,97.0,197.0,25.0,18.0,242.0,34.0,27.0,322.0,143.0,49.0,29.0,26.0,3.0,93.0,25.0,41.0,69.0,21.0,63.0,6.0,30.0,5.0,0.0,0.0,26.0,32.0,233.0,25.0,121.0,59.0,33.0,12.0,174.0,6.0,41.0,13.0,100.0,106.0,50.0,13.0,22.0,0.0,119.0,20.0,38.0,0.0,15.0,50.0,20.0,98.0,33.0,35.0,2.0,145.0,16.0,2.0,23.0,56.0,35.0,5.0,11.0,154.0,185.0,131.0,11.0,10.0,3.0,33.0,95.0,107.0,0.0,6.0,70.0,26.0,51.0,11.0,46.0,61.0,57.0,46.0,6.0,8.0,20.0,36.0,72.0,208.0,152.0,64.0,42.0,61.0,25.0,0.0,4.0,17.0,40.0,35.0,32.0,119.0,56.0,5.0,1.0,11.0,134.0,15.0,9.0,3.0,1.0,30.0,34.0,2.0,36.0,143.0,79.0,48.0,20.0,0.0,11.0,10.0
43,225618759.0,131.0,195.0,29.0,22.0,319.0,60.0,34.0,322.0,258.0,100.0,50.0,65.0,3.0,186.0,13.0,46.0,111.0,20.0,73.0,9.0,62.0,5.0,0.0,0.0,50.0,73.0,205.0,63.0,164.0,97.0,31.0,2.0,82.0,7.0,57.0,34.0,315.0,192.0,78.0,24.0,18.0,119.0,0.0,50.0,30.0,0.0,23.0,114.0,43.0,132.0,52.0,18.0,9.0,241.0,24.0,1.0,20.0,46.0,37.0,22.0,24.0,251.0,180.0,133.0,20.0,27.0,4.0,43.0,85.0,115.0,0.0,5.0,96.0,3.0,102.0,15.0,42.0,150.0,62.0,52.0,2.0,19.0,72.0,33.0,90.0,230.0,113.0,81.0,79.0,115.0,25.0,0.0,3.0,36.0,7.0,17.0,64.0,126.0,113.0,3.0,3.0,3.0,204.0,36.0,27.0,6.0,4.0,36.0,27.0,0.0,19.0,79.0,6.0,66.0,39.0,0.0,32.0,23.0
44,227411792.0,31.0,39.0,16.0,0.0,80.0,22.0,23.0,47.0,41.0,30.0,42.0,39.0,7.0,128.0,5.0,36.0,38.0,3.0,33.0,5.0,24.0,5.0,0.0,0.0,23.0,22.0,33.0,37.0,33.0,16.0,11.0,1.0,19.0,17.0,27.0,29.0,50.0,44.0,30.0,3.0,4.0,20.0,50.0,0.0,8.0,0.0,5.0,16.0,13.0,35.0,11.0,14.0,0.0,85.0,9.0,2.0,11.0,12.0,12.0,3.0,54.0,58.0,54.0,55.0,7.0,2.0,1.0,9.0,16.0,37.0,0.0,3.0,47.0,5.0,73.0,2.0,13.0,53.0,7.0,11.0,3.0,2.0,17.0,9.0,18.0,40.0,36.0,13.0,29.0,66.0,11.0,0.0,0.0,4.0,1.0,3.0,21.0,44.0,20.0,0.0,0.0,4.0,44.0,15.0,18.0,0.0,2.0,23.0,17.0,0.0,5.0,14.0,3.0,28.0,11.0,0.0,1.0,9.0
45,230844017.0,86.0,87.0,0.0,6.0,202.0,10.0,1.0,182.0,78.0,29.0,29.0,4.0,0.0,78.0,14.0,19.0,17.0,10.0,26.0,1.0,6.0,9.0,0.0,0.0,23.0,5.0,46.0,5.0,155.0,3.0,3.0,0.0,20.0,7.0,99.0,3.0,12.0,13.0,50.0,9.0,21.0,38.0,30.0,8.0,0.0,0.0,0.0,27.0,1.0,46.0,8.0,71.0,0.0,91.0,19.0,2.0,45.0,13.0,20.0,0.0,7.0,21.0,73.0,53.0,1.0,0.0,5.0,21.0,87.0,100.0,0.0,0.0,63.0,2.0,12.0,5.0,47.0,12.0,38.0,45.0,0.0,5.0,3.0,24.0,38.0,116.0,95.0,27.0,27.0,26.0,16.0,0.0,6.0,3.0,3.0,43.0,0.0,114.0,8.0,9.0,0.0,27.0,60.0,4.0,2.0,0.0,0.0,10.0,73.0,0.0,0.0,16.0,4.0,15.0,6.0,0.0,3.0,8.0
46,232084857.0,0.0,0.0,0.0,0.0,0.0,0.0,0.0,0.0,0.0,0.0,0.0,0.0,0.0,0.0,0.0,0.0,0.0,0.0,0.0,0.0,0.0,0.0,0.0,0.0,0.0,0.0,0.0,0.0,0.0,0.0,0.0,0.0,0.0,0.0,0.0,0.0,0.0,0.0,0.0,0.0,0.0,0.0,0.0,0.0,0.0,0.0,0.0,0.0,0.0,0.0,0.0,0.0,0.0,0.0,0.0,0.0,0.0,0.0,0.0,0.0,0.0,0.0,0.0,0.0,0.0,0.0,0.0,0.0,0.0,0.0,0.0,0.0,0.0,0.0,0.0,0.0,0.0,0.0,0.0,0.0,0.0,0.0,0.0,0.0,0.0,0.0,0.0,0.0,0.0,0.0,0.0,0.0,0.0,0.0,0.0,0.0,0.0,0.0,0.0,0.0,0.0,0.0,0.0,0.0,0.0,0.0,0.0,0.0,0.0,0.0,0.0,0.0,0.0,0.0,0.0,0.0,0.0,0.0
47,234333247.0,5.0,13.0,4.0,7.0,10.0,5.0,12.0,23.0,19.0,14.0,3.0,8.0,0.0,21.0,2.0,8.0,10.0,7.0,4.0,6.0,18.0,2.0,0.0,0.0,4.0,58.0,19.0,16.0,14.0,11.0,6.0,3.0,3.0,1.0,4.0,7.0,70.0,66.0,7.0,3.0,1.0,15.0,23.0,5.0,0.0,0.0,0.0,14.0,6.0,10.0,2.0,1.0,0.0,15.0,2.0,1.0,5.0,4.0,3.0,3.0,2.0,34.0,16.0,16.0,4.0,3.0,1.0,2.0,5.0,13.0,0.0,1.0,10.0,0.0,13.0,0.0,2.0,10.0,3.0,4.0,0.0,2.0,7.0,3.0,8.0,23.0,8.0,3.0,5.0,7.0,7.0,0.0,0.0,3.0,0.0,0.0,19.0,7.0,20.0,0.0,4.0,0.0,17.0,6.0,3.0,0.0,1.0,9.0,5.0,1.0,1.0,14.0,1.0,7.0,4.0,1.0,4.0,2.0
48,239154848.0,85.0,135.0,4.0,39.0,157.0,27.0,6.0,145.0,208.0,62.0,52.0,9.0,1.0,123.0,34.0,27.0,32.0,24.0,48.0,3.0,18.0,5.0,0.0,0.0,40.0,29.0,89.0,12.0,96.0,49.0,3.0,0.0,23.0,4.0,36.0,9.0,106.0,48.0,21.0,34.0,20.0,50.0,114.0,16.0,27.0,0.0,14.0,0.0,15.0,70.0,38.0,18.0,2.0,116.0,44.0,0.0,25.0,31.0,27.0,9.0,14.0,108.0,108.0,89.0,9.0,9.0,3.0,35.0,78.0,92.0,0.0,3.0,53.0,1.0,33.0,14.0,58.0,48.0,62.0,53.0,1.0,17.0,70.0,33.0,92.0,178.0,100.0,71.0,56.0,47.0,17.0,1.0,8.0,2.0,2.0,26.0,33.0,90.0,107.0,4.0,4.0,6.0,128.0,15.0,6.0,2.0,1.0,22.0,26.0,0.0,3.0,31.0,0.0,32.0,31.0,0.0,8.0,12.0
49,241540569.0,17.0,42.0,16.0,6.0,32.0,13.0,11.0,54.0,24.0,18.0,11.0,11.0,2.0,43.0,1.0,15.0,23.0,4.0,12.0,4.0,22.0,1.0,0.0,0.0,9.0,20.0,36.0,13.0,62.0,9.0,5.0,1.0,21.0,2.0,13.0,14.0,42.0,25.0,29.0,11.0,2.0,20.0,43.0,13.0,1.0,0.0,6.0,15.0,0.0,13.0,8.0,9.0,0.0,26.0,8.0,0.0,4.0,11.0,7.0,6.0,8.0,48.0,39.0,24.0,7.0,4.0,0.0,1.0,6.0,21.0,0.0,3.0,23.0,2.0,24.0,1.0,7.0,24.0,4.0,5.0,2.0,1.0,22.0,1.0,18.0,30.0,19.0,12.0,12.0,28.0,3.0,0.0,1.0,7.0,0.0,5.0,27.0,19.0,9.0,0.0,0.0,2.0,34.0,15.0,6.0,0.0,1.0,10.0,5.0,0.0,6.0,20.0,3.0,12.0,17.0,0.0,3.0,5.0
50,244152633.0,132.0,174.0,19.0,18.0,363.0,51.0,14.0,459.0,167.0,77.0,83.0,23.0,1.0,157.0,23.0,123.0,124.0,34.0,163.0,6.0,35.0,13.0,1.0,0.0,72.0,53.0,168.0,23.0,231.0,51.0,14.0,10.0,107.0,57.0,95.0,72.0,114.0,90.0,103.0,21.0,27.0,98.0,132.0,35.0,46.0,0.0,10.0,70.0,13.0,0.0,32.0,45.0,1.0,226.0,27.0,7.0,61.0,39.0,54.0,12.0,24.0,134.0,167.0,141.0,7.0,3.0,7.0,75.0,82.0,104.0,0.0,4.0,104.0,10.0,64.0,17.0,66.0,58.0,68.0,58.0,4.0,19.0,41.0,43.0,74.0,229.0,117.0,80.0,58.0,116.0,9.0,0.0,5.0,11.0,18.0,38.0,27.0,148.0,67.0,1.0,0.0,17.0,130.0,24.0,22.0,3.0,3.0,62.0,45.0,0.0,31.0,74.0,38.0,78.0,36.0,0.0,8.0,22.0
51,245370629.0,49.0,100.0,4.0,1.0,105.0,16.0,15.0,79.0,57.0,25.0,20.0,12.0,1.0,52.0,11.0,12.0,22.0,5.0,30.0,1.0,6.0,4.0,1.0,0.0,19.0,9.0,56.0,15.0,78.0,29.0,1.0,0.0,11.0,2.0,22.0,5.0,43.0,32.0,12.0,26.0,11.0,33.0,52.0,11.0,8.0,0.0,2.0,38.0,8.0,32.0,0.0,8.0,1.0,68.0,8.0,0.0,9.0,13.0,20.0,2.0,3.0,52.0,58.0,63.0,2.0,0.0,3.0,16.0,45.0,53.0,0.0,2.0,29.0,1.0,22.0,5.0,21.0,22.0,27.0,26.0,1.0,10.0,16.0,19.0,49.0,90.0,53.0,45.0,25.0,28.0,20.0,0.0,3.0,5.0,2.0,11.0,17.0,54.0,21.0,5.0,0.0,4.0,64.0,9.0,3.0,0.0,2.0,5.0,12.0,0.0,4.0,12.0,0.0,23.0,15.0,1.0,0.0,9.0
52,245455196.0,47.0,117.0,4.0,0.0,107.0,5.0,5.0,59.0,53.0,13.0,41.0,10.0,2.0,169.0,8.0,36.0,28.0,21.0,17.0,2.0,9.0,18.0,1.0,0.0,69.0,13.0,27.0,8.0,106.0,7.0,1.0,1.0,5.0,40.0,98.0,12.0,15.0,9.0,9.0,9.0,50.0,35.0,18.0,14.0,71.0,0.0,1.0,18.0,9.0,45.0,8.0,0.0,3.0,78.0,8.0,1.0,127.0,14.0,48.0,3.0,21.0,43.0,176.0,153.0,3.0,8.0,7.0,16.0,74.0,167.0,0.0,4.0,86.0,2.0,17.0,9.0,112.0,7.0,72.0,76.0,1.0,10.0,4.0,63.0,59.0,97.0,189.0,41.0,9.0,26.0,7.0,0.0,28.0,3.0,3.0,116.0,7.0,166.0,10.0,10.0,0.0,64.0,65.0,11.0,5.0,2.0,6.0,41.0,162.0,1.0,2.0,5.0,2.0,71.0,25.0,0.0,2.0,9.0
53,246223044.0,2.0,2.0,0.0,1.0,6.0,0.0,1.0,4.0,3.0,1.0,0.0,0.0,0.0,4.0,0.0,2.0,2.0,0.0,1.0,0.0,10.0,2.0,0.0,0.0,0.0,0.0,1.0,0.0,3.0,0.0,0.0,0.0,1.0,0.0,0.0,0.0,9.0,1.0,0.0,0.0,1.0,2.0,9.0,0.0,0.0,0.0,0.0,2.0,0.0,1.0,1.0,3.0,0.0,0.0,1.0,0.0,2.0,0.0,0.0,0.0,2.0,17.0,2.0,1.0,6.0,48.0,1.0,0.0,1.0,1.0,0.0,0.0,1.0,0.0,1.0,0.0,1.0,0.0,0.0,0.0,0.0,0.0,5.0,0.0,0.0,3.0,0.0,0.0,0.0,10.0,1.0,0.0,0.0,0.0,1.0,0.0,0.0,1.0,2.0,0.0,0.0,1.0,0.0,1.0,0.0,17.0,0.0,0.0,3.0,0.0,9.0,2.0,1.0,0.0,0.0,0.0,1.0,0.0
54,247012412.0,268.0,347.0,32.0,27.0,568.0,67.0,28.0,555.0,317.0,100.0,76.0,31.0,4.0,348.0,37.0,65.0,119.0,30.0,151.0,4.0,45.0,17.0,0.0,0.0,80.0,47.0,230.0,34.0,370.0,104.0,26.0,3.0,81.0,22.0,127.0,37.0,203.0,194.0,104.0,39.0,45.0,145.0,241.0,85.0,91.0,0.0,15.0,116.0,26.0,226.0,68.0,78.0,0.0,0.0,36.0,6.0,102.0,42.0,74.0,7.0,52.0,264.0,248.0,207.0,9.0,8.0,11.0,101.0,181.0,188.0,0.0,4.0,149.0,5.0,156.0,19.0,105.0,102.0,99.0,91.0,3.0,21.0,29.0,69.0,110.0,423.0,199.0,113.0,91.0,175.0,25.0,1.0,16.0,26.0,7.0,66.0,41.0,274.0,80.0,8.0,1.0,32.0,224.0,28.0,23.0,2.0,5.0,56.0,89.0,1.0,12.0,58.0,13.0,102.0,42.0,0.0,14.0,28.0
55,247494866.0,22.0,39.0,1.0,70.0,53.0,8.0,5.0,58.0,73.0,52.0,12.0,8.0,0.0,36.0,20.0,4.0,22.0,47.0,11.0,1.0,18.0,0.0,0.0,0.0,13.0,7.0,41.0,8.0,52.0,11.0,7.0,0.0,27.0,2.0,29.0,6.0,240.0,26.0,17.0,8.0,15.0,16.0,24.0,9.0,19.0,0.0,2.0,44.0,8.0,27.0,8.0,8.0,1.0,36.0,0.0,0.0,7.0,3.0,5.0,3.0,4.0,48.0,48.0,26.0,4.0,1.0,1.0,4.0,11.0,21.0,0.0,0.0,16.0,1.0,10.0,3.0,45.0,38.0,15.0,13.0,1.0,6.0,6.0,7.0,28.0,87.0,33.0,29.0,61.0,15.0,4.0,0.0,1.0,5.0,1.0,9.0,17.0,22.0,13.0,6.0,29.0,1.0,58.0,4.0,5.0,0.0,0.0,8.0,8.0,0.0,4.0,21.0,1.0,22.0,11.0,0.0,77.0,4.0
56,249133743.0,8.0,2.0,0.0,0.0,10.0,0.0,0.0,3.0,2.0,1.0,13.0,0.0,0.0,13.0,2.0,21.0,1.0,0.0,33.0,0.0,1.0,1.0,0.0,0.0,1.0,1.0,1.0,0.0,5.0,0.0,0.0,0.0,2.0,5.0,1.0,1.0,1.0,1.0,0.0,0.0,0.0,2.0,1.0,2.0,2.0,0.0,1.0,0.0,0.0,7.0,0.0,1.0,0.0,6.0,0.0,0.0,1.0,0.0,1.0,0.0,1.0,3.0,4.0,2.0,0.0,0.0,3.0,37.0,6.0,5.0,0.0,0.0,6.0,0.0,4.0,0.0,3.0,0.0,2.0,1.0,0.0,0.0,0.0,0.0,0.0,2.0,3.0,0.0,0.0,3.0,0.0,0.0,0.0,0.0,0.0,1.0,0.0,4.0,0.0,1.0,0.0,2.0,4.0,0.0,0.0,0.0,0.0,2.0,0.0,0.0,0.0,0.0,1.0,1.0,0.0,0.0,0.0,0.0
57,249846861.0,54.0,109.0,8.0,7.0,137.0,8.0,5.0,68.0,65.0,27.0,34.0,6.0,0.0,138.0,10.0,42.0,24.0,18.0,38.0,3.0,20.0,20.0,0.0,0.0,86.0,13.0,46.0,8.0,103.0,2.0,3.0,0.0,5.0,36.0,74.0,14.0,30.0,12.0,11.0,9.0,50.0,23.0,20.0,11.0,45.0,0.0,5.0,25.0,4.0,61.0,9.0,127.0,2.0,102.0,7.0,1.0,0.0,8.0,55.0,1.0,14.0,43.0,173.0,134.0,6.0,5.0,6.0,17.0,61.0,142.0,0.0,2.0,101.0,0.0,17.0,13.0,117.0,12.0,68.0,63.0,1.0,16.0,6.0,66.0,55.0,118.0,150.0,50.0,16.0,33.0,6.0,2.0,22.0,2.0,1.0,100.0,9.0,143.0,15.0,5.0,0.0,51.0,77.0,11.0,6.0,1.0,5.0,49.0,110.0,1.0,3.0,3.0,2.0,69.0,25.0,0.0,1.0,11.0
58,250334613.0,46.0,54.0,12.0,11.0,61.0,15.0,10.0,73.0,38.0,17.0,14.0,10.0,1.0,59.0,11.0,20.0,22.0,8.0,19.0,4.0,12.0,1.0,0.0,0.0,14.0,18.0,89.0,9.0,34.0,20.0,8.0,11.0,61.0,5.0,11.0,8.0,38.0,34.0,21.0,9.0,4.0,56.0,46.0,12.0,13.0,0.0,4.0,31.0,11.0,39.0,13.0,14.0,0.0,42.0,3.0,0.0,8.0,0.0,17.0,2.0,8.0,58.0,56.0,47.0,4.0,6.0,1.0,18.0,36.0,43.0,0.0,0.0,34.0,15.0,23.0,7.0,20.0,21.0,20.0,20.0,4.0,8.0,16.0,11.0,33.0,61.0,49.0,20.0,11.0,25.0,9.0,0.0,1.0,6.0,80.0,15.0,13.0,30.0,16.0,3.0,1.0,3.0,57.0,10.0,5.0,1.0,0.0,20.0,13.0,0.0,46.0,77.0,61.0,24.0,10.0,0.0,4.0,6.0
59,253856394.0,51.0,90.0,3.0,3.0,93.0,20.0,11.0,70.0,66.0,26.0,23.0,10.0,2.0,73.0,9.0,34.0,26.0,14.0,34.0,3.0,12.0,5.0,0.0,0.0,46.0,23.0,57.0,18.0,64.0,15.0,6.0,0.0,15.0,16.0,40.0,12.0,30.0,26.0,26.0,14.0,22.0,35.0,37.0,12.0,20.0,0.0,3.0,27.0,7.0,54.0,20.0,48.0,0.0,74.0,5.0,1.0,55.0,17.0,0.0,2.0,9.0,67.0,120.0,101.0,4.0,3.0,3.0,12.0,52.0,95.0,0.0,0.0,56.0,0.0,20.0,16.0,51.0,22.0,47.0,42.0,0.0,16.0,5.0,44.0,49.0,111.0,88.0,59.0,19.0,30.0,7.0,2.0,6.0,5.0,3.0,44.0,12.0,94.0,16.0,5.0,0.0,19.0,62.0,10.0,4.0,1.0,5.0,29.0,43.0,0.0,2.0,15.0,4.0,47.0,21.0,0.0,4.0,14.0
60,254198581.0,5.0,7.0,1.0,2.0,11.0,7.0,4.0,12.0,19.0,4.0,1.0,6.0,0.0,10.0,2.0,7.0,10.0,1.0,2.0,2.0,6.0,0.0,1.0,0.0,5.0,10.0,8.0,5.0,9.0,8.0,1.0,0.0,1.0,1.0,5.0,3.0,21.0,12.0,4.0,0.0,2.0,5.0,22.0,3.0,0.0,0.0,3.0,9.0,6.0,12.0,2.0,3.0,0.0,7.0,3.0,0.0,1.0,2.0,2.0,0.0,1.0,15.0,16.0,12.0,0.0,0.0,0.0,0.0,4.0,9.0,0.0,3.0,8.0,0.0,6.0,0.0,3.0,6.0,8.0,2.0,0.0,1.0,17.0,1.0,6.0,9.0,6.0,6.0,4.0,7.0,1.0,0.0,0.0,1.0,0.0,0.0,6.0,5.0,21.0,0.0,1.0,0.0,7.0,4.0,2.0,0.0,1.0,5.0,2.0,0.0,2.0,8.0,1.0,6.0,6.0,0.0,3.0,2.0
61,256996506.0,22.0,13.0,11.0,0.0,62.0,13.0,11.0,34.0,12.0,16.0,26.0,13.0,3.0,129.0,3.0,43.0,31.0,3.0,31.0,3.0,14.0,2.0,0.0,0.0,25.0,7.0,18.0,13.0,26.0,6.0,9.0,2.0,15.0,27.0,21.0,19.0,23.0,12.0,15.0,1.0,3.0,11.0,24.0,54.0,7.0,0.0,2.0,14.0,8.0,24.0,3.0,21.0,2.0,52.0,4.0,1.0,14.0,8.0,9.0,1.0,0.0,34.0,39.0,49.0,6.0,5.0,2.0,12.0,7.0,42.0,0.0,2.0,30.0,3.0,61.0,1.0,14.0,20.0,7.0,7.0,2.0,2.0,9.0,6.0,10.0,21.0,27.0,8.0,9.0,60.0,9.0,0.0,1.0,4.0,2.0,9.0,10.0,30.0,16.0,1.0,0.0,5.0,24.0,9.0,9.0,3.0,0.0,17.0,15.0,0.0,5.0,13.0,4.0,20.0,7.0,0.0,1.0,7.0
62,257592414.0,143.0,255.0,31.0,37.0,380.0,83.0,48.0,377.0,257.0,116.0,61.0,66.0,9.0,223.0,26.0,83.0,128.0,60.0,115.0,13.0,91.0,8.0,0.0,0.0,79.0,92.0,266.0,68.0,192.0,114.0,39.0,4.0,106.0,12.0,64.0,44.0,338.0,203.0,73.0,32.0,28.0,154.0,251.0,58.0,21.0,0.0,34.0,108.0,48.0,134.0,52.0,43.0,17.0,264.0,48.0,3.0,43.0,58.0,67.0,15.0,34.0,0.0,263.0,222.0,39.0,39.0,4.0,44.0,110.0,179.0,0.0,8.0,132.0,8.0,159.0,17.0,75.0,154.0,82.0,65.0,4.0,24.0,54.0,50.0,107.0,314.0,183.0,112.0,83.0,148.0,40.0,2.0,6.0,28.0,20.0,39.0,79.0,168.0,94.0,7.0,8.0,15.0,251.0,48.0,20.0,9.0,6.0,58.0,46.0,0.0,26.0,95.0,24.0,93.0,49.0,2.0,26.0,25.0
63,258536563.0,166.0,365.0,28.0,35.0,368.0,61.0,37.0,270.0,275.0,140.0,91.0,79.0,11.0,281.0,43.0,125.0,130.0,61.0,116.0,11.0,59.0,16.0,0.0,0.0,142.0,94.0,184.0,68.0,216.0,67.0,31.0,7.0,69.0,46.0,130.0,61.0,220.0,126.0,83.0,28.0,81.0,185.0,180.0,54.0,73.0,0.0,16.0,108.0,39.0,167.0,58.0,176.0,2.0,248.0,48.0,4.0,173.0,56.0,120.0,16.0,39.0,263.0,0.0,340.0,24.0,13.0,6.0,49.0,176.0,357.0,0.0,8.0,197.0,10.0,115.0,24.0,207.0,127.0,176.0,150.0,4.0,40.0,40.0,106.0,189.0,443.0,425.0,202.0,112.0,106.0,22.0,2.0,25.0,14.0,17.0,151.0,62.0,285.0,87.0,18.0,2.0,55.0,287.0,44.0,31.0,2.0,8.0,133.0,161.0,1.0,14.0,66.0,19.0,140.0,63.0,1.0,13.0,31.0
64,262821567.0,155.0,272.0,27.0,13.0,333.0,62.0,41.0,218.0,175.0,88.0,80.0,63.0,12.0,272.0,28.0,107.0,115.0,47.0,103.0,13.0,56.0,21.0,0.0,0.0,135.0,70.0,181.0,70.0,177.0,59.0,32.0,4.0,58.0,54.0,115.0,43.0,140.0,104.0,64.0,36.0,57.0,131.0,133.0,55.0,53.0,0.0,16.0,89.0,24.0,141.0,63.0,153.0,1.0,207.0,26.0,2.0,134.0,47.0,101.0,12.0,49.0,222.0,340.0,0.0,17.0,17.0,9.0,41.0,136.0,277.0,0.0,13.0,184.0,13.0,107.0,20.0,115.0,87.0,116.0,106.0,4.0,34.0,32.0,98.0,123.0,278.0,274.0,138.0,65.0,105.0,45.0,2.0,21.0,21.0,15.0,118.0,64.0,251.0,61.0,8.0,0.0,60.0,207.0,41.0,21.0,2.0,5.0,83.0,142.0,1.0,16.0,52.0,23.0,137.0,54.0,0.0,7.0,29.0
65,263937073.0,11.0,11.0,5.0,3.0,20.0,9.0,7.0,12.0,21.0,18.0,3.0,9.0,0.0,15.0,0.0,15.0,15.0,1.0,5.0,3.0,22.0,2.0,0.0,0.0,7.0,8.0,15.0,13.0,8.0,5.0,5.0,1.0,6.0,3.0,9.0,8.0,28.0,13.0,9.0,1.0,1.0,11.0,20.0,7.0,1.0,0.0,4.0,9.0,7.0,7.0,2.0,3.0,6.0,9.0,4.0,0.0,6.0,4.0,4.0,0.0,6.0,39.0,24.0,17.0,0.0,32.0,0.0,2.0,2.0,16.0,0.0,2.0,9.0,1.0,16.0,2.0,6.0,20.0,4.0,2.0,2.0,2.0,9.0,3.0,7.0,22.0,15.0,4.0,5.0,18.0,1.0,0.0,1.0,1.0,1.0,2.0,10.0,2.0,12.0,0.0,2.0,0.0,12.0,6.0,6.0,8.0,0.0,8.0,3.0,0.0,8.0,12.0,2.0,5.0,4.0,0.0,0.0,3.0
66,264649934.0,11.0,6.0,3.0,2.0,15.0,5.0,3.0,13.0,13.0,8.0,6.0,4.0,3.0,21.0,0.0,6.0,7.0,2.0,3.0,3.0,35.0,0.0,0.0,0.0,3.0,4.0,16.0,9.0,8.0,5.0,1.0,0.0,7.0,4.0,4.0,3.0,31.0,10.0,4.0,1.0,1.0,10.0,27.0,2.0,0.0,0.0,3.0,9.0,4.0,3.0,0.0,8.0,48.0,8.0,1.0,0.0,5.0,6.0,3.0,0.0,5.0,39.0,13.0,17.0,32.0,0.0,0.0,6.0,4.0,11.0,0.0,0.0,9.0,1.0,10.0,0.0,5.0,6.0,1.0,2.0,0.0,1.0,8.0,2.0,1.0,12.0,8.0,1.0,4.0,20.0,2.0,0.0,0.0,2.0,3.0,1.0,13.0,11.0,7.0,0.0,0.0,2.0,11.0,2.0,4.0,47.0,0.0,5.0,4.0,0.0,21.0,21.0,4.0,8.0,3.0,0.0,3.0,2.0
67,266562398.0,10.0,6.0,0.0,0.0,17.0,1.0,0.0,7.0,6.0,2.0,7.0,0.0,0.0,9.0,4.0,4.0,2.0,2.0,5.0,0.0,1.0,1.0,0.0,0.0,3.0,1.0,5.0,0.0,7.0,1.0,0.0,0.0,2.0,2.0,6.0,0.0,2.0,1.0,0.0,3.0,2.0,3.0,4.0,1.0,5.0,0.0,1.0,3.0,0.0,7.0,3.0,7.0,1.0,11.0,1.0,3.0,6.0,1.0,3.0,0.0,2.0,4.0,6.0,9.0,0.0,0.0,0.0,8.0,10.0,9.0,0.0,0.0,8.0,0.0,5.0,1.0,2.0,0.0,5.0,6.0,0.0,1.0,1.0,6.0,4.0,9.0,11.0,3.0,2.0,2.0,4.0,0.0,0.0,0.0,0.0,5.0,1.0,12.0,1.0,1.0,0.0,3.0,8.0,0.0,1.0,0.0,1.0,0.0,6.0,0.0,0.0,0.0,0.0,1.0,1.0,0.0,0.0,0.0
68,266674985.0,140.0,51.0,4.0,1.0,143.0,3.0,2.0,70.0,59.0,7.0,39.0,2.0,1.0,67.0,17.0,67.0,6.0,3.0,117.0,0.0,9.0,1.0,0.0,0.0,10.0,5.0,58.0,1.0,81.0,13.0,2.0,0.0,39.0,21.0,22.0,5.0,11.0,12.0,3.0,20.0,8.0,33.0,43.0,9.0,21.0,0.0,2.0,35.0,1.0,75.0,16.0,16.0,0.0,101.0,4.0,37.0,17.0,18.0,12.0,0.0,12.0,44.0,49.0,41.0,2.0,6.0,8.0,0.0,55.0,48.0,0.0,0.0,43.0,0.0,14.0,4.0,17.0,5.0,27.0,29.0,0.0,4.0,6.0,16.0,24.0,81.0,52.0,26.0,14.0,30.0,15.0,0.0,2.0,7.0,3.0,17.0,5.0,54.0,14.0,4.0,0.0,9.0,54.0,1.0,0.0,0.0,1.0,12.0,20.0,0.0,4.0,19.0,3.0,13.0,7.0,0.0,0.0,6.0
