,0,1,2,3,4,5,6,7,8,9,10,11,12,13,14,15,16,17,18,19,20,21,22,23,24,25,26,27,28,29,30,31,32,33,34,35,36,37,38,39,40,41,42,43,44,45,46,47,48,49,50,51,52,53,54,55,56,57,58,59,60,61,62,63,64,65,66,67,68,69,70,71,72,73,74,75,76,77,78,79,80,81,82,83,84,85
0,-1.0,7712832.0,11277572.0,16305839.0,20510812.0,20791292.0,20801977.0,21184367.0,21544263.0,21993481.0,24842854.0,31180024.0,32841180.0,50552213.0,53400136.0,57072321.0,63831819.0,78985632.0,80791048.0,98730352.0,101824385.0,107913356.0,118027407.0,122928586.0,180261346.0,189881047.0,190932580.0,192477353.0,194920096.0,204811301.0,210824047.0,217078361.0,217207174.0,221706364.0,224191683.0,225931255.0,226985070.0,230847428.0,231831045.0,242143200.0,246435539.0,248761565.0,249288691.0,252221366.0,255545373.0,255626561.0,257747817.0,258694951.0,260046126.0,261532044.0,262067630.0,264121991.0,264366006.0,264410182.0,265814972.0,271129460.0,274246546.0,274982664.0,275093764.0,281553266.0,282922168.0,285115375.0,293687645.0,297011161.0,298110296.0,302144631.0,308611383.0,311729738.0,324050936.0,325774787.0,328933147.0,339474731.0,346585747.0,346822832.0,347873395.0,350545056.0,363763442.0,369028288.0,375451125.0,381696542.0,383602088.0,394694673.0,406647184.0,412663554.0,413489377.0,425840443.0
1,7712832.0,0.0,26.0,11.0,40.0,10.0,37.0,0.0,3.0,4.0,22.0,56.0,165.0,35.0,212.0,4.0,5.0,1.0,68.0,33.0,0.0,0.0,37.0,26.0,16.0,0.0,68.0,504.0,11.0,6.0,2.0,51.0,7.0,10.0,10.0,0.0,7.0,209.0,0.0,2.0,5.0,0.0,65.0,2.0,1.0,9.0,3.0,1.0,7.0,0.0,0.0,0.0,9.0,23.0,0.0,31.0,9.0,70.0,4.0,2.0,0.0,5.0,0.0,0.0,9.0,17.0,0.0,0.0,0.0,3.0,0.0,0.0,2.0,7.0,0.0,0.0,2.0,216.0,17.0,3.0,28.0,0.0,0.0,1.0,3.0,0.0
2,11277572.0,26.0,0.0,6.0,26.0,7.0,8.0,0.0,5.0,1.0,10.0,7.0,32.0,6.0,13.0,10.0,12.0,2.0,15.0,0.0,0.0,0.0,30.0,20.0,39.0,0.0,18.0,34.0,12.0,5.0,0.0,30.0,5.0,2.0,2.0,0.0,0.0,22.0,0.0,14.0,5.0,0.0,5.0,3.0,1.0,1.0,12.0,1.0,0.0,1.0,0.0,0.0,13.0,9.0,0.0,12.0,3.0,19.0,1.0,1.0,0.0,1.0,0.0,0.0,3.0,37.0,0.0,0.0,0.0,11.0,0.0,0.0,6.0,6.0,2.0,0.0,11.0,145.0,37.0,1.0,31.0,0.0,8.0,1.0,2.0,7.0
3,16305839.0,11.0,6.0,0.0,15.0,32.0,54.0,2.0,11.0,15.0,15.0,28.0,16.0,30.0,39.0,2.0,12.0,7.0,25.0,9.0,0.0,2.0,29.0,71.0,47.0,4.0,48.0,71.0,18.0,28.0,2.0,46.0,30.0,15.0,7.0,3.0,2.0,42.0,0.0,5.0,3.0,6.0,4.0,12.0,5.0,13.0,18.0,1.0,7.0,4.0,5.0,1.0,9.0,16.0,0.0,42.0,16.0,43.0,15.0,4.0,1.0,0.0,0.0,1.0,9.0,4.0,0.0,0.0,0.0,3.0,3.0,2.0,1.0,20.0,10.0,0.0,16.0,52.0,5.0,16.0,41.0,4.0,1.0,3.0,9.0,1.0
4,20510812.0,40.0,26.0,15.0,0.0,13.0,21.0,1.0,29.0,5.0,72.0,8.0,35.0,7.0,24.0,5.0,25.0,1.0,21.0,3.0,0.0,2.0,26.0,23.0,39.0,2.0,21.0,108.0,9.0,12.0,2.0,44.0,8.0,5.0,4.0,3.0,0.0,55.0,0.0,8.0,1.0,1.0,7.0,3.0,3.0,2.0,10.0,3.0,2.0,3.0,0.0,0.0,3.0,9.0,0.0,22.0,4.0,26.0,2.0,4.0,1.0,0.0,0.0,2.0,6.0,28.0,0.0,0.0,0.0,9.0,2.0,0.0,2.0,4.0,1.0,0.0,10.0,111.0,26.0,0.0,34.0,2.0,2.0,1.0,4.0,1.0
5,20791292.0,10.0,7.0,32.0,13.0,0.0,123.0,0.0,2.0,22.0,13.0,89.0,12.0,65.0,97.0,1.0,5.0,0.0,29.0,17.0,0.0,2.0,56.0,94.0,58.0,5.0,36.0,150.0,19.0,36.0,5.0,85.0,23.0,32.0,1.0,2.0,1.0,71.0,0.0,2.0,4.0,3.0,1.0,8.0,5.0,4.0,7.0,2.0,5.0,9.0,5.0,0.0,4.0,8.0,0.0,68.0,7.0,57.0,3.0,4.0,1.0,0.0,0.0,0.0,12.0,4.0,0.0,0.0,0.0,30.0,4.0,1.0,0.0,13.0,9.0,0.0,14.0,35.0,5.0,7.0,26.0,2.0,1.0,5.0,4.0,7.0
6,20801977.0,37.0,8.0,54.0,21.0,123.0,0.0,0.0,10.0,37.0,38.0,244.0,45.0,199.0,292.0,8.0,9.0,11.0,146.0,129.0,0.0,8.0,117.0,230.0,62.0,19.0,116.0,587.0,47.0,91.0,25.0,316.0,63.0,62.0,7.0,5.0,0.0,157.0,0.0,11.0,8.0,13.0,3.0,21.0,7.0,16.0,37.0,8.0,72.0,11.0,14.0,10.0,9.0,24.0,1.0,166.0,63.0,206.0,23.0,8.0,3.0,29.0,1.0,3.0,43.0,4.0,0.0,0.0,0.0,91.0,10.0,1.0,1.0,57.0,20.0,0.0,33.0,103.0,6.0,11.0,104.0,5.0,0.0,12.0,15.0,6.0
7,21184367.0,0.0,0.0,2.0,1.0,0.0,0.0,0.0,0.0,0.0,0.0,0.0,0.0,1.0,0.0,0.0,1.0,0.0,0.0,0.0,0.0,0.0,0.0,1.0,0.0,0.0,0.0,1.0,0.0,0.0,0.0,2.0,0.0,0.0,0.0,0.0,0.0,0.0,0.0,0.0,0.0,0.0,0.0,0.0,0.0,0.0,0.0,0.0,0.0,0.0,0.0,0.0,0.0,0.0,0.0,1.0,0.0,2.0,0.0,0.0,0.0,0.0,0.0,0.0,0.0,0.0,0.0,0.0,0.0,0.0,0.0,0.0,0.0,0.0,0.0,0.0,0.0,0.0,0.0,1.0,1.0,0.0,0.0,0.0,0.0,0.0
8,21544263.0,3.0,5.0,11.0,29.0,2.0,10.0,0.0,0.0,2.0,12.0,5.0,4.0,4.0,6.0,2.0,5.0,0.0,6.0,2.0,0.0,0.0,4.0,9.0,6.0,0.0,8.0,13.0,6.0,5.0,0.0,11.0,4.0,3.0,4.0,0.0,0.0,9.0,0.0,1.0,2.0,0.0,0.0,2.0,1.0,3.0,6.0,1.0,2.0,1.0,0.0,0.0,1.0,3.0,0.0,5.0,4.0,5.0,2.0,2.0,0.0,0.0,0.0,0.0,3.0,5.0,0.0,0.0,0.0,4.0,0.0,0.0,1.0,4.0,0.0,0.0,9.0,16.0,7.0,1.0,14.0,0.0,0.0,2.0,1.0,1.0
9,21993481.0,4.0,1.0,15.0,5.0,22.0,37.0,0.0,2.0,0.0,6.0,18.0,6.0,21.0,32.0,0.0,4.0,0.0,15.0,6.0,0.0,1.0,20.0,34.0,8.0,3.0,14.0,36.0,8.0,21.0,3.0,39.0,11.0,7.0,4.0,1.0,1.0,25.0,0.0,3.0,2.0,1.0,1.0,10.0,2.0,6.0,6.0,1.0,9.0,4.0,2.0,1.0,4.0,10.0,0.0,30.0,10.0,24.0,3.0,2.0,0.0,0.0,0.0,1.0,7.0,2.0,0.0,0.0,0.0,3.0,2.0,0.0,0.0,8.0,7.0,0.0,11.0,13.0,2.0,6.0,18.0,1.0,0.0,2.0,6.0,2.0
10,24842854.0,22.0,10.0,15.0,72.0,13.0,38.0,0.0,12.0,6.0,0.0,28.0,14.0,30.0,27.0,2.0,6.0,2.0,32.0,7.0,0.0,1.0,30.0,38.0,12.0,2.0,41.0,117.0,12.0,11.0,0.0,45.0,15.0,10.0,3.0,2.0,0.0,49.0,0.0,9.0,2.0,0.0,2.0,6.0,1.0,28.0,17.0,1.0,5.0,1.0,1.0,0.0,4.0,9.0,0.0,24.0,8.0,56.0,5.0,1.0,0.0,1.0,0.0,0.0,7.0,5.0,0.0,0.0,0.0,5.0,1.0,0.0,0.0,9.0,4.0,0.0,5.0,48.0,10.0,1.0,28.0,0.0,1.0,2.0,7.0,1.0
11,31180024.0,56.0,7.0,28.0,8.0,89.0,244.0,0.0,5.0,18.0,28.0,0.0,17.0,1581.0,319.0,4.0,8.0,9.0,58.0,517.0,5.0,5.0,32.0,93.0,34.0,6.0,116.0,430.0,38.0,46.0,17.0,277.0,60.0,45.0,8.0,6.0,2.0,282.0,0.0,4.0,5.0,14.0,0.0,29.0,6.0,16.0,18.0,0.0,33.0,3.0,5.0,3.0,11.0,34.0,7.0,91.0,37.0,121.0,12.0,4.0,1.0,176.0,0.0,2.0,27.0,2.0,0.0,0.0,0.0,25.0,6.0,0.0,1.0,21.0,25.0,0.0,37.0,67.0,7.0,22.0,71.0,2.0,1.0,6.0,15.0,6.0
12,32841180.0,165.0,32.0,16.0,35.0,12.0,45.0,0.0,4.0,6.0,14.0,17.0,0.0,16.0,84.0,9.0,9.0,2.0,123.0,9.0,0.0,2.0,32.0,21.0,39.0,1.0,103.0,226.0,12.0,9.0,5.0,44.0,8.0,6.0,5.0,0.0,2.0,76.0,0.0,6.0,3.0,1.0,22.0,3.0,1.0,3.0,10.0,1.0,7.0,1.0,3.0,0.0,34.0,4.0,0.0,21.0,12.0,56.0,3.0,2.0,0.0,26.0,0.0,0.0,8.0,16.0,0.0,0.0,0.0,4.0,0.0,0.0,3.0,3.0,3.0,0.0,11.0,137.0,30.0,15.0,23.0,1.0,3.0,2.0,4.0,3.0
13,50552213.0,35.0,6.0,30.0,7.0,65.0,199.0,1.0,4.0,21.0,30.0,1581.0,16.0,0.0,238.0,3.0,11.0,6.0,64.0,486.0,5.0,3.0,26.0,101.0,35.0,5.0,109.0,353.0,39.0,42.0,14.0,245.0,56.0,28.0,9.0,3.0,2.0,245.0,0.0,7.0,3.0,6.0,0.0,23.0,5.0,14.0,16.0,0.0,37.0,4.0,5.0,2.0,12.0,36.0,7.0,81.0,46.0,105.0,8.0,2.0,1.0,197.0,0.0,2.0,18.0,2.0,0.0,0.0,0.0,19.0,3.0,0.0,2.0,23.0,28.0,0.0,37.0,61.0,6.0,10.0,86.0,2.0,3.0,10.0,18.0,4.0
14,53400136.0,212.0,13.0,39.0,24.0,97.0,292.0,0.0,6.0,32.0,27.0,319.0,84.0,238.0,0.0,4.0,11.0,7.0,87.0,170.0,0.0,3.0,52.0,100.0,55.0,8.0,115.0,479.0,35.0,50.0,9.0,287.0,49.0,28.0,11.0,5.0,3.0,286.0,0.0,8.0,3.0,2.0,7.0,26.0,6.0,12.0,21.0,4.0,31.0,5.0,6.0,0.0,17.0,46.0,1.0,167.0,33.0,130.0,9.0,4.0,1.0,34.0,0.0,1.0,28.0,9.0,0.0,0.0,0.0,17.0,2.0,0.0,3.0,27.0,30.0,0.0,41.0,88.0,9.0,12.0,87.0,3.0,3.0,7.0,14.0,6.0
15,57072321.0,4.0,10.0,2.0,5.0,1.0,8.0,0.0,2.0,0.0,2.0,4.0,9.0,3.0,4.0,0.0,10.0,0.0,5.0,2.0,1.0,0.0,2.0,6.0,5.0,1.0,14.0,7.0,4.0,3.0,0.0,11.0,2.0,3.0,1.0,0.0,0.0,4.0,0.0,1.0,4.0,0.0,1.0,2.0,1.0,0.0,3.0,1.0,1.0,0.0,1.0,0.0,0.0,3.0,0.0,5.0,4.0,5.0,0.0,0.0,0.0,0.0,0.0,0.0,3.0,19.0,0.0,0.0,0.0,2.0,0.0,0.0,2.0,1.0,1.0,0.0,9.0,40.0,27.0,1.0,11.0,0.0,1.0,0.0,0.0,2.0
16,63831819.0,5.0,12.0,12.0,25.0,5.0,9.0,1.0,5.0,4.0,6.0,8.0,9.0,11.0,11.0,10.0,0.0,3.0,5.0,3.0,0.0,0.0,6.0,12.0,10.0,0.0,18.0,19.0,12.0,5.0,1.0,14.0,9.0,5.0,3.0,3.0,0.0,14.0,0.0,2.0,11.0,6.0,2.0,2.0,2.0,6.0,12.0,1.0,3.0,1.0,3.0,0.0,2.0,13.0,0.0,10.0,6.0,13.0,3.0,4.0,2.0,0.0,0.0,3.0,11.0,53.0,0.0,0.0,0.0,11.0,2.0,2.0,1.0,4.0,2.0,0.0,21.0,49.0,63.0,3.0,55.0,5.0,3.0,3.0,2.0,5.0
17,78985632.0,1.0,2.0,7.0,1.0,0.0,11.0,0.0,0.0,0.0,2.0,9.0,2.0,6.0,7.0,0.0,3.0,0.0,2.0,3.0,0.0,0.0,2.0,14.0,4.0,0.0,10.0,15.0,4.0,4.0,0.0,10.0,6.0,1.0,2.0,0.0,1.0,8.0,0.0,0.0,0.0,3.0,0.0,5.0,0.0,0.0,3.0,0.0,1.0,1.0,1.0,0.0,3.0,4.0,0.0,7.0,4.0,11.0,0.0,1.0,1.0,0.0,0.0,2.0,1.0,1.0,0.0,0.0,0.0,1.0,1.0,1.0,0.0,3.0,2.0,0.0,2.0,3.0,1.0,2.0,9.0,0.0,0.0,1.0,2.0,0.0
18,80791048.0,68.0,15.0,25.0,21.0,29.0,146.0,0.0,6.0,15.0,32.0,58.0,123.0,64.0,87.0,5.0,5.0,2.0,0.0,33.0,0.0,2.0,117.0,106.0,35.0,24.0,87.0,379.0,24.0,27.0,6.0,119.0,22.0,9.0,8.0,2.0,1.0,74.0,0.0,10.0,5.0,4.0,12.0,17.0,8.0,6.0,28.0,6.0,19.0,14.0,13.0,2.0,26.0,12.0,0.0,56.0,32.0,74.0,13.0,6.0,1.0,11.0,0.0,2.0,27.0,4.0,0.0,0.0,0.0,11.0,6.0,2.0,2.0,25.0,13.0,0.0,23.0,92.0,10.0,11.0,44.0,5.0,2.0,4.0,7.0,4.0
19,98730352.0,33.0,0.0,9.0,3.0,17.0,129.0,0.0,2.0,6.0,7.0,517.0,9.0,486.0,170.0,2.0,3.0,3.0,33.0,0.0,3.0,4.0,7.0,34.0,15.0,4.0,33.0,141.0,12.0,18.0,13.0,160.0,17.0,7.0,1.0,1.0,0.0,75.0,0.0,0.0,1.0,3.0,0.0,11.0,1.0,1.0,6.0,0.0,20.0,2.0,2.0,4.0,9.0,11.0,15.0,29.0,27.0,29.0,4.0,0.0,0.0,140.0,0.0,0.0,5.0,0.0,0.0,0.0,0.0,15.0,0.0,0.0,0.0,16.0,11.0,0.0,9.0,22.0,3.0,8.0,26.0,0.0,1.0,0.0,5.0,2.0
20,101824385.0,0.0,0.0,0.0,0.0,0.0,0.0,0.0,0.0,0.0,0.0,5.0,0.0,5.0,0.0,1.0,0.0,0.0,0.0,3.0,0.0,0.0,1.0,2.0,0.0,1.0,0.0,3.0,0.0,0.0,0.0,6.0,0.0,0.0,1.0,1.0,0.0,3.0,0.0,0.0,0.0,0.0,0.0,1.0,0.0,4.0,0.0,0.0,0.0,0.0,0.0,0.0,0.0,0.0,0.0,1.0,1.0,2.0,3.0,0.0,0.0,0.0,0.0,0.0,0.0,0.0,0.0,0.0,0.0,0.0,0.0,0.0,0.0,0.0,0.0,0.0,0.0,2.0,0.0,4.0,0.0,0.0,0.0,0.0,0.0,0.0
21,107913356.0,0.0,0.0,2.0,2.0,2.0,8.0,0.0,0.0,1.0,1.0,5.0,2.0,3.0,3.0,0.0,0.0,0.0,2.0,4.0,0.0,0.0,3.0,3.0,1.0,1.0,3.0,2.0,2.0,2.0,8.0,6.0,2.0,2.0,0.0,1.0,0.0,4.0,0.0,1.0,0.0,2.0,0.0,1.0,0.0,0.0,1.0,0.0,1.0,0.0,0.0,5.0,1.0,0.0,0.0,2.0,2.0,3.0,2.0,0.0,0.0,0.0,0.0,0.0,1.0,0.0,0.0,0.0,0.0,4.0,0.0,0.0,0.0,2.0,1.0,0.0,2.0,2.0,2.0,3.0,3.0,0.0,0.0,0.0,0.0,0.0
22,118027407.0,37.0,30.0,29.0,26.0,56.0,117.0,0.0,4.0,20.0,30.0,32.0,32.0,26.0,52.0,2.0,6.0,2.0,117.0,7.0,1.0,3.0,0.0,108.0,40.0,6.0,37.0,206.0,18.0,53.0,4.0,74.0,14.0,8.0,4.0,1.0,0.0,46.0,0.0,14.0,10.0,7.0,6.0,6.0,7.0,8.0,25.0,2.0,8.0,10.0,8.0,1.0,10.0,13.0,0.0,57.0,12.0,56.0,7.0,8.0,3.0,0.0,0.0,1.0,20.0,11.0,0.0,0.0,0.0,27.0,5.0,2.0,1.0,21.0,6.0,0.0,17.0,116.0,10.0,3.0,45.0,4.0,2.0,1.0,2.0,7.0
23,122928586.0,26.0,20.0,71.0,23.0,94.0,230.0,1.0,9.0,34.0,38.0,93.0,21.0,101.0,100.0,6.0,12.0,14.0,106.0,34.0,2.0,3.0,108.0,0.0,71.0,83.0,88.0,227.0,52.0,90.0,15.0,163.0,79.0,28.0,9.0,7.0,1.0,99.0,0.0,12.0,15.0,46.0,4.0,28.0,15.0,12.0,36.0,6.0,29.0,39.0,13.0,5.0,12.0,25.0,2.0,99.0,42.0,126.0,18.0,14.0,7.0,3.0,0.0,12.0,61.0,2.0,0.0,0.0,0.0,26.0,23.0,5.0,1.0,40.0,20.0,0.0,31.0,90.0,10.0,16.0,93.0,13.0,1.0,9.0,17.0,7.0
24,180261346.0,16.0,39.0,47.0,39.0,58.0,62.0,0.0,6.0,8.0,12.0,34.0,39.0,35.0,55.0,5.0,10.0,4.0,35.0,15.0,0.0,1.0,40.0,71.0,0.0,5.0,53.0,117.0,23.0,27.0,3.0,84.0,26.0,9.0,4.0,1.0,0.0,49.0,0.0,13.0,5.0,3.0,2.0,6.0,15.0,4.0,10.0,17.0,10.0,2.0,24.0,1.0,17.0,13.0,1.0,44.0,13.0,44.0,5.0,24.0,11.0,0.0,0.0,11.0,32.0,12.0,0.0,0.0,0.0,5.0,13.0,8.0,2.0,20.0,12.0,0.0,15.0,168.0,17.0,4.0,46.0,18.0,3.0,2.0,4.0,10.0
25,189881047.0,0.0,0.0,4.0,2.0,5.0,19.0,0.0,0.0,3.0,2.0,6.0,1.0,5.0,8.0,1.0,0.0,0.0,24.0,4.0,1.0,1.0,6.0,83.0,5.0,0.0,5.0,19.0,5.0,6.0,0.0,23.0,7.0,1.0,1.0,3.0,0.0,6.0,0.0,1.0,1.0,16.0,1.0,0.0,1.0,3.0,5.0,2.0,5.0,20.0,2.0,1.0,2.0,1.0,0.0,7.0,4.0,4.0,3.0,2.0,1.0,0.0,0.0,3.0,13.0,0.0,0.0,0.0,0.0,0.0,2.0,0.0,0.0,2.0,1.0,0.0,2.0,7.0,1.0,5.0,7.0,0.0,0.0,0.0,2.0,0.0
26,190932580.0,68.0,18.0,48.0,21.0,36.0,116.0,0.0,8.0,14.0,41.0,116.0,103.0,109.0,115.0,14.0,18.0,10.0,87.0,33.0,0.0,3.0,37.0,88.0,53.0,5.0,0.0,466.0,35.0,37.0,3.0,114.0,38.0,22.0,9.0,2.0,2.0,156.0,0.0,8.0,5.0,3.0,9.0,28.0,5.0,13.0,24.0,2.0,20.0,3.0,3.0,3.0,28.0,39.0,1.0,52.0,33.0,158.0,5.0,4.0,0.0,7.0,0.0,1.0,18.0,20.0,0.0,0.0,0.0,19.0,3.0,1.0,2.0,19.0,16.0,0.0,31.0,106.0,32.0,11.0,76.0,2.0,2.0,3.0,16.0,3.0
27,192477353.0,504.0,34.0,71.0,108.0,150.0,587.0,1.0,13.0,36.0,117.0,430.0,226.0,353.0,479.0,7.0,19.0,15.0,379.0,141.0,3.0,2.0,206.0,227.0,117.0,19.0,466.0,0.0,56.0,74.0,22.0,370.0,77.0,44.0,16.0,5.0,13.0,519.0,0.0,34.0,11.0,6.0,27.0,51.0,15.0,34.0,46.0,12.0,46.0,13.0,22.0,3.0,37.0,51.0,4.0,170.0,55.0,386.0,27.0,20.0,13.0,39.0,3.0,7.0,60.0,14.0,0.0,0.0,0.0,52.0,12.0,8.0,8.0,53.0,29.0,0.0,43.0,306.0,16.0,34.0,166.0,15.0,5.0,9.0,22.0,9.0
28,194920096.0,11.0,12.0,18.0,9.0,19.0,47.0,0.0,6.0,8.0,12.0,38.0,12.0,39.0,35.0,4.0,12.0,4.0,24.0,12.0,0.0,2.0,18.0,52.0,23.0,5.0,35.0,56.0,0.0,18.0,2.0,60.0,29.0,19.0,3.0,1.0,0.0,37.0,0.0,4.0,40.0,56.0,1.0,9.0,35.0,2.0,12.0,49.0,8.0,2.0,56.0,2.0,9.0,15.0,2.0,19.0,23.0,40.0,1.0,35.0,22.0,1.0,0.0,21.0,98.0,10.0,0.0,0.0,0.0,4.0,43.0,13.0,3.0,11.0,6.0,0.0,15.0,49.0,22.0,3.0,39.0,34.0,3.0,3.0,6.0,0.0
29,204811301.0,6.0,5.0,28.0,12.0,36.0,91.0,0.0,5.0,21.0,11.0,46.0,9.0,42.0,50.0,3.0,5.0,4.0,27.0,18.0,0.0,2.0,53.0,90.0,27.0,6.0,37.0,74.0,18.0,0.0,6.0,92.0,30.0,17.0,7.0,3.0,1.0,42.0,0.0,9.0,6.0,5.0,1.0,9.0,5.0,8.0,10.0,2.0,17.0,5.0,4.0,1.0,8.0,13.0,0.0,51.0,18.0,45.0,6.0,4.0,1.0,1.0,0.0,1.0,13.0,4.0,0.0,0.0,0.0,28.0,2.0,2.0,0.0,25.0,9.0,0.0,20.0,33.0,7.0,5.0,37.0,3.0,0.0,6.0,7.0,1.0
30,210824047.0,2.0,0.0,2.0,2.0,5.0,25.0,0.0,0.0,3.0,0.0,17.0,5.0,14.0,9.0,0.0,1.0,0.0,6.0,13.0,0.0,8.0,4.0,15.0,3.0,0.0,3.0,22.0,2.0,6.0,0.0,21.0,6.0,0.0,0.0,1.0,0.0,3.0,0.0,0.0,0.0,1.0,0.0,3.0,0.0,0.0,1.0,0.0,11.0,0.0,0.0,6.0,0.0,0.0,1.0,10.0,20.0,8.0,3.0,0.0,0.0,2.0,0.0,4.0,6.0,1.0,0.0,0.0,0.0,12.0,2.0,0.0,1.0,10.0,2.0,0.0,7.0,2.0,1.0,3.0,8.0,0.0,1.0,7.0,0.0,1.0
31,217078361.0,51.0,30.0,46.0,44.0,85.0,316.0,2.0,11.0,39.0,45.0,277.0,44.0,245.0,287.0,11.0,14.0,10.0,119.0,160.0,6.0,6.0,74.0,163.0,84.0,23.0,114.0,370.0,60.0,92.0,21.0,0.0,65.0,57.0,10.0,5.0,2.0,180.0,0.0,20.0,5.0,6.0,5.0,27.0,6.0,11.0,35.0,6.0,48.0,12.0,9.0,5.0,19.0,38.0,4.0,145.0,54.0,171.0,16.0,9.0,3.0,48.0,0.0,6.0,28.0,18.0,0.0,0.0,0.0,46.0,4.0,3.0,4.0,41.0,24.0,0.0,47.0,160.0,28.0,20.0,95.0,5.0,7.0,10.0,15.0,10.0
32,217207174.0,7.0,5.0,30.0,8.0,23.0,63.0,0.0,4.0,11.0,15.0,60.0,8.0,56.0,49.0,2.0,9.0,6.0,22.0,17.0,0.0,2.0,14.0,79.0,26.0,7.0,38.0,77.0,29.0,30.0,6.0,65.0,0.0,11.0,6.0,10.0,0.0,58.0,0.0,4.0,5.0,26.0,0.0,17.0,5.0,7.0,12.0,1.0,15.0,2.0,2.0,0.0,9.0,16.0,2.0,38.0,22.0,51.0,17.0,5.0,2.0,3.0,0.0,4.0,25.0,4.0,0.0,0.0,0.0,8.0,9.0,1.0,3.0,17.0,15.0,0.0,24.0,34.0,7.0,22.0,58.0,3.0,2.0,6.0,7.0,3.0
33,221706364.0,10.0,2.0,15.0,5.0,32.0,62.0,0.0,3.0,7.0,10.0,45.0,6.0,28.0,28.0,3.0,5.0,1.0,9.0,7.0,0.0,2.0,8.0,28.0,9.0,1.0,22.0,44.0,19.0,17.0,0.0,57.0,11.0,0.0,3.0,1.0,0.0,26.0,0.0,3.0,0.0,1.0,0.0,4.0,1.0,4.0,7.0,1.0,9.0,1.0,1.0,0.0,1.0,10.0,0.0,17.0,7.0,30.0,3.0,1.0,0.0,4.0,0.0,0.0,2.0,3.0,0.0,0.0,0.0,18.0,0.0,0.0,1.0,5.0,4.0,0.0,4.0,24.0,6.0,4.0,17.0,0.0,0.0,2.0,3.0,0.0
34,224191683.0,10.0,2.0,7.0,4.0,1.0,7.0,0.0,4.0,4.0,3.0,8.0,5.0,9.0,11.0,1.0,3.0,2.0,8.0,1.0,1.0,0.0,4.0,9.0,4.0,1.0,9.0,16.0,3.0,7.0,0.0,10.0,6.0,3.0,0.0,0.0,0.0,10.0,0.0,2.0,2.0,0.0,1.0,3.0,2.0,5.0,4.0,0.0,3.0,1.0,0.0,0.0,4.0,7.0,0.0,8.0,4.0,10.0,2.0,1.0,0.0,0.0,0.0,0.0,2.0,2.0,0.0,0.0,0.0,0.0,0.0,0.0,0.0,6.0,1.0,0.0,3.0,15.0,1.0,1.0,11.0,0.0,0.0,1.0,4.0,0.0
35,225931255.0,0.0,0.0,3.0,3.0,2.0,5.0,0.0,0.0,1.0,2.0,6.0,0.0,3.0,5.0,0.0,3.0,0.0,2.0,1.0,1.0,1.0,1.0,7.0,1.0,3.0,2.0,5.0,1.0,3.0,1.0,5.0,10.0,1.0,0.0,0.0,0.0,3.0,0.0,0.0,0.0,1.0,0.0,3.0,0.0,2.0,2.0,0.0,2.0,0.0,0.0,0.0,0.0,0.0,0.0,3.0,2.0,3.0,2.0,0.0,0.0,1.0,0.0,0.0,1.0,0.0,0.0,0.0,0.0,2.0,0.0,0.0,0.0,1.0,1.0,0.0,2.0,1.0,2.0,3.0,7.0,0.0,1.0,1.0,1.0,0.0
36,226985070.0,7.0,0.0,2.0,0.0,1.0,0.0,0.0,0.0,1.0,0.0,2.0,2.0,2.0,3.0,0.0,0.0,1.0,1.0,0.0,0.0,0.0,0.0,1.0,0.0,0.0,2.0,13.0,0.0,1.0,0.0,2.0,0.0,0.0,0.0,0.0,0.0,4.0,0.0,0.0,0.0,0.0,0.0,2.0,0.0,1.0,0.0,0.0,0.0,0.0,0.0,0.0,1.0,1.0,0.0,2.0,0.0,2.0,0.0,0.0,0.0,0.0,0.0,0.0,1.0,0.0,0.0,0.0,0.0,0.0,0.0,0.0,0.0,2.0,1.0,0.0,1.0,0.0,0.0,1.0,3.0,0.0,0.0,0.0,0.0,0.0
37,230847428.0,209.0,22.0,42.0,55.0,71.0,157.0,0.0,9.0,25.0,49.0,282.0,76.0,245.0,286.0,4.0,14.0,8.0,74.0,75.0,3.0,4.0,46.0,99.0,49.0,6.0,156.0,519.0,37.0,42.0,3.0,180.0,58.0,26.0,10.0,3.0,4.0,0.0,0.0,11.0,2.0,0.0,5.0,37.0,3.0,21.0,23.0,1.0,20.0,4.0,1.0,1.0,16.0,85.0,0.0,84.0,40.0,134.0,14.0,2.0,0.0,7.0,0.0,0.0,15.0,10.0,0.0,0.0,0.0,9.0,1.0,0.0,2.0,26.0,32.0,0.0,39.0,153.0,14.0,9.0,107.0,0.0,3.0,3.0,19.0,2.0
38,231831045.0,0.0,0.0,0.0,0.0,0.0,0.0,0.0,0.0,0.0,0.0,0.0,0.0,0.0,0.0,0.0,0.0,0.0,0.0,0.0,0.0,0.0,0.0,0.0,0.0,0.0,0.0,0.0,0.0,0.0,0.0,0.0,0.0,0.0,0.0,0.0,0.0,0.0,0.0,0.0,0.0,0.0,0.0,0.0,0.0,0.0,0.0,0.0,0.0,0.0,0.0,0.0,0.0,0.0,0.0,0.0,0.0,0.0,0.0,1.0,0.0,0.0,0.0,1.0,0.0,0.0,0.0,0.0,0.0,0.0,0.0,0.0,0.0,0.0,0.0,0.0,0.0,0.0,0.0,0.0,0.0,0.0,0.0,0.0,0.0,0.0
39,242143200.0,2.0,14.0,5.0,8.0,2.0,11.0,0.0,1.0,3.0,9.0,4.0,6.0,7.0,8.0,1.0,2.0,0.0,10.0,0.0,0.0,1.0,14.0,12.0,13.0,1.0,8.0,34.0,4.0,9.0,0.0,20.0,4.0,3.0,2.0,0.0,0.0,11.0,0.0,0.0,3.0,1.0,0.0,1.0,0.0,2.0,2.0,0.0,2.0,1.0,0.0,1.0,12.0,4.0,0.0,8.0,4.0,9.0,1.0,0.0,0.0,1.0,0.0,0.0,1.0,1.0,0.0,0.0,0.0,1.0,1.0,0.0,3.0,5.0,3.0,0.0,3.0,24.0,4.0,0.0,17.0,0.0,3.0,0.0,1.0,1.0
40,246435539.0,5.0,5.0,3.0,1.0,4.0,8.0,0.0,2.0,2.0,2.0,5.0,3.0,3.0,3.0,4.0,11.0,0.0,5.0,1.0,0.0,0.0,10.0,15.0,5.0,1.0,5.0,11.0,40.0,6.0,0.0,5.0,5.0,0.0,2.0,0.0,0.0,2.0,0.0,3.0,0.0,72.0,2.0,1.0,14.0,1.0,4.0,22.0,0.0,1.0,40.0,0.0,4.0,1.0,0.0,3.0,2.0,2.0,2.0,30.0,11.0,0.0,0.0,16.0,74.0,11.0,0.0,0.0,0.0,2.0,22.0,7.0,1.0,6.0,0.0,0.0,2.0,23.0,18.0,1.0,11.0,28.0,0.0,0.0,0.0,1.0
41,248761565.0,0.0,0.0,6.0,1.0,3.0,13.0,0.0,0.0,1.0,0.0,14.0,1.0,6.0,2.0,0.0,6.0,3.0,4.0,3.0,0.0,2.0,7.0,46.0,3.0,16.0,3.0,6.0,56.0,5.0,1.0,6.0,26.0,1.0,0.0,1.0,0.0,0.0,0.0,1.0,72.0,0.0,0.0,3.0,14.0,0.0,2.0,32.0,0.0,1.0,43.0,1.0,0.0,0.0,3.0,2.0,3.0,3.0,1.0,38.0,14.0,0.0,0.0,34.0,167.0,3.0,0.0,0.0,0.0,1.0,47.0,6.0,0.0,2.0,0.0,0.0,3.0,7.0,8.0,7.0,12.0,43.0,0.0,1.0,0.0,0.0
42,249288691.0,65.0,5.0,4.0,7.0,1.0,3.0,0.0,0.0,1.0,2.0,0.0,22.0,0.0,7.0,1.0,2.0,0.0,12.0,0.0,0.0,0.0,6.0,4.0,2.0,1.0,9.0,27.0,1.0,1.0,0.0,5.0,0.0,0.0,1.0,0.0,0.0,5.0,0.0,0.0,2.0,0.0,0.0,0.0,1.0,0.0,1.0,2.0,1.0,0.0,2.0,0.0,1.0,0.0,0.0,5.0,0.0,3.0,0.0,1.0,0.0,0.0,0.0,0.0,2.0,4.0,0.0,0.0,0.0,0.0,1.0,0.0,0.0,2.0,0.0,0.0,0.0,21.0,2.0,0.0,4.0,2.0,1.0,0.0,0.0,0.0
43,252221366.0,2.0,3.0,12.0,3.0,8.0,21.0,0.0,2.0,10.0,6.0,29.0,3.0,23.0,26.0,2.0,2.0,5.0,17.0,11.0,1.0,1.0,6.0,28.0,6.0,0.0,28.0,51.0,9.0,9.0,3.0,27.0,17.0,4.0,3.0,3.0,2.0,37.0,0.0,1.0,1.0,3.0,0.0,0.0,6.0,6.0,5.0,1.0,1.0,0.0,0.0,2.0,5.0,8.0,4.0,18.0,4.0,32.0,11.0,4.0,2.0,1.0,0.0,1.0,6.0,2.0,0.0,0.0,0.0,8.0,3.0,1.0,0.0,9.0,8.0,0.0,8.0,15.0,0.0,18.0,18.0,2.0,0.0,3.0,6.0,0.0
44,255545373.0,1.0,1.0,5.0,3.0,5.0,7.0,0.0,1.0,2.0,1.0,6.0,1.0,5.0,6.0,1.0,2.0,0.0,8.0,1.0,0.0,0.0,7.0,15.0,15.0,1.0,5.0,15.0,35.0,5.0,0.0,6.0,5.0,1.0,2.0,0.0,0.0,3.0,0.0,0.0,14.0,14.0,1.0,6.0,0.0,0.0,1.0,60.0,1.0,0.0,56.0,0.0,1.0,2.0,0.0,4.0,3.0,4.0,0.0,89.0,69.0,0.0,0.0,27.0,102.0,0.0,0.0,0.0,0.0,0.0,57.0,34.0,0.0,12.0,2.0,0.0,3.0,5.0,1.0,0.0,7.0,64.0,0.0,0.0,3.0,0.0
45,255626561.0,9.0,1.0,13.0,2.0,4.0,16.0,0.0,3.0,6.0,28.0,16.0,3.0,14.0,12.0,0.0,6.0,0.0,6.0,1.0,4.0,0.0,8.0,12.0,4.0,3.0,13.0,34.0,2.0,8.0,0.0,11.0,7.0,4.0,5.0,2.0,1.0,21.0,0.0,2.0,1.0,0.0,0.0,6.0,0.0,0.0,6.0,0.0,2.0,1.0,0.0,1.0,4.0,8.0,0.0,14.0,4.0,12.0,14.0,1.0,0.0,0.0,0.0,0.0,2.0,0.0,0.0,0.0,0.0,1.0,0.0,0.0,0.0,11.0,1.0,0.0,6.0,8.0,3.0,7.0,14.0,0.0,0.0,1.0,4.0,0.0
46,257747817.0,3.0,12.0,18.0,10.0,7.0,37.0,0.0,6.0,6.0,17.0,18.0,10.0,16.0,21.0,3.0,12.0,3.0,28.0,6.0,0.0,1.0,25.0,36.0,10.0,5.0,24.0,46.0,12.0,10.0,1.0,35.0,12.0,7.0,4.0,2.0,0.0,23.0,0.0,2.0,4.0,2.0,1.0,5.0,1.0,6.0,0.0,0.0,4.0,5.0,1.0,2.0,7.0,11.0,0.0,19.0,9.0,35.0,3.0,0.0,0.0,1.0,0.0,0.0,6.0,28.0,0.0,0.0,0.0,5.0,0.0,0.0,0.0,6.0,3.0,0.0,11.0,49.0,28.0,1.0,25.0,0.0,0.0,2.0,6.0,0.0
47,258694951.0,1.0,1.0,1.0,3.0,2.0,8.0,0.0,1.0,1.0,1.0,0.0,1.0,0.0,4.0,1.0,1.0,0.0,6.0,0.0,0.0,0.0,2.0,6.0,17.0,2.0,2.0,12.0,49.0,2.0,0.0,6.0,1.0,1.0,0.0,0.0,0.0,1.0,0.0,0.0,22.0,32.0,2.0,1.0,60.0,0.0,0.0,0.0,0.0,0.0,100.0,0.0,0.0,0.0,0.0,0.0,1.0,0.0,0.0,110.0,71.0,0.0,0.0,38.0,163.0,3.0,0.0,0.0,0.0,0.0,82.0,29.0,1.0,9.0,0.0,0.0,2.0,4.0,1.0,0.0,3.0,86.0,0.0,0.0,0.0,0.0
48,260046126.0,7.0,0.0,7.0,2.0,5.0,72.0,0.0,2.0,9.0,5.0,33.0,7.0,37.0,31.0,1.0,3.0,1.0,19.0,20.0,0.0,1.0,8.0,29.0,10.0,5.0,20.0,46.0,8.0,17.0,11.0,48.0,15.0,9.0,3.0,2.0,0.0,20.0,0.0,2.0,0.0,0.0,1.0,1.0,1.0,2.0,4.0,0.0,0.0,3.0,2.0,2.0,2.0,7.0,0.0,23.0,19.0,23.0,2.0,1.0,0.0,1.0,0.0,0.0,9.0,1.0,0.0,0.0,0.0,15.0,0.0,0.0,0.0,18.0,5.0,0.0,12.0,12.0,4.0,6.0,21.0,0.0,0.0,4.0,4.0,0.0
49,261532044.0,0.0,1.0,4.0,3.0,9.0,11.0,0.0,1.0,4.0,1.0,3.0,1.0,4.0,5.0,0.0,1.0,1.0,14.0,2.0,0.0,0.0,10.0,39.0,2.0,20.0,3.0,13.0,2.0,5.0,0.0,12.0,2.0,1.0,1.0,0.0,0.0,4.0,0.0,1.0,1.0,1.0,0.0,0.0,0.0,1.0,5.0,0.0,3.0,0.0,2.0,0.0,0.0,2.0,0.0,7.0,3.0,7.0,0.0,0.0,0.0,0.0,0.0,1.0,4.0,1.0,0.0,0.0,0.0,0.0,1.0,0.0,0.0,3.0,0.0,0.0,1.0,5.0,0.0,0.0,4.0,0.0,0.0,1.0,0.0,0.0
50,262067630.0,0.0,0.0,5.0,0.0,5.0,14.0,0.0,0.0,2.0,1.0,5.0,3.0,5.0,6.0,1.0,3.0,1.0,13.0,2.0,0.0,0.0,8.0,13.0,24.0,2.0,3.0,22.0,56.0,4.0,0.0,9.0,2.0,1.0,0.0,0.0,0.0,1.0,0.0,0.0,40.0,43.0,2.0,0.0,56.0,0.0,1.0,100.0,2.0,2.0,0.0,0.0,0.0,0.0,0.0,3.0,3.0,2.0,0.0,121.0,69.0,0.0,0.0,31.0,163.0,1.0,0.0,0.0,0.0,0.0,57.0,29.0,0.0,15.0,0.0,0.0,3.0,5.0,3.0,0.0,4.0,98.0,0.0,1.0,0.0,1.0
51,264121991.0,0.0,0.0,1.0,0.0,0.0,10.0,0.0,0.0,1.0,0.0,3.0,0.0,2.0,0.0,0.0,0.0,0.0,2.0,4.0,0.0,5.0,1.0,5.0,1.0,1.0,3.0,3.0,2.0,1.0,6.0,5.0,0.0,0.0,0.0,0.0,0.0,1.0,0.0,1.0,0.0,1.0,0.0,2.0,0.0,1.0,2.0,0.0,2.0,0.0,0.0,0.0,0.0,1.0,0.0,3.0,6.0,1.0,0.0,0.0,0.0,0.0,0.0,0.0,0.0,0.0,0.0,0.0,0.0,2.0,0.0,0.0,0.0,5.0,0.0,0.0,1.0,1.0,0.0,1.0,3.0,0.0,0.0,1.0,0.0,0.0
52,264366006.0,9.0,13.0,9.0,3.0,4.0,9.0,0.0,1.0,4.0,4.0,11.0,34.0,12.0,17.0,0.0,2.0,3.0,26.0,9.0,0.0,1.0,10.0,12.0,17.0,2.0,28.0,37.0,9.0,8.0,0.0,19.0,9.0,1.0,4.0,0.0,1.0,16.0,0.0,12.0,4.0,0.0,1.0,5.0,1.0,4.0,7.0,0.0,2.0,0.0,0.0,0.0,0.0,9.0,0.0,9.0,5.0,19.0,1.0,0.0,0.0,1.0,0.0,0.0,2.0,2.0,0.0,0.0,0.0,1.0,0.0,0.0,1.0,5.0,5.0,0.0,5.0,28.0,4.0,6.0,18.0,0.0,1.0,1.0,4.0,1.0
53,264410182.0,23.0,9.0,16.0,9.0,8.0,24.0,0.0,3.0,10.0,9.0,34.0,4.0,36.0,46.0,3.0,13.0,4.0,12.0,11.0,0.0,0.0,13.0,25.0,13.0,1.0,39.0,51.0,15.0,13.0,0.0,38.0,16.0,10.0,7.0,0.0,1.0,85.0,0.0,4.0,1.0,0.0,0.0,8.0,2.0,8.0,11.0,0.0,7.0,2.0,0.0,1.0,9.0,0.0,0.0,28.0,11.0,23.0,4.0,1.0,0.0,0.0,0.0,0.0,6.0,4.0,0.0,0.0,0.0,2.0,0.0,0.0,1.0,9.0,9.0,0.0,10.0,22.0,4.0,4.0,28.0,0.0,1.0,2.0,10.0,0.0
54,265814972.0,0.0,0.0,0.0,0.0,0.0,1.0,0.0,0.0,0.0,0.0,7.0,0.0,7.0,1.0,0.0,0.0,0.0,0.0,15.0,0.0,0.0,0.0,2.0,1.0,0.0,1.0,4.0,2.0,0.0,1.0,4.0,2.0,0.0,0.0,0.0,0.0,0.0,0.0,0.0,0.0,3.0,0.0,4.0,0.0,0.0,0.0,0.0,0.0,0.0,0.0,0.0,0.0,0.0,0.0,2.0,0.0,1.0,0.0,0.0,0.0,4.0,0.0,0.0,6.0,0.0,0.0,0.0,0.0,0.0,0.0,0.0,0.0,1.0,0.0,0.0,0.0,1.0,0.0,0.0,2.0,2.0,0.0,2.0,0.0,0.0
55,271129460.0,31.0,12.0,42.0,22.0,68.0,166.0,1.0,5.0,30.0,24.0,91.0,21.0,81.0,167.0,5.0,10.0,7.0,56.0,29.0,1.0,2.0,57.0,99.0,44.0,7.0,52.0,170.0,19.0,51.0,10.0,145.0,38.0,17.0,8.0,3.0,2.0,84.0,0.0,8.0,3.0,2.0,5.0,18.0,4.0,14.0,19.0,0.0,23.0,7.0,3.0,3.0,9.0,28.0,2.0,0.0,28.0,95.0,9.0,2.0,1.0,3.0,0.0,0.0,18.0,3.0,0.0,0.0,0.0,21.0,2.0,0.0,2.0,34.0,21.0,0.0,25.0,51.0,8.0,7.0,67.0,3.0,1.0,6.0,17.0,3.0
56,274246546.0,9.0,3.0,16.0,4.0,7.0,63.0,0.0,4.0,10.0,8.0,37.0,12.0,46.0,33.0,4.0,6.0,4.0,32.0,27.0,1.0,2.0,12.0,42.0,13.0,4.0,33.0,55.0,23.0,18.0,20.0,54.0,22.0,7.0,4.0,2.0,0.0,40.0,0.0,4.0,2.0,3.0,0.0,4.0,3.0,4.0,9.0,1.0,19.0,3.0,3.0,6.0,5.0,11.0,0.0,28.0,0.0,36.0,3.0,3.0,0.0,1.0,0.0,2.0,7.0,1.0,0.0,0.0,0.0,9.0,5.0,0.0,2.0,27.0,7.0,0.0,18.0,23.0,5.0,3.0,39.0,2.0,1.0,5.0,8.0,2.0
57,274982664.0,70.0,19.0,43.0,26.0,57.0,206.0,2.0,5.0,24.0,56.0,121.0,56.0,105.0,130.0,5.0,13.0,11.0,74.0,29.0,2.0,3.0,56.0,126.0,44.0,4.0,158.0,386.0,40.0,45.0,8.0,171.0,51.0,30.0,10.0,3.0,2.0,134.0,0.0,9.0,2.0,3.0,3.0,32.0,4.0,12.0,35.0,0.0,23.0,7.0,2.0,1.0,19.0,23.0,1.0,95.0,36.0,0.0,11.0,1.0,0.0,7.0,0.0,0.0,17.0,12.0,0.0,0.0,0.0,40.0,1.0,0.0,1.0,30.0,14.0,0.0,26.0,99.0,10.0,10.0,70.0,0.0,0.0,6.0,14.0,3.0
58,275093764.0,4.0,1.0,15.0,2.0,3.0,23.0,0.0,2.0,3.0,5.0,12.0,3.0,8.0,9.0,0.0,3.0,0.0,13.0,4.0,3.0,2.0,7.0,18.0,5.0,3.0,5.0,27.0,1.0,6.0,3.0,16.0,17.0,3.0,2.0,2.0,0.0,14.0,0.0,1.0,2.0,1.0,0.0,11.0,0.0,14.0,3.0,0.0,2.0,0.0,0.0,0.0,1.0,4.0,0.0,9.0,3.0,11.0,0.0,1.0,0.0,0.0,0.0,0.0,2.0,1.0,0.0,0.0,0.0,4.0,0.0,0.0,0.0,5.0,2.0,0.0,6.0,6.0,1.0,48.0,12.0,0.0,0.0,1.0,2.0,0.0
59,281553266.0,2.0,1.0,4.0,4.0,4.0,8.0,0.0,2.0,2.0,1.0,4.0,2.0,2.0,4.0,0.0,4.0,1.0,6.0,0.0,0.0,0.0,8.0,14.0,24.0,2.0,4.0,20.0,35.0,4.0,0.0,9.0,5.0,1.0,1.0,0.0,0.0,2.0,1.0,0.0,30.0,38.0,1.0,4.0,89.0,1.0,0.0,110.0,1.0,0.0,121.0,0.0,0.0,1.0,0.0,2.0,3.0,1.0,1.0,0.0,145.0,0.0,0.0,51.0,230.0,3.0,0.0,0.0,0.0,0.0,107.0,68.0,1.0,11.0,0.0,0.0,2.0,6.0,2.0,1.0,5.0,157.0,0.0,1.0,1.0,0.0
60,282922168.0,0.0,0.0,1.0,1.0,1.0,3.0,0.0,0.0,0.0,0.0,1.0,0.0,1.0,1.0,0.0,2.0,1.0,1.0,0.0,0.0,0.0,3.0,7.0,11.0,1.0,0.0,13.0,22.0,1.0,0.0,3.0,2.0,0.0,0.0,0.0,0.0,0.0,0.0,0.0,11.0,14.0,0.0,2.0,69.0,0.0,0.0,71.0,0.0,0.0,69.0,0.0,0.0,0.0,0.0,1.0,0.0,0.0,0.0,145.0,0.0,0.0,0.0,33.0,138.0,0.0,0.0,0.0,0.0,0.0,64.0,60.0,0.0,5.0,0.0,0.0,1.0,2.0,1.0,1.0,0.0,102.0,0.0,0.0,0.0,0.0
61,285115375.0,5.0,1.0,0.0,0.0,0.0,29.0,0.0,0.0,0.0,1.0,176.0,26.0,197.0,34.0,0.0,0.0,0.0,11.0,140.0,0.0,0.0,0.0,3.0,0.0,0.0,7.0,39.0,1.0,1.0,2.0,48.0,3.0,4.0,0.0,1.0,0.0,7.0,0.0,1.0,0.0,0.0,0.0,1.0,0.0,0.0,1.0,0.0,1.0,0.0,0.0,0.0,1.0,0.0,4.0,3.0,1.0,7.0,0.0,0.0,0.0,0.0,0.0,0.0,2.0,0.0,0.0,0.0,0.0,0.0,0.0,0.0,0.0,1.0,0.0,0.0,1.0,5.0,1.0,2.0,3.0,0.0,0.0,0.0,0.0,0.0
62,293687645.0,0.0,0.0,0.0,0.0,0.0,1.0,0.0,0.0,0.0,0.0,0.0,0.0,0.0,0.0,0.0,0.0,0.0,0.0,0.0,0.0,0.0,0.0,0.0,0.0,0.0,0.0,3.0,0.0,0.0,0.0,0.0,0.0,0.0,0.0,0.0,0.0,0.0,0.0,0.0,0.0,0.0,0.0,0.0,0.0,0.0,0.0,0.0,0.0,0.0,0.0,0.0,0.0,0.0,0.0,0.0,0.0,0.0,0.0,0.0,0.0,0.0,0.0,0.0,0.0,0.0,0.0,0.0,0.0,0.0,0.0,0.0,0.0,0.0,0.0,0.0,0.0,0.0,0.0,0.0,0.0,0.0,0.0,0.0,0.0,0.0
63,297011161.0,0.0,0.0,1.0,2.0,0.0,3.0,0.0,0.0,1.0,0.0,2.0,0.0,2.0,1.0,0.0,3.0,2.0,2.0,0.0,0.0,0.0,1.0,12.0,11.0,3.0,1.0,7.0,21.0,1.0,4.0,6.0,4.0,0.0,0.0,0.0,0.0,0.0,1.0,0.0,16.0,34.0,0.0,1.0,27.0,0.0,0.0,38.0,0.0,1.0,31.0,0.0,0.0,0.0,0.0,0.0,2.0,0.0,0.0,51.0,33.0,0.0,0.0,0.0,73.0,2.0,0.0,0.0,0.0,0.0,39.0,13.0,0.0,2.0,0.0,0.0,0.0,2.0,2.0,2.0,5.0,61.0,0.0,1.0,0.0,0.0
64,298110296.0,9.0,3.0,9.0,6.0,12.0,43.0,0.0,3.0,7.0,7.0,27.0,8.0,18.0,28.0,3.0,11.0,1.0,27.0,5.0,0.0,1.0,20.0,61.0,32.0,13.0,18.0,60.0,98.0,13.0,6.0,28.0,25.0,2.0,2.0,1.0,1.0,15.0,0.0,1.0,74.0,167.0,2.0,6.0,102.0,2.0,6.0,163.0,9.0,4.0,163.0,0.0,2.0,6.0,6.0,18.0,7.0,17.0,2.0,230.0,138.0,2.0,0.0,73.0,0.0,8.0,0.0,0.0,0.0,0.0,157.0,67.0,0.0,19.0,7.0,0.0,12.0,32.0,14.0,7.0,24.0,201.0,0.0,2.0,6.0,1.0
65,302144631.0,17.0,37.0,4.0,28.0,4.0,4.0,0.0,5.0,2.0,5.0,2.0,16.0,2.0,9.0,19.0,53.0,1.0,4.0,0.0,0.0,0.0,11.0,2.0,12.0,0.0,20.0,14.0,10.0,4.0,1.0,18.0,4.0,3.0,2.0,0.0,0.0,10.0,0.0,1.0,11.0,3.0,4.0,2.0,0.0,0.0,28.0,3.0,1.0,1.0,1.0,0.0,2.0,4.0,0.0,3.0,1.0,12.0,1.0,3.0,0.0,0.0,0.0,2.0,8.0,0.0,0.0,0.0,0.0,16.0,1.0,1.0,0.0,2.0,0.0,0.0,24.0,117.0,117.0,1.0,62.0,2.0,2.0,1.0,0.0,7.0
66,308611383.0,0.0,0.0,0.0,0.0,0.0,0.0,0.0,0.0,0.0,0.0,0.0,0.0,0.0,0.0,0.0,0.0,0.0,0.0,0.0,0.0,0.0,0.0,0.0,0.0,0.0,0.0,0.0,0.0,0.0,0.0,0.0,0.0,0.0,0.0,0.0,0.0,0.0,0.0,0.0,0.0,0.0,0.0,0.0,0.0,0.0,0.0,0.0,0.0,0.0,0.0,0.0,0.0,0.0,0.0,0.0,0.0,0.0,0.0,0.0,0.0,0.0,0.0,0.0,0.0,0.0,0.0,0.0,0.0,0.0,0.0,0.0,0.0,0.0,0.0,0.0,0.0,0.0,0.0,0.0,0.0,0.0,0.0,0.0,0.0,0.0
67,311729738.0,0.0,0.0,0.0,0.0,0.0,0.0,0.0,0.0,0.0,0.0,0.0,0.0,0.0,0.0,0.0,0.0,0.0,0.0,0.0,0.0,0.0,0.0,0.0,0.0,0.0,0.0,0.0,0.0,0.0,0.0,0.0,0.0,0.0,0.0,0.0,0.0,0.0,0.0,0.0,0.0,0.0,0.0,0.0,0.0,0.0,0.0,0.0,0.0,0.0,0.0,0.0,0.0,0.0,0.0,0.0,0.0,0.0,0.0,0.0,0.0,0.0,0.0,0.0,0.0,0.0,0.0,0.0,0.0,0.0,0.0,0.0,0.0,0.0,0.0,0.0,0.0,0.0,0.0,0.0,0.0,0.0,0.0,0.0,0.0,0.0
68,324050936.0,0.0,0.0,0.0,0.0,0.0,0.0,0.0,0.0,0.0,0.0,0.0,0.0,0.0,0.0,0.0,0.0,0.0,0.0,0.0,0.0,0.0,0.0,0.0,0.0,0.0,0.0,0.0,0.0,0.0,0.0,0.0,0.0,0.0,0.0,0.0,0.0,0.0,0.0,0.0,0.0,0.0,0.0,0.0,0.0,0.0,0.0,0.0,0.0,0.0,0.0,0.0,0.0,0.0,0.0,0.0,0.0,0.0,0.0,0.0,0.0,0.0,0.0,0.0,0.0,0.0,0.0,0.0,0.0,0.0,0.0,0.0,0.0,0.0,0.0,0.0,0.0,0.0,0.0,0.0,0.0,0.0,0.0,0.0,0.0,0.0
69,325774787.0,3.0,11.0,3.0,9.0,30.0,91.0,0.0,4.0,3.0,5.0,25.0,4.0,19.0,17.0,2.0,11.0,1.0,11.0,15.0,0.0,4.0,27.0,26.0,5.0,0.0,19.0,52.0,4.0,28.0,12.0,46.0,8.0,18.0,0.0,2.0,0.0,9.0,0.0,1.0,2.0,1.0,0.0,8.0,0.0,1.0,5.0,0.0,15.0,0.0,0.0,2.0,1.0,2.0,0.0,21.0,9.0,40.0,4.0,0.0,0.0,0.0,0.0,0.0,0.0,16.0,0.0,0.0,0.0,0.0,0.0,0.0,0.0,11.0,1.0,0.0,10.0,31.0,10.0,4.0,22.0,0.0,2.0,4.0,2.0,2.0
70,328933147.0,0.0,0.0,3.0,2.0,4.0,10.0,0.0,0.0,2.0,1.0,6.0,0.0,3.0,2.0,0.0,2.0,1.0,6.0,0.0,0.0,0.0,5.0,23.0,13.0,2.0,3.0,12.0,43.0,2.0,2.0,4.0,9.0,0.0,0.0,0.0,0.0,1.0,0.0,1.0,22.0,47.0,1.0,3.0,57.0,0.0,0.0,82.0,0.0,1.0,57.0,0.0,0.0,0.0,0.0,2.0,5.0,1.0,0.0,107.0,64.0,0.0,0.0,39.0,157.0,1.0,0.0,0.0,0.0,0.0,0.0,35.0,0.0,9.0,1.0,0.0,3.0,4.0,1.0,1.0,12.0,92.0,0.0,1.0,0.0,1.0
71,339474731.0,0.0,0.0,2.0,0.0,1.0,1.0,0.0,0.0,0.0,0.0,0.0,0.0,0.0,0.0,0.0,2.0,1.0,2.0,0.0,0.0,0.0,2.0,5.0,8.0,0.0,1.0,8.0,13.0,2.0,0.0,3.0,1.0,0.0,0.0,0.0,0.0,0.0,0.0,0.0,7.0,6.0,0.0,1.0,34.0,0.0,0.0,29.0,0.0,0.0,29.0,0.0,0.0,0.0,0.0,0.0,0.0,0.0,0.0,68.0,60.0,0.0,0.0,13.0,67.0,1.0,0.0,0.0,0.0,0.0,35.0,0.0,0.0,4.0,0.0,0.0,0.0,2.0,0.0,1.0,2.0,41.0,0.0,0.0,0.0,0.0
72,346585747.0,2.0,6.0,1.0,2.0,0.0,1.0,0.0,1.0,0.0,0.0,1.0,3.0,2.0,3.0,2.0,1.0,0.0,2.0,0.0,0.0,0.0,1.0,1.0,2.0,0.0,2.0,8.0,3.0,0.0,1.0,4.0,3.0,1.0,0.0,0.0,0.0,2.0,0.0,3.0,1.0,0.0,0.0,0.0,0.0,0.0,0.0,1.0,0.0,0.0,0.0,0.0,1.0,1.0,0.0,2.0,2.0,1.0,0.0,1.0,0.0,0.0,0.0,0.0,0.0,0.0,0.0,0.0,0.0,0.0,0.0,0.0,0.0,0.0,19.0,0.0,2.0,16.0,2.0,0.0,3.0,0.0,21.0,0.0,0.0,0.0
73,346822832.0,7.0,6.0,20.0,4.0,13.0,57.0,0.0,4.0,8.0,9.0,21.0,3.0,23.0,27.0,1.0,4.0,3.0,25.0,16.0,0.0,2.0,21.0,40.0,20.0,2.0,19.0,53.0,11.0,25.0,10.0,41.0,17.0,5.0,6.0,1.0,2.0,26.0,0.0,5.0,6.0,2.0,2.0,9.0,12.0,11.0,6.0,9.0,18.0,3.0,15.0,5.0,5.0,9.0,1.0,34.0,27.0,30.0,5.0,11.0,5.0,1.0,0.0,2.0,19.0,2.0,0.0,0.0,0.0,11.0,9.0,4.0,0.0,0.0,7.0,0.0,14.0,25.0,3.0,0.0,34.0,7.0,0.0,7.0,7.0,1.0
74,347873395.0,0.0,2.0,10.0,1.0,9.0,20.0,0.0,0.0,7.0,4.0,25.0,3.0,28.0,30.0,1.0,2.0,2.0,13.0,11.0,0.0,1.0,6.0,20.0,12.0,1.0,16.0,29.0,6.0,9.0,2.0,24.0,15.0,4.0,1.0,1.0,1.0,32.0,0.0,3.0,0.0,0.0,0.0,8.0,2.0,1.0,3.0,0.0,5.0,0.0,0.0,0.0,5.0,9.0,0.0,21.0,7.0,14.0,2.0,0.0,0.0,0.0,0.0,0.0,7.0,0.0,0.0,0.0,0.0,1.0,1.0,0.0,19.0,7.0,0.0,0.0,12.0,12.0,1.0,2.0,19.0,0.0,17.0,2.0,8.0,2.0
75,350545056.0,0.0,0.0,0.0,0.0,0.0,0.0,0.0,0.0,0.0,0.0,0.0,0.0,0.0,0.0,0.0,0.0,0.0,0.0,0.0,0.0,0.0,0.0,0.0,0.0,0.0,0.0,0.0,0.0,0.0,0.0,0.0,0.0,0.0,0.0,0.0,0.0,0.0,0.0,0.0,0.0,0.0,0.0,0.0,0.0,0.0,0.0,0.0,0.0,0.0,0.0,0.0,0.0,0.0,0.0,0.0,0.0,0.0,0.0,0.0,0.0,0.0,0.0,0.0,0.0,0.0,0.0,0.0,0.0,0.0,0.0,0.0,0.0,0.0,0.0,0.0,0.0,0.0,0.0,0.0,0.0,0.0,0.0,0.0,0.0,0.0
76,363763442.0,2.0,11.0,16.0,10.0,14.0,33.0,0.0,9.0,11.0,5.0,37.0,11.0,37.0,41.0,9.0,21.0,2.0,23.0,9.0,0.0,2.0,17.0,31.0,15.0,2.0,31.0,43.0,15.0,20.0,7.0,47.0,24.0,4.0,3.0,2.0,1.0,39.0,0.0,3.0,2.0,3.0,0.0,8.0,3.0,6.0,11.0,2.0,12.0,1.0,3.0,1.0,5.0,10.0,0.0,25.0,18.0,26.0,6.0,2.0,1.0,1.0,0.0,0.0,12.0,24.0,0.0,0.0,0.0,10.0,3.0,0.0,2.0,14.0,12.0,0.0,0.0,33.0,29.0,6.0,68.0,2.0,3.0,3.0,5.0,4.0
77,369028288.0,216.0,145.0,52.0,111.0,35.0,103.0,0.0,16.0,13.0,48.0,67.0,137.0,61.0,88.0,40.0,49.0,3.0,92.0,22.0,2.0,2.0,116.0,90.0,168.0,7.0,106.0,306.0,49.0,33.0,2.0,160.0,34.0,24.0,15.0,1.0,0.0,153.0,0.0,24.0,23.0,7.0,21.0,15.0,5.0,8.0,49.0,4.0,12.0,5.0,5.0,1.0,28.0,22.0,1.0,51.0,23.0,99.0,6.0,6.0,2.0,5.0,0.0,2.0,32.0,117.0,0.0,0.0,0.0,31.0,4.0,2.0,16.0,25.0,12.0,0.0,33.0,0.0,124.0,7.0,122.0,6.0,9.0,4.0,8.0,16.0
78,375451125.0,17.0,37.0,5.0,26.0,5.0,6.0,0.0,7.0,2.0,10.0,7.0,30.0,6.0,9.0,27.0,63.0,1.0,10.0,3.0,0.0,2.0,10.0,10.0,17.0,1.0,32.0,16.0,22.0,7.0,1.0,28.0,7.0,6.0,1.0,2.0,0.0,14.0,0.0,4.0,18.0,8.0,2.0,0.0,1.0,3.0,28.0,1.0,4.0,0.0,3.0,0.0,4.0,4.0,0.0,8.0,5.0,10.0,1.0,2.0,1.0,1.0,0.0,2.0,14.0,117.0,0.0,0.0,0.0,10.0,1.0,0.0,2.0,3.0,1.0,0.0,29.0,124.0,0.0,2.0,62.0,2.0,3.0,0.0,0.0,5.0
79,381696542.0,3.0,1.0,16.0,0.0,7.0,11.0,1.0,1.0,6.0,1.0,22.0,15.0,10.0,12.0,1.0,3.0,2.0,11.0,8.0,4.0,3.0,3.0,16.0,4.0,5.0,11.0,34.0,3.0,5.0,3.0,20.0,22.0,4.0,1.0,3.0,1.0,9.0,0.0,0.0,1.0,7.0,0.0,18.0,0.0,7.0,1.0,0.0,6.0,0.0,0.0,1.0,6.0,4.0,0.0,7.0,3.0,10.0,48.0,1.0,1.0,2.0,0.0,2.0,7.0,1.0,0.0,0.0,0.0,4.0,1.0,1.0,0.0,0.0,2.0,0.0,6.0,7.0,2.0,0.0,8.0,1.0,0.0,1.0,0.0,0.0
80,383602088.0,28.0,31.0,41.0,34.0,26.0,104.0,1.0,14.0,18.0,28.0,71.0,23.0,86.0,87.0,11.0,55.0,9.0,44.0,26.0,0.0,3.0,45.0,93.0,46.0,7.0,76.0,166.0,39.0,37.0,8.0,95.0,58.0,17.0,11.0,7.0,3.0,107.0,0.0,17.0,11.0,12.0,4.0,18.0,7.0,14.0,25.0,3.0,21.0,4.0,4.0,3.0,18.0,28.0,2.0,67.0,39.0,70.0,12.0,5.0,0.0,3.0,0.0,5.0,24.0,62.0,0.0,0.0,0.0,22.0,12.0,2.0,3.0,34.0,19.0,0.0,68.0,122.0,62.0,8.0,0.0,5.0,4.0,6.0,18.0,9.0
81,394694673.0,0.0,0.0,4.0,2.0,2.0,5.0,0.0,0.0,1.0,0.0,2.0,1.0,2.0,3.0,0.0,5.0,0.0,5.0,0.0,0.0,0.0,4.0,13.0,18.0,0.0,2.0,15.0,34.0,3.0,0.0,5.0,3.0,0.0,0.0,0.0,0.0,0.0,0.0,0.0,28.0,43.0,2.0,2.0,64.0,0.0,0.0,86.0,0.0,0.0,98.0,0.0,0.0,0.0,2.0,3.0,2.0,0.0,0.0,157.0,102.0,0.0,0.0,61.0,201.0,2.0,0.0,0.0,0.0,0.0,92.0,41.0,0.0,7.0,0.0,0.0,2.0,6.0,2.0,1.0,5.0,0.0,0.0,0.0,0.0,0.0
82,406647184.0,0.0,8.0,1.0,2.0,1.0,0.0,0.0,0.0,0.0,1.0,1.0,3.0,3.0,3.0,1.0,3.0,0.0,2.0,1.0,0.0,0.0,2.0,1.0,3.0,0.0,2.0,5.0,3.0,0.0,1.0,7.0,2.0,0.0,0.0,1.0,0.0,3.0,0.0,3.0,0.0,0.0,1.0,0.0,0.0,0.0,0.0,0.0,0.0,0.0,0.0,0.0,1.0,1.0,0.0,1.0,1.0,0.0,0.0,0.0,0.0,0.0,0.0,0.0,0.0,2.0,0.0,0.0,0.0,2.0,0.0,0.0,21.0,0.0,17.0,0.0,3.0,9.0,3.0,0.0,4.0,0.0,0.0,0.0,0.0,0.0
83,412663554.0,1.0,1.0,3.0,1.0,5.0,12.0,0.0,2.0,2.0,2.0,6.0,2.0,10.0,7.0,0.0,3.0,1.0,4.0,0.0,0.0,0.0,1.0,9.0,2.0,0.0,3.0,9.0,3.0,6.0,7.0,10.0,6.0,2.0,1.0,1.0,0.0,3.0,0.0,0.0,0.0,1.0,0.0,3.0,0.0,1.0,2.0,0.0,4.0,1.0,1.0,1.0,1.0,2.0,2.0,6.0,5.0,6.0,1.0,1.0,0.0,0.0,0.0,1.0,2.0,1.0,0.0,0.0,0.0,4.0,1.0,0.0,0.0,7.0,2.0,0.0,3.0,4.0,0.0,1.0,6.0,0.0,0.0,0.0,2.0,0.0
84,413489377.0,3.0,2.0,9.0,4.0,4.0,15.0,0.0,1.0,6.0,7.0,15.0,4.0,18.0,14.0,0.0,2.0,2.0,7.0,5.0,0.0,0.0,2.0,17.0,4.0,2.0,16.0,22.0,6.0,7.0,0.0,15.0,7.0,3.0,4.0,1.0,0.0,19.0,0.0,1.0,0.0,0.0,0.0,6.0,3.0,4.0,6.0,0.0,4.0,0.0,0.0,0.0,4.0,10.0,0.0,17.0,8.0,14.0,2.0,1.0,0.0,0.0,0.0,0.0,6.0,0.0,0.0,0.0,0.0,2.0,0.0,0.0,0.0,7.0,8.0,0.0,5.0,8.0,0.0,0.0,18.0,0.0,0.0,2.0,0.0,0.0
85,425840443.0,0.0,7.0,1.0,1.0,7.0,6.0,0.0,1.0,2.0,1.0,6.0,3.0,4.0,6.0,2.0,5.0,0.0,4.0,2.0,0.0,0.0,7.0,7.0,10.0,0.0,3.0,9.0,0.0,1.0,1.0,10.0,3.0,0.0,0.0,0.0,0.0,2.0,0.0,1.0,1.0,0.0,0.0,0.0,0.0,0.0,0.0,0.0,0.0,0.0,1.0,0.0,1.0,0.0,0.0,3.0,2.0,3.0,0.0,0.0,0.0,0.0,0.0,0.0,1.0,7.0,0.0,0.0,0.0,2.0,1.0,0.0,0.0,1.0,2.0,0.0,4.0,16.0,5.0,0.0,9.0,0.0,0.0,0.0,0.0,0.0
