,0,1,2,3,4,5,6,7,8,9,10,11,12,13,14,15,16,17,18,19,20,21,22,23,24,25,26,27,28,29,30,31,32,33,34,35,36,37,38,39,40,41,42,43,44,45,46,47,48,49,50,51,52,53,54,55,56,57,58,59,60,61,62,63,64,65,66,67,68,69,70,71,72,73,74,75,76,77,78,79,80,81,82,83,84,85,86,87,88,89,90,91,92,93,94,95,96,97,98,99,100,101,102,103,104,105,106,107,108,109,110,111,112,113,114,115,116,117,118,119,120,121,122,123,124,125,126,127,128,129,130,131,132,133,134,135,136,137,138,139,140,141,142,143,144,145,146,147,148,149,150,151,152,153,154,155,156,157,158,159,160,161,162,163,164,165,166,167,168,169,170,171,172,173,174,175,176,177,178,179,180,181,182,183,184,185,186,187,188,189,190,191,192,193,194,195,196,197,198,199,200,201,202,203,204,205,206,207,208,209,210
0,-1.0,612473.0,742143.0,5402612.0,7912442.0,9103722.0,9378802.0,10929352.0,11277572.0,11564692.0,14799078.0,15139483.0,15361984.0,15893984.0,16205428.0,16229885.0,16330790.0,16542687.0,16871096.0,17125133.0,17497747.0,17738439.0,17758501.0,17768370.0,17839398.0,18101696.0,18525043.0,18529435.0,18725815.0,19423907.0,19719446.0,20270883.0,20357766.0,20711749.0,22208724.0,24353175.0,24531658.0,25161342.0,25529018.0,27415686.0,29171727.0,29175809.0,30792590.0,30887811.0,31147535.0,31922032.0,32745985.0,33622022.0,34947001.0,37703352.0,40552417.0,42703276.0,43282075.0,44079923.0,46584707.0,47950082.0,48134115.0,49323761.0,50296811.0,50645038.0,51535527.0,51967057.0,52369778.0,54082707.0,55100014.0,56920617.0,59564821.0,61992906.0,62015030.0,71294722.0,74111855.0,75055396.0,78728798.0,80293889.0,80791048.0,81238723.0,83539039.0,97534492.0,99731681.0,101824385.0,109579590.0,111087583.0,113029266.0,122319630.0,125581153.0,127784944.0,128679707.0,130167044.0,130783651.0,132158439.0,134867773.0,135598771.0,140198531.0,140791698.0,142530837.0,147053731.0,159827281.0,163192569.0,167419922.0,168497805.0,169081907.0,175109934.0,176229749.0,179197815.0,182407941.0,184831017.0,192659552.0,197305537.0,198848442.0,198886653.0,198939081.0,210824047.0,213378745.0,216420013.0,219225568.0,221513001.0,223604018.0,233130887.0,235189414.0,236374321.0,237519969.0,239161397.0,240725906.0,243204426.0,244724820.0,245650642.0,247494866.0,249740668.0,250237210.0,250334613.0,252252252.0,252263830.0,253985692.0,254873869.0,255040592.0,257456615.0,257892502.0,258536563.0,259180717.0,261885661.0,261905897.0,262761577.0,267088381.0,267884708.0,269680826.0,270818088.0,271145692.0,271791007.0,274982664.0,278245779.0,278966400.0,280802135.0,284566108.0,287647804.0,287725645.0,289974673.0,291513342.0,294476644.0,294523668.0,296759187.0,302144631.0,304659133.0,304677043.0,309028829.0,309041796.0,310790644.0,313037820.0,313983586.0,315993982.0,317401345.0,318358387.0,322281109.0,325774787.0,328640181.0,330659071.0,346760056.0,346919275.0,348223934.0,356178143.0,357155450.0,357295426.0,359509980.0,361710224.0,362197387.0,363490884.0,363763442.0,364571256.0,369028288.0,377619841.0,381696542.0,382368139.0,383990615.0,387373722.0,387629872.0,389239423.0,390170524.0,392279076.0,396823485.0,402037439.0,403477984.0,408219044.0,408816921.0,409363365.0,409642476.0,410109983.0,410891919.0,425088489.0,427635368.0,433610047.0,434427534.0,444534831.0
1,612473.0,0.0,52.0,1.0,0.0,0.0,2.0,0.0,1.0,2.0,2.0,3.0,3.0,42.0,0.0,2.0,17.0,1.0,8.0,1.0,1.0,4.0,3.0,1.0,4.0,32.0,7.0,3.0,1.0,3.0,0.0,19.0,21.0,1.0,5.0,6.0,3.0,10.0,4.0,2.0,0.0,11.0,0.0,2.0,0.0,3.0,7.0,2.0,2.0,2.0,23.0,0.0,3.0,2.0,4.0,6.0,7.0,14.0,7.0,13.0,2.0,0.0,5.0,3.0,1.0,0.0,1.0,0.0,0.0,0.0,8.0,0.0,2.0,0.0,3.0,1.0,0.0,9.0,3.0,0.0,3.0,6.0,4.0,0.0,0.0,0.0,0.0,0.0,2.0,2.0,6.0,6.0,7.0,1.0,0.0,2.0,2.0,1.0,9.0,0.0,1.0,0.0,1.0,0.0,0.0,8.0,4.0,5.0,7.0,0.0,2.0,0.0,0.0,0.0,5.0,2.0,12.0,0.0,5.0,2.0,3.0,2.0,0.0,6.0,3.0,9.0,1.0,4.0,1.0,1.0,0.0,1.0,3.0,10.0,8.0,8.0,2.0,7.0,4.0,25.0,1.0,1.0,1.0,2.0,0.0,0.0,2.0,0.0,8.0,1.0,2.0,0.0,23.0,0.0,1.0,0.0,13.0,0.0,0.0,4.0,0.0,4.0,0.0,5.0,1.0,7.0,4.0,1.0,0.0,6.0,3.0,10.0,7.0,1.0,2.0,0.0,0.0,3.0,1.0,0.0,1.0,1.0,0.0,1.0,6.0,6.0,0.0,0.0,0.0,0.0,0.0,0.0,0.0,8.0,0.0,2.0,0.0,3.0,10.0,2.0,0.0,0.0,0.0,6.0,0.0,0.0,26.0,0.0,1.0,1.0,4.0
2,742143.0,52.0,0.0,1.0,0.0,0.0,2.0,0.0,1.0,1.0,2.0,4.0,2.0,30.0,0.0,2.0,16.0,1.0,8.0,1.0,1.0,5.0,1.0,2.0,5.0,27.0,5.0,3.0,3.0,2.0,0.0,16.0,17.0,0.0,5.0,5.0,3.0,8.0,5.0,1.0,1.0,8.0,0.0,1.0,0.0,3.0,5.0,2.0,0.0,2.0,13.0,0.0,3.0,1.0,3.0,6.0,9.0,13.0,7.0,12.0,1.0,0.0,3.0,3.0,0.0,1.0,1.0,1.0,0.0,0.0,7.0,0.0,0.0,0.0,4.0,1.0,0.0,6.0,2.0,0.0,2.0,5.0,5.0,0.0,0.0,0.0,1.0,0.0,1.0,3.0,3.0,9.0,8.0,0.0,0.0,2.0,0.0,1.0,8.0,0.0,1.0,0.0,1.0,0.0,0.0,11.0,5.0,3.0,6.0,0.0,1.0,0.0,0.0,1.0,4.0,3.0,10.0,1.0,4.0,1.0,2.0,1.0,0.0,6.0,2.0,9.0,1.0,2.0,0.0,0.0,0.0,1.0,3.0,10.0,7.0,5.0,3.0,7.0,2.0,20.0,0.0,1.0,1.0,2.0,0.0,0.0,1.0,0.0,5.0,2.0,2.0,0.0,14.0,0.0,0.0,0.0,9.0,0.0,0.0,6.0,0.0,4.0,0.0,4.0,1.0,4.0,3.0,2.0,0.0,6.0,2.0,7.0,5.0,1.0,1.0,0.0,0.0,2.0,1.0,0.0,2.0,1.0,0.0,2.0,5.0,5.0,0.0,1.0,0.0,0.0,0.0,0.0,0.0,6.0,0.0,2.0,0.0,3.0,7.0,1.0,0.0,0.0,0.0,6.0,0.0,0.0,19.0,0.0,1.0,1.0,6.0
3,5402612.0,1.0,1.0,0.0,0.0,0.0,0.0,0.0,0.0,0.0,0.0,2.0,2.0,3.0,0.0,1.0,2.0,0.0,1.0,0.0,0.0,3.0,1.0,0.0,1.0,2.0,1.0,0.0,0.0,0.0,0.0,3.0,0.0,0.0,1.0,0.0,0.0,1.0,1.0,1.0,1.0,2.0,0.0,1.0,0.0,1.0,1.0,0.0,1.0,0.0,3.0,0.0,0.0,1.0,1.0,1.0,3.0,0.0,0.0,2.0,1.0,0.0,1.0,2.0,1.0,0.0,0.0,0.0,0.0,0.0,2.0,0.0,1.0,0.0,2.0,0.0,0.0,1.0,1.0,0.0,1.0,1.0,1.0,0.0,0.0,0.0,1.0,0.0,1.0,1.0,1.0,2.0,1.0,0.0,0.0,0.0,1.0,0.0,2.0,0.0,1.0,0.0,0.0,0.0,0.0,2.0,0.0,1.0,2.0,0.0,1.0,0.0,0.0,1.0,1.0,2.0,1.0,0.0,1.0,1.0,2.0,1.0,0.0,0.0,2.0,2.0,0.0,1.0,1.0,1.0,0.0,0.0,1.0,2.0,1.0,1.0,1.0,3.0,1.0,2.0,1.0,0.0,0.0,2.0,0.0,0.0,1.0,0.0,2.0,0.0,2.0,0.0,1.0,0.0,0.0,0.0,2.0,0.0,0.0,1.0,0.0,1.0,0.0,1.0,0.0,1.0,1.0,0.0,0.0,2.0,2.0,0.0,0.0,0.0,2.0,0.0,0.0,1.0,1.0,0.0,1.0,0.0,0.0,1.0,1.0,2.0,0.0,0.0,0.0,0.0,0.0,0.0,0.0,1.0,0.0,0.0,0.0,2.0,1.0,1.0,0.0,0.0,0.0,2.0,0.0,0.0,2.0,0.0,0.0,0.0,1.0
4,7912442.0,0.0,0.0,0.0,0.0,10.0,34.0,3.0,4.0,18.0,11.0,11.0,4.0,4.0,0.0,3.0,11.0,8.0,32.0,0.0,16.0,1.0,2.0,3.0,8.0,10.0,12.0,11.0,20.0,0.0,0.0,27.0,1.0,0.0,9.0,9.0,24.0,23.0,19.0,1.0,4.0,12.0,11.0,4.0,0.0,22.0,23.0,3.0,0.0,0.0,4.0,0.0,8.0,8.0,43.0,14.0,9.0,6.0,6.0,27.0,1.0,0.0,25.0,5.0,3.0,2.0,1.0,3.0,1.0,2.0,7.0,3.0,14.0,0.0,13.0,0.0,0.0,18.0,5.0,0.0,8.0,12.0,10.0,0.0,1.0,1.0,2.0,1.0,0.0,1.0,7.0,5.0,11.0,0.0,8.0,2.0,10.0,4.0,13.0,4.0,1.0,6.0,1.0,0.0,0.0,21.0,16.0,5.0,7.0,0.0,0.0,0.0,4.0,0.0,14.0,1.0,4.0,3.0,0.0,3.0,17.0,0.0,6.0,13.0,7.0,12.0,3.0,13.0,1.0,3.0,0.0,3.0,1.0,26.0,9.0,1.0,0.0,6.0,6.0,9.0,7.0,9.0,3.0,5.0,0.0,2.0,6.0,14.0,10.0,3.0,0.0,0.0,0.0,4.0,8.0,1.0,29.0,0.0,0.0,3.0,2.0,8.0,0.0,8.0,3.0,7.0,8.0,6.0,1.0,16.0,11.0,7.0,1.0,0.0,0.0,0.0,0.0,2.0,3.0,0.0,0.0,17.0,0.0,0.0,6.0,1.0,9.0,17.0,35.0,0.0,0.0,4.0,6.0,9.0,0.0,6.0,4.0,2.0,4.0,2.0,1.0,1.0,0.0,2.0,0.0,0.0,13.0,2.0,10.0,1.0,23.0
5,9103722.0,0.0,0.0,0.0,10.0,0.0,74.0,13.0,1.0,19.0,34.0,7.0,0.0,14.0,0.0,4.0,44.0,12.0,75.0,5.0,35.0,12.0,0.0,0.0,27.0,49.0,49.0,35.0,125.0,1.0,0.0,55.0,3.0,0.0,41.0,27.0,71.0,83.0,142.0,0.0,9.0,51.0,0.0,5.0,0.0,88.0,32.0,11.0,0.0,0.0,2.0,0.0,27.0,1.0,28.0,30.0,1.0,40.0,22.0,33.0,0.0,0.0,34.0,11.0,1.0,29.0,0.0,19.0,4.0,1.0,51.0,0.0,29.0,0.0,15.0,0.0,0.0,48.0,10.0,0.0,1.0,48.0,29.0,0.0,1.0,1.0,0.0,0.0,0.0,4.0,6.0,23.0,14.0,0.0,4.0,6.0,48.0,2.0,41.0,13.0,0.0,50.0,0.0,0.0,0.0,53.0,13.0,20.0,33.0,0.0,0.0,3.0,9.0,0.0,37.0,0.0,18.0,24.0,0.0,0.0,40.0,0.0,0.0,48.0,3.0,34.0,4.0,35.0,3.0,16.0,0.0,18.0,3.0,131.0,39.0,4.0,0.0,33.0,5.0,64.0,9.0,8.0,20.0,16.0,0.0,3.0,1.0,6.0,15.0,14.0,12.0,0.0,1.0,4.0,15.0,6.0,14.0,0.0,0.0,11.0,0.0,17.0,0.0,23.0,15.0,8.0,15.0,18.0,0.0,32.0,7.0,17.0,13.0,1.0,0.0,1.0,0.0,6.0,5.0,0.0,0.0,13.0,1.0,1.0,14.0,2.0,14.0,21.0,4.0,3.0,0.0,1.0,1.0,32.0,0.0,12.0,0.0,8.0,30.0,3.0,0.0,0.0,0.0,2.0,0.0,0.0,9.0,0.0,8.0,0.0,43.0
6,9378802.0,2.0,2.0,0.0,34.0,74.0,0.0,16.0,2.0,25.0,50.0,9.0,8.0,20.0,0.0,6.0,65.0,20.0,135.0,9.0,38.0,7.0,0.0,1.0,42.0,85.0,51.0,36.0,104.0,0.0,0.0,67.0,6.0,0.0,34.0,36.0,74.0,136.0,141.0,3.0,19.0,58.0,3.0,11.0,0.0,108.0,51.0,16.0,2.0,0.0,7.0,0.0,19.0,5.0,50.0,63.0,2.0,74.0,41.0,59.0,0.0,0.0,74.0,18.0,1.0,18.0,0.0,8.0,2.0,2.0,66.0,1.0,37.0,0.0,29.0,0.0,0.0,68.0,5.0,0.0,4.0,48.0,18.0,0.0,3.0,1.0,2.0,0.0,0.0,7.0,8.0,23.0,36.0,0.0,8.0,9.0,30.0,9.0,78.0,32.0,2.0,54.0,0.0,1.0,0.0,64.0,40.0,18.0,44.0,1.0,0.0,1.0,2.0,0.0,53.0,0.0,26.0,32.0,1.0,26.0,37.0,1.0,1.0,59.0,6.0,35.0,7.0,41.0,7.0,8.0,0.0,20.0,3.0,154.0,62.0,2.0,0.0,23.0,7.0,95.0,7.0,12.0,19.0,15.0,0.0,6.0,2.0,21.0,18.0,13.0,1.0,0.0,2.0,3.0,20.0,1.0,22.0,0.0,0.0,16.0,5.0,28.0,1.0,30.0,12.0,24.0,19.0,11.0,0.0,36.0,20.0,22.0,19.0,0.0,0.0,0.0,0.0,4.0,2.0,0.0,0.0,24.0,0.0,0.0,21.0,2.0,8.0,24.0,29.0,3.0,0.0,1.0,3.0,47.0,0.0,23.0,2.0,5.0,41.0,1.0,1.0,0.0,0.0,1.0,0.0,0.0,42.0,2.0,9.0,1.0,46.0
7,10929352.0,0.0,0.0,0.0,3.0,13.0,16.0,0.0,2.0,19.0,30.0,41.0,57.0,83.0,18.0,22.0,1785.0,119.0,93.0,537.0,305.0,11.0,32.0,10.0,49.0,724.0,37.0,9.0,73.0,2.0,103.0,228.0,9.0,40.0,16.0,50.0,11.0,40.0,73.0,191.0,250.0,86.0,13.0,15.0,4.0,42.0,96.0,56.0,19.0,2.0,114.0,11.0,17.0,23.0,1418.0,37.0,17.0,45.0,49.0,187.0,8.0,0.0,58.0,291.0,3.0,4.0,5.0,5.0,1.0,11.0,54.0,11.0,53.0,6.0,88.0,2.0,2.0,32.0,10.0,0.0,22.0,34.0,27.0,1.0,8.0,2.0,935.0,1.0,7.0,140.0,9.0,24.0,35.0,0.0,185.0,9.0,31.0,11.0,165.0,28.0,73.0,22.0,45.0,2.0,1.0,289.0,46.0,23.0,16.0,2.0,3.0,4.0,2.0,1.0,27.0,11.0,21.0,7.0,1.0,9.0,10.0,6.0,46.0,13.0,88.0,67.0,131.0,71.0,0.0,6.0,1.0,3.0,11.0,140.0,179.0,11.0,10.0,39.0,10.0,144.0,3.0,11.0,14.0,8.0,0.0,25.0,21.0,14.0,151.0,576.0,9.0,0.0,64.0,9.0,10.0,10.0,60.0,0.0,0.0,12.0,2.0,13.0,0.0,66.0,2.0,15.0,187.0,16.0,2.0,40.0,39.0,165.0,10.0,228.0,26.0,0.0,0.0,8.0,11.0,0.0,4.0,22.0,1.0,12.0,189.0,8.0,42.0,80.0,9.0,35.0,0.0,3.0,44.0,103.0,0.0,33.0,5.0,7.0,29.0,19.0,68.0,80.0,21.0,9.0,82.0,8.0,75.0,2.0,91.0,6.0,23.0
8,11277572.0,1.0,1.0,0.0,4.0,1.0,2.0,2.0,0.0,11.0,4.0,14.0,8.0,12.0,0.0,3.0,12.0,3.0,5.0,4.0,24.0,1.0,5.0,5.0,9.0,15.0,9.0,1.0,4.0,1.0,1.0,36.0,1.0,0.0,6.0,2.0,2.0,3.0,14.0,8.0,5.0,20.0,7.0,3.0,0.0,28.0,26.0,3.0,2.0,1.0,11.0,0.0,2.0,7.0,44.0,9.0,3.0,15.0,10.0,20.0,1.0,0.0,7.0,8.0,0.0,4.0,3.0,11.0,0.0,28.0,8.0,1.0,4.0,1.0,15.0,1.0,0.0,7.0,5.0,0.0,6.0,12.0,29.0,0.0,3.0,1.0,5.0,0.0,1.0,3.0,16.0,4.0,10.0,0.0,46.0,1.0,7.0,0.0,6.0,0.0,4.0,0.0,3.0,1.0,1.0,66.0,4.0,6.0,2.0,0.0,1.0,0.0,0.0,0.0,5.0,4.0,7.0,0.0,2.0,6.0,9.0,2.0,4.0,14.0,11.0,43.0,2.0,12.0,0.0,19.0,0.0,1.0,5.0,14.0,8.0,7.0,1.0,14.0,2.0,16.0,0.0,4.0,1.0,1.0,0.0,2.0,8.0,8.0,19.0,3.0,1.0,0.0,1.0,2.0,1.0,1.0,18.0,0.0,0.0,6.0,37.0,5.0,0.0,8.0,0.0,2.0,10.0,3.0,1.0,18.0,26.0,34.0,11.0,2.0,2.0,0.0,0.0,2.0,4.0,0.0,2.0,75.0,1.0,3.0,14.0,11.0,55.0,145.0,3.0,1.0,0.0,6.0,2.0,12.0,0.0,3.0,5.0,1.0,3.0,3.0,3.0,2.0,0.0,2.0,1.0,0.0,11.0,0.0,18.0,2.0,8.0
9,11564692.0,2.0,1.0,0.0,18.0,19.0,25.0,19.0,11.0,0.0,98.0,111.0,28.0,47.0,2.0,59.0,111.0,26.0,120.0,19.0,59.0,36.0,28.0,14.0,74.0,120.0,41.0,23.0,66.0,4.0,9.0,266.0,12.0,1.0,36.0,31.0,83.0,49.0,125.0,31.0,18.0,68.0,7.0,16.0,1.0,55.0,82.0,6.0,26.0,7.0,65.0,2.0,15.0,26.0,247.0,35.0,41.0,21.0,24.0,137.0,12.0,0.0,35.0,44.0,16.0,13.0,6.0,19.0,2.0,7.0,45.0,7.0,57.0,4.0,61.0,3.0,7.0,39.0,28.0,5.0,12.0,30.0,65.0,0.0,13.0,5.0,11.0,3.0,9.0,20.0,44.0,45.0,28.0,13.0,27.0,7.0,16.0,2.0,59.0,8.0,23.0,4.0,22.0,6.0,4.0,97.0,79.0,22.0,26.0,0.0,6.0,2.0,10.0,2.0,39.0,11.0,28.0,5.0,7.0,37.0,25.0,11.0,7.0,42.0,64.0,103.0,13.0,37.0,0.0,7.0,0.0,4.0,20.0,98.0,32.0,46.0,3.0,34.0,19.0,54.0,4.0,16.0,2.0,7.0,0.0,4.0,42.0,28.0,45.0,32.0,4.0,0.0,16.0,10.0,10.0,5.0,81.0,0.0,0.0,14.0,3.0,21.0,0.0,86.0,8.0,20.0,88.0,3.0,1.0,77.0,55.0,106.0,3.0,6.0,4.0,1.0,0.0,6.0,22.0,2.0,6.0,54.0,5.0,20.0,34.0,11.0,22.0,56.0,7.0,11.0,0.0,9.0,13.0,35.0,0.0,36.0,15.0,11.0,11.0,11.0,1.0,0.0,0.0,11.0,3.0,0.0,58.0,6.0,28.0,15.0,34.0
10,14799078.0,2.0,2.0,0.0,11.0,34.0,50.0,30.0,4.0,98.0,0.0,48.0,13.0,29.0,0.0,26.0,71.0,46.0,151.0,22.0,121.0,35.0,7.0,17.0,76.0,109.0,83.0,40.0,112.0,3.0,8.0,268.0,4.0,2.0,43.0,104.0,57.0,151.0,149.0,6.0,26.0,74.0,4.0,23.0,0.0,90.0,115.0,62.0,15.0,2.0,30.0,2.0,50.0,23.0,256.0,92.0,17.0,83.0,51.0,153.0,4.0,0.0,74.0,33.0,1.0,12.0,0.0,7.0,2.0,3.0,52.0,4.0,50.0,2.0,66.0,0.0,4.0,90.0,13.0,2.0,12.0,49.0,30.0,1.0,7.0,6.0,27.0,1.0,4.0,12.0,9.0,69.0,46.0,1.0,44.0,24.0,42.0,8.0,104.0,25.0,16.0,22.0,10.0,1.0,2.0,96.0,60.0,21.0,55.0,1.0,1.0,8.0,20.0,0.0,170.0,7.0,73.0,16.0,5.0,9.0,55.0,2.0,14.0,76.0,46.0,74.0,44.0,55.0,3.0,24.0,0.0,44.0,8.0,174.0,56.0,13.0,0.0,67.0,19.0,136.0,5.0,45.0,43.0,35.0,0.0,56.0,16.0,18.0,65.0,29.0,5.0,0.0,5.0,9.0,37.0,10.0,51.0,0.0,0.0,44.0,1.0,77.0,2.0,56.0,46.0,48.0,107.0,21.0,1.0,89.0,25.0,72.0,37.0,5.0,1.0,0.0,0.0,10.0,9.0,1.0,1.0,21.0,5.0,2.0,21.0,9.0,21.0,44.0,7.0,8.0,0.0,2.0,18.0,101.0,2.0,34.0,3.0,16.0,85.0,2.0,0.0,2.0,0.0,7.0,4.0,0.0,49.0,6.0,38.0,12.0,45.0
11,15139483.0,3.0,4.0,2.0,11.0,7.0,9.0,41.0,14.0,111.0,48.0,0.0,39.0,51.0,3.0,63.0,152.0,34.0,110.0,28.0,47.0,32.0,61.0,34.0,85.0,155.0,46.0,17.0,51.0,5.0,10.0,271.0,7.0,2.0,33.0,41.0,31.0,73.0,69.0,41.0,21.0,95.0,4.0,32.0,3.0,61.0,52.0,4.0,38.0,5.0,71.0,3.0,25.0,58.0,219.0,33.0,92.0,24.0,28.0,195.0,17.0,0.0,62.0,74.0,19.0,6.0,11.0,14.0,4.0,8.0,68.0,13.0,56.0,9.0,54.0,6.0,8.0,54.0,35.0,7.0,40.0,44.0,37.0,0.0,11.0,5.0,3.0,1.0,17.0,26.0,23.0,78.0,43.0,7.0,8.0,11.0,29.0,11.0,92.0,5.0,55.0,0.0,33.0,6.0,6.0,141.0,43.0,42.0,23.0,0.0,10.0,2.0,11.0,2.0,72.0,24.0,31.0,1.0,14.0,38.0,42.0,26.0,2.0,29.0,65.0,104.0,9.0,50.0,1.0,13.0,0.0,6.0,28.0,83.0,46.0,39.0,8.0,63.0,30.0,87.0,9.0,17.0,4.0,10.0,0.0,3.0,58.0,13.0,63.0,48.0,11.0,0.0,21.0,9.0,26.0,12.0,120.0,0.0,0.0,36.0,3.0,32.0,0.0,105.0,8.0,16.0,92.0,1.0,3.0,76.0,51.0,92.0,4.0,13.0,13.0,1.0,0.0,17.0,22.0,0.0,8.0,43.0,10.0,35.0,47.0,23.0,22.0,153.0,4.0,11.0,0.0,7.0,10.0,47.0,0.0,22.0,8.0,20.0,21.0,33.0,0.0,0.0,0.0,23.0,2.0,0.0,58.0,16.0,19.0,29.0,47.0
12,15361984.0,3.0,2.0,2.0,4.0,0.0,8.0,57.0,8.0,28.0,13.0,39.0,0.0,57.0,16.0,31.0,110.0,25.0,48.0,17.0,66.0,17.0,25.0,88.0,27.0,91.0,42.0,2.0,25.0,5.0,35.0,83.0,4.0,1.0,19.0,16.0,5.0,29.0,39.0,43.0,19.0,50.0,6.0,18.0,3.0,46.0,45.0,8.0,26.0,5.0,47.0,0.0,23.0,13.0,194.0,9.0,58.0,12.0,14.0,78.0,13.0,0.0,13.0,38.0,3.0,2.0,17.0,10.0,3.0,6.0,45.0,9.0,45.0,6.0,25.0,5.0,16.0,33.0,12.0,2.0,19.0,17.0,39.0,0.0,8.0,2.0,19.0,3.0,15.0,7.0,13.0,29.0,17.0,0.0,18.0,9.0,28.0,2.0,53.0,2.0,100.0,2.0,53.0,6.0,1.0,50.0,33.0,17.0,19.0,0.0,8.0,3.0,11.0,1.0,30.0,43.0,29.0,0.0,20.0,18.0,11.0,24.0,8.0,15.0,64.0,65.0,4.0,22.0,1.0,8.0,0.0,4.0,25.0,72.0,24.0,22.0,8.0,53.0,4.0,66.0,4.0,12.0,3.0,5.0,0.0,5.0,99.0,15.0,59.0,40.0,6.0,0.0,12.0,3.0,5.0,11.0,53.0,0.0,0.0,24.0,3.0,15.0,0.0,115.0,2.0,12.0,107.0,2.0,4.0,70.0,69.0,45.0,4.0,11.0,22.0,0.0,0.0,10.0,12.0,0.0,7.0,7.0,10.0,23.0,89.0,20.0,12.0,30.0,3.0,9.0,0.0,3.0,32.0,30.0,1.0,18.0,9.0,7.0,9.0,19.0,4.0,3.0,2.0,13.0,3.0,1.0,27.0,2.0,20.0,29.0,18.0
13,15893984.0,42.0,30.0,3.0,4.0,14.0,20.0,83.0,12.0,47.0,29.0,51.0,57.0,0.0,4.0,38.0,262.0,22.0,67.0,33.0,80.0,42.0,37.0,19.0,84.0,301.0,67.0,35.0,86.0,11.0,21.0,216.0,230.0,16.0,43.0,44.0,21.0,73.0,103.0,29.0,50.0,140.0,6.0,23.0,4.0,63.0,105.0,13.0,34.0,3.0,229.0,0.0,26.0,28.0,131.0,47.0,62.0,65.0,54.0,188.0,10.0,0.0,66.0,110.0,9.0,16.0,10.0,38.0,0.0,12.0,117.0,13.0,57.0,11.0,178.0,9.0,3.0,46.0,50.0,5.0,37.0,67.0,64.0,2.0,6.0,2.0,18.0,2.0,16.0,35.0,105.0,53.0,38.0,3.0,35.0,25.0,30.0,3.0,172.0,7.0,43.0,6.0,31.0,2.0,3.0,172.0,76.0,45.0,58.0,1.0,6.0,4.0,16.0,6.0,55.0,20.0,72.0,6.0,8.0,25.0,32.0,15.0,2.0,41.0,86.0,132.0,19.0,50.0,1.0,17.0,0.0,9.0,34.0,209.0,87.0,28.0,8.0,101.0,8.0,193.0,10.0,46.0,9.0,10.0,0.0,3.0,47.0,10.0,138.0,45.0,10.0,0.0,314.0,6.0,15.0,13.0,146.0,0.0,0.0,49.0,3.0,37.0,0.0,113.0,8.0,26.0,108.0,10.0,6.0,121.0,71.0,183.0,23.0,21.0,9.0,1.0,0.0,16.0,17.0,0.0,9.0,33.0,11.0,36.0,90.0,49.0,25.0,71.0,3.0,12.0,0.0,2.0,18.0,85.0,0.0,40.0,7.0,22.0,44.0,34.0,4.0,4.0,0.0,61.0,6.0,0.0,332.0,1.0,33.0,9.0,61.0
14,16205428.0,0.0,0.0,0.0,0.0,0.0,0.0,18.0,0.0,2.0,0.0,3.0,16.0,4.0,0.0,3.0,29.0,3.0,5.0,28.0,8.0,1.0,3.0,5.0,1.0,13.0,2.0,0.0,1.0,0.0,3.0,8.0,1.0,1.0,1.0,0.0,1.0,1.0,4.0,6.0,1.0,5.0,1.0,2.0,0.0,1.0,1.0,1.0,3.0,1.0,3.0,0.0,2.0,0.0,26.0,0.0,8.0,0.0,1.0,6.0,0.0,0.0,1.0,5.0,1.0,0.0,1.0,0.0,0.0,0.0,3.0,0.0,2.0,0.0,2.0,0.0,4.0,2.0,0.0,1.0,3.0,0.0,3.0,0.0,1.0,0.0,3.0,0.0,2.0,13.0,1.0,0.0,0.0,0.0,0.0,0.0,0.0,0.0,5.0,0.0,37.0,0.0,4.0,0.0,0.0,3.0,0.0,3.0,3.0,0.0,0.0,0.0,1.0,0.0,2.0,5.0,1.0,0.0,1.0,1.0,0.0,2.0,1.0,1.0,4.0,2.0,0.0,0.0,0.0,0.0,0.0,0.0,4.0,5.0,2.0,0.0,1.0,4.0,0.0,10.0,0.0,1.0,0.0,0.0,0.0,0.0,13.0,1.0,4.0,6.0,0.0,0.0,2.0,0.0,0.0,0.0,5.0,0.0,0.0,1.0,0.0,0.0,0.0,12.0,0.0,0.0,9.0,0.0,0.0,1.0,6.0,7.0,0.0,1.0,0.0,0.0,0.0,0.0,1.0,0.0,2.0,1.0,1.0,1.0,8.0,0.0,0.0,1.0,0.0,3.0,0.0,0.0,2.0,0.0,0.0,3.0,0.0,0.0,1.0,5.0,0.0,1.0,0.0,0.0,0.0,0.0,1.0,0.0,0.0,0.0,0.0
15,16229885.0,2.0,2.0,1.0,3.0,4.0,6.0,22.0,3.0,59.0,26.0,63.0,31.0,38.0,3.0,0.0,110.0,13.0,62.0,11.0,42.0,19.0,28.0,42.0,46.0,129.0,40.0,4.0,32.0,3.0,14.0,134.0,2.0,2.0,27.0,16.0,25.0,43.0,226.0,20.0,17.0,41.0,13.0,16.0,9.0,51.0,150.0,5.0,35.0,1.0,21.0,1.0,18.0,22.0,181.0,22.0,43.0,16.0,15.0,77.0,7.0,0.0,27.0,34.0,29.0,1.0,8.0,8.0,2.0,4.0,43.0,6.0,71.0,4.0,19.0,4.0,2.0,30.0,14.0,1.0,16.0,26.0,33.0,1.0,6.0,3.0,0.0,3.0,10.0,5.0,12.0,33.0,20.0,12.0,5.0,8.0,18.0,3.0,54.0,65.0,39.0,6.0,25.0,7.0,0.0,69.0,215.0,27.0,20.0,0.0,7.0,0.0,11.0,1.0,26.0,25.0,17.0,2.0,9.0,16.0,19.0,19.0,1.0,22.0,57.0,55.0,6.0,37.0,1.0,5.0,0.0,7.0,20.0,153.0,28.0,21.0,6.0,33.0,15.0,53.0,7.0,9.0,2.0,5.0,0.0,0.0,62.0,18.0,51.0,28.0,7.0,0.0,4.0,7.0,5.0,8.0,65.0,0.0,0.0,21.0,0.0,20.0,1.0,89.0,3.0,15.0,107.0,2.0,2.0,63.0,46.0,45.0,6.0,7.0,6.0,1.0,0.0,12.0,11.0,0.0,5.0,12.0,8.0,36.0,32.0,11.0,7.0,17.0,3.0,3.0,0.0,5.0,13.0,21.0,0.0,32.0,8.0,12.0,13.0,21.0,2.0,1.0,0.0,8.0,0.0,0.0,39.0,3.0,17.0,11.0,23.0
16,16330790.0,17.0,16.0,2.0,11.0,44.0,65.0,1785.0,12.0,111.0,71.0,152.0,110.0,262.0,29.0,110.0,0.0,60.0,335.0,658.0,212.0,53.0,72.0,55.0,276.0,1843.0,224.0,62.0,270.0,8.0,132.0,604.0,61.0,9.0,105.0,203.0,59.0,210.0,319.0,74.0,76.0,297.0,8.0,54.0,10.0,208.0,188.0,28.0,62.0,5.0,103.0,14.0,93.0,78.0,354.0,125.0,115.0,217.0,193.0,400.0,17.0,0.0,203.0,327.0,21.0,29.0,17.0,38.0,5.0,27.0,235.0,20.0,217.0,16.0,87.0,10.0,9.0,173.0,43.0,7.0,113.0,144.0,128.0,4.0,15.0,9.0,22.0,3.0,21.0,153.0,52.0,124.0,104.0,8.0,32.0,31.0,104.0,31.0,453.0,93.0,131.0,73.0,78.0,11.0,3.0,782.0,198.0,107.0,89.0,1.0,12.0,11.0,30.0,4.0,133.0,31.0,108.0,57.0,12.0,48.0,65.0,52.0,11.0,129.0,231.0,251.0,23.0,259.0,3.0,44.0,1.0,36.0,68.0,565.0,405.0,52.0,9.0,240.0,26.0,551.0,23.0,62.0,66.0,46.0,0.0,10.0,124.0,35.0,208.0,691.0,13.0,0.0,133.0,37.0,59.0,23.0,237.0,0.0,0.0,89.0,15.0,82.0,1.0,313.0,29.0,71.0,298.0,29.0,7.0,226.0,118.0,278.0,69.0,305.0,14.0,2.0,0.0,32.0,29.0,0.0,11.0,72.0,14.0,73.0,455.0,46.0,67.0,110.0,10.0,33.0,0.0,7.0,34.0,251.0,3.0,93.0,13.0,33.0,131.0,85.0,4.0,4.0,3.0,48.0,4.0,2.0,194.0,13.0,42.0,29.0,149.0
17,16542687.0,1.0,1.0,0.0,8.0,12.0,20.0,119.0,3.0,26.0,46.0,34.0,25.0,22.0,3.0,13.0,60.0,0.0,86.0,16.0,71.0,6.0,9.0,5.0,32.0,78.0,21.0,8.0,40.0,2.0,4.0,95.0,2.0,2.0,13.0,21.0,23.0,75.0,34.0,24.0,19.0,47.0,3.0,62.0,2.0,56.0,21.0,10.0,7.0,2.0,73.0,1.0,12.0,9.0,137.0,81.0,13.0,24.0,20.0,130.0,1.0,0.0,39.0,46.0,5.0,8.0,4.0,8.0,3.0,6.0,37.0,4.0,22.0,1.0,55.0,2.0,1.0,30.0,8.0,1.0,8.0,25.0,12.0,1.0,20.0,3.0,41.0,0.0,2.0,15.0,11.0,14.0,33.0,1.0,44.0,3.0,30.0,13.0,50.0,5.0,14.0,25.0,9.0,0.0,0.0,56.0,20.0,13.0,23.0,1.0,2.0,5.0,2.0,1.0,45.0,3.0,9.0,6.0,0.0,6.0,50.0,2.0,14.0,21.0,16.0,37.0,27.0,25.0,0.0,3.0,0.0,3.0,6.0,51.0,61.0,5.0,2.0,26.0,7.0,53.0,3.0,9.0,9.0,7.0,0.0,8.0,9.0,17.0,42.0,27.0,3.0,0.0,7.0,9.0,5.0,6.0,32.0,0.0,0.0,7.0,1.0,20.0,1.0,24.0,4.0,9.0,27.0,10.0,1.0,29.0,15.0,35.0,2.0,5.0,7.0,0.0,0.0,6.0,5.0,0.0,1.0,12.0,0.0,4.0,16.0,7.0,13.0,22.0,1.0,10.0,0.0,1.0,8.0,24.0,0.0,19.0,4.0,5.0,12.0,5.0,6.0,3.0,1.0,5.0,9.0,0.0,23.0,6.0,32.0,3.0,15.0
18,16871096.0,8.0,8.0,1.0,32.0,75.0,135.0,93.0,5.0,120.0,151.0,110.0,48.0,67.0,5.0,62.0,335.0,86.0,0.0,65.0,126.0,34.0,38.0,18.0,315.0,435.0,182.0,89.0,206.0,3.0,12.0,484.0,14.0,0.0,98.0,143.0,194.0,294.0,320.0,31.0,47.0,194.0,11.0,46.0,1.0,143.0,113.0,24.0,28.0,3.0,49.0,0.0,81.0,40.0,240.0,138.0,58.0,164.0,176.0,333.0,16.0,0.0,245.0,116.0,17.0,20.0,11.0,16.0,2.0,12.0,157.0,9.0,179.0,6.0,87.0,5.0,6.0,185.0,30.0,2.0,87.0,92.0,60.0,4.0,9.0,13.0,7.0,0.0,7.0,46.0,27.0,93.0,103.0,1.0,24.0,20.0,71.0,23.0,283.0,147.0,27.0,62.0,30.0,10.0,2.0,285.0,104.0,64.0,113.0,1.0,5.0,20.0,35.0,2.0,198.0,16.0,94.0,38.0,10.0,21.0,118.0,13.0,9.0,113.0,77.0,173.0,42.0,152.0,1.0,30.0,0.0,30.0,40.0,343.0,161.0,41.0,6.0,163.0,42.0,277.0,23.0,39.0,59.0,51.0,0.0,15.0,52.0,29.0,115.0,92.0,7.0,0.0,9.0,19.0,59.0,31.0,158.0,0.0,0.0,73.0,5.0,65.0,2.0,147.0,53.0,93.0,137.0,37.0,3.0,142.0,75.0,107.0,41.0,20.0,8.0,2.0,5.0,41.0,15.0,0.0,4.0,49.0,3.0,34.0,98.0,28.0,40.0,69.0,12.0,11.0,0.0,7.0,13.0,149.0,7.0,44.0,9.0,29.0,136.0,48.0,2.0,0.0,1.0,16.0,1.0,0.0,71.0,22.0,46.0,16.0,112.0
19,17125133.0,1.0,1.0,0.0,0.0,5.0,9.0,537.0,4.0,19.0,22.0,28.0,17.0,33.0,28.0,11.0,658.0,16.0,65.0,0.0,41.0,10.0,22.0,2.0,64.0,502.0,51.0,4.0,55.0,1.0,19.0,154.0,8.0,3.0,16.0,49.0,19.0,61.0,62.0,38.0,14.0,87.0,2.0,19.0,2.0,30.0,33.0,12.0,4.0,2.0,24.0,9.0,14.0,20.0,84.0,43.0,17.0,79.0,54.0,106.0,7.0,0.0,59.0,118.0,4.0,1.0,4.0,1.0,0.0,6.0,65.0,6.0,39.0,3.0,16.0,1.0,2.0,42.0,6.0,0.0,54.0,27.0,14.0,0.0,2.0,0.0,10.0,0.0,5.0,121.0,8.0,25.0,36.0,2.0,9.0,15.0,14.0,6.0,180.0,29.0,15.0,16.0,8.0,0.0,1.0,203.0,41.0,25.0,21.0,0.0,4.0,2.0,2.0,0.0,37.0,6.0,27.0,15.0,1.0,13.0,10.0,10.0,6.0,23.0,24.0,54.0,10.0,69.0,1.0,4.0,0.0,11.0,20.0,106.0,148.0,13.0,3.0,60.0,7.0,199.0,4.0,14.0,25.0,12.0,0.0,7.0,14.0,2.0,50.0,371.0,3.0,0.0,29.0,11.0,8.0,3.0,57.0,0.0,0.0,27.0,3.0,11.0,0.0,68.0,7.0,19.0,51.0,5.0,3.0,37.0,60.0,81.0,25.0,199.0,3.0,0.0,0.0,6.0,5.0,0.0,4.0,10.0,1.0,16.0,172.0,7.0,14.0,40.0,1.0,8.0,0.0,4.0,0.0,96.0,0.0,11.0,3.0,5.0,41.0,30.0,3.0,6.0,2.0,13.0,7.0,0.0,35.0,4.0,12.0,6.0,34.0
20,17497747.0,1.0,1.0,0.0,16.0,35.0,38.0,305.0,24.0,59.0,121.0,47.0,66.0,80.0,8.0,42.0,212.0,71.0,126.0,41.0,0.0,26.0,27.0,30.0,90.0,217.0,79.0,32.0,107.0,3.0,7.0,294.0,5.0,12.0,32.0,60.0,30.0,110.0,193.0,46.0,106.0,115.0,36.0,35.0,3.0,270.0,216.0,97.0,18.0,6.0,86.0,1.0,44.0,21.0,620.0,105.0,33.0,48.0,67.0,246.0,9.0,0.0,59.0,147.0,11.0,44.0,6.0,65.0,2.0,16.0,79.0,12.0,56.0,6.0,156.0,5.0,2.0,73.0,25.0,0.0,25.0,70.0,161.0,3.0,8.0,6.0,220.0,2.0,10.0,13.0,73.0,50.0,85.0,1.0,275.0,13.0,69.0,7.0,104.0,31.0,42.0,31.0,35.0,4.0,1.0,225.0,99.0,42.0,43.0,2.0,5.0,8.0,15.0,3.0,88.0,19.0,56.0,18.0,8.0,24.0,78.0,11.0,47.0,92.0,201.0,147.0,58.0,91.0,0.0,38.0,0.0,10.0,27.0,228.0,88.0,17.0,9.0,89.0,18.0,129.0,8.0,21.0,28.0,19.0,0.0,51.0,35.0,50.0,152.0,86.0,9.0,0.0,16.0,13.0,11.0,12.0,99.0,0.0,0.0,45.0,8.0,26.0,0.0,109.0,21.0,28.0,458.0,16.0,4.0,160.0,125.0,237.0,22.0,9.0,6.0,2.0,0.0,18.0,9.0,0.0,5.0,65.0,8.0,29.0,86.0,17.0,123.0,182.0,18.0,15.0,0.0,19.0,142.0,98.0,1.0,58.0,18.0,15.0,50.0,25.0,21.0,20.0,10.0,11.0,37.0,1.0,88.0,7.0,183.0,16.0,62.0
21,17738439.0,4.0,5.0,3.0,1.0,12.0,7.0,11.0,1.0,36.0,35.0,32.0,17.0,42.0,1.0,19.0,53.0,6.0,34.0,10.0,26.0,0.0,19.0,8.0,32.0,79.0,55.0,21.0,66.0,6.0,3.0,54.0,11.0,3.0,35.0,20.0,13.0,60.0,39.0,18.0,21.0,73.0,1.0,28.0,2.0,41.0,38.0,15.0,10.0,4.0,45.0,1.0,30.0,15.0,46.0,29.0,34.0,76.0,30.0,71.0,13.0,0.0,36.0,46.0,6.0,6.0,10.0,9.0,2.0,5.0,66.0,6.0,27.0,5.0,26.0,6.0,1.0,51.0,14.0,0.0,15.0,42.0,22.0,1.0,4.0,6.0,2.0,0.0,9.0,9.0,23.0,90.0,25.0,6.0,2.0,13.0,35.0,1.0,40.0,2.0,15.0,13.0,6.0,1.0,2.0,59.0,27.0,39.0,36.0,0.0,8.0,5.0,11.0,5.0,69.0,11.0,54.0,20.0,4.0,24.0,29.0,10.0,0.0,39.0,23.0,62.0,9.0,38.0,2.0,9.0,0.0,55.0,34.0,128.0,39.0,19.0,8.0,58.0,8.0,78.0,13.0,33.0,22.0,28.0,0.0,20.0,27.0,7.0,40.0,15.0,10.0,0.0,12.0,7.0,13.0,14.0,41.0,0.0,0.0,42.0,2.0,49.0,0.0,39.0,17.0,26.0,30.0,7.0,2.0,56.0,22.0,37.0,13.0,8.0,9.0,2.0,1.0,16.0,19.0,0.0,6.0,18.0,1.0,15.0,22.0,17.0,16.0,22.0,6.0,4.0,0.0,3.0,6.0,44.0,2.0,13.0,8.0,20.0,38.0,15.0,1.0,2.0,0.0,20.0,2.0,0.0,25.0,1.0,11.0,10.0,49.0
22,17758501.0,3.0,1.0,1.0,2.0,0.0,0.0,32.0,5.0,28.0,7.0,61.0,25.0,37.0,3.0,28.0,72.0,9.0,38.0,22.0,27.0,19.0,0.0,6.0,42.0,93.0,29.0,3.0,24.0,4.0,3.0,103.0,3.0,2.0,25.0,17.0,8.0,30.0,23.0,38.0,16.0,56.0,2.0,21.0,1.0,12.0,23.0,3.0,10.0,2.0,27.0,2.0,10.0,78.0,94.0,16.0,38.0,17.0,20.0,84.0,12.0,0.0,45.0,71.0,11.0,0.0,11.0,4.0,1.0,8.0,45.0,9.0,24.0,8.0,17.0,4.0,3.0,28.0,15.0,2.0,29.0,21.0,17.0,1.0,4.0,2.0,8.0,0.0,11.0,31.0,16.0,31.0,21.0,4.0,6.0,12.0,16.0,5.0,55.0,0.0,24.0,0.0,13.0,1.0,5.0,71.0,23.0,37.0,12.0,0.0,11.0,0.0,3.0,1.0,22.0,13.0,22.0,0.0,4.0,23.0,12.0,21.0,3.0,15.0,38.0,60.0,7.0,37.0,1.0,10.0,0.0,4.0,35.0,56.0,42.0,31.0,5.0,46.0,7.0,74.0,5.0,16.0,1.0,5.0,0.0,0.0,33.0,2.0,45.0,28.0,7.0,0.0,14.0,4.0,6.0,9.0,69.0,0.0,0.0,23.0,0.0,13.0,0.0,48.0,0.0,13.0,42.0,0.0,4.0,42.0,43.0,96.0,2.0,8.0,9.0,1.0,0.0,11.0,14.0,0.0,8.0,22.0,2.0,31.0,44.0,16.0,8.0,33.0,2.0,10.0,0.0,3.0,5.0,27.0,0.0,6.0,8.0,11.0,10.0,28.0,3.0,1.0,2.0,13.0,5.0,0.0,42.0,1.0,12.0,5.0,27.0
23,17768370.0,1.0,2.0,0.0,3.0,0.0,1.0,10.0,5.0,14.0,17.0,34.0,88.0,19.0,5.0,42.0,55.0,5.0,18.0,2.0,30.0,8.0,6.0,0.0,7.0,44.0,15.0,0.0,17.0,9.0,38.0,38.0,4.0,0.0,6.0,12.0,2.0,10.0,41.0,19.0,9.0,16.0,9.0,9.0,1.0,54.0,47.0,3.0,28.0,5.0,30.0,1.0,21.0,3.0,95.0,3.0,37.0,11.0,10.0,31.0,7.0,0.0,6.0,13.0,2.0,0.0,6.0,2.0,2.0,4.0,20.0,4.0,29.0,2.0,14.0,1.0,15.0,23.0,9.0,0.0,6.0,11.0,37.0,0.0,4.0,1.0,1.0,0.0,15.0,4.0,7.0,14.0,7.0,1.0,4.0,9.0,18.0,0.0,29.0,2.0,57.0,1.0,35.0,7.0,1.0,27.0,32.0,9.0,4.0,0.0,3.0,2.0,10.0,0.0,14.0,57.0,18.0,0.0,14.0,14.0,6.0,32.0,4.0,22.0,41.0,54.0,3.0,12.0,0.0,2.0,0.0,0.0,5.0,76.0,3.0,11.0,4.0,17.0,2.0,18.0,1.0,4.0,1.0,2.0,0.0,1.0,130.0,23.0,28.0,24.0,6.0,0.0,6.0,2.0,4.0,5.0,26.0,0.0,0.0,12.0,0.0,10.0,0.0,80.0,1.0,4.0,131.0,1.0,3.0,50.0,21.0,15.0,1.0,4.0,8.0,0.0,0.0,6.0,9.0,0.0,4.0,4.0,13.0,8.0,15.0,8.0,7.0,12.0,3.0,5.0,0.0,8.0,17.0,11.0,0.0,20.0,9.0,3.0,5.0,8.0,0.0,0.0,0.0,8.0,0.0,0.0,12.0,0.0,9.0,19.0,5.0
24,17839398.0,4.0,5.0,1.0,8.0,27.0,42.0,49.0,9.0,74.0,76.0,85.0,27.0,84.0,1.0,46.0,276.0,32.0,315.0,64.0,90.0,32.0,42.0,7.0,0.0,363.0,129.0,55.0,165.0,2.0,13.0,471.0,9.0,2.0,75.0,163.0,56.0,185.0,182.0,19.0,50.0,179.0,4.0,36.0,3.0,93.0,80.0,13.0,30.0,2.0,43.0,0.0,45.0,69.0,126.0,130.0,43.0,125.0,146.0,231.0,7.0,0.0,203.0,128.0,11.0,12.0,7.0,19.0,3.0,9.0,137.0,8.0,111.0,7.0,65.0,4.0,2.0,134.0,26.0,4.0,53.0,85.0,62.0,2.0,14.0,5.0,2.0,0.0,6.0,27.0,30.0,75.0,82.0,6.0,16.0,20.0,40.0,36.0,252.0,66.0,18.0,32.0,14.0,5.0,1.0,271.0,104.0,73.0,78.0,0.0,5.0,7.0,15.0,1.0,125.0,11.0,59.0,43.0,6.0,26.0,55.0,12.0,2.0,92.0,80.0,157.0,17.0,141.0,3.0,25.0,0.0,27.0,29.0,290.0,161.0,32.0,3.0,113.0,17.0,223.0,22.0,36.0,40.0,35.0,0.0,2.0,30.0,12.0,113.0,70.0,9.0,0.0,16.0,18.0,64.0,14.0,153.0,0.0,0.0,49.0,5.0,46.0,1.0,117.0,29.0,58.0,117.0,16.0,3.0,123.0,57.0,130.0,52.0,16.0,5.0,1.0,1.0,17.0,16.0,0.0,3.0,45.0,8.0,24.0,64.0,22.0,25.0,69.0,5.0,10.0,0.0,4.0,14.0,122.0,3.0,56.0,9.0,19.0,88.0,36.0,1.0,1.0,0.0,13.0,1.0,0.0,86.0,14.0,32.0,12.0,93.0
25,18101696.0,32.0,27.0,2.0,10.0,49.0,85.0,724.0,15.0,120.0,109.0,155.0,91.0,301.0,13.0,129.0,1843.0,78.0,435.0,502.0,217.0,79.0,93.0,44.0,363.0,0.0,307.0,105.0,422.0,7.0,74.0,808.0,80.0,9.0,148.0,317.0,91.0,354.0,483.0,62.0,109.0,422.0,2.0,72.0,7.0,236.0,220.0,43.0,76.0,6.0,107.0,7.0,105.0,111.0,357.0,170.0,125.0,422.0,382.0,530.0,19.0,0.0,369.0,383.0,25.0,25.0,17.0,31.0,7.0,27.0,468.0,18.0,246.0,18.0,93.0,10.0,6.0,232.0,56.0,10.0,153.0,214.0,144.0,3.0,15.0,13.0,4.0,1.0,22.0,116.0,49.0,158.0,120.0,24.0,12.0,44.0,112.0,53.0,717.0,132.0,83.0,111.0,77.0,11.0,4.0,779.0,296.0,163.0,152.0,0.0,13.0,17.0,29.0,4.0,171.0,30.0,151.0,144.0,17.0,57.0,97.0,39.0,5.0,205.0,298.0,344.0,33.0,278.0,8.0,40.0,0.0,66.0,86.0,803.0,622.0,56.0,9.0,299.0,22.0,736.0,32.0,85.0,100.0,72.0,0.0,15.0,92.0,28.0,277.0,376.0,14.0,0.0,120.0,41.0,97.0,33.0,342.0,0.0,0.0,122.0,13.0,113.0,4.0,365.0,56.0,116.0,460.0,50.0,7.0,323.0,134.0,372.0,112.0,172.0,10.0,2.0,0.0,40.0,43.0,0.0,11.0,128.0,13.0,96.0,368.0,58.0,46.0,132.0,8.0,46.0,0.0,7.0,31.0,314.0,3.0,169.0,12.0,34.0,249.0,104.0,2.0,2.0,1.0,47.0,1.0,0.0,279.0,13.0,37.0,21.0,202.0
26,18525043.0,7.0,5.0,1.0,12.0,49.0,51.0,37.0,9.0,41.0,83.0,46.0,42.0,67.0,2.0,40.0,224.0,21.0,182.0,51.0,79.0,55.0,29.0,15.0,129.0,307.0,0.0,126.0,266.0,2.0,4.0,222.0,8.0,1.0,138.0,141.0,41.0,297.0,227.0,29.0,49.0,188.0,8.0,48.0,1.0,132.0,94.0,15.0,19.0,3.0,29.0,0.0,272.0,19.0,92.0,98.0,40.0,195.0,280.0,133.0,9.0,0.0,165.0,84.0,11.0,52.0,12.0,26.0,11.0,10.0,140.0,7.0,91.0,10.0,49.0,6.0,3.0,250.0,37.0,1.0,45.0,149.0,77.0,0.0,7.0,33.0,0.0,1.0,10.0,24.0,25.0,87.0,96.0,2.0,11.0,38.0,100.0,11.0,140.0,40.0,29.0,55.0,21.0,2.0,4.0,201.0,55.0,74.0,159.0,2.0,7.0,69.0,71.0,5.0,149.0,13.0,139.0,42.0,5.0,18.0,40.0,16.0,8.0,174.0,56.0,129.0,39.0,156.0,4.0,54.0,3.0,45.0,75.0,323.0,163.0,26.0,4.0,365.0,12.0,382.0,18.0,41.0,215.0,187.0,0.0,10.0,50.0,22.0,110.0,77.0,8.0,0.0,6.0,16.0,53.0,87.0,86.0,0.0,0.0,97.0,8.0,79.0,13.0,118.0,155.0,171.0,100.0,74.0,3.0,295.0,48.0,95.0,109.0,20.0,6.0,4.0,7.0,68.0,28.0,0.0,6.0,52.0,4.0,26.0,83.0,32.0,30.0,58.0,8.0,22.0,0.0,6.0,12.0,361.0,15.0,52.0,13.0,61.0,330.0,36.0,0.0,0.0,1.0,18.0,0.0,0.0,59.0,13.0,27.0,6.0,129.0
27,18529435.0,3.0,3.0,0.0,11.0,35.0,36.0,9.0,1.0,23.0,40.0,17.0,2.0,35.0,0.0,4.0,62.0,8.0,89.0,4.0,32.0,21.0,3.0,0.0,55.0,105.0,126.0,0.0,148.0,1.0,0.0,102.0,5.0,4.0,72.0,80.0,48.0,124.0,76.0,0.0,23.0,85.0,0.0,14.0,0.0,66.0,34.0,6.0,3.0,0.0,29.0,0.0,70.0,11.0,26.0,47.0,4.0,81.0,144.0,54.0,1.0,0.0,101.0,32.0,1.0,18.0,0.0,12.0,5.0,4.0,66.0,3.0,25.0,1.0,40.0,1.0,0.0,111.0,7.0,0.0,10.0,68.0,34.0,1.0,1.0,15.0,1.0,0.0,0.0,9.0,21.0,21.0,51.0,1.0,9.0,9.0,40.0,6.0,72.0,15.0,0.0,32.0,1.0,0.0,0.0,106.0,21.0,23.0,96.0,1.0,0.0,16.0,19.0,0.0,71.0,1.0,32.0,32.0,1.0,0.0,40.0,0.0,0.0,80.0,1.0,57.0,12.0,69.0,2.0,27.0,0.0,7.0,24.0,120.0,65.0,1.0,0.0,101.0,7.0,109.0,10.0,11.0,69.0,64.0,0.0,1.0,3.0,9.0,32.0,18.0,1.0,0.0,13.0,6.0,47.0,26.0,26.0,0.0,0.0,26.0,7.0,18.0,1.0,15.0,63.0,45.0,14.0,26.0,0.0,107.0,4.0,40.0,42.0,6.0,0.0,3.0,0.0,30.0,8.0,0.0,0.0,53.0,0.0,0.0,15.0,14.0,17.0,34.0,6.0,6.0,0.0,0.0,1.0,97.0,3.0,29.0,0.0,20.0,119.0,4.0,0.0,0.0,0.0,5.0,0.0,0.0,38.0,7.0,9.0,2.0,52.0
28,18725815.0,1.0,3.0,0.0,20.0,125.0,104.0,73.0,4.0,66.0,112.0,51.0,25.0,86.0,1.0,32.0,270.0,40.0,206.0,55.0,107.0,66.0,24.0,17.0,165.0,422.0,266.0,148.0,0.0,4.0,11.0,267.0,8.0,2.0,116.0,142.0,95.0,340.0,382.0,15.0,69.0,259.0,9.0,28.0,0.0,269.0,139.0,43.0,19.0,0.0,33.0,1.0,112.0,32.0,128.0,136.0,21.0,237.0,245.0,187.0,4.0,0.0,210.0,120.0,10.0,52.0,7.0,28.0,17.0,13.0,309.0,6.0,106.0,5.0,75.0,2.0,3.0,214.0,49.0,2.0,37.0,260.0,116.0,5.0,10.0,18.0,6.0,1.0,0.0,23.0,39.0,107.0,102.0,1.0,28.0,24.0,130.0,14.0,253.0,49.0,17.0,105.0,15.0,1.0,10.0,242.0,99.0,113.0,159.0,4.0,0.0,28.0,31.0,0.0,158.0,6.0,85.0,125.0,1.0,20.0,133.0,13.0,9.0,204.0,54.0,258.0,34.0,158.0,11.0,44.0,8.0,52.0,99.0,552.0,262.0,15.0,1.0,179.0,7.0,284.0,20.0,37.0,109.0,120.0,0.0,19.0,32.0,34.0,101.0,69.0,1.0,0.0,15.0,17.0,81.0,29.0,94.0,0.0,0.0,55.0,11.0,71.0,8.0,94.0,85.0,94.0,145.0,57.0,1.0,199.0,39.0,135.0,69.0,15.0,2.0,3.0,2.0,37.0,32.0,0.0,2.0,85.0,4.0,12.0,59.0,16.0,43.0,101.0,11.0,33.0,0.0,4.0,12.0,218.0,4.0,86.0,9.0,27.0,193.0,23.0,4.0,2.0,2.0,13.0,4.0,1.0,82.0,4.0,37.0,5.0,129.0
29,19423907.0,3.0,2.0,0.0,0.0,1.0,0.0,2.0,1.0,4.0,3.0,5.0,5.0,11.0,0.0,3.0,8.0,2.0,3.0,1.0,3.0,6.0,4.0,9.0,2.0,7.0,2.0,1.0,4.0,0.0,2.0,4.0,8.0,5.0,3.0,2.0,3.0,4.0,3.0,3.0,2.0,7.0,0.0,2.0,1.0,5.0,10.0,1.0,4.0,2.0,29.0,1.0,2.0,2.0,9.0,2.0,13.0,3.0,2.0,7.0,3.0,0.0,1.0,6.0,0.0,0.0,1.0,1.0,0.0,1.0,4.0,1.0,3.0,1.0,9.0,1.0,2.0,3.0,0.0,0.0,1.0,4.0,4.0,0.0,2.0,0.0,4.0,0.0,3.0,1.0,8.0,4.0,2.0,2.0,2.0,1.0,2.0,1.0,9.0,0.0,8.0,0.0,4.0,0.0,1.0,5.0,10.0,3.0,1.0,0.0,1.0,0.0,3.0,0.0,2.0,3.0,4.0,0.0,2.0,5.0,2.0,4.0,0.0,3.0,8.0,6.0,2.0,2.0,0.0,1.0,0.0,0.0,2.0,13.0,1.0,4.0,1.0,5.0,1.0,9.0,0.0,1.0,0.0,0.0,0.0,0.0,10.0,6.0,8.0,2.0,3.0,0.0,11.0,1.0,1.0,1.0,6.0,0.0,0.0,3.0,0.0,1.0,0.0,7.0,0.0,2.0,14.0,0.0,1.0,8.0,2.0,7.0,0.0,1.0,3.0,0.0,0.0,2.0,5.0,0.0,2.0,0.0,1.0,2.0,4.0,6.0,0.0,1.0,0.0,1.0,0.0,0.0,3.0,3.0,0.0,3.0,1.0,1.0,1.0,2.0,0.0,0.0,0.0,7.0,0.0,0.0,10.0,0.0,2.0,5.0,2.0
30,19719446.0,0.0,0.0,0.0,0.0,0.0,0.0,103.0,1.0,9.0,8.0,10.0,35.0,21.0,3.0,14.0,132.0,4.0,12.0,19.0,7.0,3.0,3.0,38.0,13.0,74.0,4.0,0.0,11.0,2.0,0.0,34.0,2.0,0.0,1.0,11.0,1.0,5.0,21.0,5.0,7.0,5.0,0.0,2.0,0.0,9.0,30.0,11.0,18.0,1.0,5.0,2.0,3.0,3.0,29.0,1.0,6.0,3.0,6.0,28.0,1.0,0.0,4.0,4.0,1.0,0.0,2.0,1.0,1.0,1.0,10.0,2.0,24.0,0.0,6.0,0.0,3.0,5.0,3.0,3.0,4.0,6.0,22.0,0.0,1.0,0.0,2.0,1.0,1.0,6.0,1.0,7.0,1.0,0.0,1.0,2.0,1.0,0.0,25.0,3.0,24.0,0.0,14.0,2.0,1.0,37.0,12.0,2.0,2.0,0.0,1.0,0.0,2.0,0.0,2.0,9.0,4.0,0.0,3.0,4.0,2.0,9.0,0.0,4.0,43.0,35.0,0.0,8.0,0.0,0.0,0.0,0.0,2.0,46.0,9.0,3.0,1.0,4.0,1.0,10.0,0.0,1.0,0.0,0.0,0.0,0.0,30.0,6.0,23.0,46.0,1.0,0.0,1.0,0.0,3.0,1.0,17.0,0.0,0.0,2.0,0.0,2.0,0.0,47.0,0.0,1.0,74.0,1.0,1.0,31.0,4.0,19.0,0.0,13.0,3.0,0.0,0.0,1.0,2.0,0.0,0.0,2.0,7.0,1.0,19.0,3.0,1.0,2.0,0.0,6.0,0.0,0.0,6.0,12.0,0.0,24.0,1.0,0.0,1.0,2.0,0.0,0.0,0.0,2.0,0.0,0.0,13.0,0.0,1.0,2.0,1.0
31,20270883.0,19.0,16.0,3.0,27.0,55.0,67.0,228.0,36.0,266.0,268.0,271.0,83.0,216.0,8.0,134.0,604.0,95.0,484.0,154.0,294.0,54.0,103.0,38.0,471.0,808.0,222.0,102.0,267.0,4.0,34.0,0.0,28.0,4.0,96.0,241.0,118.0,311.0,628.0,53.0,94.0,315.0,58.0,68.0,9.0,281.0,248.0,34.0,56.0,8.0,114.0,5.0,76.0,109.0,759.0,215.0,105.0,220.0,200.0,491.0,24.0,0.0,290.0,271.0,27.0,30.0,18.0,60.0,8.0,23.0,264.0,20.0,155.0,13.0,147.0,9.0,11.0,182.0,86.0,12.0,84.0,141.0,212.0,3.0,18.0,6.0,21.0,1.0,19.0,82.0,85.0,136.0,136.0,6.0,76.0,35.0,74.0,60.0,460.0,113.0,68.0,64.0,55.0,16.0,8.0,546.0,213.0,99.0,106.0,1.0,14.0,12.0,26.0,5.0,225.0,37.0,112.0,52.0,14.0,52.0,129.0,32.0,10.0,166.0,261.0,367.0,61.0,232.0,3.0,47.0,1.0,37.0,64.0,569.0,273.0,70.0,8.0,217.0,58.0,439.0,27.0,61.0,59.0,47.0,0.0,8.0,107.0,42.0,213.0,178.0,17.0,0.0,51.0,38.0,71.0,19.0,303.0,0.0,0.0,100.0,15.0,89.0,0.0,285.0,42.0,93.0,376.0,22.0,5.0,277.0,149.0,326.0,85.0,68.0,13.0,1.0,0.0,28.0,34.0,1.0,10.0,164.0,13.0,60.0,187.0,44.0,100.0,204.0,14.0,28.0,0.0,14.0,36.0,208.0,6.0,106.0,15.0,30.0,125.0,72.0,3.0,2.0,1.0,36.0,9.0,0.0,193.0,28.0,99.0,34.0,153.0
32,20357766.0,21.0,17.0,0.0,1.0,3.0,6.0,9.0,1.0,12.0,4.0,7.0,4.0,230.0,1.0,2.0,61.0,2.0,14.0,8.0,5.0,11.0,3.0,4.0,9.0,80.0,8.0,5.0,8.0,8.0,2.0,28.0,0.0,4.0,8.0,12.0,10.0,19.0,4.0,4.0,1.0,28.0,0.0,2.0,0.0,11.0,24.0,2.0,2.0,3.0,47.0,0.0,6.0,5.0,9.0,5.0,5.0,26.0,12.0,24.0,4.0,0.0,8.0,8.0,0.0,0.0,2.0,1.0,0.0,0.0,18.0,3.0,9.0,2.0,21.0,1.0,2.0,5.0,1.0,0.0,5.0,7.0,2.0,0.0,2.0,0.0,0.0,0.0,2.0,6.0,14.0,9.0,8.0,0.0,0.0,5.0,5.0,1.0,48.0,1.0,4.0,3.0,3.0,0.0,1.0,24.0,24.0,4.0,9.0,0.0,1.0,0.0,2.0,0.0,12.0,1.0,20.0,3.0,3.0,5.0,3.0,4.0,0.0,8.0,9.0,17.0,1.0,5.0,0.0,3.0,0.0,6.0,4.0,29.0,19.0,5.0,1.0,11.0,1.0,55.0,0.0,11.0,3.0,0.0,0.0,0.0,3.0,0.0,25.0,6.0,2.0,0.0,191.0,0.0,9.0,1.0,28.0,0.0,0.0,12.0,1.0,15.0,0.0,13.0,2.0,6.0,15.0,1.0,1.0,11.0,5.0,47.0,14.0,2.0,2.0,0.0,0.0,3.0,5.0,0.0,4.0,4.0,0.0,1.0,16.0,11.0,1.0,4.0,0.0,3.0,0.0,0.0,2.0,15.0,0.0,4.0,0.0,8.0,15.0,3.0,0.0,0.0,0.0,30.0,1.0,0.0,182.0,0.0,3.0,3.0,15.0
33,20711749.0,1.0,0.0,0.0,0.0,0.0,0.0,40.0,0.0,1.0,2.0,2.0,1.0,16.0,1.0,2.0,9.0,2.0,0.0,3.0,12.0,3.0,2.0,0.0,2.0,9.0,1.0,4.0,2.0,5.0,0.0,4.0,4.0,0.0,2.0,2.0,0.0,2.0,3.0,22.0,9.0,3.0,0.0,1.0,0.0,2.0,3.0,2.0,1.0,0.0,25.0,0.0,0.0,1.0,72.0,1.0,3.0,3.0,1.0,7.0,0.0,0.0,4.0,10.0,0.0,0.0,1.0,0.0,1.0,0.0,1.0,1.0,1.0,0.0,10.0,0.0,0.0,2.0,2.0,0.0,3.0,4.0,0.0,2.0,1.0,0.0,56.0,2.0,0.0,2.0,5.0,1.0,0.0,2.0,15.0,11.0,1.0,1.0,5.0,0.0,9.0,1.0,4.0,0.0,0.0,5.0,12.0,1.0,0.0,0.0,1.0,1.0,0.0,0.0,3.0,0.0,1.0,0.0,0.0,2.0,0.0,1.0,3.0,1.0,2.0,4.0,10.0,1.0,0.0,0.0,0.0,1.0,1.0,9.0,2.0,0.0,4.0,1.0,0.0,4.0,0.0,7.0,0.0,0.0,0.0,0.0,5.0,1.0,22.0,3.0,0.0,0.0,20.0,0.0,0.0,0.0,6.0,0.0,0.0,0.0,0.0,0.0,0.0,4.0,0.0,0.0,12.0,1.0,0.0,3.0,3.0,10.0,2.0,1.0,1.0,0.0,0.0,0.0,2.0,0.0,0.0,0.0,0.0,1.0,1.0,0.0,4.0,5.0,2.0,1.0,0.0,0.0,4.0,2.0,0.0,2.0,1.0,1.0,2.0,0.0,7.0,3.0,1.0,5.0,9.0,0.0,27.0,0.0,7.0,0.0,1.0
34,22208724.0,5.0,5.0,1.0,9.0,41.0,34.0,16.0,6.0,36.0,43.0,33.0,19.0,43.0,1.0,27.0,105.0,13.0,98.0,16.0,32.0,35.0,25.0,6.0,75.0,148.0,138.0,72.0,116.0,3.0,1.0,96.0,8.0,2.0,0.0,68.0,44.0,130.0,101.0,21.0,25.0,116.0,2.0,30.0,1.0,64.0,37.0,7.0,15.0,2.0,22.0,1.0,67.0,14.0,59.0,51.0,35.0,85.0,129.0,98.0,10.0,0.0,85.0,57.0,11.0,20.0,11.0,13.0,6.0,11.0,84.0,7.0,48.0,6.0,33.0,4.0,2.0,123.0,15.0,1.0,23.0,73.0,35.0,0.0,6.0,17.0,0.0,0.0,9.0,15.0,18.0,50.0,41.0,6.0,4.0,17.0,69.0,3.0,68.0,9.0,12.0,38.0,13.0,4.0,2.0,103.0,37.0,45.0,92.0,2.0,9.0,14.0,29.0,1.0,73.0,11.0,53.0,27.0,7.0,19.0,30.0,12.0,1.0,67.0,26.0,81.0,6.0,72.0,2.0,25.0,1.0,25.0,52.0,138.0,84.0,25.0,7.0,113.0,11.0,122.0,17.0,24.0,77.0,58.0,0.0,1.0,27.0,10.0,57.0,28.0,6.0,0.0,9.0,4.0,27.0,29.0,54.0,0.0,0.0,36.0,7.0,35.0,2.0,65.0,57.0,68.0,33.0,33.0,3.0,113.0,24.0,52.0,42.0,10.0,6.0,2.0,0.0,26.0,26.0,0.0,7.0,27.0,1.0,20.0,36.0,25.0,18.0,31.0,4.0,16.0,0.0,6.0,3.0,98.0,2.0,33.0,9.0,24.0,100.0,18.0,1.0,0.0,0.0,13.0,0.0,0.0,36.0,4.0,15.0,8.0,70.0
35,24353175.0,6.0,5.0,0.0,9.0,27.0,36.0,50.0,2.0,31.0,104.0,41.0,16.0,44.0,0.0,16.0,203.0,21.0,143.0,49.0,60.0,20.0,17.0,12.0,163.0,317.0,141.0,80.0,142.0,2.0,11.0,241.0,12.0,2.0,68.0,0.0,25.0,145.0,108.0,6.0,46.0,159.0,2.0,17.0,0.0,71.0,63.0,13.0,10.0,1.0,16.0,0.0,50.0,40.0,63.0,90.0,22.0,169.0,197.0,161.0,2.0,0.0,211.0,99.0,3.0,15.0,1.0,9.0,5.0,16.0,102.0,7.0,57.0,6.0,41.0,0.0,1.0,146.0,14.0,17.0,30.0,78.0,38.0,1.0,6.0,5.0,7.0,0.0,2.0,15.0,4.0,40.0,57.0,7.0,6.0,18.0,32.0,39.0,308.0,27.0,11.0,28.0,13.0,4.0,1.0,227.0,68.0,30.0,97.0,1.0,2.0,12.0,15.0,0.0,103.0,4.0,49.0,31.0,4.0,16.0,18.0,4.0,3.0,71.0,58.0,91.0,19.0,92.0,1.0,19.0,0.0,23.0,22.0,202.0,151.0,12.0,1.0,102.0,6.0,202.0,8.0,30.0,65.0,40.0,0.0,5.0,13.0,9.0,64.0,54.0,1.0,0.0,13.0,10.0,80.0,16.0,80.0,0.0,0.0,32.0,9.0,25.0,3.0,71.0,52.0,68.0,98.0,30.0,2.0,118.0,16.0,107.0,73.0,15.0,2.0,1.0,1.0,18.0,10.0,0.0,1.0,50.0,4.0,8.0,42.0,24.0,14.0,45.0,6.0,16.0,0.0,1.0,8.0,147.0,3.0,55.0,3.0,14.0,153.0,14.0,1.0,3.0,1.0,6.0,1.0,0.0,75.0,12.0,7.0,6.0,63.0
36,24531658.0,3.0,3.0,0.0,24.0,71.0,74.0,11.0,2.0,83.0,57.0,31.0,5.0,21.0,1.0,25.0,59.0,23.0,194.0,19.0,30.0,13.0,8.0,2.0,56.0,91.0,41.0,48.0,95.0,3.0,1.0,118.0,10.0,0.0,44.0,25.0,0.0,87.0,114.0,8.0,14.0,65.0,3.0,10.0,0.0,59.0,39.0,5.0,2.0,1.0,19.0,0.0,20.0,7.0,86.0,51.0,13.0,39.0,33.0,67.0,2.0,0.0,55.0,22.0,4.0,6.0,1.0,7.0,2.0,1.0,37.0,4.0,73.0,0.0,26.0,1.0,0.0,68.0,9.0,0.0,17.0,34.0,24.0,0.0,5.0,5.0,1.0,0.0,1.0,10.0,13.0,31.0,37.0,2.0,6.0,2.0,26.0,7.0,73.0,25.0,1.0,49.0,3.0,3.0,1.0,63.0,44.0,29.0,41.0,0.0,0.0,1.0,3.0,0.0,41.0,2.0,17.0,18.0,0.0,4.0,39.0,2.0,10.0,44.0,15.0,49.0,17.0,63.0,0.0,10.0,0.0,11.0,6.0,118.0,42.0,12.0,0.0,28.0,6.0,55.0,9.0,12.0,19.0,17.0,0.0,0.0,12.0,16.0,37.0,27.0,1.0,0.0,10.0,6.0,17.0,4.0,32.0,0.0,0.0,10.0,2.0,13.0,0.0,49.0,12.0,21.0,33.0,12.0,0.0,36.0,19.0,35.0,11.0,2.0,0.0,1.0,0.0,3.0,6.0,0.0,0.0,27.0,0.0,10.0,14.0,2.0,19.0,21.0,4.0,6.0,0.0,2.0,1.0,26.0,0.0,17.0,4.0,4.0,20.0,12.0,0.0,0.0,0.0,6.0,1.0,0.0,34.0,2.0,14.0,2.0,57.0
37,25161342.0,10.0,8.0,1.0,23.0,83.0,136.0,40.0,3.0,49.0,151.0,73.0,29.0,73.0,1.0,43.0,210.0,75.0,294.0,61.0,110.0,60.0,30.0,10.0,185.0,354.0,297.0,124.0,340.0,4.0,5.0,311.0,19.0,2.0,130.0,145.0,87.0,0.0,313.0,15.0,55.0,210.0,2.0,79.0,2.0,263.0,125.0,40.0,16.0,2.0,45.0,0.0,146.0,58.0,128.0,192.0,40.0,279.0,219.0,294.0,9.0,0.0,228.0,87.0,7.0,51.0,7.0,30.0,9.0,5.0,230.0,8.0,116.0,5.0,98.0,7.0,2.0,264.0,33.0,0.0,44.0,168.0,59.0,3.0,4.0,18.0,4.0,0.0,7.0,40.0,36.0,113.0,123.0,7.0,18.0,36.0,140.0,32.0,225.0,54.0,14.0,118.0,12.0,3.0,0.0,300.0,72.0,88.0,161.0,3.0,6.0,26.0,57.0,3.0,267.0,11.0,160.0,91.0,4.0,16.0,178.0,7.0,6.0,212.0,42.0,169.0,67.0,154.0,18.0,50.0,0.0,61.0,45.0,412.0,202.0,25.0,3.0,213.0,27.0,384.0,29.0,79.0,168.0,119.0,0.0,42.0,14.0,27.0,129.0,75.0,5.0,0.0,15.0,16.0,72.0,36.0,107.0,0.0,0.0,124.0,2.0,134.0,7.0,128.0,135.0,124.0,106.0,56.0,1.0,228.0,56.0,100.0,120.0,20.0,5.0,2.0,8.0,43.0,21.0,0.0,2.0,77.0,2.0,20.0,86.0,26.0,45.0,67.0,12.0,20.0,0.0,6.0,7.0,287.0,15.0,54.0,10.0,54.0,305.0,27.0,2.0,2.0,0.0,24.0,1.0,0.0,93.0,26.0,36.0,19.0,143.0
