,0,1,2,3,4,5,6,7,8,9,10,11,12,13,14,15,16,17,18,19,20,21,22,23,24,25,26,27,28,29,30,31,32,33,34,35,36,37,38,39,40,41,42,43,44,45,46,47,48,49,50,51,52,53,54,55,56,57,58,59,60,61,62,63,64,65,66,67,68,69,70,71,72,73,74,75,76,77,78,79,80,81,82,83,84,85,86,87,88,89,90,91,92,93,94,95,96,97,98,99,100,101,102,103,104,105,106,107,108,109,110,111,112,113,114,115,116,117,118,119,120
0,-1.0,9076542.0,11277572.0,11688082.0,15292472.0,15439100.0,16067592.0,16542687.0,17839398.0,18594520.0,19512791.0,20039889.0,20097381.0,30261689.0,30709612.0,33806698.0,33994488.0,39953073.0,41061694.0,42005796.0,43914724.0,45560489.0,47107118.0,47131673.0,47247868.0,48959778.0,49323761.0,50083589.0,51478771.0,52696957.0,53870725.0,55312746.0,64149875.0,66647830.0,71207287.0,73938917.0,75055396.0,75630518.0,94626353.0,98310966.0,101250325.0,129389419.0,132306718.0,132434409.0,134043722.0,135604662.0,150123967.0,151919653.0,153321487.0,153949977.0,162505712.0,169196848.0,176015466.0,178779512.0,197635196.0,198109274.0,210824047.0,211993075.0,232286506.0,238369902.0,238422999.0,243296547.0,244152633.0,244632599.0,246875675.0,248670810.0,252016593.0,252050368.0,252474349.0,254688158.0,255040592.0,256927558.0,260314188.0,260706920.0,261885661.0,263022323.0,263607988.0,268529448.0,271937368.0,280868115.0,284642911.0,286791919.0,287229977.0,291113631.0,292920004.0,293175239.0,296532899.0,300752857.0,302144631.0,304993789.0,305323134.0,316144548.0,317262357.0,318492851.0,329409390.0,330994588.0,339034131.0,340083765.0,345009815.0,349146547.0,349847993.0,351462815.0,353142132.0,359509980.0,368229348.0,369028288.0,388197025.0,388549895.0,388951374.0,393729229.0,402094758.0,406558256.0,412663554.0,427111253.0,428140124.0,428978217.0,428999682.0,431602560.0,440363653.0,442200826.0,442233789.0
1,9076542.0,0.0,18.0,12.0,67.0,49.0,143.0,34.0,85.0,23.0,31.0,103.0,18.0,3.0,3.0,111.0,151.0,26.0,18.0,22.0,134.0,66.0,79.0,4.0,35.0,65.0,41.0,45.0,103.0,86.0,41.0,2.0,18.0,37.0,46.0,82.0,11.0,117.0,17.0,26.0,15.0,4.0,94.0,43.0,40.0,20.0,64.0,120.0,10.0,7.0,45.0,22.0,51.0,42.0,11.0,0.0,7.0,170.0,10.0,27.0,65.0,24.0,52.0,6.0,49.0,110.0,40.0,6.0,0.0,30.0,83.0,45.0,18.0,121.0,134.0,92.0,133.0,47.0,22.0,101.0,103.0,21.0,17.0,37.0,8.0,12.0,4.0,29.0,8.0,11.0,57.0,3.0,1.0,6.0,11.0,0.0,23.0,6.0,67.0,46.0,0.0,0.0,22.0,48.0,8.0,65.0,0.0,0.0,9.0,8.0,44.0,1.0,8.0,11.0,18.0,0.0,0.0,13.0,35.0,1.0,1.0
2,11277572.0,18.0,0.0,0.0,14.0,39.0,18.0,3.0,9.0,9.0,6.0,15.0,8.0,0.0,6.0,11.0,57.0,1.0,5.0,4.0,17.0,32.0,9.0,1.0,1.0,10.0,15.0,0.0,10.0,15.0,4.0,2.0,0.0,2.0,1.0,25.0,1.0,28.0,1.0,1.0,0.0,11.0,17.0,2.0,0.0,3.0,14.0,15.0,2.0,0.0,2.0,1.0,4.0,1.0,0.0,0.0,0.0,8.0,0.0,23.0,6.0,2.0,15.0,2.0,2.0,22.0,2.0,0.0,0.0,1.0,8.0,3.0,4.0,18.0,16.0,18.0,11.0,3.0,6.0,4.0,6.0,0.0,0.0,4.0,2.0,0.0,0.0,0.0,37.0,0.0,3.0,0.0,0.0,0.0,0.0,0.0,2.0,10.0,20.0,1.0,0.0,0.0,3.0,75.0,0.0,144.0,0.0,0.0,0.0,0.0,8.0,0.0,1.0,1.0,3.0,0.0,0.0,0.0,2.0,0.0,0.0
3,11688082.0,12.0,0.0,0.0,9.0,7.0,17.0,17.0,8.0,1.0,4.0,41.0,19.0,50.0,12.0,53.0,24.0,0.0,4.0,1.0,23.0,6.0,12.0,0.0,8.0,3.0,20.0,12.0,7.0,19.0,4.0,10.0,30.0,9.0,10.0,15.0,0.0,42.0,0.0,7.0,7.0,0.0,32.0,7.0,9.0,1.0,2.0,13.0,16.0,1.0,17.0,205.0,10.0,11.0,3.0,0.0,5.0,12.0,1.0,12.0,13.0,6.0,51.0,1.0,20.0,103.0,8.0,2.0,0.0,28.0,42.0,16.0,14.0,6.0,28.0,17.0,14.0,16.0,20.0,12.0,4.0,1.0,8.0,9.0,1.0,5.0,2.0,0.0,7.0,4.0,3.0,0.0,0.0,1.0,0.0,0.0,6.0,7.0,12.0,7.0,0.0,5.0,0.0,14.0,1.0,20.0,0.0,0.0,0.0,0.0,0.0,0.0,1.0,4.0,8.0,0.0,0.0,6.0,4.0,3.0,1.0
4,15292472.0,67.0,14.0,9.0,0.0,34.0,163.0,18.0,151.0,18.0,65.0,182.0,11.0,5.0,4.0,264.0,317.0,3.0,24.0,36.0,214.0,51.0,211.0,3.0,35.0,76.0,142.0,93.0,98.0,122.0,49.0,2.0,16.0,40.0,22.0,72.0,13.0,108.0,22.0,5.0,17.0,3.0,175.0,19.0,7.0,18.0,111.0,611.0,11.0,0.0,13.0,13.0,75.0,43.0,3.0,1.0,5.0,7.0,0.0,19.0,153.0,36.0,147.0,4.0,39.0,188.0,21.0,4.0,0.0,24.0,244.0,46.0,90.0,265.0,243.0,103.0,71.0,86.0,8.0,42.0,35.0,7.0,6.0,55.0,138.0,7.0,3.0,1.0,5.0,5.0,110.0,0.0,1.0,1.0,7.0,0.0,3.0,5.0,87.0,25.0,0.0,0.0,26.0,71.0,1.0,109.0,0.0,0.0,163.0,2.0,68.0,0.0,5.0,2.0,85.0,0.0,0.0,4.0,6.0,0.0,0.0
5,15439100.0,49.0,39.0,7.0,34.0,0.0,71.0,22.0,40.0,28.0,34.0,54.0,33.0,2.0,90.0,75.0,118.0,5.0,13.0,13.0,69.0,129.0,75.0,5.0,55.0,30.0,14.0,0.0,93.0,39.0,35.0,49.0,13.0,9.0,12.0,133.0,7.0,241.0,7.0,8.0,2.0,3.0,29.0,13.0,1.0,12.0,53.0,65.0,32.0,0.0,5.0,3.0,21.0,14.0,0.0,0.0,1.0,11.0,0.0,64.0,29.0,13.0,15.0,4.0,10.0,102.0,11.0,0.0,0.0,5.0,29.0,12.0,3.0,61.0,71.0,60.0,46.0,10.0,13.0,20.0,18.0,1.0,0.0,10.0,5.0,2.0,1.0,0.0,16.0,0.0,24.0,0.0,1.0,0.0,11.0,0.0,10.0,86.0,77.0,9.0,0.0,8.0,16.0,22.0,0.0,181.0,0.0,0.0,3.0,0.0,61.0,1.0,2.0,1.0,6.0,0.0,0.0,0.0,4.0,0.0,0.0
6,16067592.0,143.0,18.0,17.0,163.0,71.0,0.0,84.0,196.0,49.0,54.0,431.0,57.0,15.0,4.0,316.0,344.0,12.0,41.0,37.0,316.0,100.0,279.0,5.0,49.0,124.0,299.0,18.0,254.0,197.0,93.0,1.0,34.0,33.0,53.0,118.0,13.0,189.0,13.0,21.0,54.0,3.0,280.0,27.0,22.0,26.0,94.0,359.0,13.0,0.0,13.0,21.0,67.0,40.0,0.0,0.0,20.0,87.0,0.0,54.0,302.0,65.0,184.0,3.0,83.0,393.0,23.0,3.0,0.0,91.0,287.0,111.0,237.0,315.0,500.0,258.0,141.0,202.0,18.0,52.0,84.0,9.0,3.0,197.0,33.0,18.0,24.0,9.0,26.0,22.0,158.0,5.0,1.0,8.0,21.0,0.0,14.0,8.0,162.0,49.0,0.0,1.0,33.0,148.0,4.0,118.0,0.0,0.0,7.0,2.0,131.0,0.0,12.0,5.0,149.0,4.0,0.0,4.0,26.0,2.0,0.0
7,16542687.0,34.0,3.0,17.0,18.0,22.0,84.0,0.0,32.0,7.0,13.0,63.0,141.0,1.0,15.0,78.0,65.0,5.0,6.0,7.0,63.0,45.0,84.0,0.0,18.0,30.0,24.0,7.0,52.0,35.0,21.0,16.0,18.0,8.0,9.0,52.0,4.0,159.0,2.0,2.0,4.0,2.0,38.0,6.0,7.0,7.0,15.0,36.0,38.0,2.0,3.0,2.0,11.0,3.0,1.0,0.0,5.0,11.0,0.0,9.0,22.0,9.0,15.0,0.0,17.0,70.0,14.0,1.0,0.0,13.0,61.0,19.0,6.0,63.0,53.0,69.0,23.0,17.0,3.0,11.0,14.0,3.0,1.0,16.0,5.0,2.0,4.0,0.0,1.0,3.0,18.0,1.0,0.0,1.0,2.0,0.0,5.0,26.0,20.0,10.0,0.0,12.0,27.0,12.0,0.0,22.0,0.0,0.0,3.0,1.0,14.0,0.0,3.0,0.0,3.0,1.0,0.0,0.0,8.0,0.0,0.0
8,17839398.0,85.0,9.0,8.0,151.0,40.0,196.0,32.0,0.0,18.0,48.0,219.0,13.0,6.0,2.0,242.0,244.0,2.0,31.0,36.0,293.0,63.0,144.0,3.0,31.0,85.0,125.0,4.0,164.0,121.0,45.0,3.0,11.0,29.0,23.0,94.0,8.0,143.0,11.0,4.0,8.0,3.0,83.0,22.0,3.0,17.0,69.0,286.0,8.0,0.0,8.0,9.0,55.0,31.0,0.0,0.0,7.0,7.0,0.0,28.0,161.0,36.0,102.0,1.0,42.0,227.0,31.0,0.0,0.0,18.0,161.0,102.0,62.0,268.0,223.0,156.0,76.0,94.0,3.0,31.0,28.0,6.0,1.0,60.0,42.0,4.0,8.0,0.0,5.0,2.0,151.0,0.0,2.0,1.0,7.0,0.0,2.0,3.0,126.0,20.0,0.0,1.0,53.0,45.0,0.0,69.0,0.0,0.0,6.0,0.0,98.0,0.0,6.0,3.0,75.0,0.0,0.0,1.0,10.0,0.0,0.0
9,18594520.0,23.0,9.0,1.0,18.0,28.0,49.0,7.0,18.0,0.0,6.0,33.0,2.0,0.0,1.0,21.0,47.0,1.0,3.0,3.0,28.0,24.0,20.0,5.0,1.0,17.0,23.0,13.0,21.0,17.0,10.0,1.0,8.0,9.0,9.0,20.0,2.0,27.0,0.0,3.0,4.0,0.0,24.0,7.0,9.0,3.0,19.0,27.0,4.0,0.0,12.0,5.0,16.0,7.0,2.0,0.0,3.0,11.0,3.0,18.0,20.0,8.0,19.0,0.0,6.0,53.0,8.0,1.0,0.0,10.0,26.0,14.0,16.0,26.0,37.0,15.0,16.0,23.0,10.0,14.0,15.0,3.0,4.0,14.0,5.0,3.0,2.0,1.0,5.0,2.0,7.0,0.0,1.0,1.0,5.0,0.0,2.0,4.0,15.0,11.0,0.0,0.0,1.0,28.0,2.0,38.0,0.0,0.0,3.0,1.0,5.0,0.0,1.0,6.0,10.0,0.0,0.0,2.0,7.0,0.0,0.0
10,19512791.0,31.0,6.0,4.0,65.0,34.0,54.0,13.0,48.0,6.0,0.0,45.0,29.0,1.0,36.0,87.0,211.0,3.0,7.0,11.0,76.0,21.0,84.0,1.0,52.0,43.0,57.0,1.0,33.0,67.0,17.0,22.0,21.0,10.0,6.0,94.0,3.0,80.0,9.0,3.0,3.0,3.0,35.0,12.0,2.0,10.0,31.0,89.0,48.0,0.0,4.0,5.0,19.0,14.0,0.0,0.0,3.0,3.0,0.0,5.0,61.0,14.0,29.0,2.0,12.0,48.0,14.0,0.0,0.0,10.0,59.0,14.0,27.0,351.0,90.0,54.0,20.0,19.0,1.0,12.0,15.0,0.0,0.0,26.0,7.0,1.0,1.0,0.0,5.0,0.0,56.0,0.0,1.0,0.0,3.0,0.0,5.0,28.0,51.0,11.0,0.0,12.0,19.0,11.0,0.0,44.0,0.0,0.0,8.0,0.0,23.0,0.0,2.0,1.0,39.0,0.0,0.0,0.0,3.0,0.0,0.0
11,20039889.0,103.0,15.0,41.0,182.0,54.0,431.0,63.0,219.0,33.0,45.0,0.0,41.0,15.0,8.0,305.0,326.0,11.0,54.0,32.0,292.0,110.0,219.0,5.0,33.0,87.0,338.0,22.0,262.0,149.0,67.0,8.0,42.0,27.0,47.0,91.0,5.0,202.0,7.0,14.0,38.0,3.0,286.0,35.0,25.0,42.0,105.0,307.0,14.0,2.0,20.0,23.0,63.0,34.0,6.0,0.0,12.0,40.0,9.0,45.0,309.0,69.0,181.0,5.0,74.0,594.0,39.0,9.0,0.0,81.0,272.0,136.0,208.0,272.0,455.0,213.0,149.0,203.0,16.0,49.0,59.0,13.0,7.0,175.0,49.0,18.0,19.0,6.0,16.0,21.0,133.0,6.0,1.0,6.0,13.0,0.0,13.0,5.0,189.0,31.0,0.0,3.0,72.0,122.0,6.0,122.0,0.0,0.0,11.0,8.0,136.0,0.0,12.0,3.0,152.0,3.0,0.0,2.0,27.0,0.0,0.0
12,20097381.0,18.0,8.0,19.0,11.0,33.0,57.0,141.0,13.0,2.0,29.0,41.0,0.0,1.0,55.0,127.0,54.0,2.0,4.0,1.0,29.0,56.0,84.0,0.0,22.0,41.0,16.0,2.0,52.0,86.0,13.0,17.0,26.0,8.0,3.0,87.0,2.0,287.0,0.0,3.0,3.0,3.0,36.0,5.0,4.0,2.0,19.0,27.0,34.0,1.0,1.0,3.0,9.0,0.0,0.0,0.0,5.0,13.0,0.0,20.0,16.0,7.0,18.0,0.0,15.0,104.0,10.0,0.0,0.0,8.0,41.0,11.0,18.0,42.0,35.0,90.0,30.0,11.0,0.0,5.0,12.0,2.0,1.0,34.0,2.0,0.0,2.0,0.0,3.0,4.0,3.0,2.0,0.0,0.0,4.0,0.0,7.0,64.0,32.0,6.0,0.0,15.0,4.0,19.0,0.0,51.0,0.0,0.0,3.0,0.0,10.0,0.0,2.0,0.0,6.0,1.0,0.0,0.0,2.0,0.0,0.0
13,30261689.0,3.0,0.0,50.0,5.0,2.0,15.0,1.0,6.0,0.0,1.0,15.0,1.0,0.0,0.0,21.0,14.0,1.0,1.0,5.0,11.0,1.0,10.0,0.0,1.0,2.0,11.0,2.0,4.0,8.0,2.0,2.0,10.0,3.0,6.0,3.0,2.0,4.0,0.0,2.0,4.0,0.0,13.0,3.0,3.0,1.0,1.0,10.0,2.0,0.0,0.0,25.0,5.0,1.0,1.0,0.0,2.0,2.0,2.0,1.0,14.0,4.0,5.0,0.0,11.0,39.0,3.0,1.0,0.0,6.0,22.0,8.0,9.0,5.0,17.0,10.0,6.0,21.0,5.0,3.0,1.0,1.0,0.0,5.0,5.0,1.0,2.0,1.0,5.0,3.0,8.0,0.0,0.0,0.0,0.0,0.0,2.0,1.0,11.0,0.0,0.0,0.0,1.0,4.0,0.0,10.0,0.0,0.0,0.0,0.0,2.0,0.0,0.0,1.0,2.0,0.0,0.0,1.0,2.0,0.0,0.0
14,30709612.0,3.0,6.0,12.0,4.0,90.0,4.0,15.0,2.0,1.0,36.0,8.0,55.0,0.0,0.0,42.0,18.0,14.0,0.0,1.0,7.0,34.0,19.0,0.0,98.0,11.0,5.0,3.0,26.0,55.0,4.0,156.0,71.0,7.0,1.0,58.0,1.0,367.0,0.0,1.0,0.0,10.0,9.0,0.0,2.0,0.0,2.0,4.0,82.0,1.0,0.0,2.0,1.0,0.0,0.0,0.0,2.0,3.0,0.0,6.0,9.0,1.0,0.0,0.0,3.0,19.0,5.0,0.0,0.0,4.0,8.0,2.0,3.0,19.0,9.0,27.0,10.0,2.0,1.0,4.0,2.0,0.0,2.0,12.0,1.0,0.0,0.0,1.0,4.0,2.0,0.0,1.0,0.0,0.0,2.0,0.0,36.0,80.0,18.0,1.0,0.0,6.0,30.0,4.0,9.0,48.0,0.0,0.0,8.0,2.0,2.0,0.0,0.0,0.0,2.0,0.0,0.0,0.0,1.0,0.0,0.0
15,33806698.0,111.0,11.0,53.0,264.0,75.0,316.0,78.0,242.0,21.0,87.0,305.0,127.0,21.0,42.0,0.0,327.0,21.0,33.0,28.0,368.0,125.0,345.0,8.0,111.0,210.0,186.0,66.0,228.0,194.0,66.0,40.0,169.0,95.0,89.0,249.0,12.0,282.0,11.0,28.0,93.0,3.0,218.0,43.0,35.0,27.0,112.0,408.0,81.0,4.0,22.0,44.0,175.0,53.0,7.0,0.0,44.0,16.0,6.0,34.0,243.0,45.0,274.0,7.0,127.0,519.0,63.0,17.0,0.0,146.0,247.0,113.0,252.0,313.0,388.0,300.0,139.0,256.0,14.0,68.0,54.0,31.0,8.0,174.0,42.0,44.0,28.0,4.0,11.0,65.0,157.0,7.0,1.0,11.0,17.0,0.0,34.0,65.0,207.0,60.0,0.0,36.0,38.0,72.0,10.0,127.0,0.0,0.0,30.0,8.0,114.0,1.0,15.0,6.0,149.0,6.0,0.0,3.0,26.0,0.0,0.0
16,33994488.0,151.0,57.0,24.0,317.0,118.0,344.0,65.0,244.0,47.0,211.0,326.0,54.0,14.0,18.0,327.0,0.0,11.0,53.0,69.0,642.0,136.0,389.0,7.0,81.0,150.0,347.0,23.0,233.0,264.0,92.0,15.0,31.0,42.0,44.0,236.0,18.0,250.0,20.0,26.0,30.0,10.0,211.0,45.0,16.0,44.0,131.0,485.0,23.0,0.0,17.0,41.0,92.0,66.0,2.0,0.0,13.0,14.0,2.0,57.0,313.0,65.0,208.0,6.0,68.0,330.0,29.0,4.0,0.0,51.0,317.0,106.0,186.0,891.0,527.0,305.0,107.0,120.0,20.0,58.0,63.0,16.0,6.0,158.0,72.0,14.0,14.0,2.0,32.0,13.0,254.0,7.0,1.0,4.0,11.0,0.0,8.0,9.0,217.0,63.0,0.0,6.0,47.0,175.0,2.0,309.0,0.0,0.0,33.0,1.0,139.0,1.0,8.0,8.0,158.0,2.0,0.0,3.0,33.0,5.0,0.0
17,39953073.0,26.0,1.0,0.0,3.0,5.0,12.0,5.0,2.0,1.0,3.0,11.0,2.0,1.0,14.0,21.0,11.0,0.0,0.0,2.0,7.0,7.0,7.0,1.0,5.0,12.0,3.0,26.0,8.0,10.0,2.0,2.0,57.0,16.0,7.0,4.0,2.0,10.0,1.0,3.0,9.0,2.0,16.0,8.0,60.0,3.0,10.0,3.0,2.0,11.0,11.0,2.0,10.0,7.0,2.0,0.0,10.0,4.0,5.0,4.0,2.0,0.0,8.0,1.0,13.0,4.0,7.0,7.0,3.0,29.0,7.0,2.0,3.0,5.0,8.0,5.0,7.0,4.0,4.0,127.0,84.0,28.0,9.0,9.0,0.0,5.0,0.0,125.0,1.0,11.0,7.0,2.0,0.0,0.0,1.0,0.0,348.0,0.0,5.0,8.0,0.0,1.0,2.0,1.0,44.0,10.0,0.0,0.0,2.0,9.0,3.0,0.0,3.0,2.0,2.0,0.0,0.0,6.0,10.0,0.0,1.0
18,41061694.0,18.0,5.0,4.0,24.0,13.0,41.0,6.0,31.0,3.0,7.0,54.0,4.0,1.0,0.0,33.0,53.0,0.0,0.0,4.0,61.0,21.0,22.0,1.0,5.0,14.0,18.0,1.0,44.0,14.0,17.0,0.0,1.0,4.0,10.0,25.0,1.0,48.0,2.0,2.0,3.0,9.0,13.0,7.0,2.0,13.0,14.0,47.0,1.0,0.0,3.0,3.0,11.0,12.0,0.0,0.0,0.0,0.0,0.0,8.0,33.0,7.0,8.0,1.0,7.0,54.0,8.0,0.0,0.0,3.0,19.0,13.0,13.0,35.0,44.0,16.0,27.0,23.0,4.0,10.0,10.0,0.0,0.0,17.0,5.0,1.0,0.0,0.0,0.0,0.0,34.0,0.0,0.0,1.0,3.0,0.0,1.0,0.0,38.0,2.0,0.0,0.0,9.0,8.0,0.0,17.0,0.0,0.0,1.0,0.0,44.0,0.0,0.0,1.0,10.0,0.0,0.0,2.0,2.0,0.0,0.0
19,42005796.0,22.0,4.0,1.0,36.0,13.0,37.0,7.0,36.0,3.0,11.0,32.0,1.0,5.0,1.0,28.0,69.0,2.0,4.0,0.0,67.0,13.0,39.0,1.0,7.0,16.0,26.0,4.0,27.0,32.0,11.0,1.0,2.0,9.0,11.0,19.0,7.0,35.0,3.0,1.0,4.0,2.0,19.0,11.0,2.0,2.0,14.0,63.0,3.0,0.0,4.0,3.0,10.0,7.0,0.0,0.0,1.0,4.0,0.0,4.0,33.0,12.0,14.0,0.0,14.0,29.0,5.0,0.0,0.0,4.0,29.0,10.0,8.0,70.0,49.0,21.0,15.0,16.0,1.0,9.0,9.0,3.0,0.0,12.0,20.0,0.0,2.0,1.0,4.0,0.0,34.0,0.0,1.0,0.0,2.0,0.0,2.0,0.0,35.0,3.0,0.0,1.0,14.0,10.0,0.0,23.0,0.0,0.0,1.0,0.0,24.0,0.0,0.0,1.0,13.0,0.0,0.0,1.0,2.0,0.0,0.0
20,43914724.0,134.0,17.0,23.0,214.0,69.0,316.0,63.0,293.0,28.0,76.0,292.0,29.0,11.0,7.0,368.0,642.0,7.0,61.0,67.0,0.0,124.0,362.0,3.0,90.0,97.0,189.0,27.0,330.0,288.0,111.0,15.0,30.0,49.0,59.0,270.0,17.0,235.0,21.0,18.0,23.0,5.0,127.0,73.0,20.0,39.0,115.0,628.0,31.0,1.0,17.0,31.0,78.0,76.0,7.0,0.0,14.0,8.0,3.0,32.0,265.0,37.0,137.0,6.0,61.0,303.0,53.0,1.0,0.0,34.0,256.0,142.0,75.0,624.0,487.0,287.0,147.0,97.0,24.0,58.0,53.0,16.0,7.0,95.0,180.0,8.0,7.0,3.0,11.0,8.0,349.0,4.0,0.0,2.0,6.0,0.0,13.0,3.0,244.0,57.0,0.0,7.0,64.0,136.0,4.0,123.0,0.0,0.0,18.0,1.0,276.0,2.0,9.0,9.0,83.0,1.0,0.0,4.0,67.0,3.0,0.0
21,45560489.0,66.0,32.0,6.0,51.0,129.0,100.0,45.0,63.0,24.0,21.0,110.0,56.0,1.0,34.0,125.0,136.0,7.0,21.0,13.0,124.0,0.0,69.0,7.0,44.0,66.0,49.0,5.0,123.0,103.0,34.0,16.0,12.0,19.0,37.0,186.0,14.0,393.0,9.0,29.0,7.0,7.0,111.0,27.0,4.0,16.0,81.0,62.0,27.0,0.0,15.0,5.0,34.0,22.0,0.0,0.0,8.0,27.0,0.0,62.0,67.0,15.0,53.0,6.0,23.0,178.0,26.0,0.0,0.0,17.0,48.0,48.0,31.0,115.0,98.0,130.0,86.0,37.0,12.0,27.0,37.0,3.0,1.0,42.0,3.0,4.0,6.0,0.0,28.0,3.0,41.0,1.0,1.0,2.0,31.0,0.0,5.0,73.0,142.0,24.0,0.0,28.0,14.0,57.0,0.0,171.0,0.0,0.0,9.0,0.0,36.0,1.0,4.0,2.0,31.0,2.0,0.0,1.0,10.0,0.0,0.0
22,47107118.0,79.0,9.0,12.0,211.0,75.0,279.0,84.0,144.0,20.0,84.0,219.0,84.0,10.0,19.0,345.0,389.0,7.0,22.0,39.0,362.0,69.0,0.0,2.0,92.0,97.0,152.0,7.0,173.0,150.0,76.0,105.0,19.0,31.0,22.0,159.0,17.0,166.0,9.0,8.0,13.0,5.0,100.0,24.0,8.0,13.0,57.0,395.0,22.0,0.0,7.0,19.0,59.0,28.0,0.0,0.0,11.0,11.0,3.0,19.0,306.0,36.0,101.0,3.0,41.0,168.0,23.0,0.0,0.0,22.0,281.0,52.0,95.0,438.0,302.0,170.0,87.0,85.0,5.0,41.0,29.0,7.0,0.0,72.0,35.0,2.0,3.0,2.0,6.0,2.0,263.0,1.0,1.0,2.0,9.0,0.0,5.0,19.0,212.0,24.0,0.0,4.0,56.0,64.0,1.0,108.0,0.0,0.0,9.0,4.0,129.0,2.0,6.0,1.0,96.0,0.0,0.0,0.0,4.0,0.0,0.0
23,47131673.0,4.0,1.0,0.0,3.0,5.0,5.0,0.0,3.0,5.0,1.0,5.0,0.0,0.0,0.0,8.0,7.0,1.0,1.0,1.0,3.0,7.0,2.0,0.0,1.0,2.0,3.0,2.0,2.0,3.0,3.0,0.0,1.0,0.0,3.0,4.0,0.0,3.0,0.0,2.0,0.0,0.0,5.0,2.0,1.0,0.0,15.0,5.0,0.0,0.0,1.0,0.0,1.0,1.0,0.0,0.0,0.0,2.0,0.0,1.0,4.0,2.0,2.0,1.0,1.0,8.0,1.0,0.0,0.0,0.0,4.0,2.0,1.0,4.0,2.0,2.0,3.0,2.0,1.0,1.0,1.0,0.0,1.0,2.0,0.0,0.0,0.0,0.0,0.0,0.0,2.0,0.0,0.0,0.0,0.0,0.0,0.0,1.0,4.0,1.0,0.0,0.0,0.0,2.0,0.0,3.0,0.0,0.0,2.0,0.0,1.0,0.0,0.0,2.0,3.0,0.0,0.0,0.0,1.0,0.0,0.0
24,47247868.0,35.0,1.0,8.0,35.0,55.0,49.0,18.0,31.0,1.0,52.0,33.0,22.0,1.0,98.0,111.0,81.0,5.0,5.0,7.0,90.0,44.0,92.0,1.0,0.0,32.0,12.0,2.0,36.0,90.0,28.0,87.0,118.0,17.0,9.0,120.0,7.0,127.0,8.0,11.0,2.0,4.0,29.0,15.0,4.0,8.0,25.0,67.0,171.0,0.0,4.0,3.0,18.0,14.0,0.0,0.0,5.0,0.0,0.0,13.0,41.0,8.0,23.0,3.0,15.0,75.0,21.0,0.0,0.0,4.0,37.0,12.0,5.0,80.0,76.0,31.0,19.0,12.0,4.0,18.0,10.0,4.0,2.0,20.0,2.0,1.0,1.0,0.0,2.0,0.0,47.0,0.0,0.0,0.0,2.0,0.0,5.0,41.0,32.0,10.0,0.0,22.0,19.0,6.0,0.0,27.0,0.0,0.0,2.0,0.0,19.0,1.0,3.0,0.0,14.0,0.0,0.0,1.0,7.0,0.0,0.0
25,48959778.0,65.0,10.0,3.0,76.0,30.0,124.0,30.0,85.0,17.0,43.0,87.0,41.0,2.0,11.0,210.0,150.0,12.0,14.0,16.0,97.0,66.0,97.0,2.0,32.0,0.0,77.0,8.0,95.0,97.0,32.0,2.0,14.0,40.0,24.0,79.0,14.0,121.0,14.0,9.0,23.0,4.0,128.0,24.0,10.0,18.0,59.0,106.0,14.0,0.0,10.0,6.0,66.0,33.0,0.0,0.0,21.0,11.0,0.0,13.0,73.0,16.0,77.0,3.0,45.0,91.0,26.0,0.0,0.0,43.0,76.0,53.0,105.0,135.0,164.0,109.0,53.0,59.0,5.0,37.0,33.0,11.0,0.0,95.0,15.0,5.0,5.0,0.0,2.0,13.0,42.0,7.0,1.0,1.0,11.0,0.0,8.0,6.0,84.0,28.0,0.0,3.0,16.0,25.0,0.0,58.0,0.0,0.0,8.0,0.0,38.0,0.0,4.0,3.0,74.0,3.0,0.0,1.0,11.0,0.0,0.0
26,49323761.0,41.0,15.0,20.0,142.0,14.0,299.0,24.0,125.0,23.0,57.0,338.0,16.0,11.0,5.0,186.0,347.0,3.0,18.0,26.0,189.0,49.0,152.0,3.0,12.0,77.0,0.0,16.0,145.0,106.0,23.0,3.0,31.0,14.0,29.0,70.0,2.0,99.0,2.0,15.0,32.0,1.0,184.0,16.0,13.0,9.0,40.0,197.0,6.0,1.0,7.0,23.0,37.0,14.0,0.0,0.0,14.0,10.0,1.0,16.0,259.0,59.0,192.0,1.0,55.0,218.0,13.0,3.0,0.0,73.0,229.0,74.0,314.0,345.0,421.0,182.0,46.0,168.0,8.0,13.0,17.0,4.0,4.0,220.0,73.0,12.0,10.0,2.0,18.0,15.0,109.0,5.0,2.0,2.0,6.0,0.0,6.0,1.0,116.0,23.0,0.0,0.0,13.0,98.0,1.0,90.0,0.0,0.0,10.0,2.0,41.0,0.0,5.0,1.0,250.0,0.0,0.0,1.0,9.0,0.0,0.0
27,50083589.0,45.0,0.0,12.0,93.0,0.0,18.0,7.0,4.0,13.0,1.0,22.0,2.0,2.0,3.0,66.0,23.0,26.0,1.0,4.0,27.0,5.0,7.0,2.0,2.0,8.0,16.0,0.0,5.0,14.0,3.0,2.0,114.0,142.0,94.0,4.0,2.0,5.0,5.0,21.0,130.0,1.0,88.0,17.0,113.0,1.0,24.0,103.0,1.0,54.0,25.0,17.0,74.0,19.0,28.0,1.0,41.0,2.0,26.0,0.0,2.0,6.0,54.0,2.0,51.0,25.0,33.0,62.0,0.0,192.0,23.0,2.0,15.0,7.0,33.0,12.0,8.0,50.0,15.0,128.0,4.0,91.0,62.0,18.0,18.0,63.0,6.0,27.0,1.0,96.0,5.0,3.0,0.0,16.0,2.0,1.0,36.0,0.0,1.0,47.0,0.0,0.0,0.0,6.0,32.0,3.0,0.0,0.0,45.0,25.0,2.0,0.0,4.0,7.0,3.0,3.0,0.0,21.0,32.0,1.0,3.0
28,51478771.0,103.0,10.0,7.0,98.0,93.0,254.0,52.0,164.0,21.0,33.0,262.0,52.0,4.0,26.0,228.0,233.0,8.0,44.0,27.0,330.0,123.0,173.0,2.0,36.0,95.0,145.0,5.0,0.0,126.0,74.0,13.0,12.0,21.0,34.0,361.0,14.0,565.0,8.0,16.0,18.0,5.0,151.0,31.0,6.0,21.0,60.0,247.0,22.0,0.0,13.0,5.0,44.0,21.0,0.0,0.0,9.0,29.0,0.0,66.0,213.0,39.0,85.0,4.0,53.0,221.0,20.0,0.0,0.0,35.0,132.0,69.0,117.0,231.0,299.0,307.0,200.0,95.0,10.0,30.0,48.0,7.0,2.0,132.0,24.0,6.0,8.0,1.0,8.0,5.0,148.0,6.0,1.0,2.0,33.0,0.0,6.0,90.0,325.0,24.0,0.0,10.0,40.0,55.0,1.0,97.0,0.0,0.0,7.0,0.0,366.0,3.0,8.0,2.0,80.0,1.0,0.0,2.0,11.0,0.0,0.0
29,52696957.0,86.0,15.0,19.0,122.0,39.0,197.0,35.0,121.0,17.0,67.0,149.0,86.0,8.0,55.0,194.0,264.0,10.0,14.0,32.0,288.0,103.0,150.0,3.0,90.0,97.0,106.0,14.0,126.0,0.0,76.0,23.0,33.0,32.0,22.0,131.0,11.0,280.0,10.0,9.0,23.0,5.0,150.0,35.0,16.0,15.0,103.0,207.0,67.0,0.0,5.0,24.0,43.0,41.0,0.0,0.0,14.0,17.0,2.0,27.0,100.0,33.0,112.0,4.0,50.0,248.0,26.0,0.0,0.0,33.0,150.0,71.0,64.0,276.0,238.0,202.0,72.0,56.0,17.0,45.0,51.0,7.0,4.0,89.0,27.0,9.0,4.0,4.0,9.0,7.0,96.0,2.0,1.0,3.0,7.0,0.0,18.0,51.0,90.0,49.0,0.0,4.0,41.0,42.0,2.0,93.0,0.0,0.0,11.0,1.0,53.0,0.0,8.0,8.0,64.0,1.0,0.0,4.0,19.0,3.0,0.0
30,53870725.0,41.0,4.0,4.0,49.0,35.0,93.0,21.0,45.0,10.0,17.0,67.0,13.0,2.0,4.0,66.0,92.0,2.0,17.0,11.0,111.0,34.0,76.0,3.0,28.0,32.0,23.0,3.0,74.0,76.0,0.0,1.0,3.0,17.0,11.0,48.0,11.0,53.0,11.0,8.0,5.0,0.0,41.0,10.0,5.0,9.0,41.0,92.0,8.0,0.0,6.0,2.0,18.0,17.0,0.0,0.0,2.0,6.0,0.0,10.0,39.0,10.0,28.0,4.0,11.0,76.0,11.0,0.0,0.0,8.0,57.0,17.0,13.0,80.0,88.0,41.0,39.0,19.0,5.0,21.0,21.0,4.0,0.0,22.0,10.0,1.0,2.0,0.0,2.0,1.0,44.0,0.0,1.0,0.0,2.0,0.0,1.0,4.0,44.0,12.0,0.0,0.0,31.0,12.0,0.0,33.0,0.0,0.0,3.0,0.0,62.0,0.0,2.0,3.0,14.0,0.0,0.0,1.0,5.0,0.0,0.0
31,55312746.0,2.0,2.0,10.0,2.0,49.0,1.0,16.0,3.0,1.0,22.0,8.0,17.0,2.0,156.0,40.0,15.0,2.0,0.0,1.0,15.0,16.0,105.0,0.0,87.0,2.0,3.0,2.0,13.0,23.0,1.0,0.0,65.0,2.0,1.0,56.0,1.0,179.0,0.0,0.0,0.0,7.0,3.0,0.0,1.0,5.0,0.0,10.0,86.0,0.0,1.0,1.0,1.0,0.0,0.0,0.0,2.0,0.0,0.0,7.0,10.0,1.0,4.0,0.0,1.0,10.0,2.0,0.0,0.0,0.0,4.0,0.0,1.0,6.0,3.0,11.0,7.0,0.0,0.0,1.0,0.0,2.0,1.0,2.0,1.0,0.0,0.0,0.0,0.0,0.0,5.0,0.0,0.0,0.0,0.0,0.0,1.0,46.0,8.0,0.0,0.0,7.0,10.0,2.0,0.0,30.0,0.0,0.0,1.0,0.0,5.0,0.0,0.0,0.0,1.0,0.0,0.0,1.0,0.0,0.0,0.0
32,64149875.0,18.0,0.0,30.0,16.0,13.0,34.0,18.0,11.0,8.0,21.0,42.0,26.0,10.0,71.0,169.0,31.0,57.0,1.0,2.0,30.0,12.0,19.0,1.0,118.0,14.0,31.0,114.0,12.0,33.0,3.0,65.0,0.0,71.0,65.0,105.0,0.0,102.0,0.0,22.0,87.0,6.0,66.0,13.0,91.0,0.0,11.0,26.0,225.0,30.0,15.0,23.0,52.0,5.0,59.0,1.0,49.0,1.0,13.0,4.0,18.0,15.0,43.0,2.0,60.0,65.0,20.0,42.0,0.0,170.0,25.0,13.0,45.0,8.0,45.0,33.0,17.0,82.0,14.0,71.0,10.0,47.0,28.0,38.0,1.0,47.0,5.0,19.0,1.0,90.0,5.0,4.0,8.0,9.0,3.0,2.0,164.0,44.0,16.0,22.0,0.0,15.0,10.0,6.0,56.0,11.0,0.0,0.0,20.0,17.0,3.0,0.0,10.0,5.0,9.0,3.0,0.0,10.0,18.0,1.0,4.0
33,66647830.0,37.0,2.0,9.0,40.0,9.0,33.0,8.0,29.0,9.0,10.0,27.0,8.0,3.0,7.0,95.0,42.0,16.0,4.0,9.0,49.0,19.0,31.0,0.0,17.0,40.0,14.0,142.0,21.0,32.0,17.0,2.0,71.0,0.0,81.0,26.0,11.0,22.0,13.0,8.0,73.0,3.0,51.0,13.0,55.0,9.0,34.0,54.0,3.0,31.0,25.0,29.0,120.0,24.0,30.0,0.0,24.0,1.0,18.0,0.0,16.0,3.0,77.0,3.0,42.0,29.0,38.0,52.0,0.0,134.0,25.0,9.0,27.0,33.0,44.0,26.0,25.0,59.0,2.0,129.0,14.0,64.0,40.0,27.0,4.0,37.0,4.0,13.0,1.0,53.0,23.0,1.0,0.0,9.0,1.0,2.0,32.0,0.0,18.0,27.0,0.0,1.0,7.0,8.0,20.0,7.0,0.0,0.0,18.0,14.0,13.0,0.0,4.0,1.0,15.0,1.0,0.0,24.0,10.0,1.0,3.0
34,71207287.0,46.0,1.0,10.0,22.0,12.0,53.0,9.0,23.0,9.0,6.0,47.0,3.0,6.0,1.0,89.0,44.0,7.0,10.0,11.0,59.0,37.0,22.0,3.0,9.0,24.0,29.0,94.0,34.0,22.0,11.0,1.0,65.0,81.0,0.0,29.0,5.0,32.0,5.0,29.0,122.0,2.0,60.0,35.0,51.0,16.0,22.0,43.0,4.0,18.0,16.0,20.0,91.0,13.0,9.0,1.0,37.0,1.0,12.0,4.0,47.0,14.0,67.0,3.0,71.0,38.0,29.0,46.0,0.0,175.0,25.0,21.0,47.0,30.0,59.0,35.0,26.0,100.0,13.0,52.0,14.0,39.0,19.0,36.0,7.0,84.0,13.0,15.0,3.0,109.0,32.0,3.0,0.0,20.0,6.0,0.0,8.0,0.0,34.0,40.0,0.0,0.0,3.0,8.0,12.0,16.0,0.0,0.0,7.0,13.0,12.0,0.0,7.0,5.0,19.0,4.0,0.0,19.0,17.0,1.0,3.0
35,73938917.0,82.0,25.0,15.0,72.0,133.0,118.0,52.0,94.0,20.0,94.0,91.0,87.0,3.0,58.0,249.0,236.0,4.0,25.0,19.0,270.0,186.0,159.0,4.0,120.0,79.0,70.0,4.0,361.0,131.0,48.0,56.0,105.0,26.0,29.0,0.0,12.0,728.0,10.0,21.0,3.0,12.0,63.0,31.0,6.0,18.0,59.0,189.0,122.0,0.0,7.0,3.0,34.0,32.0,0.0,0.0,6.0,5.0,0.0,66.0,98.0,17.0,43.0,4.0,22.0,143.0,29.0,0.0,0.0,2.0,59.0,29.0,24.0,236.0,152.0,202.0,87.0,32.0,6.0,35.0,23.0,8.0,2.0,41.0,13.0,1.0,1.0,0.0,8.0,0.0,106.0,2.0,0.0,0.0,29.0,0.0,9.0,196.0,246.0,27.0,0.0,82.0,34.0,61.0,0.0,123.0,0.0,0.0,4.0,0.0,206.0,3.0,4.0,2.0,44.0,0.0,0.0,2.0,6.0,0.0,0.0
36,75055396.0,11.0,1.0,0.0,13.0,7.0,13.0,4.0,8.0,2.0,3.0,5.0,2.0,2.0,1.0,12.0,18.0,2.0,1.0,7.0,17.0,14.0,17.0,0.0,7.0,14.0,2.0,2.0,14.0,11.0,11.0,1.0,0.0,11.0,5.0,12.0,0.0,14.0,5.0,2.0,1.0,3.0,13.0,4.0,3.0,5.0,11.0,16.0,1.0,0.0,4.0,1.0,8.0,6.0,0.0,0.0,0.0,1.0,0.0,2.0,5.0,2.0,6.0,1.0,9.0,9.0,8.0,0.0,0.0,0.0,9.0,4.0,0.0,14.0,13.0,10.0,14.0,3.0,2.0,12.0,6.0,2.0,0.0,5.0,5.0,1.0,0.0,0.0,0.0,0.0,8.0,0.0,0.0,0.0,2.0,0.0,0.0,0.0,10.0,5.0,0.0,0.0,3.0,3.0,0.0,8.0,0.0,0.0,0.0,0.0,8.0,0.0,1.0,1.0,3.0,0.0,0.0,0.0,2.0,0.0,0.0
37,75630518.0,117.0,28.0,42.0,108.0,241.0,189.0,159.0,143.0,27.0,80.0,202.0,287.0,4.0,367.0,282.0,250.0,10.0,48.0,35.0,235.0,393.0,166.0,3.0,127.0,121.0,99.0,5.0,565.0,280.0,53.0,179.0,102.0,22.0,32.0,728.0,14.0,0.0,17.0,17.0,8.0,30.0,136.0,32.0,7.0,28.0,109.0,205.0,308.0,0.0,9.0,8.0,58.0,37.0,1.0,0.0,7.0,39.0,0.0,155.0,169.0,47.0,49.0,6.0,27.0,356.0,28.0,2.0,0.0,15.0,110.0,56.0,57.0,263.0,204.0,301.0,209.0,70.0,15.0,39.0,47.0,6.0,4.0,67.0,20.0,4.0,4.0,0.0,16.0,2.0,113.0,2.0,1.0,2.0,37.0,0.0,12.0,496.0,353.0,22.0,0.0,56.0,102.0,91.0,0.0,300.0,0.0,0.0,16.0,0.0,262.0,2.0,8.0,1.0,82.0,0.0,0.0,4.0,10.0,0.0,0.0
38,94626353.0,17.0,1.0,0.0,22.0,7.0,13.0,2.0,11.0,0.0,9.0,7.0,0.0,0.0,0.0,11.0,20.0,1.0,2.0,3.0,21.0,9.0,9.0,0.0,8.0,14.0,2.0,5.0,8.0,10.0,11.0,0.0,0.0,13.0,5.0,10.0,5.0,17.0,0.0,1.0,0.0,2.0,12.0,4.0,1.0,4.0,18.0,26.0,1.0,0.0,4.0,1.0,15.0,13.0,0.0,0.0,0.0,0.0,0.0,2.0,5.0,2.0,8.0,2.0,3.0,5.0,6.0,0.0,0.0,3.0,14.0,3.0,0.0,19.0,20.0,3.0,16.0,2.0,1.0,13.0,8.0,0.0,0.0,5.0,1.0,1.0,0.0,0.0,1.0,0.0,6.0,1.0,0.0,0.0,1.0,0.0,0.0,0.0,5.0,4.0,0.0,0.0,4.0,0.0,0.0,9.0,0.0,0.0,4.0,0.0,13.0,0.0,1.0,0.0,4.0,0.0,0.0,1.0,2.0,0.0,0.0
39,98310966.0,26.0,1.0,7.0,5.0,8.0,21.0,2.0,4.0,3.0,3.0,14.0,3.0,2.0,1.0,28.0,26.0,3.0,2.0,1.0,18.0,29.0,8.0,2.0,11.0,9.0,15.0,21.0,16.0,9.0,8.0,0.0,22.0,8.0,29.0,21.0,2.0,17.0,1.0,0.0,34.0,0.0,35.0,12.0,9.0,5.0,8.0,10.0,3.0,1.0,15.0,7.0,23.0,10.0,2.0,0.0,14.0,1.0,7.0,6.0,23.0,1.0,24.0,2.0,24.0,5.0,12.0,4.0,0.0,65.0,20.0,7.0,22.0,16.0,29.0,19.0,8.0,44.0,4.0,13.0,5.0,10.0,5.0,17.0,1.0,28.0,9.0,1.0,4.0,35.0,11.0,3.0,0.0,8.0,1.0,0.0,3.0,0.0,7.0,19.0,0.0,0.0,3.0,14.0,2.0,12.0,0.0,0.0,0.0,1.0,3.0,1.0,5.0,6.0,10.0,3.0,0.0,1.0,9.0,2.0,0.0
40,101250325.0,15.0,0.0,7.0,17.0,2.0,54.0,4.0,8.0,4.0,3.0,38.0,3.0,4.0,0.0,93.0,30.0,9.0,3.0,4.0,23.0,7.0,13.0,0.0,2.0,23.0,32.0,130.0,18.0,23.0,5.0,0.0,87.0,73.0,122.0,3.0,1.0,8.0,0.0,34.0,0.0,0.0,101.0,7.0,54.0,1.0,9.0,26.0,1.0,7.0,9.0,9.0,87.0,9.0,8.0,1.0,66.0,0.0,6.0,0.0,21.0,9.0,68.0,0.0,77.0,25.0,7.0,45.0,0.0,268.0,26.0,17.0,70.0,11.0,74.0,40.0,11.0,130.0,7.0,33.0,8.0,45.0,11.0,64.0,0.0,120.0,23.0,5.0,2.0,176.0,9.0,4.0,1.0,29.0,4.0,1.0,15.0,0.0,12.0,53.0,0.0,1.0,1.0,14.0,9.0,2.0,0.0,0.0,6.0,8.0,3.0,0.0,8.0,2.0,21.0,3.0,0.0,5.0,12.0,0.0,0.0
41,129389419.0,4.0,11.0,0.0,3.0,3.0,3.0,2.0,3.0,0.0,3.0,3.0,3.0,0.0,10.0,3.0,10.0,2.0,9.0,2.0,5.0,7.0,5.0,0.0,4.0,4.0,1.0,1.0,5.0,5.0,0.0,7.0,6.0,3.0,2.0,12.0,3.0,30.0,2.0,0.0,0.0,0.0,3.0,2.0,1.0,2.0,2.0,3.0,8.0,0.0,2.0,1.0,3.0,2.0,0.0,0.0,0.0,0.0,0.0,1.0,6.0,0.0,2.0,0.0,2.0,4.0,2.0,0.0,0.0,0.0,3.0,3.0,0.0,4.0,4.0,1.0,4.0,2.0,0.0,3.0,2.0,1.0,1.0,1.0,1.0,1.0,0.0,0.0,0.0,0.0,2.0,0.0,0.0,0.0,1.0,0.0,1.0,4.0,1.0,1.0,0.0,0.0,1.0,19.0,0.0,21.0,0.0,0.0,0.0,0.0,2.0,0.0,1.0,0.0,1.0,0.0,0.0,0.0,1.0,0.0,0.0
42,132306718.0,94.0,17.0,32.0,175.0,29.0,280.0,38.0,83.0,24.0,35.0,286.0,36.0,13.0,9.0,218.0,211.0,16.0,13.0,19.0,127.0,111.0,100.0,5.0,29.0,128.0,184.0,88.0,151.0,150.0,41.0,3.0,66.0,51.0,60.0,63.0,13.0,136.0,12.0,35.0,101.0,3.0,0.0,27.0,41.0,15.0,108.0,180.0,9.0,1.0,22.0,24.0,82.0,41.0,3.0,0.0,36.0,42.0,4.0,40.0,130.0,49.0,173.0,5.0,103.0,278.0,35.0,11.0,0.0,151.0,153.0,89.0,238.0,142.0,315.0,218.0,126.0,168.0,14.0,54.0,58.0,39.0,6.0,208.0,24.0,47.0,25.0,7.0,29.0,64.0,50.0,9.0,1.0,11.0,16.0,0.0,26.0,9.0,92.0,67.0,0.0,1.0,11.0,75.0,10.0,109.0,0.0,0.0,41.0,5.0,33.0,0.0,17.0,10.0,105.0,6.0,0.0,3.0,26.0,3.0,0.0
43,132434409.0,43.0,2.0,7.0,19.0,13.0,27.0,6.0,22.0,7.0,12.0,35.0,5.0,3.0,0.0,43.0,45.0,8.0,7.0,11.0,73.0,27.0,24.0,2.0,15.0,24.0,16.0,17.0,31.0,35.0,10.0,0.0,13.0,13.0,35.0,31.0,4.0,32.0,4.0,12.0,7.0,2.0,27.0,0.0,15.0,36.0,32.0,50.0,3.0,4.0,18.0,4.0,19.0,14.0,0.0,0.0,1.0,2.0,1.0,7.0,25.0,26.0,14.0,4.0,16.0,40.0,30.0,5.0,0.0,16.0,25.0,15.0,4.0,51.0,36.0,26.0,25.0,23.0,19.0,36.0,13.0,8.0,17.0,9.0,3.0,3.0,1.0,3.0,1.0,4.0,33.0,0.0,0.0,0.0,4.0,0.0,5.0,0.0,30.0,24.0,0.0,0.0,10.0,12.0,3.0,16.0,0.0,0.0,8.0,3.0,15.0,1.0,2.0,2.0,6.0,0.0,0.0,3.0,10.0,1.0,0.0
44,134043722.0,40.0,0.0,9.0,7.0,1.0,22.0,7.0,3.0,9.0,2.0,25.0,4.0,3.0,2.0,35.0,16.0,60.0,2.0,2.0,20.0,4.0,8.0,1.0,4.0,10.0,13.0,113.0,6.0,16.0,5.0,1.0,91.0,55.0,51.0,6.0,3.0,7.0,1.0,9.0,54.0,1.0,41.0,15.0,0.0,5.0,8.0,18.0,0.0,43.0,17.0,17.0,45.0,15.0,49.0,1.0,28.0,2.0,15.0,1.0,7.0,5.0,31.0,1.0,32.0,20.0,20.0,50.0,2.0,121.0,14.0,5.0,13.0,10.0,29.0,14.0,12.0,33.0,19.0,130.0,19.0,83.0,28.0,15.0,2.0,33.0,1.0,57.0,1.0,60.0,5.0,1.0,0.0,5.0,1.0,0.0,73.0,1.0,6.0,41.0,0.0,1.0,1.0,5.0,44.0,4.0,0.0,0.0,7.0,27.0,3.0,0.0,4.0,9.0,5.0,0.0,0.0,20.0,23.0,3.0,3.0
45,135604662.0,20.0,3.0,1.0,18.0,12.0,26.0,7.0,17.0,3.0,10.0,42.0,2.0,1.0,0.0,27.0,44.0,3.0,13.0,2.0,39.0,16.0,13.0,0.0,8.0,18.0,9.0,1.0,21.0,15.0,9.0,5.0,0.0,9.0,16.0,18.0,5.0,28.0,4.0,5.0,1.0,2.0,15.0,36.0,5.0,0.0,16.0,31.0,5.0,0.0,6.0,2.0,18.0,14.0,0.0,0.0,1.0,1.0,0.0,4.0,23.0,2.0,11.0,3.0,9.0,48.0,13.0,0.0,0.0,2.0,16.0,10.0,3.0,28.0,35.0,7.0,27.0,8.0,4.0,16.0,15.0,1.0,0.0,9.0,6.0,2.0,0.0,0.0,0.0,0.0,16.0,0.0,0.0,0.0,3.0,0.0,4.0,2.0,15.0,8.0,0.0,0.0,4.0,2.0,0.0,12.0,0.0,0.0,2.0,0.0,12.0,0.0,2.0,1.0,7.0,0.0,0.0,1.0,4.0,0.0,0.0
46,150123967.0,64.0,14.0,2.0,111.0,53.0,94.0,15.0,69.0,19.0,31.0,105.0,19.0,1.0,2.0,112.0,131.0,10.0,14.0,14.0,115.0,81.0,57.0,15.0,25.0,59.0,40.0,24.0,60.0,103.0,41.0,0.0,11.0,34.0,22.0,59.0,11.0,109.0,18.0,8.0,9.0,2.0,108.0,32.0,8.0,16.0,0.0,139.0,7.0,0.0,10.0,3.0,56.0,38.0,0.0,0.0,8.0,12.0,0.0,35.0,40.0,22.0,56.0,4.0,19.0,153.0,28.0,2.0,0.0,15.0,58.0,38.0,23.0,103.0,103.0,63.0,65.0,36.0,15.0,37.0,38.0,5.0,3.0,29.0,16.0,5.0,2.0,3.0,4.0,6.0,35.0,2.0,1.0,1.0,5.0,0.0,5.0,5.0,46.0,31.0,0.0,0.0,17.0,23.0,1.0,94.0,0.0,0.0,24.0,1.0,33.0,1.0,6.0,3.0,32.0,0.0,0.0,5.0,10.0,0.0,0.0
47,151919653.0,120.0,15.0,13.0,611.0,65.0,359.0,36.0,286.0,27.0,89.0,307.0,27.0,10.0,4.0,408.0,485.0,3.0,47.0,63.0,628.0,62.0,395.0,5.0,67.0,106.0,197.0,103.0,247.0,207.0,92.0,10.0,26.0,54.0,43.0,189.0,16.0,205.0,26.0,10.0,26.0,3.0,180.0,50.0,18.0,31.0,139.0,0.0,14.0,0.0,11.0,19.0,91.0,54.0,5.0,0.0,9.0,12.0,1.0,26.0,301.0,44.0,189.0,6.0,58.0,316.0,36.0,2.0,0.0,46.0,353.0,72.0,103.0,552.0,474.0,212.0,130.0,138.0,14.0,64.0,50.0,10.0,4.0,90.0,155.0,9.0,11.0,2.0,3.0,11.0,344.0,2.0,1.0,5.0,9.0,1.0,6.0,4.0,229.0,43.0,0.0,0.0,49.0,86.0,0.0,91.0,0.0,0.0,74.0,3.0,274.0,0.0,7.0,3.0,107.0,1.0,0.0,1.0,11.0,0.0,0.0
48,153321487.0,10.0,2.0,16.0,11.0,32.0,13.0,38.0,8.0,4.0,48.0,14.0,34.0,2.0,82.0,81.0,23.0,2.0,1.0,3.0,31.0,27.0,22.0,0.0,171.0,14.0,6.0,1.0,22.0,67.0,8.0,86.0,225.0,3.0,4.0,122.0,1.0,308.0,1.0,3.0,1.0,8.0,9.0,3.0,0.0,5.0,7.0,14.0,0.0,0.0,1.0,1.0,5.0,5.0,0.0,0.0,5.0,1.0,1.0,10.0,12.0,6.0,10.0,2.0,8.0,40.0,14.0,0.0,0.0,3.0,7.0,4.0,4.0,18.0,16.0,15.0,16.0,6.0,1.0,5.0,6.0,0.0,1.0,6.0,1.0,0.0,1.0,0.0,1.0,0.0,8.0,0.0,1.0,0.0,2.0,0.0,18.0,144.0,18.0,4.0,0.0,34.0,25.0,2.0,9.0,37.0,0.0,0.0,3.0,0.0,8.0,0.0,0.0,0.0,5.0,0.0,0.0,0.0,1.0,0.0,0.0
49,153949977.0,7.0,0.0,1.0,0.0,0.0,0.0,2.0,0.0,0.0,0.0,2.0,1.0,0.0,1.0,4.0,0.0,11.0,0.0,0.0,1.0,0.0,0.0,0.0,0.0,0.0,1.0,54.0,0.0,0.0,0.0,0.0,30.0,31.0,18.0,0.0,0.0,0.0,0.0,1.0,7.0,0.0,1.0,4.0,43.0,0.0,0.0,0.0,0.0,0.0,1.0,4.0,9.0,1.0,6.0,0.0,5.0,0.0,17.0,0.0,0.0,1.0,0.0,2.0,2.0,3.0,4.0,31.0,0.0,49.0,2.0,0.0,0.0,0.0,1.0,0.0,0.0,3.0,3.0,49.0,1.0,51.0,33.0,0.0,0.0,8.0,0.0,20.0,0.0,11.0,0.0,0.0,0.0,1.0,0.0,1.0,13.0,0.0,0.0,3.0,0.0,0.0,0.0,0.0,28.0,0.0,0.0,0.0,0.0,13.0,0.0,0.0,0.0,1.0,0.0,0.0,0.0,5.0,11.0,0.0,3.0
50,162505712.0,45.0,2.0,17.0,13.0,5.0,13.0,3.0,8.0,12.0,4.0,20.0,1.0,0.0,0.0,22.0,17.0,11.0,3.0,4.0,17.0,15.0,7.0,1.0,4.0,10.0,7.0,25.0,13.0,5.0,6.0,1.0,15.0,25.0,16.0,7.0,4.0,9.0,4.0,15.0,9.0,2.0,22.0,18.0,17.0,6.0,10.0,11.0,1.0,1.0,0.0,23.0,20.0,17.0,12.0,0.0,5.0,29.0,25.0,4.0,7.0,4.0,17.0,2.0,16.0,21.0,29.0,10.0,0.0,20.0,14.0,9.0,4.0,10.0,8.0,8.0,20.0,14.0,12.0,45.0,14.0,15.0,16.0,6.0,2.0,8.0,1.0,8.0,4.0,9.0,5.0,1.0,1.0,4.0,3.0,0.0,8.0,0.0,4.0,18.0,0.0,1.0,2.0,23.0,9.0,12.0,0.0,0.0,3.0,6.0,5.0,1.0,3.0,11.0,3.0,0.0,0.0,11.0,19.0,0.0,0.0
51,169196848.0,22.0,1.0,205.0,13.0,3.0,21.0,2.0,9.0,5.0,5.0,23.0,3.0,25.0,2.0,44.0,41.0,2.0,3.0,3.0,31.0,5.0,19.0,0.0,3.0,6.0,23.0,17.0,5.0,24.0,2.0,1.0,23.0,29.0,20.0,3.0,1.0,8.0,1.0,7.0,9.0,1.0,24.0,4.0,17.0,2.0,3.0,19.0,1.0,4.0,23.0,0.0,14.0,57.0,4.0,0.0,11.0,5.0,11.0,2.0,18.0,6.0,124.0,0.0,38.0,31.0,12.0,4.0,0.0,38.0,48.0,8.0,17.0,16.0,26.0,13.0,10.0,21.0,18.0,26.0,7.0,7.0,7.0,9.0,3.0,11.0,1.0,5.0,6.0,2.0,5.0,0.0,0.0,2.0,0.0,0.0,11.0,0.0,6.0,27.0,0.0,0.0,1.0,18.0,1.0,16.0,0.0,0.0,2.0,5.0,2.0,0.0,3.0,16.0,8.0,0.0,0.0,7.0,5.0,8.0,0.0
52,176015466.0,51.0,4.0,10.0,75.0,21.0,67.0,11.0,55.0,16.0,19.0,63.0,9.0,5.0,1.0,175.0,92.0,10.0,11.0,10.0,78.0,34.0,59.0,1.0,18.0,66.0,37.0,74.0,44.0,43.0,18.0,1.0,52.0,120.0,91.0,34.0,8.0,58.0,15.0,23.0,87.0,3.0,82.0,19.0,45.0,18.0,56.0,91.0,5.0,9.0,20.0,14.0,0.0,33.0,13.0,1.0,31.0,1.0,8.0,7.0,49.0,13.0,95.0,5.0,50.0,65.0,38.0,42.0,0.0,137.0,48.0,22.0,67.0,76.0,101.0,46.0,35.0,103.0,7.0,61.0,25.0,35.0,18.0,52.0,7.0,57.0,4.0,4.0,5.0,101.0,38.0,3.0,1.0,13.0,5.0,2.0,13.0,0.0,64.0,43.0,0.0,1.0,10.0,11.0,10.0,32.0,0.0,0.0,16.0,8.0,22.0,0.0,7.0,3.0,39.0,1.0,0.0,10.0,12.0,0.0,4.0
53,178779512.0,42.0,1.0,11.0,43.0,14.0,40.0,3.0,31.0,7.0,14.0,34.0,0.0,1.0,0.0,53.0,66.0,7.0,12.0,7.0,76.0,22.0,28.0,1.0,14.0,33.0,14.0,19.0,21.0,41.0,17.0,0.0,5.0,24.0,13.0,32.0,6.0,37.0,13.0,10.0,9.0,2.0,41.0,14.0,15.0,14.0,38.0,54.0,5.0,1.0,17.0,57.0,33.0,0.0,1.0,0.0,4.0,0.0,5.0,6.0,14.0,5.0,72.0,5.0,14.0,42.0,22.0,0.0,0.0,9.0,35.0,21.0,8.0,49.0,51.0,22.0,26.0,12.0,5.0,38.0,24.0,8.0,4.0,21.0,2.0,7.0,2.0,2.0,2.0,7.0,21.0,2.0,1.0,2.0,4.0,0.0,9.0,0.0,17.0,38.0,0.0,0.0,8.0,7.0,3.0,15.0,0.0,0.0,5.0,0.0,16.0,0.0,4.0,14.0,13.0,0.0,0.0,4.0,11.0,5.0,0.0
54,197635196.0,11.0,0.0,3.0,3.0,0.0,0.0,1.0,0.0,2.0,0.0,6.0,0.0,1.0,0.0,7.0,2.0,2.0,0.0,0.0,7.0,0.0,0.0,0.0,0.0,0.0,0.0,28.0,0.0,0.0,0.0,0.0,59.0,30.0,9.0,0.0,0.0,1.0,0.0,2.0,8.0,0.0,3.0,0.0,49.0,0.0,0.0,5.0,0.0,6.0,12.0,4.0,13.0,1.0,0.0,0.0,4.0,1.0,4.0,0.0,0.0,0.0,3.0,1.0,4.0,10.0,6.0,15.0,0.0,18.0,3.0,0.0,0.0,0.0,1.0,0.0,5.0,10.0,0.0,41.0,1.0,13.0,12.0,1.0,0.0,4.0,0.0,4.0,0.0,8.0,0.0,0.0,0.0,0.0,0.0,0.0,10.0,1.0,0.0,5.0,0.0,0.0,0.0,2.0,2.0,0.0,0.0,0.0,4.0,10.0,0.0,0.0,1.0,1.0,0.0,0.0,0.0,4.0,3.0,0.0,1.0
55,198109274.0,0.0,0.0,0.0,1.0,0.0,0.0,0.0,0.0,0.0,0.0,0.0,0.0,0.0,0.0,0.0,0.0,0.0,0.0,0.0,0.0,0.0,0.0,0.0,0.0,0.0,0.0,1.0,0.0,0.0,0.0,0.0,1.0,0.0,1.0,0.0,0.0,0.0,0.0,0.0,1.0,0.0,0.0,0.0,1.0,0.0,0.0,0.0,0.0,0.0,0.0,0.0,1.0,0.0,0.0,0.0,0.0,0.0,0.0,0.0,0.0,0.0,0.0,0.0,1.0,0.0,0.0,1.0,0.0,0.0,0.0,0.0,0.0,0.0,0.0,0.0,0.0,1.0,0.0,1.0,0.0,0.0,0.0,0.0,0.0,1.0,0.0,0.0,0.0,1.0,0.0,0.0,0.0,0.0,0.0,0.0,0.0,0.0,0.0,0.0,0.0,0.0,0.0,0.0,0.0,0.0,0.0,0.0,1.0,0.0,0.0,0.0,0.0,0.0,0.0,0.0,0.0,1.0,0.0,0.0,0.0
56,210824047.0,7.0,0.0,5.0,5.0,1.0,20.0,5.0,7.0,3.0,3.0,12.0,5.0,2.0,2.0,44.0,13.0,10.0,0.0,1.0,14.0,8.0,11.0,0.0,5.0,21.0,14.0,41.0,9.0,14.0,2.0,2.0,49.0,24.0,37.0,6.0,0.0,7.0,0.0,14.0,66.0,0.0,36.0,1.0,28.0,1.0,8.0,9.0,5.0,5.0,5.0,11.0,31.0,4.0,4.0,0.0,0.0,0.0,0.0,2.0,7.0,2.0,27.0,0.0,35.0,18.0,2.0,19.0,0.0,94.0,9.0,6.0,27.0,12.0,27.0,27.0,7.0,47.0,3.0,14.0,3.0,27.0,5.0,32.0,1.0,37.0,5.0,5.0,1.0,62.0,3.0,1.0,0.0,8.0,1.0,0.0,18.0,0.0,5.0,23.0,0.0,1.0,1.0,1.0,10.0,2.0,0.0,0.0,4.0,4.0,1.0,0.0,7.0,1.0,8.0,1.0,0.0,4.0,6.0,1.0,1.0
57,211993075.0,170.0,8.0,12.0,7.0,11.0,87.0,11.0,7.0,11.0,3.0,40.0,13.0,2.0,3.0,16.0,14.0,4.0,0.0,4.0,8.0,27.0,11.0,2.0,0.0,11.0,10.0,2.0,29.0,17.0,6.0,0.0,1.0,1.0,1.0,5.0,1.0,39.0,0.0,1.0,0.0,0.0,42.0,2.0,2.0,1.0,12.0,12.0,1.0,0.0,29.0,5.0,1.0,0.0,1.0,0.0,0.0,0.0,0.0,12.0,8.0,4.0,8.0,0.0,6.0,52.0,3.0,0.0,0.0,8.0,20.0,9.0,9.0,9.0,13.0,35.0,116.0,14.0,9.0,11.0,48.0,0.0,2.0,7.0,1.0,0.0,1.0,2.0,12.0,0.0,1.0,0.0,0.0,0.0,1.0,0.0,0.0,2.0,9.0,3.0,0.0,0.0,2.0,51.0,1.0,39.0,0.0,0.0,1.0,0.0,3.0,0.0,0.0,3.0,3.0,1.0,0.0,0.0,10.0,0.0,0.0
58,232286506.0,10.0,0.0,1.0,0.0,0.0,0.0,0.0,0.0,3.0,0.0,9.0,0.0,2.0,0.0,6.0,2.0,5.0,0.0,0.0,3.0,0.0,3.0,0.0,0.0,0.0,1.0,26.0,0.0,2.0,0.0,0.0,13.0,18.0,12.0,0.0,0.0,0.0,0.0,7.0,6.0,0.0,4.0,1.0,15.0,0.0,0.0,1.0,1.0,17.0,25.0,11.0,8.0,5.0,4.0,0.0,0.0,0.0,0.0,0.0,2.0,0.0,4.0,2.0,11.0,0.0,13.0,7.0,2.0,20.0,13.0,0.0,2.0,0.0,4.0,1.0,0.0,6.0,2.0,34.0,0.0,20.0,35.0,1.0,0.0,3.0,0.0,17.0,0.0,6.0,0.0,1.0,0.0,0.0,0.0,0.0,18.0,0.0,0.0,9.0,0.0,0.0,0.0,0.0,26.0,0.0,0.0,0.0,0.0,19.0,0.0,0.0,2.0,3.0,0.0,0.0,0.0,13.0,11.0,0.0,0.0
59,238369902.0,27.0,23.0,12.0,19.0,64.0,54.0,9.0,28.0,18.0,5.0,45.0,20.0,1.0,6.0,34.0,57.0,4.0,8.0,4.0,32.0,62.0,19.0,1.0,13.0,13.0,16.0,0.0,66.0,27.0,10.0,7.0,4.0,0.0,4.0,66.0,2.0,155.0,2.0,6.0,0.0,1.0,40.0,7.0,1.0,4.0,35.0,26.0,10.0,0.0,4.0,2.0,7.0,6.0,0.0,0.0,2.0,12.0,0.0,0.0,28.0,11.0,9.0,0.0,3.0,80.0,6.0,0.0,0.0,2.0,18.0,9.0,5.0,29.0,27.0,62.0,31.0,13.0,6.0,7.0,8.0,1.0,0.0,9.0,1.0,0.0,0.0,0.0,12.0,0.0,19.0,1.0,0.0,0.0,9.0,0.0,0.0,40.0,50.0,3.0,0.0,6.0,3.0,24.0,0.0,100.0,0.0,0.0,1.0,0.0,31.0,0.0,1.0,1.0,7.0,0.0,0.0,0.0,4.0,0.0,0.0
60,238422999.0,65.0,6.0,13.0,153.0,29.0,302.0,22.0,161.0,20.0,61.0,309.0,16.0,14.0,9.0,243.0,313.0,2.0,33.0,33.0,265.0,67.0,306.0,4.0,41.0,73.0,259.0,2.0,213.0,100.0,39.0,10.0,18.0,16.0,47.0,98.0,5.0,169.0,5.0,23.0,21.0,6.0,130.0,25.0,7.0,23.0,40.0,301.0,12.0,0.0,7.0,18.0,49.0,14.0,0.0,0.0,7.0,8.0,2.0,28.0,0.0,109.0,111.0,2.0,50.0,224.0,15.0,0.0,0.0,39.0,258.0,79.0,163.0,354.0,337.0,143.0,95.0,164.0,7.0,22.0,23.0,3.0,1.0,107.0,34.0,5.0,11.0,0.0,15.0,6.0,244.0,1.0,1.0,5.0,11.0,0.0,2.0,9.0,271.0,17.0,0.0,2.0,59.0,88.0,0.0,83.0,0.0,0.0,10.0,0.0,165.0,0.0,7.0,2.0,144.0,2.0,0.0,2.0,8.0,0.0,0.0
61,243296547.0,24.0,2.0,6.0,36.0,13.0,65.0,9.0,36.0,8.0,14.0,69.0,7.0,4.0,1.0,45.0,65.0,0.0,7.0,12.0,37.0,15.0,36.0,2.0,8.0,16.0,59.0,6.0,39.0,33.0,10.0,1.0,15.0,3.0,14.0,17.0,2.0,47.0,2.0,1.0,9.0,0.0,49.0,26.0,5.0,2.0,22.0,44.0,6.0,1.0,4.0,6.0,13.0,5.0,0.0,0.0,2.0,4.0,0.0,11.0,109.0,0.0,22.0,3.0,21.0,57.0,3.0,1.0,0.0,20.0,56.0,26.0,38.0,41.0,66.0,45.0,31.0,61.0,8.0,12.0,10.0,1.0,2.0,31.0,6.0,2.0,4.0,1.0,4.0,2.0,24.0,0.0,1.0,4.0,8.0,0.0,0.0,3.0,40.0,6.0,0.0,0.0,7.0,24.0,0.0,26.0,0.0,0.0,3.0,0.0,16.0,0.0,6.0,2.0,22.0,1.0,0.0,1.0,3.0,0.0,0.0
62,244152633.0,52.0,15.0,51.0,147.0,15.0,184.0,15.0,102.0,19.0,29.0,181.0,18.0,5.0,0.0,274.0,208.0,8.0,8.0,14.0,137.0,53.0,101.0,2.0,23.0,77.0,192.0,54.0,85.0,112.0,28.0,4.0,43.0,77.0,67.0,43.0,6.0,49.0,8.0,24.0,68.0,2.0,173.0,14.0,31.0,11.0,56.0,189.0,10.0,0.0,17.0,124.0,95.0,72.0,3.0,0.0,27.0,8.0,4.0,9.0,111.0,22.0,0.0,4.0,68.0,176.0,24.0,10.0,0.0,102.0,130.0,58.0,180.0,128.0,219.0,107.0,46.0,123.0,8.0,40.0,30.0,26.0,3.0,114.0,29.0,37.0,24.0,2.0,18.0,48.0,55.0,5.0,1.0,10.0,6.0,0.0,17.0,1.0,54.0,62.0,0.0,1.0,10.0,70.0,8.0,74.0,0.0,0.0,17.0,5.0,27.0,0.0,13.0,16.0,122.0,4.0,0.0,5.0,12.0,8.0,0.0
63,244632599.0,6.0,2.0,1.0,4.0,4.0,3.0,0.0,1.0,0.0,2.0,5.0,0.0,0.0,0.0,7.0,6.0,1.0,1.0,0.0,6.0,6.0,3.0,1.0,3.0,3.0,1.0,2.0,4.0,4.0,4.0,0.0,2.0,3.0,3.0,4.0,1.0,6.0,2.0,2.0,0.0,0.0,5.0,4.0,1.0,3.0,4.0,6.0,2.0,2.0,2.0,0.0,5.0,5.0,1.0,0.0,0.0,0.0,2.0,0.0,2.0,3.0,4.0,0.0,2.0,1.0,4.0,1.0,0.0,2.0,4.0,2.0,0.0,5.0,5.0,1.0,5.0,2.0,0.0,7.0,4.0,2.0,1.0,1.0,0.0,0.0,0.0,1.0,0.0,1.0,3.0,0.0,0.0,0.0,0.0,0.0,2.0,0.0,4.0,1.0,0.0,0.0,2.0,0.0,1.0,2.0,0.0,0.0,0.0,0.0,2.0,0.0,1.0,1.0,1.0,0.0,0.0,0.0,2.0,0.0,0.0
64,246875675.0,49.0,2.0,20.0,39.0,10.0,83.0,17.0,42.0,6.0,12.0,74.0,15.0,11.0,3.0,127.0,68.0,13.0,7.0,14.0,61.0,23.0,41.0,1.0,15.0,45.0,55.0,51.0,53.0,50.0,11.0,1.0,60.0,42.0,71.0,22.0,9.0,27.0,3.0,24.0,77.0,2.0,103.0,16.0,32.0,9.0,19.0,58.0,8.0,2.0,16.0,38.0,50.0,14.0,4.0,1.0,35.0,6.0,11.0,3.0,50.0,21.0,68.0,2.0,0.0,64.0,27.0,19.0,0.0,117.0,72.0,37.0,71.0,49.0,119.0,77.0,27.0,108.0,7.0,41.0,22.0,16.0,8.0,65.0,7.0,45.0,14.0,7.0,3.0,54.0,30.0,4.0,0.0,9.0,8.0,0.0,13.0,2.0,37.0,36.0,0.0,3.0,9.0,9.0,6.0,15.0,0.0,0.0,8.0,10.0,18.0,0.0,10.0,4.0,27.0,6.0,0.0,10.0,16.0,0.0,1.0
65,248670810.0,110.0,22.0,103.0,188.0,102.0,393.0,70.0,227.0,53.0,48.0,594.0,104.0,39.0,19.0,519.0,330.0,4.0,54.0,29.0,303.0,178.0,168.0,8.0,75.0,91.0,218.0,25.0,221.0,248.0,76.0,10.0,65.0,29.0,38.0,143.0,9.0,356.0,5.0,5.0,25.0,4.0,278.0,40.0,20.0,48.0,153.0,316.0,40.0,3.0,21.0,31.0,65.0,42.0,10.0,0.0,18.0,52.0,0.0,80.0,224.0,57.0,176.0,1.0,64.0,0.0,44.0,7.0,0.0,60.0,307.0,139.0,128.0,257.0,362.0,191.0,159.0,177.0,37.0,53.0,52.0,5.0,5.0,116.0,30.0,8.0,11.0,2.0,21.0,8.0,100.0,1.0,1.0,3.0,14.0,0.0,10.0,48.0,216.0,34.0,0.0,13.0,22.0,236.0,0.0,239.0,0.0,0.0,10.0,1.0,115.0,0.0,8.0,4.0,139.0,1.0,0.0,6.0,18.0,0.0,0.0
66,252016593.0,40.0,2.0,8.0,21.0,11.0,23.0,14.0,31.0,8.0,14.0,39.0,10.0,3.0,5.0,63.0,29.0,7.0,8.0,5.0,53.0,26.0,23.0,1.0,21.0,26.0,13.0,33.0,20.0,26.0,11.0,2.0,20.0,38.0,29.0,29.0,8.0,28.0,6.0,12.0,7.0,2.0,35.0,30.0,20.0,13.0,28.0,36.0,14.0,4.0,29.0,12.0,38.0,22.0,6.0,0.0,2.0,3.0,13.0,6.0,15.0,3.0,24.0,4.0,27.0,44.0,0.0,8.0,0.0,17.0,24.0,19.0,4.0,33.0,30.0,30.0,19.0,17.0,6.0,62.0,16.0,13.0,18.0,12.0,6.0,5.0,2.0,5.0,0.0,6.0,19.0,0.0,1.0,0.0,3.0,0.0,8.0,0.0,22.0,23.0,0.0,3.0,6.0,6.0,4.0,8.0,0.0,0.0,2.0,5.0,11.0,1.0,3.0,6.0,11.0,0.0,0.0,11.0,15.0,0.0,0.0
67,252050368.0,6.0,0.0,2.0,4.0,0.0,3.0,1.0,0.0,1.0,0.0,9.0,0.0,1.0,0.0,17.0,4.0,7.0,0.0,0.0,1.0,0.0,0.0,0.0,0.0,0.0,3.0,62.0,0.0,0.0,0.0,0.0,42.0,52.0,46.0,0.0,0.0,2.0,0.0,4.0,45.0,0.0,11.0,5.0,50.0,0.0,2.0,2.0,0.0,31.0,10.0,4.0,42.0,0.0,15.0,1.0,19.0,0.0,7.0,0.0,0.0,1.0,10.0,1.0,19.0,7.0,8.0,0.0,0.0,91.0,2.0,0.0,5.0,0.0,10.0,2.0,1.0,38.0,3.0,42.0,0.0,38.0,20.0,6.0,0.0,34.0,1.0,11.0,0.0,60.0,0.0,0.0,0.0,9.0,1.0,0.0,9.0,0.0,0.0,6.0,0.0,0.0,0.0,2.0,13.0,0.0,0.0,0.0,7.0,14.0,0.0,0.0,2.0,0.0,1.0,1.0,0.0,11.0,9.0,0.0,3.0
68,252474349.0,0.0,0.0,0.0,0.0,0.0,0.0,0.0,0.0,0.0,0.0,0.0,0.0,0.0,0.0,0.0,0.0,3.0,0.0,0.0,0.0,0.0,0.0,0.0,0.0,0.0,0.0,0.0,0.0,0.0,0.0,0.0,0.0,0.0,0.0,0.0,0.0,0.0,0.0,0.0,0.0,0.0,0.0,0.0,2.0,0.0,0.0,0.0,0.0,0.0,0.0,0.0,0.0,0.0,0.0,0.0,0.0,0.0,2.0,0.0,0.0,0.0,0.0,0.0,0.0,0.0,0.0,0.0,0.0,0.0,0.0,0.0,0.0,0.0,0.0,0.0,0.0,0.0,0.0,0.0,0.0,3.0,0.0,0.0,0.0,0.0,0.0,1.0,0.0,0.0,0.0,0.0,0.0,0.0,0.0,0.0,4.0,0.0,0.0,0.0,0.0,0.0,0.0,0.0,2.0,0.0,0.0,0.0,0.0,1.0,0.0,0.0,0.0,0.0,0.0,0.0,0.0,0.0,0.0,0.0,1.0
