,0,1,2,3,4,5,6,7,8,9,10,11,12,13,14,15,16,17,18,19,20,21,22,23,24,25,26,27,28,29,30,31,32,33,34,35,36,37,38,39,40,41,42,43,44,45,46,47,48,49,50,51,52,53,54,55,56,57,58,59,60,61,62,63,64,65,66,67,68,69,70,71,72,73,74,75,76,77,78,79,80,81,82,83,84,85,86,87,88,89,90,91,92,93,94,95,96,97,98,99,100,101,102,103,104,105,106,107,108,109,110,111,112,113,114,115,116,117,118,119,120,121,122
0,-1.0,48827911.0,60585863.0,91771258.0,93278929.0,93821924.0,100664808.0,101824385.0,108459932.0,117802966.0,136668589.0,140198531.0,144750908.0,145401113.0,150881077.0,170071502.0,173159749.0,218597918.0,226073100.0,229423749.0,234987253.0,235031383.0,235035889.0,235133815.0,235244721.0,235311592.0,235371205.0,235372141.0,235378492.0,235396430.0,235412941.0,235426208.0,235572234.0,235589107.0,235590945.0,235600534.0,235604645.0,235629274.0,235630503.0,235636649.0,235642668.0,235658791.0,235661827.0,235672077.0,235675462.0,235676104.0,235677728.0,235677956.0,235678528.0,235685482.0,235689519.0,235691456.0,235697080.0,235698786.0,235703766.0,238169051.0,240729286.0,248129956.0,251978063.0,252161539.0,252266246.0,252379338.0,252966801.0,253750066.0,254758878.0,255164348.0,255630029.0,258242479.0,259898108.0,262232740.0,267234602.0,269518703.0,269680826.0,270620228.0,271964683.0,272259832.0,272395075.0,274709235.0,275122708.0,281553266.0,281669464.0,286094270.0,286124895.0,288104925.0,288599704.0,295342500.0,300768607.0,301514075.0,302448097.0,304068502.0,306016676.0,306275900.0,310340959.0,310815355.0,315973247.0,317262357.0,326219839.0,329566290.0,330994588.0,337273196.0,338936677.0,340846818.0,342615871.0,346768427.0,353216460.0,354708537.0,356510378.0,359179176.0,360167770.0,361525299.0,367142911.0,367808555.0,368229348.0,369398874.0,369489416.0,371745778.0,376306383.0,382368139.0,386501559.0,395332237.0,402005387.0,415349354.0,424560925.0
1,48827911.0,0.0,0.0,0.0,0.0,0.0,0.0,0.0,0.0,0.0,0.0,0.0,0.0,0.0,0.0,0.0,0.0,0.0,0.0,0.0,0.0,0.0,0.0,0.0,0.0,0.0,0.0,0.0,0.0,0.0,0.0,0.0,0.0,0.0,0.0,0.0,0.0,0.0,0.0,0.0,0.0,0.0,0.0,0.0,0.0,0.0,0.0,0.0,0.0,0.0,0.0,0.0,0.0,0.0,0.0,0.0,0.0,0.0,0.0,0.0,0.0,0.0,0.0,0.0,0.0,0.0,0.0,0.0,0.0,0.0,0.0,0.0,0.0,0.0,0.0,0.0,0.0,0.0,0.0,0.0,0.0,0.0,0.0,0.0,0.0,0.0,0.0,0.0,0.0,0.0,0.0,0.0,0.0,0.0,0.0,0.0,0.0,0.0,0.0,0.0,0.0,0.0,0.0,0.0,0.0,0.0,0.0,0.0,0.0,0.0,0.0,0.0,0.0,0.0,0.0,0.0,0.0,0.0,0.0,0.0,0.0,0.0,0.0
2,60585863.0,0.0,0.0,0.0,0.0,0.0,0.0,0.0,0.0,0.0,0.0,0.0,0.0,0.0,0.0,0.0,0.0,1.0,0.0,1.0,0.0,0.0,0.0,0.0,0.0,0.0,0.0,0.0,0.0,0.0,0.0,1.0,0.0,0.0,0.0,0.0,0.0,0.0,0.0,0.0,0.0,0.0,0.0,0.0,0.0,0.0,0.0,0.0,0.0,0.0,0.0,0.0,0.0,0.0,0.0,0.0,0.0,0.0,0.0,0.0,0.0,0.0,0.0,0.0,0.0,0.0,0.0,0.0,0.0,0.0,0.0,0.0,0.0,0.0,0.0,0.0,0.0,0.0,0.0,0.0,1.0,0.0,0.0,0.0,0.0,0.0,0.0,0.0,0.0,0.0,0.0,0.0,0.0,0.0,0.0,0.0,1.0,0.0,0.0,0.0,0.0,0.0,0.0,0.0,0.0,1.0,0.0,0.0,0.0,0.0,0.0,0.0,0.0,0.0,0.0,1.0,2.0,0.0,0.0,0.0,0.0,0.0,0.0
3,91771258.0,0.0,0.0,0.0,8.0,13.0,3.0,0.0,1.0,7.0,7.0,6.0,0.0,7.0,5.0,1.0,11.0,8.0,13.0,0.0,0.0,0.0,0.0,0.0,0.0,0.0,0.0,0.0,0.0,0.0,0.0,0.0,0.0,0.0,0.0,0.0,0.0,0.0,0.0,0.0,0.0,0.0,0.0,0.0,0.0,0.0,0.0,0.0,0.0,0.0,0.0,0.0,0.0,0.0,0.0,3.0,1.0,7.0,4.0,6.0,2.0,10.0,3.0,1.0,1.0,4.0,0.0,0.0,10.0,3.0,3.0,0.0,0.0,0.0,3.0,3.0,10.0,0.0,5.0,2.0,9.0,7.0,1.0,8.0,0.0,0.0,2.0,11.0,1.0,0.0,1.0,4.0,0.0,3.0,5.0,0.0,12.0,0.0,0.0,0.0,2.0,0.0,1.0,2.0,48.0,5.0,0.0,5.0,7.0,0.0,0.0,0.0,15.0,0.0,2.0,8.0,21.0,0.0,4.0,0.0,9.0,0.0,0.0
4,93278929.0,0.0,0.0,8.0,0.0,12.0,5.0,0.0,1.0,4.0,6.0,12.0,1.0,16.0,13.0,4.0,10.0,4.0,3.0,2.0,0.0,0.0,0.0,0.0,0.0,0.0,0.0,0.0,0.0,0.0,0.0,0.0,0.0,0.0,0.0,0.0,0.0,0.0,0.0,0.0,0.0,0.0,0.0,0.0,0.0,0.0,0.0,0.0,0.0,0.0,0.0,0.0,0.0,0.0,0.0,15.0,3.0,15.0,11.0,11.0,2.0,15.0,10.0,22.0,3.0,7.0,0.0,2.0,6.0,3.0,7.0,0.0,0.0,0.0,11.0,2.0,12.0,2.0,6.0,5.0,13.0,15.0,5.0,9.0,0.0,0.0,0.0,9.0,0.0,2.0,8.0,8.0,3.0,0.0,6.0,1.0,30.0,0.0,0.0,3.0,1.0,1.0,1.0,5.0,49.0,5.0,0.0,7.0,11.0,0.0,0.0,0.0,2.0,0.0,6.0,2.0,24.0,0.0,10.0,0.0,12.0,0.0,0.0
5,93821924.0,0.0,0.0,13.0,12.0,0.0,2.0,0.0,0.0,6.0,5.0,9.0,0.0,14.0,7.0,2.0,20.0,19.0,10.0,0.0,0.0,0.0,0.0,0.0,0.0,0.0,0.0,0.0,0.0,0.0,0.0,0.0,0.0,0.0,0.0,0.0,0.0,0.0,0.0,0.0,1.0,0.0,0.0,0.0,0.0,0.0,0.0,0.0,0.0,0.0,0.0,0.0,0.0,0.0,0.0,11.0,2.0,17.0,0.0,5.0,2.0,15.0,7.0,4.0,3.0,7.0,0.0,0.0,11.0,10.0,3.0,0.0,0.0,0.0,9.0,4.0,11.0,0.0,5.0,5.0,7.0,6.0,3.0,7.0,0.0,0.0,0.0,11.0,0.0,0.0,2.0,21.0,1.0,2.0,5.0,0.0,18.0,1.0,0.0,0.0,2.0,3.0,2.0,1.0,50.0,2.0,0.0,7.0,5.0,0.0,0.0,4.0,7.0,0.0,2.0,5.0,17.0,0.0,18.0,0.0,16.0,0.0,0.0
6,100664808.0,0.0,0.0,3.0,5.0,2.0,0.0,0.0,1.0,1.0,1.0,2.0,0.0,1.0,3.0,2.0,0.0,2.0,1.0,0.0,0.0,0.0,0.0,0.0,0.0,0.0,0.0,0.0,0.0,0.0,0.0,0.0,0.0,0.0,0.0,0.0,0.0,0.0,0.0,0.0,0.0,0.0,0.0,0.0,0.0,0.0,0.0,0.0,0.0,0.0,0.0,0.0,0.0,0.0,0.0,6.0,0.0,3.0,2.0,0.0,0.0,1.0,0.0,6.0,0.0,0.0,0.0,0.0,2.0,0.0,2.0,0.0,0.0,0.0,1.0,0.0,2.0,1.0,0.0,0.0,7.0,4.0,1.0,2.0,0.0,0.0,1.0,3.0,0.0,0.0,0.0,1.0,2.0,1.0,1.0,0.0,4.0,0.0,0.0,0.0,0.0,0.0,0.0,0.0,7.0,4.0,0.0,6.0,12.0,0.0,0.0,1.0,3.0,0.0,1.0,1.0,25.0,0.0,4.0,0.0,5.0,0.0,0.0
7,101824385.0,0.0,0.0,0.0,0.0,0.0,0.0,0.0,0.0,0.0,0.0,0.0,0.0,1.0,1.0,0.0,0.0,0.0,0.0,0.0,0.0,0.0,0.0,0.0,0.0,0.0,0.0,0.0,0.0,0.0,0.0,0.0,0.0,0.0,0.0,0.0,0.0,0.0,0.0,0.0,0.0,0.0,0.0,0.0,0.0,0.0,0.0,0.0,0.0,0.0,0.0,1.0,0.0,0.0,0.0,1.0,1.0,1.0,0.0,0.0,0.0,0.0,0.0,0.0,0.0,2.0,0.0,0.0,0.0,1.0,0.0,0.0,0.0,0.0,0.0,0.0,0.0,0.0,0.0,0.0,3.0,0.0,0.0,0.0,0.0,0.0,0.0,1.0,0.0,0.0,0.0,2.0,0.0,0.0,0.0,0.0,0.0,0.0,0.0,0.0,0.0,0.0,0.0,0.0,1.0,3.0,0.0,0.0,0.0,0.0,0.0,0.0,0.0,0.0,0.0,0.0,0.0,0.0,0.0,0.0,0.0,0.0,0.0
8,108459932.0,0.0,0.0,1.0,1.0,0.0,1.0,0.0,0.0,0.0,0.0,1.0,0.0,0.0,2.0,0.0,0.0,0.0,0.0,0.0,0.0,0.0,0.0,0.0,0.0,0.0,0.0,0.0,0.0,0.0,0.0,0.0,0.0,0.0,0.0,0.0,0.0,0.0,0.0,0.0,0.0,0.0,0.0,0.0,0.0,0.0,0.0,0.0,0.0,0.0,0.0,0.0,0.0,0.0,0.0,1.0,0.0,0.0,0.0,0.0,0.0,0.0,0.0,1.0,0.0,0.0,0.0,0.0,0.0,1.0,0.0,0.0,0.0,0.0,0.0,0.0,0.0,0.0,0.0,0.0,0.0,0.0,0.0,0.0,0.0,0.0,0.0,0.0,0.0,0.0,0.0,0.0,0.0,0.0,0.0,0.0,0.0,0.0,0.0,0.0,0.0,0.0,0.0,0.0,1.0,1.0,0.0,0.0,0.0,0.0,0.0,0.0,0.0,0.0,0.0,0.0,0.0,0.0,0.0,0.0,0.0,0.0,0.0
9,117802966.0,0.0,0.0,7.0,4.0,6.0,1.0,0.0,0.0,0.0,7.0,4.0,0.0,9.0,52.0,7.0,9.0,3.0,5.0,0.0,0.0,0.0,0.0,0.0,0.0,0.0,0.0,0.0,0.0,0.0,0.0,0.0,0.0,0.0,0.0,0.0,0.0,0.0,0.0,0.0,0.0,0.0,0.0,0.0,0.0,0.0,0.0,0.0,0.0,0.0,0.0,0.0,0.0,0.0,0.0,5.0,0.0,20.0,16.0,7.0,5.0,17.0,7.0,30.0,3.0,5.0,1.0,3.0,7.0,12.0,6.0,0.0,0.0,0.0,9.0,28.0,19.0,0.0,9.0,7.0,5.0,15.0,7.0,6.0,0.0,0.0,8.0,2.0,0.0,3.0,3.0,0.0,1.0,2.0,7.0,0.0,20.0,9.0,0.0,1.0,5.0,6.0,3.0,6.0,51.0,9.0,0.0,3.0,2.0,0.0,2.0,34.0,1.0,0.0,4.0,2.0,7.0,0.0,13.0,0.0,41.0,0.0,0.0
10,136668589.0,0.0,0.0,7.0,6.0,5.0,1.0,0.0,0.0,7.0,0.0,3.0,0.0,8.0,4.0,26.0,35.0,0.0,3.0,0.0,0.0,0.0,0.0,0.0,0.0,0.0,0.0,0.0,0.0,0.0,0.0,0.0,0.0,0.0,0.0,0.0,0.0,0.0,0.0,0.0,0.0,0.0,0.0,0.0,0.0,0.0,0.0,0.0,0.0,0.0,0.0,0.0,0.0,0.0,0.0,8.0,0.0,7.0,55.0,39.0,38.0,50.0,92.0,63.0,2.0,3.0,0.0,29.0,27.0,2.0,62.0,0.0,0.0,0.0,51.0,2.0,55.0,0.0,61.0,60.0,1.0,78.0,40.0,59.0,0.0,0.0,17.0,8.0,0.0,27.0,44.0,2.0,2.0,0.0,9.0,0.0,77.0,0.0,0.0,21.0,40.0,22.0,45.0,51.0,69.0,1.0,0.0,1.0,2.0,0.0,19.0,1.0,2.0,0.0,54.0,3.0,8.0,0.0,41.0,0.0,6.0,0.0,0.0
11,140198531.0,0.0,0.0,6.0,12.0,9.0,2.0,0.0,1.0,4.0,3.0,0.0,1.0,5.0,54.0,3.0,11.0,1.0,3.0,2.0,0.0,0.0,0.0,0.0,0.0,0.0,0.0,0.0,0.0,0.0,1.0,0.0,0.0,0.0,0.0,0.0,0.0,0.0,0.0,0.0,0.0,0.0,0.0,0.0,0.0,0.0,0.0,0.0,0.0,0.0,0.0,0.0,0.0,0.0,0.0,64.0,5.0,3.0,8.0,6.0,10.0,14.0,14.0,23.0,1.0,58.0,0.0,1.0,6.0,11.0,5.0,0.0,0.0,0.0,15.0,3.0,19.0,0.0,6.0,8.0,20.0,6.0,12.0,14.0,0.0,0.0,0.0,9.0,0.0,4.0,8.0,2.0,1.0,0.0,23.0,1.0,21.0,0.0,0.0,3.0,3.0,4.0,7.0,3.0,50.0,17.0,0.0,13.0,5.0,0.0,1.0,12.0,0.0,0.0,7.0,0.0,31.0,0.0,15.0,0.0,6.0,0.0,0.0
12,144750908.0,0.0,0.0,0.0,1.0,0.0,0.0,0.0,0.0,0.0,0.0,1.0,0.0,0.0,19.0,0.0,0.0,0.0,0.0,3.0,0.0,0.0,0.0,0.0,0.0,0.0,0.0,0.0,0.0,0.0,0.0,0.0,0.0,0.0,0.0,0.0,0.0,0.0,0.0,0.0,1.0,0.0,0.0,0.0,0.0,0.0,0.0,0.0,0.0,0.0,0.0,0.0,0.0,0.0,0.0,4.0,0.0,0.0,0.0,0.0,0.0,0.0,0.0,0.0,0.0,2.0,0.0,0.0,0.0,1.0,0.0,0.0,0.0,0.0,0.0,1.0,0.0,0.0,0.0,0.0,1.0,0.0,0.0,0.0,0.0,0.0,0.0,0.0,0.0,0.0,0.0,0.0,0.0,0.0,0.0,0.0,4.0,0.0,0.0,0.0,0.0,0.0,0.0,0.0,0.0,65.0,0.0,0.0,0.0,0.0,0.0,13.0,0.0,0.0,0.0,0.0,0.0,0.0,0.0,0.0,0.0,0.0,0.0
13,145401113.0,0.0,0.0,7.0,16.0,14.0,1.0,1.0,0.0,9.0,8.0,5.0,0.0,0.0,8.0,4.0,19.0,5.0,11.0,1.0,0.0,0.0,0.0,0.0,0.0,0.0,0.0,0.0,0.0,0.0,0.0,0.0,0.0,0.0,0.0,0.0,0.0,0.0,0.0,0.0,0.0,0.0,0.0,0.0,0.0,0.0,0.0,0.0,0.0,0.0,0.0,0.0,0.0,0.0,0.0,5.0,2.0,18.0,4.0,7.0,2.0,16.0,4.0,14.0,9.0,5.0,2.0,1.0,9.0,16.0,5.0,0.0,0.0,0.0,9.0,4.0,9.0,3.0,6.0,4.0,15.0,10.0,1.0,8.0,0.0,1.0,4.0,10.0,0.0,0.0,4.0,9.0,9.0,4.0,8.0,0.0,27.0,3.0,0.0,0.0,2.0,2.0,0.0,1.0,66.0,5.0,0.0,5.0,4.0,0.0,0.0,1.0,6.0,0.0,1.0,7.0,22.0,0.0,12.0,0.0,13.0,0.0,0.0
14,150881077.0,0.0,0.0,5.0,13.0,7.0,3.0,1.0,2.0,52.0,4.0,54.0,19.0,8.0,0.0,2.0,12.0,0.0,1.0,0.0,0.0,0.0,0.0,0.0,0.0,0.0,0.0,0.0,0.0,0.0,0.0,0.0,0.0,0.0,0.0,0.0,0.0,0.0,0.0,0.0,1.0,0.0,0.0,0.0,0.0,0.0,0.0,1.0,0.0,0.0,0.0,0.0,0.0,0.0,0.0,32.0,16.0,10.0,9.0,8.0,2.0,21.0,10.0,28.0,0.0,25.0,7.0,2.0,5.0,13.0,3.0,0.0,0.0,0.0,11.0,36.0,16.0,0.0,9.0,6.0,25.0,6.0,7.0,5.0,0.0,0.0,4.0,3.0,0.0,1.0,5.0,0.0,4.0,0.0,15.0,0.0,18.0,2.0,0.0,2.0,3.0,1.0,1.0,4.0,55.0,88.0,0.0,6.0,4.0,0.0,3.0,113.0,0.0,0.0,3.0,0.0,18.0,0.0,13.0,0.0,25.0,0.0,0.0
15,170071502.0,0.0,0.0,1.0,4.0,2.0,2.0,0.0,0.0,7.0,26.0,3.0,0.0,4.0,2.0,0.0,62.0,2.0,1.0,0.0,0.0,0.0,0.0,0.0,0.0,0.0,0.0,0.0,0.0,0.0,0.0,0.0,0.0,0.0,0.0,0.0,0.0,0.0,0.0,0.0,0.0,0.0,0.0,0.0,0.0,0.0,0.0,0.0,0.0,0.0,0.0,0.0,0.0,0.0,0.0,10.0,0.0,4.0,82.0,59.0,47.0,62.0,112.0,77.0,2.0,5.0,0.0,24.0,31.0,0.0,85.0,0.0,0.0,0.0,79.0,1.0,74.0,0.0,97.0,76.0,1.0,83.0,54.0,90.0,0.0,0.0,27.0,2.0,0.0,40.0,73.0,2.0,0.0,0.0,9.0,0.0,75.0,1.0,0.0,42.0,46.0,52.0,81.0,83.0,100.0,2.0,0.0,2.0,1.0,0.0,23.0,2.0,1.0,0.0,59.0,1.0,2.0,0.0,74.0,0.0,7.0,0.0,0.0
16,173159749.0,0.0,0.0,11.0,10.0,20.0,0.0,0.0,0.0,9.0,35.0,11.0,0.0,19.0,12.0,62.0,0.0,3.0,10.0,0.0,0.0,0.0,0.0,0.0,0.0,0.0,0.0,0.0,0.0,0.0,0.0,0.0,0.0,0.0,0.0,0.0,0.0,0.0,0.0,0.0,1.0,0.0,0.0,0.0,0.0,0.0,0.0,0.0,0.0,0.0,0.0,0.0,0.0,0.0,0.0,16.0,2.0,21.0,96.0,68.0,63.0,108.0,130.0,92.0,9.0,8.0,0.0,32.0,56.0,4.0,104.0,0.0,0.0,0.0,101.0,6.0,102.0,6.0,105.0,79.0,6.0,87.0,83.0,120.0,0.0,1.0,20.0,9.0,0.0,44.0,81.0,12.0,4.0,3.0,18.0,0.0,143.0,1.0,0.0,62.0,51.0,61.0,94.0,90.0,180.0,0.0,0.0,9.0,4.0,0.0,28.0,2.0,10.0,0.0,76.0,8.0,21.0,0.0,105.0,0.0,28.0,0.0,0.0
17,218597918.0,0.0,1.0,8.0,4.0,19.0,2.0,0.0,0.0,3.0,0.0,1.0,0.0,5.0,0.0,2.0,3.0,0.0,16.0,0.0,0.0,0.0,0.0,0.0,0.0,0.0,0.0,0.0,0.0,0.0,0.0,0.0,0.0,0.0,0.0,0.0,0.0,0.0,0.0,0.0,0.0,0.0,0.0,0.0,0.0,0.0,0.0,0.0,0.0,0.0,0.0,0.0,0.0,0.0,0.0,7.0,0.0,13.0,14.0,0.0,0.0,5.0,1.0,7.0,7.0,1.0,0.0,0.0,1.0,4.0,2.0,0.0,0.0,0.0,3.0,0.0,3.0,2.0,0.0,4.0,0.0,3.0,0.0,8.0,0.0,0.0,4.0,2.0,0.0,0.0,2.0,3.0,6.0,6.0,0.0,0.0,5.0,0.0,0.0,0.0,0.0,7.0,1.0,0.0,39.0,11.0,0.0,0.0,8.0,0.0,0.0,0.0,19.0,2.0,1.0,14.0,10.0,0.0,1.0,0.0,27.0,0.0,0.0
18,226073100.0,0.0,0.0,13.0,3.0,10.0,1.0,0.0,0.0,5.0,3.0,3.0,0.0,11.0,1.0,1.0,10.0,16.0,0.0,0.0,0.0,0.0,0.0,0.0,0.0,0.0,0.0,0.0,0.0,0.0,0.0,0.0,0.0,0.0,0.0,0.0,0.0,0.0,0.0,0.0,0.0,0.0,0.0,0.0,0.0,0.0,0.0,0.0,0.0,0.0,0.0,0.0,0.0,0.0,0.0,3.0,2.0,16.0,3.0,6.0,1.0,9.0,2.0,12.0,10.0,1.0,0.0,1.0,13.0,8.0,2.0,0.0,0.0,0.0,7.0,0.0,3.0,5.0,2.0,1.0,5.0,4.0,2.0,6.0,0.0,0.0,2.0,8.0,0.0,0.0,1.0,6.0,2.0,20.0,0.0,0.0,19.0,2.0,0.0,1.0,1.0,9.0,1.0,0.0,95.0,12.0,0.0,1.0,6.0,0.0,0.0,1.0,27.0,0.0,2.0,76.0,26.0,0.0,7.0,0.0,23.0,0.0,0.0
19,229423749.0,0.0,1.0,0.0,2.0,0.0,0.0,0.0,0.0,0.0,0.0,2.0,3.0,1.0,0.0,0.0,0.0,0.0,0.0,0.0,200.0,533.0,1358.0,1308.0,668.0,854.0,684.0,0.0,954.0,540.0,19.0,132.0,1254.0,765.0,127.0,180.0,507.0,62.0,657.0,1355.0,342.0,1311.0,109.0,1373.0,1465.0,43.0,162.0,1465.0,768.0,691.0,1414.0,115.0,711.0,1165.0,1299.0,0.0,0.0,2.0,2.0,0.0,0.0,0.0,0.0,0.0,2.0,0.0,0.0,0.0,0.0,0.0,0.0,0.0,0.0,0.0,1.0,0.0,0.0,0.0,0.0,0.0,1.0,0.0,0.0,0.0,0.0,0.0,0.0,0.0,0.0,0.0,0.0,0.0,13.0,6.0,0.0,0.0,88.0,1.0,0.0,0.0,0.0,1.0,0.0,1.0,6.0,355.0,0.0,0.0,0.0,0.0,0.0,0.0,12.0,0.0,0.0,3.0,0.0,0.0,0.0,0.0,0.0,0.0,0.0
20,234987253.0,0.0,0.0,0.0,0.0,0.0,0.0,0.0,0.0,0.0,0.0,0.0,0.0,0.0,0.0,0.0,0.0,0.0,0.0,200.0,0.0,44.0,63.0,65.0,53.0,100.0,45.0,0.0,33.0,61.0,0.0,5.0,66.0,8.0,6.0,65.0,59.0,42.0,45.0,66.0,148.0,64.0,76.0,68.0,98.0,42.0,87.0,63.0,93.0,42.0,111.0,47.0,45.0,132.0,62.0,0.0,0.0,0.0,0.0,0.0,0.0,0.0,1.0,0.0,0.0,0.0,0.0,0.0,0.0,0.0,0.0,0.0,0.0,0.0,0.0,0.0,0.0,0.0,0.0,0.0,0.0,0.0,0.0,0.0,0.0,0.0,0.0,0.0,0.0,0.0,0.0,0.0,0.0,0.0,0.0,0.0,1.0,0.0,0.0,0.0,0.0,0.0,0.0,0.0,0.0,6.0,0.0,1.0,0.0,0.0,0.0,0.0,0.0,0.0,0.0,0.0,0.0,0.0,0.0,0.0,0.0,0.0,0.0
21,235031383.0,0.0,0.0,0.0,0.0,0.0,0.0,0.0,0.0,0.0,0.0,0.0,0.0,0.0,0.0,0.0,0.0,0.0,0.0,533.0,44.0,0.0,12.0,21.0,701.0,545.0,729.0,0.0,305.0,3.0,5.0,21.0,10.0,353.0,6.0,36.0,8.0,1.0,774.0,32.0,102.0,15.0,26.0,17.0,136.0,1.0,19.0,25.0,675.0,767.0,50.0,5.0,781.0,104.0,19.0,0.0,0.0,0.0,0.0,0.0,0.0,0.0,1.0,0.0,0.0,0.0,0.0,0.0,0.0,0.0,0.0,0.0,0.0,0.0,0.0,0.0,0.0,0.0,0.0,0.0,0.0,0.0,0.0,0.0,0.0,0.0,0.0,0.0,0.0,0.0,0.0,0.0,0.0,0.0,0.0,0.0,1.0,0.0,0.0,0.0,0.0,0.0,0.0,0.0,0.0,17.0,0.0,1.0,0.0,0.0,0.0,0.0,0.0,0.0,0.0,0.0,0.0,0.0,0.0,0.0,0.0,0.0,0.0
22,235035889.0,0.0,0.0,0.0,0.0,0.0,0.0,0.0,0.0,0.0,0.0,0.0,0.0,0.0,0.0,0.0,0.0,0.0,0.0,1358.0,63.0,12.0,0.0,1253.0,7.0,282.0,9.0,0.0,221.0,468.0,5.0,43.0,1121.0,12.0,26.0,30.0,443.0,61.0,11.0,1165.0,22.0,1222.0,72.0,1321.0,1326.0,43.0,59.0,1413.0,149.0,18.0,1422.0,95.0,8.0,985.0,1267.0,0.0,0.0,0.0,0.0,0.0,0.0,0.0,0.0,0.0,0.0,0.0,0.0,0.0,0.0,0.0,0.0,0.0,0.0,0.0,0.0,0.0,0.0,0.0,0.0,0.0,0.0,0.0,0.0,0.0,0.0,0.0,0.0,0.0,0.0,0.0,0.0,0.0,1.0,0.0,0.0,0.0,1.0,0.0,0.0,0.0,0.0,0.0,0.0,0.0,0.0,49.0,0.0,0.0,0.0,0.0,0.0,0.0,0.0,0.0,0.0,0.0,0.0,0.0,0.0,0.0,0.0,0.0,0.0
23,235133815.0,0.0,0.0,0.0,0.0,0.0,0.0,0.0,0.0,0.0,0.0,0.0,0.0,0.0,0.0,0.0,0.0,0.0,0.0,1308.0,65.0,21.0,1253.0,0.0,12.0,292.0,14.0,0.0,223.0,475.0,4.0,39.0,1032.0,17.0,24.0,29.0,460.0,65.0,19.0,1046.0,16.0,1175.0,76.0,1212.0,1251.0,45.0,64.0,1336.0,168.0,21.0,1349.0,104.0,16.0,786.0,1221.0,0.0,0.0,0.0,0.0,0.0,0.0,0.0,1.0,0.0,0.0,0.0,0.0,0.0,0.0,0.0,0.0,0.0,0.0,0.0,0.0,0.0,0.0,0.0,0.0,0.0,0.0,0.0,0.0,0.0,0.0,0.0,0.0,0.0,0.0,0.0,0.0,0.0,1.0,0.0,0.0,0.0,1.0,0.0,0.0,0.0,0.0,0.0,0.0,0.0,0.0,50.0,0.0,1.0,0.0,0.0,0.0,0.0,0.0,0.0,0.0,0.0,0.0,0.0,0.0,0.0,0.0,0.0,0.0
24,235244721.0,0.0,0.0,0.0,0.0,0.0,0.0,0.0,0.0,0.0,0.0,0.0,0.0,0.0,0.0,0.0,0.0,0.0,0.0,668.0,53.0,701.0,7.0,12.0,0.0,666.0,618.0,0.0,313.0,0.0,1.0,15.0,1.0,352.0,12.0,45.0,3.0,0.0,658.0,25.0,110.0,9.0,16.0,11.0,105.0,0.0,24.0,27.0,1041.0,650.0,48.0,6.0,672.0,102.0,12.0,0.0,0.0,0.0,0.0,0.0,0.0,0.0,0.0,0.0,0.0,0.0,0.0,0.0,0.0,0.0,0.0,0.0,0.0,0.0,0.0,0.0,0.0,0.0,0.0,0.0,0.0,0.0,0.0,0.0,0.0,0.0,0.0,0.0,0.0,0.0,0.0,0.0,0.0,0.0,0.0,0.0,0.0,0.0,0.0,0.0,0.0,0.0,0.0,0.0,0.0,7.0,0.0,0.0,0.0,0.0,0.0,0.0,0.0,0.0,0.0,0.0,0.0,0.0,0.0,0.0,0.0,0.0,0.0
25,235311592.0,0.0,0.0,0.0,0.0,0.0,0.0,0.0,0.0,0.0,0.0,0.0,0.0,0.0,0.0,0.0,0.0,0.0,0.0,854.0,100.0,545.0,282.0,292.0,666.0,0.0,532.0,0.0,475.0,306.0,6.0,27.0,298.0,368.0,14.0,49.0,318.0,59.0,541.0,279.0,88.0,318.0,82.0,332.0,416.0,41.0,65.0,313.0,780.0,544.0,339.0,87.0,555.0,319.0,318.0,0.0,0.0,0.0,0.0,0.0,0.0,0.0,0.0,0.0,0.0,0.0,0.0,0.0,0.0,0.0,0.0,0.0,0.0,0.0,0.0,0.0,0.0,0.0,0.0,0.0,0.0,0.0,0.0,0.0,0.0,0.0,0.0,0.0,0.0,0.0,0.0,0.0,1.0,0.0,0.0,0.0,0.0,0.0,0.0,0.0,0.0,0.0,0.0,0.0,0.0,25.0,0.0,0.0,0.0,0.0,0.0,0.0,0.0,0.0,0.0,0.0,0.0,0.0,0.0,0.0,0.0,0.0,0.0
26,235371205.0,0.0,0.0,0.0,0.0,0.0,0.0,0.0,0.0,0.0,0.0,0.0,0.0,0.0,0.0,0.0,0.0,0.0,0.0,684.0,45.0,729.0,9.0,14.0,618.0,532.0,0.0,0.0,362.0,1.0,2.0,19.0,1.0,393.0,14.0,41.0,7.0,0.0,1185.0,27.0,102.0,11.0,14.0,11.0,281.0,0.0,27.0,18.0,643.0,1007.0,40.0,2.0,1173.0,102.0,13.0,0.0,0.0,0.0,0.0,0.0,0.0,0.0,0.0,0.0,0.0,0.0,0.0,0.0,0.0,0.0,0.0,0.0,0.0,0.0,0.0,0.0,0.0,0.0,0.0,0.0,0.0,0.0,0.0,0.0,0.0,0.0,0.0,0.0,0.0,0.0,0.0,0.0,0.0,0.0,0.0,0.0,0.0,0.0,0.0,0.0,0.0,0.0,0.0,0.0,0.0,8.0,0.0,0.0,0.0,0.0,0.0,0.0,0.0,0.0,0.0,0.0,0.0,0.0,0.0,0.0,0.0,0.0,0.0
27,235372141.0,0.0,0.0,0.0,0.0,0.0,0.0,0.0,0.0,0.0,0.0,0.0,0.0,0.0,0.0,0.0,0.0,0.0,0.0,0.0,0.0,0.0,0.0,0.0,0.0,0.0,0.0,0.0,0.0,0.0,0.0,0.0,0.0,0.0,0.0,0.0,0.0,0.0,0.0,0.0,0.0,0.0,0.0,0.0,0.0,0.0,0.0,0.0,0.0,0.0,0.0,0.0,0.0,0.0,0.0,0.0,0.0,0.0,0.0,0.0,0.0,0.0,0.0,0.0,0.0,0.0,0.0,0.0,0.0,0.0,0.0,0.0,0.0,0.0,0.0,0.0,0.0,0.0,0.0,0.0,0.0,0.0,0.0,0.0,0.0,0.0,0.0,0.0,0.0,0.0,0.0,0.0,0.0,0.0,0.0,0.0,0.0,0.0,0.0,0.0,0.0,0.0,0.0,0.0,0.0,0.0,0.0,0.0,0.0,0.0,0.0,0.0,0.0,0.0,0.0,0.0,0.0,0.0,0.0,0.0,0.0,0.0,0.0
28,235378492.0,0.0,0.0,0.0,0.0,0.0,0.0,0.0,0.0,0.0,0.0,0.0,0.0,0.0,0.0,0.0,0.0,0.0,0.0,954.0,33.0,305.0,221.0,223.0,313.0,475.0,362.0,0.0,0.0,248.0,2.0,18.0,238.0,798.0,15.0,20.0,234.0,31.0,324.0,238.0,26.0,253.0,34.0,277.0,405.0,17.0,35.0,260.0,404.0,364.0,239.0,48.0,365.0,222.0,245.0,0.0,0.0,0.0,0.0,0.0,0.0,0.0,0.0,0.0,0.0,0.0,0.0,0.0,0.0,0.0,0.0,0.0,0.0,0.0,0.0,0.0,0.0,0.0,0.0,0.0,0.0,0.0,0.0,0.0,0.0,0.0,0.0,0.0,0.0,0.0,0.0,0.0,0.0,0.0,0.0,0.0,0.0,0.0,0.0,0.0,0.0,0.0,0.0,0.0,0.0,14.0,0.0,0.0,0.0,0.0,0.0,0.0,0.0,0.0,0.0,0.0,0.0,0.0,0.0,0.0,0.0,0.0,0.0
29,235396430.0,0.0,0.0,0.0,0.0,0.0,0.0,0.0,0.0,0.0,0.0,0.0,0.0,0.0,0.0,0.0,0.0,0.0,0.0,540.0,61.0,3.0,468.0,475.0,0.0,306.0,1.0,0.0,248.0,0.0,1.0,9.0,530.0,0.0,10.0,11.0,529.0,71.0,2.0,443.0,12.0,517.0,75.0,593.0,501.0,48.0,52.0,554.0,167.0,1.0,510.0,99.0,1.0,450.0,528.0,0.0,0.0,0.0,0.0,0.0,0.0,0.0,1.0,0.0,0.0,0.0,0.0,0.0,0.0,0.0,0.0,0.0,0.0,0.0,0.0,0.0,0.0,0.0,0.0,0.0,0.0,0.0,0.0,0.0,0.0,0.0,0.0,0.0,0.0,0.0,0.0,0.0,1.0,0.0,0.0,0.0,1.0,0.0,0.0,0.0,0.0,0.0,0.0,0.0,0.0,23.0,0.0,1.0,0.0,0.0,0.0,0.0,0.0,0.0,0.0,0.0,0.0,0.0,0.0,0.0,0.0,0.0,0.0
30,235412941.0,0.0,0.0,0.0,0.0,0.0,0.0,0.0,0.0,0.0,0.0,1.0,0.0,0.0,0.0,0.0,0.0,0.0,0.0,19.0,0.0,5.0,5.0,4.0,1.0,6.0,2.0,0.0,2.0,1.0,0.0,15.0,11.0,8.0,4.0,0.0,1.0,0.0,1.0,11.0,6.0,5.0,9.0,5.0,4.0,2.0,0.0,7.0,1.0,2.0,3.0,4.0,2.0,5.0,6.0,2.0,0.0,0.0,0.0,0.0,0.0,0.0,0.0,0.0,0.0,0.0,0.0,0.0,0.0,0.0,0.0,0.0,0.0,0.0,0.0,0.0,0.0,0.0,0.0,0.0,1.0,0.0,0.0,0.0,0.0,0.0,0.0,0.0,0.0,0.0,0.0,0.0,0.0,0.0,0.0,0.0,1.0,0.0,0.0,0.0,0.0,0.0,0.0,0.0,0.0,15.0,0.0,0.0,0.0,0.0,0.0,0.0,0.0,0.0,0.0,0.0,0.0,0.0,0.0,0.0,0.0,0.0,0.0
31,235426208.0,0.0,1.0,0.0,0.0,0.0,0.0,0.0,0.0,0.0,0.0,0.0,0.0,0.0,0.0,0.0,0.0,0.0,0.0,132.0,5.0,21.0,43.0,39.0,15.0,27.0,19.0,0.0,18.0,9.0,15.0,0.0,41.0,18.0,12.0,6.0,11.0,3.0,21.0,45.0,20.0,43.0,17.0,39.0,44.0,0.0,6.0,47.0,21.0,22.0,38.0,5.0,19.0,37.0,45.0,0.0,0.0,0.0,0.0,0.0,0.0,0.0,0.0,0.0,0.0,0.0,0.0,0.0,0.0,0.0,0.0,0.0,0.0,0.0,0.0,0.0,0.0,0.0,0.0,0.0,0.0,0.0,0.0,0.0,0.0,0.0,0.0,0.0,0.0,0.0,0.0,0.0,0.0,0.0,0.0,0.0,0.0,0.0,0.0,0.0,0.0,0.0,0.0,0.0,0.0,18.0,0.0,0.0,0.0,0.0,0.0,0.0,0.0,0.0,0.0,0.0,0.0,0.0,0.0,0.0,0.0,0.0,0.0
32,235572234.0,0.0,0.0,0.0,0.0,0.0,0.0,0.0,0.0,0.0,0.0,0.0,0.0,0.0,0.0,0.0,0.0,0.0,0.0,1254.0,66.0,10.0,1121.0,1032.0,1.0,298.0,1.0,0.0,238.0,530.0,11.0,41.0,0.0,6.0,24.0,21.0,494.0,71.0,5.0,1268.0,24.0,1126.0,85.0,1191.0,1059.0,48.0,63.0,1220.0,162.0,10.0,1102.0,111.0,3.0,890.0,1134.0,0.0,0.0,0.0,0.0,0.0,0.0,0.0,1.0,0.0,0.0,0.0,0.0,0.0,0.0,0.0,0.0,0.0,0.0,0.0,0.0,0.0,0.0,0.0,0.0,0.0,0.0,0.0,0.0,0.0,0.0,0.0,0.0,0.0,0.0,0.0,0.0,0.0,2.0,0.0,0.0,0.0,1.0,0.0,0.0,0.0,0.0,0.0,0.0,0.0,0.0,47.0,0.0,1.0,0.0,0.0,0.0,0.0,0.0,0.0,0.0,0.0,0.0,0.0,0.0,0.0,0.0,0.0,0.0
33,235589107.0,0.0,0.0,0.0,0.0,0.0,0.0,0.0,0.0,0.0,0.0,0.0,0.0,0.0,0.0,0.0,0.0,0.0,0.0,765.0,8.0,353.0,12.0,17.0,352.0,368.0,393.0,0.0,798.0,0.0,8.0,18.0,6.0,0.0,9.0,14.0,4.0,0.0,357.0,47.0,16.0,16.0,5.0,15.0,173.0,1.0,10.0,18.0,362.0,398.0,13.0,8.0,395.0,12.0,20.0,0.0,0.0,0.0,0.0,0.0,0.0,0.0,0.0,0.0,0.0,0.0,0.0,0.0,0.0,0.0,0.0,0.0,0.0,0.0,0.0,0.0,0.0,0.0,0.0,0.0,0.0,0.0,0.0,0.0,0.0,0.0,0.0,0.0,0.0,0.0,0.0,0.0,0.0,0.0,0.0,0.0,1.0,0.0,0.0,0.0,0.0,0.0,0.0,0.0,0.0,8.0,0.0,0.0,0.0,0.0,0.0,0.0,0.0,0.0,0.0,0.0,0.0,0.0,0.0,0.0,0.0,0.0,0.0
34,235590945.0,0.0,0.0,0.0,0.0,0.0,0.0,0.0,0.0,0.0,0.0,0.0,0.0,0.0,0.0,0.0,0.0,0.0,0.0,127.0,6.0,6.0,26.0,24.0,12.0,14.0,14.0,0.0,15.0,10.0,4.0,12.0,24.0,9.0,0.0,9.0,11.0,0.0,9.0,20.0,19.0,27.0,3.0,27.0,30.0,0.0,5.0,27.0,14.0,8.0,26.0,0.0,12.0,25.0,25.0,0.0,1.0,0.0,0.0,0.0,0.0,0.0,0.0,0.0,0.0,0.0,0.0,0.0,0.0,0.0,0.0,0.0,0.0,0.0,0.0,0.0,0.0,0.0,0.0,0.0,0.0,0.0,0.0,0.0,0.0,0.0,0.0,0.0,0.0,0.0,0.0,0.0,0.0,0.0,0.0,0.0,0.0,0.0,0.0,0.0,0.0,0.0,0.0,0.0,0.0,4.0,0.0,0.0,0.0,0.0,0.0,0.0,0.0,0.0,0.0,0.0,0.0,0.0,0.0,0.0,0.0,0.0,0.0
35,235600534.0,0.0,0.0,0.0,0.0,0.0,0.0,0.0,0.0,0.0,0.0,0.0,0.0,0.0,0.0,0.0,0.0,0.0,0.0,180.0,65.0,36.0,30.0,29.0,45.0,49.0,41.0,0.0,20.0,11.0,0.0,6.0,21.0,14.0,9.0,0.0,11.0,1.0,41.0,21.0,113.0,23.0,40.0,30.0,101.0,0.0,69.0,28.0,44.0,42.0,85.0,4.0,42.0,30.0,23.0,0.0,0.0,0.0,0.0,0.0,0.0,0.0,1.0,0.0,0.0,0.0,0.0,0.0,0.0,0.0,0.0,0.0,0.0,0.0,0.0,0.0,0.0,0.0,0.0,0.0,0.0,0.0,0.0,0.0,0.0,0.0,0.0,0.0,0.0,0.0,0.0,0.0,0.0,0.0,0.0,0.0,1.0,0.0,0.0,0.0,0.0,0.0,0.0,0.0,0.0,0.0,0.0,1.0,0.0,0.0,0.0,0.0,0.0,0.0,0.0,0.0,0.0,0.0,0.0,0.0,0.0,0.0,0.0
36,235604645.0,0.0,0.0,0.0,0.0,0.0,0.0,0.0,0.0,0.0,0.0,0.0,0.0,0.0,0.0,0.0,0.0,0.0,0.0,507.0,59.0,8.0,443.0,460.0,3.0,318.0,7.0,0.0,234.0,529.0,1.0,11.0,494.0,4.0,11.0,11.0,0.0,70.0,8.0,420.0,13.0,493.0,75.0,551.0,483.0,47.0,51.0,520.0,175.0,8.0,495.0,96.0,5.0,432.0,512.0,0.0,0.0,0.0,0.0,0.0,0.0,0.0,0.0,0.0,0.0,0.0,0.0,0.0,0.0,0.0,0.0,0.0,0.0,0.0,0.0,0.0,0.0,0.0,0.0,0.0,0.0,0.0,0.0,0.0,0.0,0.0,0.0,0.0,0.0,0.0,0.0,0.0,1.0,0.0,0.0,0.0,0.0,0.0,0.0,0.0,0.0,0.0,0.0,0.0,0.0,23.0,0.0,0.0,0.0,0.0,0.0,0.0,0.0,0.0,0.0,0.0,0.0,0.0,0.0,0.0,0.0,0.0,0.0
37,235629274.0,0.0,0.0,0.0,0.0,0.0,0.0,0.0,0.0,0.0,0.0,0.0,0.0,0.0,0.0,0.0,0.0,0.0,0.0,62.0,42.0,1.0,61.0,65.0,0.0,59.0,0.0,0.0,31.0,71.0,0.0,3.0,71.0,0.0,0.0,1.0,70.0,0.0,0.0,68.0,2.0,68.0,59.0,71.0,69.0,37.0,38.0,69.0,53.0,0.0,69.0,56.0,0.0,57.0,70.0,0.0,0.0,0.0,0.0,0.0,0.0,0.0,0.0,0.0,0.0,0.0,0.0,0.0,0.0,0.0,0.0,0.0,0.0,0.0,0.0,0.0,0.0,0.0,0.0,0.0,0.0,0.0,0.0,0.0,0.0,0.0,0.0,0.0,0.0,0.0,0.0,0.0,0.0,0.0,0.0,0.0,0.0,0.0,0.0,0.0,0.0,0.0,0.0,0.0,0.0,6.0,0.0,0.0,0.0,0.0,0.0,0.0,0.0,0.0,0.0,0.0,0.0,0.0,0.0,0.0,0.0,0.0,0.0
38,235630503.0,0.0,0.0,0.0,0.0,0.0,0.0,0.0,0.0,0.0,0.0,0.0,0.0,0.0,0.0,0.0,0.0,0.0,0.0,657.0,45.0,774.0,11.0,19.0,658.0,541.0,1185.0,0.0,324.0,2.0,1.0,21.0,5.0,357.0,9.0,41.0,8.0,0.0,0.0,33.0,101.0,13.0,15.0,16.0,273.0,0.0,20.0,23.0,695.0,979.0,48.0,4.0,1129.0,103.0,15.0,0.0,0.0,0.0,0.0,0.0,0.0,0.0,0.0,0.0,0.0,0.0,0.0,0.0,0.0,0.0,0.0,0.0,0.0,0.0,0.0,0.0,0.0,0.0,0.0,0.0,0.0,0.0,0.0,0.0,0.0,0.0,0.0,0.0,0.0,0.0,0.0,0.0,0.0,0.0,0.0,0.0,0.0,0.0,0.0,0.0,0.0,0.0,0.0,0.0,0.0,8.0,0.0,0.0,0.0,0.0,0.0,0.0,0.0,0.0,0.0,0.0,0.0,0.0,0.0,0.0,0.0,0.0,0.0
39,235636649.0,0.0,0.0,0.0,0.0,0.0,0.0,0.0,0.0,0.0,0.0,0.0,0.0,0.0,0.0,0.0,0.0,0.0,0.0,1355.0,66.0,32.0,1165.0,1046.0,25.0,279.0,27.0,0.0,238.0,443.0,11.0,45.0,1268.0,47.0,20.0,21.0,420.0,68.0,33.0,0.0,23.0,1120.0,81.0,1220.0,1105.0,46.0,67.0,1232.0,172.0,40.0,1137.0,108.0,26.0,882.0,1106.0,0.0,0.0,0.0,0.0,0.0,0.0,0.0,0.0,0.0,0.0,0.0,0.0,0.0,0.0,0.0,0.0,0.0,0.0,0.0,0.0,0.0,0.0,0.0,0.0,0.0,0.0,0.0,0.0,0.0,0.0,0.0,0.0,0.0,0.0,0.0,0.0,0.0,1.0,0.0,0.0,0.0,1.0,0.0,0.0,0.0,0.0,0.0,0.0,0.0,0.0,45.0,0.0,0.0,0.0,0.0,0.0,0.0,0.0,0.0,0.0,0.0,0.0,0.0,0.0,0.0,0.0,0.0,0.0
40,235642668.0,0.0,0.0,0.0,0.0,1.0,0.0,0.0,0.0,0.0,0.0,0.0,1.0,0.0,1.0,0.0,1.0,0.0,0.0,342.0,148.0,102.0,22.0,16.0,110.0,88.0,102.0,0.0,26.0,12.0,6.0,20.0,24.0,16.0,19.0,113.0,13.0,2.0,101.0,23.0,0.0,21.0,46.0,26.0,87.0,1.0,73.0,21.0,109.0,101.0,85.0,9.0,107.0,258.0,23.0,0.0,1.0,1.0,0.0,0.0,0.0,1.0,1.0,0.0,0.0,0.0,0.0,0.0,0.0,0.0,0.0,0.0,0.0,0.0,1.0,0.0,0.0,0.0,0.0,0.0,0.0,0.0,0.0,0.0,0.0,0.0,0.0,1.0,0.0,0.0,0.0,0.0,0.0,0.0,0.0,0.0,1.0,0.0,0.0,0.0,0.0,0.0,0.0,0.0,1.0,2.0,0.0,1.0,1.0,0.0,0.0,0.0,0.0,0.0,0.0,0.0,0.0,0.0,0.0,0.0,1.0,0.0,0.0
41,235658791.0,0.0,0.0,0.0,0.0,0.0,0.0,0.0,0.0,0.0,0.0,0.0,0.0,0.0,0.0,0.0,0.0,0.0,0.0,1311.0,64.0,15.0,1222.0,1175.0,9.0,318.0,11.0,0.0,253.0,517.0,5.0,43.0,1126.0,16.0,27.0,23.0,493.0,68.0,13.0,1120.0,21.0,0.0,83.0,1279.0,1157.0,45.0,61.0,1379.0,173.0,18.0,1205.0,107.0,13.0,1010.0,1397.0,0.0,0.0,0.0,0.0,0.0,0.0,0.0,1.0,0.0,0.0,0.0,0.0,0.0,0.0,0.0,0.0,0.0,0.0,0.0,0.0,0.0,0.0,0.0,0.0,0.0,0.0,0.0,0.0,0.0,0.0,0.0,0.0,0.0,0.0,0.0,0.0,0.0,1.0,0.0,0.0,0.0,2.0,0.0,0.0,0.0,0.0,0.0,0.0,0.0,0.0,50.0,0.0,1.0,0.0,0.0,0.0,0.0,1.0,0.0,0.0,0.0,0.0,0.0,0.0,0.0,0.0,0.0,0.0
42,235661827.0,0.0,0.0,0.0,0.0,0.0,0.0,0.0,0.0,0.0,0.0,0.0,0.0,0.0,0.0,0.0,0.0,0.0,0.0,109.0,76.0,26.0,72.0,76.0,16.0,82.0,14.0,0.0,34.0,75.0,9.0,17.0,85.0,5.0,3.0,40.0,75.0,59.0,15.0,81.0,46.0,83.0,0.0,83.0,111.0,40.0,75.0,81.0,71.0,14.0,118.0,62.0,15.0,70.0,85.0,0.0,0.0,0.0,0.0,0.0,0.0,0.0,0.0,0.0,0.0,0.0,0.0,0.0,0.0,1.0,0.0,0.0,0.0,0.0,0.0,0.0,0.0,0.0,0.0,0.0,0.0,0.0,0.0,0.0,0.0,0.0,0.0,0.0,0.0,0.0,0.0,1.0,0.0,0.0,0.0,0.0,0.0,0.0,0.0,0.0,0.0,0.0,0.0,0.0,0.0,15.0,0.0,0.0,0.0,0.0,0.0,0.0,0.0,0.0,0.0,0.0,0.0,0.0,0.0,0.0,0.0,0.0,0.0
43,235672077.0,0.0,0.0,0.0,0.0,0.0,0.0,0.0,0.0,0.0,0.0,0.0,0.0,0.0,0.0,0.0,0.0,0.0,0.0,1373.0,68.0,17.0,1321.0,1212.0,11.0,332.0,11.0,0.0,277.0,593.0,5.0,39.0,1191.0,15.0,27.0,30.0,551.0,71.0,16.0,1220.0,26.0,1279.0,83.0,0.0,1316.0,47.0,68.0,1453.0,193.0,17.0,1317.0,109.0,13.0,1019.0,1289.0,0.0,0.0,0.0,0.0,0.0,0.0,0.0,1.0,0.0,0.0,0.0,0.0,0.0,0.0,0.0,0.0,0.0,0.0,0.0,0.0,0.0,0.0,0.0,0.0,0.0,0.0,0.0,0.0,0.0,0.0,0.0,0.0,0.0,0.0,0.0,0.0,0.0,1.0,0.0,0.0,0.0,1.0,0.0,0.0,0.0,0.0,0.0,0.0,0.0,0.0,54.0,0.0,1.0,0.0,0.0,0.0,0.0,0.0,0.0,0.0,0.0,0.0,0.0,0.0,0.0,0.0,0.0,0.0
44,235675462.0,0.0,0.0,0.0,0.0,0.0,0.0,0.0,0.0,0.0,0.0,0.0,0.0,0.0,0.0,0.0,0.0,0.0,0.0,1465.0,98.0,136.0,1326.0,1251.0,105.0,416.0,281.0,0.0,405.0,501.0,4.0,44.0,1059.0,173.0,30.0,101.0,483.0,69.0,273.0,1105.0,87.0,1157.0,111.0,1316.0,0.0,46.0,115.0,1356.0,278.0,244.0,1418.0,108.0,281.0,914.0,1211.0,0.0,0.0,0.0,0.0,0.0,0.0,0.0,1.0,0.0,0.0,0.0,0.0,0.0,0.0,0.0,0.0,0.0,0.0,0.0,0.0,0.0,0.0,0.0,0.0,0.0,0.0,0.0,0.0,0.0,0.0,0.0,0.0,0.0,0.0,0.0,0.0,0.0,1.0,0.0,0.0,0.0,2.0,0.0,0.0,0.0,0.0,0.0,0.0,0.0,0.0,48.0,0.0,1.0,0.0,0.0,0.0,0.0,0.0,0.0,0.0,0.0,0.0,0.0,0.0,0.0,0.0,0.0,0.0
45,235676104.0,0.0,0.0,0.0,0.0,0.0,0.0,0.0,0.0,0.0,0.0,0.0,0.0,0.0,0.0,0.0,0.0,0.0,0.0,43.0,42.0,1.0,43.0,45.0,0.0,41.0,0.0,0.0,17.0,48.0,2.0,0.0,48.0,1.0,0.0,0.0,47.0,37.0,0.0,46.0,1.0,45.0,40.0,47.0,46.0,0.0,35.0,46.0,36.0,0.0,47.0,39.0,0.0,43.0,47.0,0.0,0.0,0.0,0.0,0.0,0.0,0.0,0.0,0.0,0.0,0.0,0.0,0.0,0.0,0.0,0.0,0.0,0.0,0.0,0.0,0.0,0.0,0.0,0.0,0.0,0.0,0.0,0.0,0.0,0.0,0.0,0.0,0.0,0.0,0.0,0.0,0.0,0.0,0.0,0.0,0.0,0.0,0.0,0.0,0.0,0.0,0.0,0.0,0.0,0.0,5.0,0.0,0.0,0.0,0.0,0.0,0.0,0.0,0.0,0.0,0.0,0.0,0.0,0.0,0.0,0.0,0.0,0.0
46,235677728.0,0.0,0.0,0.0,0.0,0.0,0.0,0.0,0.0,0.0,0.0,0.0,0.0,0.0,0.0,0.0,0.0,0.0,0.0,162.0,87.0,19.0,59.0,64.0,24.0,65.0,27.0,0.0,35.0,52.0,0.0,6.0,63.0,10.0,5.0,69.0,51.0,38.0,20.0,67.0,73.0,61.0,75.0,68.0,115.0,35.0,0.0,65.0,61.0,24.0,98.0,41.0,21.0,63.0,63.0,0.0,0.0,0.0,0.0,0.0,0.0,0.0,0.0,0.0,0.0,0.0,0.0,0.0,0.0,0.0,0.0,0.0,0.0,0.0,0.0,0.0,0.0,0.0,0.0,0.0,0.0,0.0,0.0,0.0,0.0,0.0,0.0,0.0,0.0,0.0,0.0,0.0,0.0,0.0,0.0,0.0,0.0,0.0,0.0,0.0,0.0,0.0,0.0,0.0,0.0,6.0,0.0,0.0,0.0,0.0,0.0,0.0,0.0,0.0,0.0,0.0,0.0,0.0,0.0,0.0,0.0,0.0,0.0
47,235677956.0,0.0,0.0,0.0,0.0,0.0,0.0,0.0,0.0,0.0,0.0,0.0,0.0,0.0,1.0,0.0,0.0,0.0,0.0,1465.0,63.0,25.0,1413.0,1336.0,27.0,313.0,18.0,0.0,260.0,554.0,7.0,47.0,1220.0,18.0,27.0,28.0,520.0,69.0,23.0,1232.0,21.0,1379.0,81.0,1453.0,1356.0,46.0,65.0,0.0,190.0,27.0,1409.0,111.0,21.0,996.0,1416.0,0.0,0.0,0.0,0.0,0.0,0.0,0.0,1.0,0.0,0.0,0.0,0.0,0.0,0.0,0.0,0.0,0.0,0.0,0.0,0.0,0.0,0.0,0.0,0.0,0.0,0.0,0.0,0.0,0.0,0.0,0.0,0.0,0.0,0.0,0.0,0.0,0.0,2.0,0.0,0.0,0.0,1.0,0.0,0.0,0.0,0.0,0.0,0.0,0.0,0.0,54.0,0.0,1.0,0.0,0.0,0.0,0.0,0.0,0.0,0.0,0.0,0.0,0.0,0.0,0.0,0.0,0.0,0.0
48,235678528.0,0.0,0.0,0.0,0.0,0.0,0.0,0.0,0.0,0.0,0.0,0.0,0.0,0.0,0.0,0.0,0.0,0.0,0.0,768.0,93.0,675.0,149.0,168.0,1041.0,780.0,643.0,0.0,404.0,167.0,1.0,21.0,162.0,362.0,14.0,44.0,175.0,53.0,695.0,172.0,109.0,173.0,71.0,193.0,278.0,36.0,61.0,190.0,0.0,773.0,204.0,76.0,689.0,227.0,177.0,0.0,0.0,0.0,0.0,0.0,0.0,0.0,0.0,0.0,0.0,0.0,0.0,0.0,0.0,0.0,0.0,0.0,0.0,0.0,0.0,0.0,0.0,0.0,0.0,0.0,0.0,0.0,0.0,0.0,0.0,0.0,0.0,0.0,0.0,0.0,0.0,0.0,0.0,0.0,0.0,0.0,0.0,0.0,0.0,0.0,0.0,0.0,0.0,0.0,0.0,20.0,0.0,0.0,0.0,0.0,0.0,0.0,0.0,0.0,0.0,0.0,0.0,0.0,0.0,0.0,0.0,0.0,0.0
49,235685482.0,0.0,0.0,0.0,0.0,0.0,0.0,0.0,0.0,0.0,0.0,0.0,0.0,0.0,0.0,0.0,0.0,0.0,0.0,691.0,42.0,767.0,18.0,21.0,650.0,544.0,1007.0,0.0,364.0,1.0,2.0,22.0,10.0,398.0,8.0,42.0,8.0,0.0,979.0,40.0,101.0,18.0,14.0,17.0,244.0,0.0,24.0,27.0,773.0,0.0,49.0,3.0,1182.0,101.0,21.0,0.0,0.0,0.0,0.0,0.0,0.0,0.0,0.0,0.0,0.0,0.0,0.0,0.0,0.0,0.0,0.0,0.0,0.0,0.0,0.0,0.0,0.0,0.0,0.0,0.0,0.0,0.0,0.0,0.0,0.0,0.0,0.0,0.0,0.0,0.0,0.0,0.0,0.0,0.0,0.0,0.0,0.0,0.0,0.0,0.0,0.0,0.0,0.0,0.0,0.0,7.0,0.0,0.0,0.0,0.0,0.0,0.0,0.0,0.0,0.0,0.0,0.0,0.0,0.0,0.0,0.0,0.0,0.0
50,235689519.0,0.0,0.0,0.0,0.0,0.0,0.0,0.0,0.0,0.0,0.0,0.0,0.0,0.0,0.0,0.0,0.0,0.0,0.0,1414.0,111.0,50.0,1422.0,1349.0,48.0,339.0,40.0,0.0,239.0,510.0,3.0,38.0,1102.0,13.0,26.0,85.0,495.0,69.0,48.0,1137.0,85.0,1205.0,118.0,1317.0,1418.0,47.0,98.0,1409.0,204.0,49.0,0.0,108.0,45.0,917.0,1264.0,0.0,0.0,0.0,0.0,0.0,0.0,0.0,1.0,0.0,0.0,0.0,0.0,0.0,0.0,0.0,0.0,0.0,0.0,0.0,0.0,0.0,0.0,0.0,0.0,0.0,0.0,0.0,0.0,0.0,0.0,0.0,0.0,0.0,0.0,0.0,0.0,0.0,1.0,0.0,0.0,0.0,1.0,0.0,0.0,0.0,0.0,0.0,0.0,0.0,0.0,51.0,0.0,1.0,0.0,0.0,0.0,0.0,0.0,0.0,0.0,0.0,0.0,0.0,0.0,0.0,0.0,0.0,0.0
51,235691456.0,0.0,0.0,0.0,0.0,0.0,0.0,1.0,0.0,0.0,0.0,0.0,0.0,0.0,0.0,0.0,0.0,0.0,0.0,115.0,47.0,5.0,95.0,104.0,6.0,87.0,2.0,0.0,48.0,99.0,4.0,5.0,111.0,8.0,0.0,4.0,96.0,56.0,4.0,108.0,9.0,107.0,62.0,109.0,108.0,39.0,41.0,111.0,76.0,3.0,108.0,0.0,4.0,93.0,111.0,0.0,0.0,0.0,0.0,0.0,0.0,0.0,1.0,0.0,0.0,0.0,0.0,0.0,0.0,0.0,0.0,0.0,0.0,0.0,0.0,0.0,0.0,0.0,0.0,0.0,0.0,0.0,0.0,0.0,0.0,0.0,0.0,0.0,0.0,0.0,0.0,0.0,3.0,0.0,0.0,0.0,1.0,0.0,0.0,0.0,0.0,0.0,0.0,0.0,0.0,13.0,0.0,1.0,0.0,0.0,0.0,0.0,0.0,0.0,0.0,0.0,0.0,0.0,0.0,0.0,0.0,0.0,0.0
52,235697080.0,0.0,0.0,0.0,0.0,0.0,0.0,0.0,0.0,0.0,0.0,0.0,0.0,0.0,0.0,0.0,0.0,0.0,0.0,711.0,45.0,781.0,8.0,16.0,672.0,555.0,1173.0,0.0,365.0,1.0,2.0,19.0,3.0,395.0,12.0,42.0,5.0,0.0,1129.0,26.0,107.0,13.0,15.0,13.0,281.0,0.0,21.0,21.0,689.0,1182.0,45.0,4.0,0.0,110.0,16.0,0.0,0.0,0.0,0.0,0.0,0.0,0.0,1.0,0.0,0.0,0.0,0.0,0.0,0.0,0.0,0.0,0.0,0.0,0.0,0.0,0.0,0.0,0.0,0.0,0.0,0.0,0.0,0.0,0.0,0.0,0.0,0.0,0.0,0.0,0.0,0.0,0.0,0.0,0.0,0.0,0.0,1.0,0.0,0.0,0.0,0.0,0.0,0.0,0.0,0.0,7.0,0.0,1.0,0.0,0.0,0.0,0.0,0.0,0.0,0.0,0.0,0.0,0.0,0.0,0.0,0.0,0.0,0.0
53,235698786.0,0.0,0.0,0.0,0.0,0.0,0.0,0.0,0.0,0.0,0.0,0.0,0.0,0.0,0.0,0.0,0.0,0.0,0.0,1165.0,132.0,104.0,985.0,786.0,102.0,319.0,102.0,0.0,222.0,450.0,5.0,37.0,890.0,12.0,25.0,30.0,432.0,57.0,103.0,882.0,258.0,1010.0,70.0,1019.0,914.0,43.0,63.0,996.0,227.0,101.0,917.0,93.0,110.0,0.0,1012.0,0.0,0.0,0.0,0.0,0.0,0.0,0.0,1.0,0.0,0.0,0.0,0.0,0.0,0.0,0.0,0.0,0.0,0.0,0.0,0.0,0.0,0.0,0.0,0.0,0.0,0.0,0.0,0.0,0.0,0.0,0.0,0.0,0.0,0.0,0.0,0.0,0.0,1.0,0.0,0.0,0.0,1.0,0.0,0.0,0.0,0.0,0.0,0.0,0.0,0.0,38.0,0.0,1.0,0.0,0.0,0.0,0.0,0.0,0.0,0.0,0.0,0.0,0.0,0.0,0.0,0.0,0.0,0.0
54,235703766.0,0.0,0.0,0.0,0.0,0.0,0.0,0.0,0.0,0.0,0.0,0.0,0.0,0.0,0.0,0.0,0.0,0.0,0.0,1299.0,62.0,19.0,1267.0,1221.0,12.0,318.0,13.0,0.0,245.0,528.0,6.0,45.0,1134.0,20.0,25.0,23.0,512.0,70.0,15.0,1106.0,23.0,1397.0,85.0,1289.0,1211.0,47.0,63.0,1416.0,177.0,21.0,1264.0,111.0,16.0,1012.0,0.0,0.0,0.0,0.0,0.0,0.0,0.0,0.0,1.0,0.0,0.0,0.0,0.0,0.0,0.0,0.0,0.0,0.0,0.0,0.0,0.0,0.0,0.0,0.0,0.0,0.0,0.0,0.0,0.0,0.0,0.0,0.0,0.0,0.0,0.0,0.0,0.0,0.0,1.0,0.0,0.0,0.0,1.0,0.0,0.0,0.0,0.0,0.0,0.0,0.0,0.0,52.0,0.0,1.0,0.0,0.0,0.0,0.0,0.0,0.0,0.0,0.0,0.0,0.0,0.0,0.0,0.0,0.0,0.0
55,238169051.0,0.0,0.0,3.0,15.0,11.0,6.0,1.0,1.0,5.0,8.0,64.0,4.0,5.0,32.0,10.0,16.0,7.0,3.0,0.0,0.0,0.0,0.0,0.0,0.0,0.0,0.0,0.0,0.0,0.0,2.0,0.0,0.0,0.0,0.0,0.0,0.0,0.0,0.0,0.0,0.0,0.0,0.0,0.0,0.0,0.0,0.0,0.0,0.0,0.0,0.0,0.0,0.0,0.0,0.0,0.0,66.0,7.0,19.0,15.0,15.0,17.0,26.0,32.0,6.0,130.0,1.0,6.0,12.0,9.0,13.0,0.0,0.0,0.0,21.0,1.0,20.0,0.0,18.0,17.0,32.0,17.0,10.0,21.0,0.0,0.0,4.0,23.0,0.0,9.0,14.0,9.0,4.0,0.0,12.0,0.0,40.0,0.0,0.0,5.0,7.0,10.0,18.0,10.0,53.0,9.0,0.0,19.0,18.0,0.0,7.0,24.0,2.0,0.0,23.0,1.0,100.0,0.0,23.0,0.0,21.0,0.0,0.0
56,240729286.0,0.0,0.0,1.0,3.0,2.0,0.0,1.0,0.0,0.0,0.0,5.0,0.0,2.0,16.0,0.0,2.0,0.0,2.0,0.0,0.0,0.0,0.0,0.0,0.0,0.0,0.0,0.0,0.0,0.0,0.0,0.0,0.0,0.0,1.0,0.0,0.0,0.0,0.0,0.0,1.0,0.0,0.0,0.0,0.0,0.0,0.0,0.0,0.0,0.0,0.0,0.0,0.0,0.0,0.0,66.0,0.0,2.0,1.0,1.0,3.0,3.0,2.0,0.0,2.0,39.0,0.0,1.0,2.0,2.0,0.0,0.0,0.0,0.0,3.0,0.0,4.0,0.0,1.0,0.0,10.0,1.0,1.0,3.0,0.0,0.0,0.0,5.0,0.0,1.0,0.0,1.0,1.0,0.0,1.0,0.0,6.0,0.0,0.0,1.0,0.0,1.0,2.0,0.0,10.0,5.0,0.0,2.0,3.0,0.0,0.0,5.0,0.0,0.0,1.0,0.0,5.0,0.0,4.0,0.0,6.0,0.0,0.0
57,248129956.0,0.0,0.0,7.0,15.0,17.0,3.0,1.0,0.0,20.0,7.0,3.0,0.0,18.0,10.0,4.0,21.0,13.0,16.0,2.0,0.0,0.0,0.0,0.0,0.0,0.0,0.0,0.0,0.0,0.0,0.0,0.0,0.0,0.0,0.0,0.0,0.0,0.0,0.0,0.0,1.0,0.0,0.0,0.0,0.0,0.0,0.0,0.0,0.0,0.0,0.0,0.0,0.0,0.0,0.0,7.0,2.0,0.0,8.0,11.0,1.0,12.0,9.0,16.0,4.0,6.0,1.0,1.0,19.0,8.0,9.0,0.0,0.0,0.0,12.0,4.0,10.0,23.0,9.0,5.0,10.0,10.0,5.0,12.0,0.0,27.0,1.0,12.0,0.0,1.0,4.0,8.0,4.0,4.0,3.0,0.0,25.0,25.0,0.0,1.0,5.0,9.0,2.0,4.0,68.0,5.0,0.0,3.0,6.0,0.0,0.0,7.0,15.0,0.0,4.0,16.0,36.0,0.0,12.0,0.0,389.0,0.0,0.0
58,251978063.0,0.0,0.0,4.0,11.0,0.0,2.0,0.0,0.0,16.0,55.0,8.0,0.0,4.0,9.0,82.0,96.0,14.0,3.0,2.0,0.0,0.0,0.0,0.0,0.0,0.0,0.0,0.0,0.0,0.0,0.0,0.0,0.0,0.0,0.0,0.0,0.0,0.0,0.0,0.0,0.0,0.0,0.0,0.0,0.0,0.0,0.0,0.0,0.0,0.0,0.0,0.0,0.0,0.0,0.0,19.0,1.0,8.0,0.0,80.0,66.0,153.0,185.0,136.0,7.0,8.0,0.0,41.0,53.0,0.0,131.0,0.0,0.0,0.0,131.0,4.0,131.0,3.0,142.0,104.0,0.0,124.0,104.0,137.0,0.0,0.0,42.0,1.0,0.0,64.0,129.0,1.0,3.0,4.0,14.0,0.0,174.0,1.0,0.0,88.0,64.0,63.0,151.0,124.0,216.0,3.0,0.0,0.0,4.0,1.0,37.0,2.0,2.0,0.0,111.0,8.0,6.0,0.0,128.0,0.0,16.0,0.0,0.0
59,252161539.0,0.0,0.0,6.0,11.0,5.0,0.0,0.0,0.0,7.0,39.0,6.0,0.0,7.0,8.0,59.0,68.0,0.0,6.0,0.0,0.0,0.0,0.0,0.0,0.0,0.0,0.0,0.0,0.0,0.0,0.0,0.0,0.0,0.0,0.0,0.0,0.0,0.0,0.0,0.0,0.0,0.0,0.0,0.0,0.0,0.0,0.0,0.0,0.0,0.0,0.0,0.0,0.0,0.0,0.0,15.0,1.0,11.0,80.0,0.0,47.0,79.0,99.0,82.0,3.0,8.0,0.0,33.0,53.0,1.0,93.0,0.0,0.0,0.0,80.0,2.0,84.0,0.0,87.0,70.0,2.0,83.0,67.0,95.0,0.0,0.0,20.0,9.0,0.0,43.0,68.0,2.0,2.0,0.0,19.0,0.0,98.0,0.0,0.0,42.0,45.0,53.0,71.0,71.0,127.0,0.0,0.0,2.0,3.0,0.0,28.0,2.0,2.0,0.0,61.0,3.0,10.0,0.0,83.0,0.0,10.0,0.0,0.0
60,252266246.0,0.0,0.0,2.0,2.0,2.0,0.0,0.0,0.0,5.0,38.0,10.0,0.0,2.0,2.0,47.0,63.0,0.0,1.0,0.0,0.0,0.0,0.0,0.0,0.0,0.0,0.0,0.0,0.0,0.0,0.0,0.0,0.0,0.0,0.0,0.0,0.0,0.0,0.0,0.0,0.0,0.0,0.0,0.0,0.0,0.0,0.0,0.0,0.0,0.0,0.0,0.0,0.0,0.0,0.0,15.0,3.0,1.0,66.0,47.0,0.0,64.0,121.0,66.0,2.0,8.0,0.0,37.0,30.0,1.0,95.0,0.0,0.0,0.0,70.0,1.0,79.0,0.0,75.0,81.0,1.0,78.0,74.0,95.0,0.0,0.0,13.0,2.0,0.0,46.0,65.0,0.0,0.0,0.0,16.0,0.0,82.0,0.0,0.0,37.0,54.0,57.0,90.0,78.0,93.0,0.0,0.0,2.0,1.0,0.0,27.0,1.0,1.0,0.0,74.0,0.0,3.0,0.0,67.0,0.0,3.0,0.0,0.0
61,252379338.0,0.0,0.0,10.0,15.0,15.0,1.0,0.0,0.0,17.0,50.0,14.0,0.0,16.0,21.0,62.0,108.0,5.0,9.0,0.0,0.0,0.0,0.0,0.0,0.0,0.0,0.0,0.0,0.0,0.0,0.0,0.0,0.0,0.0,0.0,0.0,0.0,0.0,0.0,0.0,1.0,0.0,0.0,0.0,0.0,0.0,0.0,0.0,0.0,0.0,0.0,0.0,0.0,0.0,0.0,17.0,3.0,12.0,153.0,79.0,64.0,0.0,152.0,126.0,18.0,8.0,1.0,47.0,72.0,5.0,127.0,0.0,0.0,0.0,130.0,4.0,121.0,2.0,121.0,91.0,10.0,110.0,103.0,117.0,0.0,0.0,28.0,8.0,0.0,52.0,110.0,3.0,3.0,0.0,22.0,0.0,180.0,3.0,0.0,69.0,54.0,54.0,106.0,102.0,230.0,1.0,0.0,4.0,6.0,0.0,36.0,3.0,3.0,0.0,85.0,1.0,13.0,0.0,119.0,0.0,18.0,0.0,0.0
62,252966801.0,0.0,0.0,3.0,10.0,7.0,0.0,0.0,0.0,7.0,92.0,14.0,0.0,4.0,10.0,112.0,130.0,1.0,2.0,0.0,1.0,1.0,0.0,1.0,0.0,0.0,0.0,0.0,0.0,1.0,0.0,0.0,1.0,0.0,0.0,1.0,0.0,0.0,0.0,0.0,1.0,1.0,0.0,1.0,1.0,0.0,0.0,1.0,0.0,0.0,1.0,1.0,1.0,1.0,1.0,26.0,2.0,9.0,185.0,99.0,121.0,152.0,0.0,216.0,10.0,12.0,0.0,71.0,58.0,2.0,272.0,0.0,0.0,0.0,220.0,1.0,175.0,3.0,238.0,295.0,3.0,210.0,163.0,251.0,0.0,1.0,27.0,5.0,0.0,91.0,156.0,0.0,2.0,1.0,22.0,0.0,340.0,0.0,0.0,90.0,136.0,95.0,251.0,191.0,280.0,4.0,0.0,5.0,3.0,1.0,48.0,4.0,4.0,0.0,284.0,2.0,11.0,0.0,166.0,0.0,13.0,0.0,0.0
63,253750066.0,0.0,0.0,1.0,22.0,4.0,6.0,0.0,1.0,30.0,63.0,23.0,0.0,14.0,28.0,77.0,92.0,7.0,12.0,0.0,0.0,0.0,0.0,0.0,0.0,0.0,0.0,0.0,0.0,0.0,0.0,0.0,0.0,0.0,0.0,0.0,0.0,0.0,0.0,0.0,0.0,0.0,0.0,0.0,0.0,0.0,0.0,0.0,0.0,0.0,0.0,0.0,0.0,0.0,0.0,32.0,0.0,16.0,136.0,82.0,66.0,126.0,216.0,0.0,8.0,17.0,0.0,48.0,53.0,5.0,143.0,0.0,0.0,0.0,137.0,8.0,147.0,6.0,130.0,135.0,9.0,182.0,98.0,142.0,0.0,0.0,33.0,3.0,0.0,61.0,103.0,2.0,2.0,12.0,33.0,0.0,221.0,1.0,0.0,57.0,73.0,71.0,114.0,123.0,247.0,3.0,0.0,5.0,7.0,0.0,32.0,5.0,6.0,0.0,111.0,1.0,11.0,0.0,119.0,0.0,29.0,0.0,0.0
64,254758878.0,0.0,0.0,1.0,3.0,3.0,0.0,0.0,0.0,3.0,2.0,1.0,0.0,9.0,0.0,2.0,9.0,7.0,10.0,2.0,0.0,0.0,0.0,0.0,0.0,0.0,0.0,0.0,0.0,0.0,0.0,0.0,0.0,0.0,0.0,0.0,0.0,0.0,0.0,0.0,0.0,0.0,0.0,0.0,0.0,0.0,0.0,0.0,0.0,0.0,0.0,0.0,0.0,0.0,0.0,6.0,2.0,4.0,7.0,3.0,2.0,18.0,10.0,8.0,0.0,0.0,0.0,2.0,9.0,2.0,8.0,0.0,0.0,0.0,9.0,0.0,9.0,1.0,6.0,7.0,1.0,7.0,4.0,10.0,0.0,0.0,2.0,0.0,0.0,3.0,2.0,0.0,0.0,3.0,0.0,0.0,22.0,0.0,0.0,5.0,6.0,3.0,4.0,8.0,49.0,2.0,0.0,0.0,1.0,0.0,2.0,1.0,1.0,0.0,9.0,2.0,3.0,0.0,6.0,0.0,5.0,0.0,0.0
65,255164348.0,0.0,0.0,4.0,7.0,7.0,0.0,2.0,0.0,5.0,3.0,58.0,2.0,5.0,25.0,5.0,8.0,1.0,1.0,0.0,0.0,0.0,0.0,0.0,0.0,0.0,0.0,0.0,0.0,0.0,0.0,0.0,0.0,0.0,0.0,0.0,0.0,0.0,0.0,0.0,0.0,0.0,0.0,0.0,0.0,0.0,0.0,0.0,0.0,0.0,0.0,0.0,0.0,0.0,0.0,130.0,39.0,6.0,8.0,8.0,8.0,8.0,12.0,17.0,0.0,0.0,1.0,3.0,6.0,8.0,6.0,0.0,0.0,0.0,11.0,4.0,12.0,0.0,5.0,7.0,21.0,10.0,7.0,9.0,0.0,0.0,2.0,13.0,0.0,4.0,5.0,1.0,1.0,0.0,14.0,1.0,13.0,0.0,0.0,4.0,4.0,5.0,6.0,3.0,29.0,6.0,0.0,9.0,7.0,0.0,4.0,7.0,0.0,0.0,7.0,0.0,53.0,0.0,15.0,0.0,4.0,0.0,0.0
66,255630029.0,0.0,0.0,0.0,0.0,0.0,0.0,0.0,0.0,1.0,0.0,0.0,0.0,2.0,7.0,0.0,0.0,0.0,0.0,0.0,0.0,0.0,0.0,0.0,0.0,0.0,0.0,0.0,0.0,0.0,0.0,0.0,0.0,0.0,0.0,0.0,0.0,0.0,0.0,0.0,0.0,0.0,0.0,0.0,0.0,0.0,0.0,0.0,0.0,0.0,0.0,0.0,0.0,0.0,0.0,1.0,0.0,1.0,0.0,0.0,0.0,1.0,0.0,0.0,0.0,1.0,0.0,0.0,0.0,0.0,0.0,0.0,0.0,0.0,0.0,0.0,0.0,0.0,0.0,1.0,1.0,0.0,0.0,0.0,0.0,0.0,0.0,0.0,0.0,0.0,0.0,0.0,0.0,0.0,0.0,0.0,2.0,0.0,0.0,0.0,0.0,0.0,0.0,0.0,6.0,0.0,0.0,0.0,0.0,0.0,0.0,2.0,0.0,0.0,0.0,0.0,2.0,0.0,0.0,0.0,0.0,0.0,0.0
67,258242479.0,0.0,0.0,0.0,2.0,0.0,0.0,0.0,0.0,3.0,29.0,1.0,0.0,1.0,2.0,24.0,32.0,0.0,1.0,0.0,0.0,0.0,0.0,0.0,0.0,0.0,0.0,0.0,0.0,0.0,0.0,0.0,0.0,0.0,0.0,0.0,0.0,0.0,0.0,0.0,0.0,0.0,0.0,0.0,0.0,0.0,0.0,0.0,0.0,0.0,0.0,0.0,0.0,0.0,0.0,6.0,1.0,1.0,41.0,33.0,37.0,47.0,71.0,48.0,2.0,3.0,0.0,0.0,20.0,0.0,62.0,0.0,0.0,0.0,54.0,1.0,51.0,0.0,45.0,63.0,0.0,62.0,43.0,61.0,0.0,0.0,9.0,0.0,0.0,23.0,39.0,0.0,1.0,0.0,7.0,0.0,65.0,0.0,0.0,21.0,36.0,28.0,44.0,48.0,58.0,0.0,0.0,0.0,0.0,0.0,19.0,1.0,0.0,0.0,49.0,0.0,0.0,0.0,41.0,0.0,2.0,0.0,0.0
68,259898108.0,0.0,0.0,10.0,6.0,11.0,2.0,0.0,0.0,7.0,27.0,6.0,0.0,9.0,5.0,31.0,56.0,1.0,13.0,0.0,0.0,0.0,0.0,0.0,0.0,0.0,0.0,0.0,0.0,0.0,0.0,0.0,0.0,0.0,0.0,0.0,0.0,0.0,0.0,0.0,0.0,0.0,0.0,0.0,0.0,0.0,0.0,0.0,0.0,0.0,0.0,0.0,0.0,0.0,0.0,12.0,2.0,19.0,53.0,53.0,30.0,72.0,58.0,53.0,9.0,6.0,0.0,20.0,0.0,2.0,59.0,0.0,0.0,0.0,55.0,2.0,67.0,1.0,54.0,40.0,4.0,53.0,50.0,60.0,0.0,0.0,12.0,10.0,0.0,27.0,42.0,5.0,0.0,1.0,13.0,0.0,97.0,1.0,0.0,37.0,33.0,34.0,42.0,45.0,107.0,3.0,0.0,5.0,4.0,0.0,20.0,2.0,5.0,0.0,43.0,7.0,15.0,0.0,62.0,0.0,19.0,0.0,0.0
69,262232740.0,0.0,0.0,3.0,3.0,10.0,0.0,1.0,1.0,12.0,2.0,11.0,1.0,16.0,13.0,0.0,4.0,4.0,8.0,0.0,0.0,0.0,0.0,0.0,0.0,0.0,0.0,0.0,0.0,0.0,0.0,0.0,0.0,0.0,0.0,0.0,0.0,0.0,0.0,0.0,0.0,0.0,1.0,0.0,0.0,0.0,0.0,0.0,0.0,0.0,0.0,0.0,0.0,0.0,0.0,9.0,2.0,8.0,0.0,1.0,1.0,5.0,2.0,5.0,2.0,8.0,0.0,0.0,2.0,0.0,3.0,0.0,0.0,0.0,7.0,5.0,4.0,0.0,3.0,4.0,0.0,2.0,1.0,3.0,0.0,0.0,0.0,3.0,0.0,1.0,0.0,8.0,1.0,4.0,2.0,0.0,11.0,2.0,1.0,0.0,2.0,1.0,1.0,1.0,26.0,6.0,0.0,1.0,0.0,0.0,0.0,16.0,3.0,0.0,2.0,9.0,7.0,0.0,7.0,0.0,10.0,0.0,0.0
70,267234602.0,0.0,0.0,3.0,7.0,3.0,2.0,0.0,0.0,6.0,62.0,5.0,0.0,5.0,3.0,85.0,104.0,2.0,2.0,0.0,0.0,0.0,0.0,0.0,0.0,0.0,0.0,0.0,0.0,0.0,0.0,0.0,0.0,0.0,0.0,0.0,0.0,0.0,0.0,0.0,0.0,0.0,0.0,0.0,0.0,0.0,0.0,0.0,0.0,0.0,0.0,0.0,0.0,0.0,0.0,13.0,0.0,9.0,131.0,93.0,95.0,127.0,272.0,143.0,8.0,6.0,0.0,62.0,59.0,3.0,0.0,0.0,0.0,0.0,159.0,2.0,151.0,1.0,162.0,189.0,2.0,166.0,118.0,197.0,0.0,0.0,23.0,5.0,0.0,74.0,112.0,3.0,1.0,1.0,16.0,0.0,197.0,1.0,0.0,72.0,98.0,81.0,163.0,150.0,198.0,3.0,0.0,1.0,1.0,0.0,39.0,2.0,5.0,0.0,175.0,1.0,5.0,0.0,124.0,0.0,14.0,0.0,0.0
71,269518703.0,0.0,0.0,0.0,0.0,0.0,0.0,0.0,0.0,0.0,0.0,0.0,0.0,0.0,0.0,0.0,0.0,0.0,0.0,0.0,0.0,0.0,0.0,0.0,0.0,0.0,0.0,0.0,0.0,0.0,0.0,0.0,0.0,0.0,0.0,0.0,0.0,0.0,0.0,0.0,0.0,0.0,0.0,0.0,0.0,0.0,0.0,0.0,0.0,0.0,0.0,0.0,0.0,0.0,0.0,0.0,0.0,0.0,0.0,0.0,0.0,0.0,0.0,0.0,0.0,0.0,0.0,0.0,0.0,0.0,0.0,0.0,0.0,0.0,0.0,0.0,0.0,0.0,0.0,0.0,0.0,0.0,0.0,0.0,0.0,0.0,0.0,0.0,0.0,0.0,0.0,0.0,0.0,0.0,0.0,0.0,0.0,0.0,0.0,0.0,0.0,0.0,0.0,0.0,0.0,0.0,0.0,0.0,0.0,0.0,0.0,0.0,0.0,0.0,0.0,0.0,0.0,0.0,0.0,0.0,0.0,0.0,0.0
