,0,1,2,3,4,5,6,7,8,9,10,11,12,13,14,15,16,17,18,19,20,21,22,23,24,25,26,27,28,29,30,31,32,33,34,35,36,37,38,39,40,41,42,43,44,45,46,47,48,49,50,51,52,53,54,55,56,57,58,59,60,61,62,63,64,65,66,67,68,69,70,71,72,73,74,75,76,77,78,79,80,81,82,83,84,85,86,87,88,89,90,91,92,93,94,95,96,97,98,99,100
0,-1.0,257593.0,8182262.0,16131860.0,16218776.0,17648230.0,19719446.0,24436542.0,27187343.0,37303498.0,40569347.0,46634901.0,46640967.0,56567360.0,68638036.0,73938917.0,88877316.0,90462707.0,91419075.0,92405215.0,100664808.0,101868031.0,103510582.0,109448397.0,109980164.0,116496187.0,124407978.0,133331774.0,148686224.0,150881077.0,152388511.0,162371105.0,176123374.0,192477353.0,195976296.0,196120000.0,197309389.0,207026848.0,207420361.0,207669328.0,210824047.0,217078361.0,219922207.0,227452005.0,238169051.0,241413139.0,241899180.0,243245945.0,243336397.0,243453870.0,245717053.0,245859327.0,245979058.0,246578837.0,249101464.0,252426369.0,253596561.0,257197718.0,258019953.0,259105109.0,261121484.0,268184418.0,269680826.0,270762885.0,271787365.0,271791007.0,272524094.0,275576176.0,276579513.0,286229334.0,287229977.0,288479798.0,289574030.0,289680934.0,296532899.0,296709793.0,306296054.0,307251688.0,307768573.0,311371515.0,314101925.0,317262357.0,321335111.0,326336700.0,326341109.0,326411032.0,330657168.0,360188787.0,369028288.0,373801351.0,376306383.0,378550330.0,384671106.0,389575276.0,395445890.0,396449208.0,420285181.0,420351613.0,426039339.0,427111253.0,433935305.0
1,257593.0,0.0,0.0,188.0,635.0,69.0,9.0,215.0,375.0,321.0,358.0,70.0,46.0,98.0,29.0,177.0,8.0,101.0,219.0,113.0,11.0,224.0,14.0,0.0,86.0,44.0,45.0,3.0,27.0,191.0,117.0,217.0,8.0,462.0,36.0,108.0,46.0,6.0,140.0,29.0,26.0,175.0,11.0,250.0,165.0,218.0,0.0,72.0,36.0,20.0,29.0,9.0,58.0,54.0,74.0,71.0,5.0,41.0,61.0,30.0,51.0,17.0,0.0,57.0,469.0,50.0,112.0,17.0,3.0,182.0,23.0,66.0,9.0,27.0,6.0,27.0,98.0,11.0,69.0,8.0,0.0,1.0,16.0,0.0,3.0,66.0,12.0,2.0,230.0,139.0,71.0,8.0,127.0,4.0,2.0,16.0,116.0,106.0,11.0,10.0,0.0
2,8182262.0,0.0,0.0,0.0,0.0,0.0,0.0,0.0,0.0,0.0,0.0,0.0,0.0,0.0,0.0,0.0,0.0,0.0,0.0,0.0,0.0,0.0,0.0,0.0,0.0,0.0,0.0,0.0,0.0,0.0,0.0,0.0,0.0,0.0,0.0,0.0,0.0,0.0,0.0,0.0,0.0,0.0,0.0,0.0,0.0,0.0,0.0,0.0,0.0,0.0,0.0,0.0,0.0,0.0,0.0,0.0,0.0,0.0,0.0,0.0,0.0,0.0,0.0,0.0,0.0,0.0,0.0,0.0,0.0,0.0,0.0,0.0,0.0,0.0,0.0,0.0,0.0,0.0,0.0,0.0,0.0,0.0,0.0,0.0,0.0,0.0,0.0,0.0,0.0,0.0,0.0,0.0,0.0,0.0,0.0,0.0,0.0,0.0,0.0,0.0,0.0
3,16131860.0,188.0,0.0,0.0,109.0,120.0,14.0,94.0,141.0,443.0,226.0,49.0,70.0,24.0,18.0,123.0,9.0,23.0,369.0,17.0,17.0,188.0,8.0,0.0,29.0,73.0,107.0,1.0,13.0,107.0,23.0,150.0,6.0,254.0,25.0,59.0,18.0,6.0,41.0,43.0,53.0,227.0,16.0,119.0,71.0,126.0,0.0,12.0,111.0,6.0,15.0,6.0,43.0,27.0,18.0,74.0,2.0,61.0,43.0,62.0,8.0,32.0,0.0,158.0,28.0,13.0,126.0,8.0,4.0,104.0,25.0,200.0,3.0,10.0,22.0,16.0,61.0,33.0,62.0,7.0,0.0,1.0,0.0,0.0,2.0,59.0,4.0,3.0,76.0,107.0,159.0,0.0,103.0,4.0,0.0,48.0,13.0,33.0,2.0,15.0,0.0
4,16218776.0,635.0,0.0,109.0,0.0,27.0,13.0,186.0,251.0,111.0,244.0,34.0,22.0,83.0,11.0,182.0,2.0,72.0,95.0,70.0,2.0,205.0,4.0,0.0,103.0,8.0,13.0,0.0,10.0,128.0,135.0,103.0,10.0,705.0,17.0,36.0,28.0,2.0,91.0,14.0,13.0,158.0,8.0,164.0,161.0,150.0,0.0,36.0,14.0,8.0,27.0,3.0,15.0,25.0,53.0,51.0,3.0,11.0,34.0,13.0,25.0,7.0,0.0,32.0,349.0,68.0,72.0,7.0,0.0,101.0,4.0,23.0,6.0,23.0,3.0,24.0,49.0,4.0,73.0,2.0,0.0,1.0,15.0,0.0,3.0,53.0,10.0,0.0,257.0,71.0,44.0,7.0,54.0,1.0,1.0,9.0,37.0,94.0,0.0,4.0,0.0
5,17648230.0,69.0,0.0,120.0,27.0,0.0,3.0,25.0,27.0,73.0,45.0,37.0,49.0,3.0,2.0,29.0,6.0,17.0,120.0,9.0,11.0,35.0,4.0,0.0,7.0,20.0,52.0,0.0,5.0,31.0,7.0,98.0,0.0,53.0,30.0,11.0,3.0,1.0,14.0,13.0,32.0,63.0,7.0,44.0,64.0,27.0,0.0,7.0,75.0,3.0,4.0,0.0,11.0,17.0,7.0,39.0,1.0,39.0,15.0,43.0,4.0,34.0,0.0,59.0,22.0,7.0,70.0,2.0,0.0,30.0,5.0,86.0,7.0,2.0,21.0,6.0,18.0,21.0,16.0,5.0,0.0,0.0,7.0,0.0,0.0,28.0,0.0,2.0,29.0,26.0,150.0,0.0,58.0,5.0,0.0,42.0,13.0,9.0,1.0,19.0,0.0
6,19719446.0,9.0,0.0,14.0,13.0,3.0,0.0,13.0,37.0,7.0,28.0,2.0,0.0,5.0,2.0,18.0,0.0,1.0,9.0,0.0,0.0,16.0,0.0,0.0,1.0,0.0,1.0,0.0,0.0,5.0,3.0,7.0,0.0,62.0,1.0,3.0,2.0,0.0,3.0,0.0,0.0,14.0,1.0,4.0,2.0,28.0,0.0,1.0,0.0,0.0,0.0,1.0,1.0,2.0,1.0,0.0,1.0,1.0,1.0,2.0,0.0,1.0,0.0,2.0,0.0,6.0,1.0,0.0,0.0,23.0,0.0,1.0,1.0,0.0,0.0,0.0,2.0,0.0,3.0,1.0,0.0,0.0,1.0,0.0,0.0,1.0,0.0,0.0,2.0,2.0,1.0,0.0,4.0,0.0,0.0,0.0,0.0,14.0,0.0,0.0,0.0
7,24436542.0,215.0,0.0,94.0,186.0,25.0,13.0,0.0,141.0,80.0,139.0,16.0,15.0,47.0,14.0,93.0,0.0,35.0,58.0,38.0,3.0,106.0,5.0,0.0,28.0,6.0,7.0,0.0,2.0,43.0,41.0,52.0,2.0,197.0,12.0,27.0,28.0,2.0,51.0,10.0,9.0,116.0,4.0,91.0,69.0,78.0,0.0,12.0,8.0,2.0,9.0,1.0,8.0,16.0,26.0,26.0,0.0,9.0,20.0,11.0,0.0,6.0,0.0,28.0,126.0,22.0,45.0,6.0,0.0,74.0,1.0,21.0,4.0,9.0,3.0,10.0,25.0,9.0,47.0,2.0,0.0,1.0,6.0,0.0,1.0,25.0,2.0,0.0,90.0,30.0,28.0,0.0,27.0,0.0,0.0,6.0,12.0,46.0,1.0,4.0,0.0
8,27187343.0,375.0,0.0,141.0,251.0,27.0,37.0,141.0,0.0,157.0,259.0,32.0,18.0,129.0,18.0,186.0,0.0,71.0,130.0,75.0,3.0,135.0,3.0,0.0,36.0,9.0,29.0,0.0,4.0,80.0,85.0,111.0,3.0,586.0,15.0,41.0,69.0,1.0,52.0,18.0,9.0,129.0,3.0,138.0,93.0,344.0,0.0,17.0,10.0,6.0,27.0,4.0,12.0,14.0,21.0,40.0,3.0,16.0,20.0,19.0,2.0,6.0,0.0,35.0,101.0,54.0,71.0,5.0,0.0,109.0,3.0,30.0,9.0,14.0,8.0,13.0,38.0,5.0,55.0,2.0,0.0,1.0,4.0,0.0,3.0,34.0,1.0,0.0,125.0,29.0,43.0,0.0,44.0,1.0,1.0,8.0,19.0,156.0,2.0,3.0,0.0
9,37303498.0,321.0,0.0,443.0,111.0,73.0,7.0,80.0,157.0,0.0,297.0,45.0,25.0,68.0,8.0,101.0,3.0,64.0,604.0,63.0,4.0,168.0,1.0,0.0,31.0,10.0,63.0,1.0,5.0,215.0,45.0,134.0,2.0,314.0,13.0,16.0,29.0,2.0,80.0,13.0,19.0,211.0,8.0,134.0,123.0,155.0,0.0,4.0,36.0,7.0,16.0,1.0,13.0,10.0,7.0,38.0,1.0,16.0,9.0,28.0,3.0,10.0,0.0,40.0,63.0,22.0,123.0,11.0,3.0,86.0,7.0,101.0,5.0,13.0,17.0,5.0,23.0,10.0,47.0,1.0,0.0,1.0,5.0,0.0,2.0,46.0,2.0,0.0,116.0,17.0,72.0,1.0,69.0,0.0,0.0,14.0,30.0,91.0,1.0,3.0,0.0
10,40569347.0,358.0,0.0,226.0,244.0,45.0,28.0,139.0,259.0,297.0,0.0,49.0,24.0,108.0,165.0,141.0,2.0,59.0,220.0,89.0,6.0,197.0,5.0,0.0,41.0,12.0,22.0,0.0,7.0,142.0,110.0,108.0,6.0,319.0,13.0,46.0,46.0,6.0,90.0,16.0,15.0,232.0,7.0,133.0,117.0,163.0,0.0,18.0,10.0,6.0,25.0,5.0,16.0,13.0,33.0,38.0,0.0,22.0,28.0,22.0,5.0,10.0,0.0,50.0,118.0,33.0,91.0,6.0,1.0,114.0,10.0,45.0,4.0,16.0,13.0,16.0,51.0,12.0,69.0,4.0,0.0,1.0,14.0,0.0,4.0,48.0,2.0,0.0,165.0,44.0,49.0,1.0,70.0,0.0,0.0,7.0,12.0,134.0,3.0,4.0,0.0
11,46634901.0,70.0,0.0,49.0,34.0,37.0,2.0,16.0,32.0,45.0,49.0,0.0,10.0,10.0,5.0,22.0,0.0,8.0,63.0,3.0,2.0,39.0,2.0,0.0,8.0,4.0,9.0,0.0,2.0,23.0,4.0,50.0,4.0,59.0,31.0,37.0,5.0,1.0,10.0,3.0,5.0,33.0,6.0,30.0,17.0,25.0,0.0,7.0,7.0,4.0,1.0,5.0,4.0,1.0,16.0,8.0,2.0,3.0,4.0,12.0,2.0,2.0,0.0,10.0,9.0,5.0,22.0,1.0,0.0,22.0,4.0,20.0,1.0,2.0,4.0,3.0,14.0,6.0,9.0,1.0,0.0,0.0,1.0,0.0,0.0,5.0,2.0,0.0,19.0,17.0,27.0,3.0,6.0,5.0,1.0,4.0,2.0,5.0,1.0,4.0,0.0
12,46640967.0,46.0,0.0,70.0,22.0,49.0,0.0,15.0,18.0,25.0,24.0,10.0,0.0,4.0,2.0,5.0,13.0,6.0,40.0,8.0,18.0,17.0,17.0,0.0,7.0,46.0,123.0,6.0,25.0,8.0,5.0,65.0,1.0,17.0,12.0,83.0,4.0,3.0,8.0,19.0,40.0,22.0,6.0,40.0,38.0,17.0,0.0,28.0,112.0,4.0,4.0,5.0,47.0,11.0,21.0,25.0,3.0,109.0,23.0,80.0,13.0,58.0,0.0,41.0,16.0,2.0,74.0,8.0,6.0,29.0,15.0,128.0,1.0,4.0,3.0,14.0,31.0,14.0,9.0,14.0,0.0,0.0,1.0,0.0,0.0,13.0,6.0,3.0,6.0,47.0,170.0,0.0,147.0,5.0,2.0,71.0,19.0,1.0,7.0,3.0,0.0
13,56567360.0,98.0,0.0,24.0,83.0,3.0,5.0,47.0,129.0,68.0,108.0,10.0,4.0,0.0,8.0,90.0,0.0,6.0,36.0,27.0,2.0,74.0,1.0,0.0,11.0,1.0,0.0,0.0,5.0,47.0,38.0,24.0,3.0,283.0,4.0,11.0,8.0,0.0,41.0,4.0,2.0,38.0,1.0,26.0,17.0,66.0,0.0,2.0,0.0,2.0,1.0,0.0,2.0,2.0,6.0,6.0,0.0,1.0,5.0,4.0,0.0,2.0,0.0,11.0,22.0,17.0,18.0,2.0,0.0,17.0,1.0,4.0,3.0,2.0,0.0,3.0,9.0,3.0,14.0,0.0,0.0,0.0,4.0,0.0,0.0,12.0,0.0,0.0,60.0,10.0,8.0,0.0,10.0,0.0,0.0,2.0,0.0,283.0,0.0,1.0,0.0
14,68638036.0,29.0,0.0,18.0,11.0,2.0,2.0,14.0,18.0,8.0,165.0,5.0,2.0,8.0,0.0,11.0,0.0,3.0,15.0,5.0,1.0,20.0,1.0,0.0,3.0,0.0,0.0,0.0,1.0,12.0,9.0,13.0,0.0,38.0,2.0,6.0,3.0,3.0,2.0,1.0,1.0,21.0,2.0,7.0,26.0,9.0,0.0,4.0,0.0,2.0,0.0,0.0,0.0,0.0,5.0,5.0,0.0,3.0,5.0,1.0,0.0,0.0,0.0,7.0,6.0,3.0,2.0,0.0,0.0,9.0,0.0,5.0,0.0,6.0,0.0,2.0,5.0,1.0,4.0,0.0,0.0,0.0,1.0,0.0,0.0,5.0,1.0,0.0,13.0,7.0,0.0,0.0,8.0,0.0,0.0,1.0,0.0,7.0,0.0,1.0,0.0
15,73938917.0,177.0,0.0,123.0,182.0,29.0,18.0,93.0,186.0,101.0,141.0,22.0,5.0,90.0,11.0,0.0,1.0,18.0,84.0,12.0,4.0,215.0,4.0,0.0,51.0,2.0,0.0,0.0,3.0,98.0,15.0,36.0,4.0,1217.0,5.0,12.0,13.0,1.0,36.0,8.0,6.0,131.0,5.0,43.0,41.0,58.0,0.0,3.0,4.0,4.0,8.0,1.0,5.0,7.0,22.0,16.0,1.0,5.0,10.0,9.0,15.0,3.0,0.0,24.0,23.0,57.0,20.0,3.0,0.0,50.0,2.0,13.0,1.0,4.0,1.0,5.0,18.0,8.0,55.0,0.0,0.0,0.0,13.0,0.0,0.0,20.0,0.0,0.0,123.0,28.0,12.0,1.0,11.0,0.0,0.0,4.0,0.0,77.0,0.0,2.0,0.0
16,88877316.0,8.0,0.0,9.0,2.0,6.0,0.0,0.0,0.0,3.0,2.0,0.0,13.0,0.0,0.0,1.0,0.0,0.0,5.0,5.0,1.0,0.0,3.0,0.0,1.0,11.0,9.0,0.0,2.0,0.0,0.0,21.0,0.0,3.0,1.0,10.0,1.0,0.0,1.0,2.0,5.0,3.0,0.0,7.0,2.0,0.0,0.0,3.0,20.0,0.0,0.0,0.0,14.0,2.0,1.0,5.0,1.0,14.0,1.0,5.0,2.0,5.0,0.0,4.0,0.0,0.0,4.0,5.0,0.0,2.0,5.0,15.0,1.0,0.0,0.0,1.0,1.0,4.0,0.0,4.0,0.0,0.0,0.0,0.0,1.0,0.0,2.0,0.0,0.0,10.0,15.0,1.0,65.0,1.0,0.0,3.0,5.0,0.0,1.0,0.0,0.0
17,90462707.0,101.0,0.0,23.0,72.0,17.0,1.0,35.0,71.0,64.0,59.0,8.0,6.0,6.0,3.0,18.0,0.0,0.0,30.0,33.0,0.0,22.0,0.0,0.0,9.0,0.0,8.0,0.0,3.0,10.0,32.0,40.0,1.0,37.0,4.0,5.0,13.0,0.0,16.0,5.0,3.0,41.0,1.0,49.0,62.0,22.0,0.0,1.0,2.0,2.0,16.0,0.0,0.0,6.0,3.0,12.0,1.0,1.0,3.0,3.0,0.0,3.0,0.0,6.0,58.0,22.0,33.0,3.0,0.0,23.0,1.0,10.0,4.0,7.0,2.0,6.0,5.0,2.0,12.0,0.0,0.0,0.0,2.0,0.0,3.0,12.0,1.0,0.0,25.0,2.0,11.0,1.0,9.0,0.0,0.0,1.0,18.0,14.0,0.0,0.0,0.0
18,91419075.0,219.0,0.0,369.0,95.0,120.0,9.0,58.0,130.0,604.0,220.0,63.0,40.0,36.0,15.0,84.0,5.0,30.0,0.0,44.0,16.0,181.0,7.0,0.0,23.0,41.0,80.0,3.0,21.0,124.0,31.0,185.0,3.0,221.0,38.0,71.0,20.0,5.0,64.0,41.0,23.0,168.0,12.0,117.0,73.0,127.0,0.0,13.0,57.0,12.0,13.0,7.0,37.0,20.0,25.0,50.0,9.0,48.0,30.0,42.0,9.0,13.0,0.0,102.0,43.0,14.0,88.0,9.0,12.0,106.0,27.0,127.0,2.0,9.0,8.0,13.0,54.0,33.0,44.0,9.0,0.0,1.0,6.0,0.0,3.0,37.0,8.0,0.0,68.0,78.0,81.0,0.0,99.0,3.0,0.0,19.0,19.0,54.0,5.0,14.0,0.0
19,92405215.0,113.0,0.0,17.0,70.0,9.0,0.0,38.0,75.0,63.0,89.0,3.0,8.0,27.0,5.0,12.0,5.0,33.0,44.0,0.0,4.0,14.0,2.0,0.0,12.0,3.0,11.0,0.0,4.0,14.0,62.0,38.0,0.0,34.0,3.0,13.0,30.0,0.0,38.0,7.0,3.0,24.0,1.0,38.0,39.0,43.0,0.0,8.0,9.0,2.0,9.0,0.0,10.0,8.0,8.0,7.0,0.0,8.0,6.0,7.0,0.0,2.0,0.0,6.0,50.0,8.0,33.0,3.0,0.0,30.0,4.0,9.0,2.0,10.0,1.0,5.0,6.0,1.0,4.0,4.0,0.0,1.0,3.0,0.0,2.0,8.0,0.0,0.0,30.0,8.0,8.0,0.0,50.0,0.0,0.0,4.0,10.0,18.0,4.0,1.0,0.0
20,100664808.0,11.0,0.0,17.0,2.0,11.0,0.0,3.0,3.0,4.0,6.0,2.0,18.0,2.0,1.0,4.0,1.0,0.0,16.0,4.0,0.0,2.0,4.0,0.0,1.0,9.0,15.0,0.0,3.0,3.0,1.0,15.0,0.0,6.0,0.0,11.0,0.0,1.0,0.0,5.0,14.0,7.0,0.0,7.0,6.0,2.0,0.0,0.0,25.0,0.0,0.0,0.0,13.0,1.0,1.0,4.0,0.0,19.0,2.0,9.0,3.0,8.0,0.0,9.0,6.0,1.0,9.0,4.0,1.0,5.0,4.0,17.0,0.0,0.0,0.0,2.0,1.0,2.0,0.0,0.0,0.0,0.0,1.0,0.0,0.0,3.0,2.0,0.0,5.0,12.0,25.0,1.0,37.0,0.0,0.0,18.0,2.0,4.0,1.0,0.0,0.0
21,101868031.0,224.0,0.0,188.0,205.0,35.0,16.0,106.0,135.0,168.0,197.0,39.0,17.0,74.0,20.0,215.0,0.0,22.0,181.0,14.0,2.0,0.0,5.0,0.0,50.0,15.0,4.0,0.0,7.0,97.0,23.0,66.0,6.0,684.0,15.0,35.0,17.0,3.0,38.0,17.0,13.0,233.0,8.0,71.0,83.0,98.0,0.0,11.0,18.0,3.0,8.0,4.0,10.0,12.0,31.0,32.0,3.0,8.0,27.0,12.0,0.0,4.0,0.0,46.0,34.0,17.0,34.0,4.0,0.0,73.0,14.0,32.0,2.0,2.0,4.0,7.0,26.0,8.0,80.0,1.0,0.0,1.0,9.0,0.0,1.0,32.0,2.0,0.0,105.0,50.0,25.0,1.0,31.0,2.0,1.0,6.0,2.0,46.0,0.0,5.0,0.0
22,103510582.0,14.0,0.0,8.0,4.0,4.0,0.0,5.0,3.0,1.0,5.0,2.0,17.0,1.0,1.0,4.0,3.0,0.0,7.0,2.0,4.0,5.0,0.0,0.0,2.0,13.0,12.0,3.0,0.0,2.0,1.0,15.0,1.0,7.0,4.0,41.0,2.0,1.0,1.0,1.0,6.0,6.0,1.0,11.0,5.0,5.0,0.0,8.0,31.0,1.0,0.0,8.0,154.0,1.0,5.0,18.0,17.0,26.0,3.0,8.0,0.0,14.0,0.0,6.0,8.0,3.0,9.0,0.0,1.0,8.0,17.0,16.0,1.0,0.0,1.0,1.0,2.0,1.0,13.0,11.0,0.0,0.0,0.0,0.0,0.0,4.0,10.0,8.0,3.0,30.0,20.0,1.0,51.0,5.0,0.0,6.0,1.0,1.0,5.0,1.0,0.0
23,109448397.0,0.0,0.0,0.0,0.0,0.0,0.0,0.0,0.0,0.0,0.0,0.0,0.0,0.0,0.0,0.0,0.0,0.0,0.0,0.0,0.0,0.0,0.0,0.0,0.0,0.0,0.0,0.0,0.0,0.0,0.0,0.0,0.0,0.0,0.0,0.0,0.0,0.0,0.0,0.0,0.0,0.0,0.0,0.0,0.0,0.0,0.0,0.0,0.0,0.0,0.0,0.0,0.0,0.0,0.0,0.0,0.0,0.0,0.0,0.0,0.0,0.0,0.0,0.0,0.0,0.0,0.0,0.0,0.0,0.0,0.0,0.0,0.0,0.0,0.0,0.0,0.0,0.0,0.0,0.0,0.0,0.0,0.0,0.0,0.0,0.0,0.0,0.0,0.0,0.0,0.0,0.0,0.0,0.0,0.0,0.0,0.0,0.0,0.0,0.0,0.0
24,109980164.0,86.0,0.0,29.0,103.0,7.0,1.0,28.0,36.0,31.0,41.0,8.0,7.0,11.0,3.0,51.0,1.0,9.0,23.0,12.0,1.0,50.0,2.0,0.0,0.0,4.0,8.0,0.0,8.0,23.0,22.0,25.0,2.0,150.0,7.0,9.0,5.0,1.0,22.0,4.0,6.0,39.0,2.0,27.0,39.0,16.0,0.0,4.0,6.0,3.0,1.0,0.0,9.0,3.0,11.0,16.0,2.0,5.0,7.0,2.0,3.0,1.0,0.0,5.0,32.0,12.0,12.0,1.0,0.0,15.0,4.0,4.0,4.0,7.0,1.0,5.0,11.0,0.0,17.0,1.0,0.0,1.0,7.0,0.0,1.0,13.0,2.0,0.0,40.0,15.0,9.0,1.0,12.0,0.0,0.0,2.0,6.0,24.0,2.0,0.0,0.0
25,116496187.0,44.0,0.0,73.0,8.0,20.0,0.0,6.0,9.0,10.0,12.0,4.0,46.0,1.0,0.0,2.0,11.0,0.0,41.0,3.0,9.0,15.0,13.0,0.0,4.0,0.0,37.0,0.0,8.0,5.0,4.0,50.0,0.0,10.0,8.0,65.0,1.0,15.0,6.0,41.0,19.0,9.0,5.0,47.0,7.0,6.0,0.0,27.0,70.0,1.0,1.0,6.0,81.0,15.0,31.0,44.0,6.0,48.0,29.0,23.0,20.0,18.0,0.0,62.0,6.0,1.0,29.0,6.0,11.0,21.0,32.0,64.0,3.0,1.0,3.0,10.0,42.0,18.0,5.0,16.0,0.0,2.0,0.0,0.0,0.0,16.0,15.0,2.0,4.0,103.0,54.0,2.0,96.0,6.0,3.0,21.0,6.0,1.0,8.0,7.0,0.0
26,124407978.0,45.0,0.0,107.0,13.0,52.0,1.0,7.0,29.0,63.0,22.0,9.0,123.0,0.0,0.0,0.0,9.0,8.0,80.0,11.0,15.0,4.0,12.0,0.0,8.0,37.0,0.0,3.0,9.0,6.0,2.0,67.0,0.0,12.0,9.0,58.0,4.0,1.0,10.0,21.0,40.0,17.0,3.0,37.0,38.0,39.0,0.0,12.0,113.0,2.0,5.0,4.0,44.0,9.0,6.0,16.0,1.0,107.0,13.0,68.0,13.0,43.0,0.0,57.0,12.0,1.0,78.0,8.0,8.0,25.0,13.0,144.0,0.0,3.0,10.0,3.0,14.0,15.0,2.0,8.0,0.0,0.0,0.0,0.0,1.0,10.0,3.0,2.0,4.0,35.0,177.0,0.0,137.0,1.0,0.0,76.0,18.0,1.0,9.0,2.0,0.0
27,133331774.0,3.0,0.0,1.0,0.0,0.0,0.0,0.0,0.0,1.0,0.0,0.0,6.0,0.0,0.0,0.0,0.0,0.0,3.0,0.0,0.0,0.0,3.0,0.0,0.0,0.0,3.0,0.0,2.0,0.0,0.0,9.0,0.0,0.0,0.0,49.0,1.0,0.0,0.0,2.0,1.0,2.0,1.0,0.0,0.0,0.0,0.0,3.0,3.0,0.0,0.0,5.0,3.0,0.0,0.0,1.0,1.0,6.0,1.0,1.0,0.0,3.0,0.0,2.0,1.0,0.0,2.0,0.0,20.0,3.0,8.0,5.0,0.0,0.0,0.0,0.0,2.0,1.0,0.0,2.0,0.0,0.0,0.0,0.0,0.0,0.0,1.0,1.0,0.0,8.0,5.0,0.0,28.0,0.0,0.0,3.0,2.0,0.0,11.0,0.0,0.0
28,148686224.0,27.0,0.0,13.0,10.0,5.0,0.0,2.0,4.0,5.0,7.0,2.0,25.0,5.0,1.0,3.0,2.0,3.0,21.0,4.0,3.0,7.0,0.0,0.0,8.0,8.0,9.0,2.0,0.0,1.0,1.0,8.0,1.0,3.0,4.0,32.0,1.0,4.0,11.0,7.0,0.0,5.0,1.0,35.0,8.0,2.0,0.0,67.0,6.0,0.0,0.0,1.0,8.0,10.0,36.0,4.0,1.0,24.0,13.0,8.0,1.0,3.0,0.0,8.0,7.0,0.0,5.0,1.0,5.0,21.0,4.0,7.0,0.0,0.0,0.0,23.0,58.0,4.0,2.0,0.0,0.0,0.0,0.0,0.0,0.0,2.0,1.0,0.0,2.0,30.0,8.0,0.0,25.0,0.0,0.0,1.0,34.0,3.0,3.0,0.0,0.0
29,150881077.0,191.0,0.0,107.0,128.0,31.0,5.0,43.0,80.0,215.0,142.0,23.0,8.0,47.0,12.0,98.0,0.0,10.0,124.0,14.0,3.0,97.0,2.0,0.0,23.0,5.0,6.0,0.0,1.0,0.0,28.0,43.0,2.0,175.0,12.0,19.0,9.0,0.0,35.0,7.0,1.0,110.0,1.0,74.0,32.0,46.0,0.0,2.0,10.0,1.0,6.0,2.0,6.0,4.0,12.0,30.0,0.0,3.0,12.0,8.0,1.0,1.0,0.0,10.0,59.0,10.0,25.0,1.0,1.0,39.0,1.0,26.0,2.0,12.0,2.0,6.0,24.0,7.0,20.0,0.0,0.0,0.0,20.0,0.0,0.0,25.0,1.0,0.0,291.0,11.0,18.0,0.0,17.0,3.0,0.0,2.0,2.0,53.0,0.0,9.0,0.0
30,152388511.0,117.0,0.0,23.0,135.0,7.0,3.0,41.0,85.0,45.0,110.0,4.0,5.0,38.0,9.0,15.0,0.0,32.0,31.0,62.0,1.0,23.0,1.0,0.0,22.0,4.0,2.0,0.0,1.0,28.0,0.0,35.0,2.0,47.0,2.0,9.0,17.0,2.0,37.0,3.0,0.0,31.0,3.0,40.0,33.0,33.0,0.0,6.0,2.0,0.0,15.0,1.0,3.0,5.0,4.0,12.0,0.0,5.0,4.0,3.0,0.0,0.0,0.0,5.0,71.0,14.0,32.0,1.0,0.0,26.0,0.0,6.0,3.0,4.0,2.0,10.0,13.0,0.0,8.0,1.0,0.0,1.0,4.0,0.0,2.0,14.0,1.0,0.0,52.0,6.0,8.0,0.0,21.0,1.0,1.0,1.0,6.0,38.0,1.0,0.0,0.0
31,162371105.0,217.0,0.0,150.0,103.0,98.0,7.0,52.0,111.0,134.0,108.0,50.0,65.0,24.0,13.0,36.0,21.0,40.0,185.0,38.0,15.0,66.0,15.0,0.0,25.0,50.0,67.0,9.0,8.0,43.0,35.0,0.0,2.0,111.0,49.0,95.0,19.0,2.0,38.0,24.0,30.0,74.0,14.0,124.0,86.0,77.0,0.0,25.0,72.0,14.0,14.0,19.0,34.0,22.0,25.0,61.0,15.0,58.0,25.0,46.0,6.0,39.0,0.0,65.0,58.0,16.0,90.0,14.0,6.0,101.0,20.0,108.0,8.0,7.0,14.0,11.0,47.0,24.0,31.0,15.0,0.0,1.0,2.0,0.0,2.0,39.0,12.0,3.0,71.0,103.0,126.0,2.0,130.0,12.0,1.0,34.0,94.0,16.0,11.0,17.0,0.0
32,176123374.0,8.0,0.0,6.0,10.0,0.0,0.0,2.0,3.0,2.0,6.0,4.0,1.0,3.0,0.0,4.0,0.0,1.0,3.0,0.0,0.0,6.0,1.0,0.0,2.0,0.0,0.0,0.0,1.0,2.0,2.0,2.0,0.0,6.0,1.0,3.0,0.0,0.0,3.0,1.0,0.0,4.0,0.0,4.0,4.0,3.0,0.0,0.0,0.0,0.0,0.0,0.0,0.0,0.0,2.0,1.0,0.0,0.0,2.0,2.0,0.0,0.0,0.0,3.0,5.0,0.0,0.0,0.0,0.0,4.0,0.0,0.0,0.0,0.0,0.0,1.0,2.0,2.0,3.0,0.0,0.0,0.0,0.0,0.0,0.0,0.0,0.0,0.0,2.0,0.0,1.0,0.0,1.0,0.0,0.0,1.0,1.0,2.0,0.0,0.0,0.0
33,192477353.0,462.0,0.0,254.0,705.0,53.0,62.0,197.0,586.0,314.0,319.0,59.0,17.0,283.0,38.0,1217.0,3.0,37.0,221.0,34.0,6.0,684.0,7.0,0.0,150.0,10.0,12.0,0.0,3.0,175.0,47.0,111.0,6.0,0.0,15.0,33.0,40.0,2.0,67.0,15.0,22.0,370.0,7.0,127.0,211.0,269.0,0.0,17.0,21.0,10.0,17.0,5.0,13.0,19.0,53.0,69.0,8.0,14.0,23.0,19.0,19.0,8.0,0.0,39.0,110.0,129.0,58.0,5.0,0.0,108.0,12.0,31.0,16.0,27.0,6.0,8.0,34.0,9.0,94.0,1.0,0.0,1.0,29.0,0.0,2.0,77.0,1.0,1.0,306.0,47.0,50.0,5.0,43.0,0.0,0.0,11.0,10.0,287.0,4.0,3.0,0.0
34,195976296.0,36.0,0.0,25.0,17.0,30.0,1.0,12.0,15.0,13.0,13.0,31.0,12.0,4.0,2.0,5.0,1.0,4.0,38.0,3.0,0.0,15.0,4.0,0.0,7.0,8.0,9.0,0.0,4.0,12.0,2.0,49.0,1.0,15.0,0.0,25.0,4.0,0.0,5.0,3.0,2.0,12.0,5.0,19.0,9.0,13.0,0.0,14.0,5.0,3.0,4.0,3.0,3.0,7.0,27.0,8.0,1.0,6.0,9.0,10.0,0.0,5.0,0.0,12.0,9.0,2.0,12.0,1.0,1.0,21.0,7.0,15.0,0.0,2.0,1.0,5.0,18.0,5.0,8.0,2.0,0.0,0.0,0.0,0.0,0.0,4.0,2.0,0.0,7.0,20.0,16.0,0.0,9.0,4.0,0.0,5.0,8.0,0.0,1.0,5.0,0.0
35,196120000.0,108.0,0.0,59.0,36.0,11.0,3.0,27.0,41.0,16.0,46.0,37.0,83.0,11.0,6.0,12.0,10.0,5.0,71.0,13.0,11.0,35.0,41.0,0.0,9.0,65.0,58.0,49.0,32.0,19.0,9.0,95.0,3.0,33.0,25.0,0.0,13.0,3.0,16.0,27.0,18.0,24.0,21.0,81.0,17.0,26.0,0.0,64.0,96.0,7.0,5.0,41.0,94.0,28.0,48.0,61.0,25.0,130.0,32.0,30.0,6.0,36.0,0.0,35.0,37.0,1.0,44.0,14.0,35.0,67.0,70.0,86.0,3.0,2.0,2.0,17.0,62.0,9.0,14.0,44.0,0.0,1.0,2.0,0.0,1.0,18.0,35.0,0.0,24.0,187.0,61.0,0.0,207.0,16.0,0.0,17.0,39.0,9.0,61.0,3.0,0.0
36,197309389.0,46.0,0.0,18.0,28.0,3.0,2.0,28.0,69.0,29.0,46.0,5.0,4.0,8.0,3.0,13.0,1.0,13.0,20.0,30.0,0.0,17.0,2.0,0.0,5.0,1.0,4.0,1.0,1.0,9.0,17.0,19.0,0.0,40.0,4.0,13.0,0.0,0.0,5.0,1.0,3.0,23.0,1.0,25.0,20.0,36.0,0.0,2.0,4.0,0.0,4.0,6.0,2.0,2.0,6.0,7.0,2.0,1.0,4.0,0.0,1.0,2.0,0.0,4.0,16.0,6.0,21.0,1.0,0.0,21.0,0.0,7.0,1.0,2.0,3.0,3.0,4.0,1.0,8.0,2.0,0.0,1.0,0.0,0.0,1.0,10.0,1.0,0.0,16.0,9.0,9.0,0.0,6.0,0.0,0.0,3.0,1.0,10.0,2.0,2.0,0.0
37,207026848.0,6.0,0.0,6.0,2.0,1.0,0.0,2.0,1.0,2.0,6.0,1.0,3.0,0.0,3.0,1.0,0.0,0.0,5.0,0.0,1.0,3.0,1.0,0.0,1.0,15.0,1.0,0.0,4.0,0.0,2.0,2.0,0.0,2.0,0.0,3.0,0.0,0.0,0.0,2.0,0.0,2.0,1.0,2.0,1.0,2.0,0.0,12.0,0.0,0.0,0.0,0.0,4.0,0.0,8.0,3.0,0.0,3.0,2.0,2.0,2.0,0.0,0.0,5.0,0.0,1.0,1.0,1.0,0.0,2.0,2.0,1.0,0.0,0.0,0.0,1.0,8.0,1.0,1.0,0.0,0.0,0.0,0.0,0.0,0.0,1.0,1.0,0.0,0.0,14.0,1.0,0.0,5.0,1.0,1.0,0.0,0.0,0.0,0.0,0.0,0.0
38,207420361.0,140.0,0.0,41.0,91.0,14.0,3.0,51.0,52.0,80.0,90.0,10.0,8.0,41.0,2.0,36.0,1.0,16.0,64.0,38.0,0.0,38.0,1.0,0.0,22.0,6.0,10.0,0.0,11.0,35.0,37.0,38.0,3.0,67.0,5.0,16.0,5.0,0.0,0.0,6.0,9.0,42.0,3.0,64.0,21.0,42.0,0.0,10.0,5.0,4.0,6.0,1.0,4.0,20.0,8.0,12.0,0.0,7.0,10.0,9.0,1.0,5.0,0.0,12.0,62.0,11.0,44.0,3.0,1.0,53.0,4.0,16.0,1.0,10.0,4.0,6.0,25.0,2.0,15.0,0.0,0.0,1.0,4.0,0.0,2.0,17.0,0.0,0.0,46.0,23.0,17.0,1.0,21.0,0.0,0.0,6.0,40.0,36.0,1.0,0.0,0.0
39,207669328.0,29.0,0.0,43.0,14.0,13.0,0.0,10.0,18.0,13.0,16.0,3.0,19.0,4.0,1.0,8.0,2.0,5.0,41.0,7.0,5.0,17.0,1.0,0.0,4.0,41.0,21.0,2.0,7.0,7.0,3.0,24.0,1.0,15.0,3.0,27.0,1.0,2.0,6.0,0.0,5.0,13.0,1.0,36.0,13.0,9.0,0.0,3.0,24.0,5.0,5.0,2.0,36.0,11.0,5.0,23.0,1.0,18.0,17.0,14.0,14.0,4.0,0.0,34.0,5.0,0.0,19.0,6.0,10.0,29.0,12.0,30.0,1.0,3.0,2.0,8.0,29.0,12.0,8.0,1.0,0.0,0.0,0.0,0.0,2.0,13.0,2.0,0.0,4.0,24.0,17.0,1.0,42.0,0.0,0.0,7.0,11.0,0.0,4.0,3.0,0.0
40,210824047.0,26.0,0.0,53.0,13.0,32.0,0.0,9.0,9.0,19.0,15.0,5.0,40.0,2.0,1.0,6.0,5.0,3.0,23.0,3.0,14.0,13.0,6.0,0.0,6.0,19.0,40.0,1.0,0.0,1.0,0.0,30.0,0.0,22.0,2.0,18.0,3.0,0.0,9.0,5.0,0.0,21.0,2.0,14.0,18.0,12.0,0.0,3.0,54.0,0.0,1.0,1.0,12.0,3.0,5.0,5.0,3.0,27.0,6.0,33.0,10.0,22.0,0.0,32.0,7.0,1.0,39.0,0.0,0.0,5.0,5.0,53.0,1.0,1.0,5.0,2.0,5.0,3.0,6.0,6.0,0.0,0.0,1.0,0.0,0.0,3.0,3.0,0.0,2.0,14.0,78.0,0.0,39.0,2.0,0.0,33.0,6.0,0.0,1.0,1.0,0.0
41,217078361.0,175.0,0.0,227.0,158.0,63.0,14.0,116.0,129.0,211.0,232.0,33.0,22.0,38.0,21.0,131.0,3.0,41.0,168.0,24.0,7.0,233.0,6.0,0.0,39.0,9.0,17.0,2.0,5.0,110.0,31.0,74.0,4.0,370.0,12.0,24.0,23.0,2.0,42.0,13.0,21.0,0.0,6.0,92.0,224.0,74.0,0.0,5.0,17.0,4.0,17.0,1.0,11.0,13.0,18.0,48.0,3.0,15.0,23.0,27.0,3.0,13.0,0.0,47.0,57.0,17.0,69.0,4.0,0.0,75.0,3.0,46.0,3.0,8.0,21.0,10.0,24.0,9.0,82.0,1.0,0.0,2.0,8.0,0.0,1.0,50.0,3.0,1.0,160.0,35.0,72.0,1.0,42.0,1.0,1.0,12.0,10.0,40.0,0.0,5.0,0.0
42,219922207.0,11.0,0.0,16.0,8.0,7.0,1.0,4.0,3.0,8.0,7.0,6.0,6.0,1.0,2.0,5.0,0.0,1.0,12.0,1.0,0.0,8.0,1.0,0.0,2.0,5.0,3.0,1.0,1.0,1.0,3.0,14.0,0.0,7.0,5.0,21.0,1.0,1.0,3.0,1.0,2.0,6.0,0.0,2.0,3.0,5.0,0.0,3.0,6.0,1.0,0.0,4.0,3.0,5.0,3.0,6.0,3.0,5.0,11.0,7.0,0.0,5.0,0.0,6.0,1.0,0.0,6.0,2.0,2.0,16.0,13.0,10.0,0.0,0.0,0.0,1.0,5.0,1.0,3.0,1.0,0.0,0.0,0.0,0.0,0.0,1.0,4.0,0.0,2.0,30.0,8.0,0.0,4.0,3.0,0.0,5.0,1.0,0.0,7.0,1.0,0.0
43,227452005.0,250.0,0.0,119.0,164.0,44.0,4.0,91.0,138.0,134.0,133.0,30.0,40.0,26.0,7.0,43.0,7.0,49.0,117.0,38.0,7.0,71.0,11.0,0.0,27.0,47.0,37.0,0.0,35.0,74.0,40.0,124.0,4.0,127.0,19.0,81.0,25.0,2.0,64.0,36.0,14.0,92.0,2.0,0.0,93.0,68.0,0.0,60.0,37.0,16.0,18.0,6.0,34.0,33.0,36.0,69.0,5.0,47.0,33.0,24.0,11.0,14.0,0.0,41.0,115.0,20.0,68.0,8.0,6.0,120.0,23.0,59.0,8.0,13.0,3.0,43.0,94.0,11.0,30.0,9.0,0.0,1.0,3.0,0.0,3.0,52.0,10.0,0.0,94.0,94.0,56.0,2.0,77.0,4.0,3.0,10.0,66.0,27.0,5.0,9.0,0.0
44,238169051.0,165.0,0.0,71.0,161.0,64.0,2.0,69.0,93.0,123.0,117.0,17.0,38.0,17.0,26.0,41.0,2.0,62.0,73.0,39.0,6.0,83.0,5.0,0.0,39.0,7.0,38.0,0.0,8.0,32.0,33.0,86.0,4.0,211.0,9.0,17.0,20.0,1.0,21.0,13.0,18.0,224.0,3.0,93.0,0.0,46.0,0.0,12.0,43.0,7.0,18.0,0.0,10.0,14.0,10.0,56.0,3.0,24.0,13.0,28.0,2.0,23.0,0.0,21.0,99.0,34.0,87.0,5.0,0.0,36.0,4.0,45.0,10.0,15.0,13.0,13.0,20.0,2.0,31.0,4.0,0.0,0.0,15.0,0.0,3.0,32.0,2.0,1.0,90.0,20.0,100.0,1.0,50.0,1.0,0.0,23.0,39.0,29.0,0.0,2.0,0.0
45,241413139.0,218.0,0.0,126.0,150.0,27.0,28.0,78.0,344.0,155.0,163.0,25.0,17.0,66.0,9.0,58.0,0.0,22.0,127.0,43.0,2.0,98.0,5.0,0.0,16.0,6.0,39.0,0.0,2.0,46.0,33.0,77.0,3.0,269.0,13.0,26.0,36.0,2.0,42.0,9.0,12.0,74.0,5.0,68.0,46.0,0.0,0.0,13.0,17.0,3.0,7.0,8.0,6.0,7.0,34.0,18.0,4.0,16.0,12.0,21.0,0.0,8.0,0.0,25.0,49.0,27.0,66.0,5.0,0.0,81.0,1.0,31.0,3.0,7.0,12.0,7.0,19.0,6.0,31.0,5.0,0.0,1.0,3.0,0.0,1.0,17.0,2.0,0.0,52.0,14.0,45.0,0.0,44.0,1.0,1.0,13.0,6.0,86.0,0.0,3.0,0.0
46,241899180.0,0.0,0.0,0.0,0.0,0.0,0.0,0.0,0.0,0.0,0.0,0.0,0.0,0.0,0.0,0.0,0.0,0.0,0.0,0.0,0.0,0.0,0.0,0.0,0.0,0.0,0.0,0.0,0.0,0.0,0.0,0.0,0.0,0.0,0.0,0.0,0.0,0.0,0.0,0.0,0.0,0.0,0.0,0.0,0.0,0.0,0.0,0.0,0.0,0.0,0.0,0.0,0.0,0.0,0.0,0.0,0.0,0.0,0.0,0.0,0.0,0.0,0.0,0.0,0.0,0.0,0.0,0.0,0.0,0.0,0.0,0.0,0.0,0.0,0.0,0.0,0.0,0.0,0.0,0.0,0.0,0.0,0.0,0.0,0.0,0.0,0.0,0.0,0.0,0.0,0.0,0.0,0.0,0.0,0.0,0.0,0.0,0.0,0.0,0.0,0.0
47,243245945.0,72.0,0.0,12.0,36.0,7.0,1.0,12.0,17.0,4.0,18.0,7.0,28.0,2.0,4.0,3.0,3.0,1.0,13.0,8.0,0.0,11.0,8.0,0.0,4.0,27.0,12.0,3.0,67.0,2.0,6.0,25.0,0.0,17.0,14.0,64.0,2.0,12.0,10.0,3.0,3.0,5.0,3.0,60.0,12.0,13.0,0.0,0.0,12.0,8.0,2.0,2.0,10.0,15.0,81.0,11.0,5.0,29.0,26.0,11.0,4.0,5.0,0.0,10.0,39.0,1.0,12.0,4.0,3.0,29.0,4.0,8.0,0.0,5.0,0.0,17.0,40.0,0.0,7.0,8.0,0.0,0.0,1.0,0.0,0.0,4.0,7.0,0.0,12.0,81.0,10.0,1.0,34.0,5.0,2.0,6.0,39.0,4.0,3.0,1.0,0.0
48,243336397.0,36.0,0.0,111.0,14.0,75.0,0.0,8.0,10.0,36.0,10.0,7.0,112.0,0.0,0.0,4.0,20.0,2.0,57.0,9.0,25.0,18.0,31.0,0.0,6.0,70.0,113.0,3.0,6.0,10.0,2.0,72.0,0.0,21.0,5.0,96.0,4.0,0.0,5.0,24.0,54.0,17.0,6.0,37.0,43.0,17.0,0.0,12.0,0.0,0.0,1.0,6.0,75.0,11.0,11.0,30.0,8.0,95.0,13.0,67.0,12.0,61.0,0.0,62.0,9.0,1.0,69.0,11.0,13.0,19.0,40.0,217.0,2.0,3.0,8.0,5.0,15.0,11.0,1.0,28.0,0.0,0.0,0.0,0.0,0.0,12.0,23.0,5.0,6.0,96.0,188.0,0.0,225.0,6.0,0.0,80.0,11.0,1.0,14.0,3.0,0.0
49,243453870.0,20.0,0.0,6.0,8.0,3.0,0.0,2.0,6.0,7.0,6.0,4.0,4.0,2.0,2.0,4.0,0.0,2.0,12.0,2.0,0.0,3.0,1.0,0.0,3.0,1.0,2.0,0.0,0.0,1.0,0.0,14.0,0.0,10.0,3.0,7.0,0.0,0.0,4.0,5.0,0.0,4.0,1.0,16.0,7.0,3.0,0.0,8.0,0.0,0.0,1.0,0.0,1.0,7.0,6.0,3.0,0.0,3.0,4.0,2.0,0.0,1.0,0.0,2.0,0.0,3.0,5.0,1.0,0.0,12.0,1.0,6.0,0.0,1.0,0.0,3.0,14.0,0.0,4.0,2.0,0.0,0.0,0.0,0.0,1.0,3.0,0.0,0.0,1.0,7.0,1.0,0.0,4.0,1.0,0.0,0.0,11.0,1.0,1.0,1.0,0.0
50,245717053.0,29.0,0.0,15.0,27.0,4.0,0.0,9.0,27.0,16.0,25.0,1.0,4.0,1.0,0.0,8.0,0.0,16.0,13.0,9.0,0.0,8.0,0.0,0.0,1.0,1.0,5.0,0.0,0.0,6.0,15.0,14.0,0.0,17.0,4.0,5.0,4.0,0.0,6.0,5.0,1.0,17.0,0.0,18.0,18.0,7.0,0.0,2.0,1.0,1.0,0.0,0.0,0.0,4.0,1.0,6.0,0.0,2.0,3.0,2.0,0.0,1.0,0.0,4.0,13.0,4.0,10.0,2.0,0.0,12.0,1.0,5.0,1.0,3.0,2.0,4.0,8.0,1.0,6.0,0.0,0.0,1.0,0.0,0.0,4.0,5.0,0.0,0.0,6.0,4.0,7.0,0.0,4.0,0.0,0.0,0.0,3.0,0.0,0.0,0.0,0.0
51,245859327.0,9.0,0.0,6.0,3.0,0.0,1.0,1.0,4.0,1.0,5.0,5.0,5.0,0.0,0.0,1.0,0.0,0.0,7.0,0.0,0.0,4.0,8.0,0.0,0.0,6.0,4.0,5.0,1.0,2.0,1.0,19.0,0.0,5.0,3.0,41.0,6.0,0.0,1.0,2.0,1.0,1.0,4.0,6.0,0.0,8.0,0.0,2.0,6.0,0.0,0.0,0.0,6.0,0.0,1.0,3.0,3.0,11.0,3.0,2.0,0.0,4.0,0.0,1.0,2.0,0.0,4.0,1.0,4.0,8.0,6.0,9.0,0.0,0.0,0.0,0.0,3.0,0.0,5.0,2.0,0.0,0.0,0.0,0.0,0.0,2.0,3.0,0.0,2.0,17.0,6.0,0.0,14.0,1.0,0.0,1.0,1.0,1.0,9.0,0.0,0.0
52,245979058.0,58.0,0.0,43.0,15.0,11.0,1.0,8.0,12.0,13.0,16.0,4.0,47.0,2.0,0.0,5.0,14.0,0.0,37.0,10.0,13.0,10.0,154.0,0.0,9.0,81.0,44.0,3.0,8.0,6.0,3.0,34.0,0.0,13.0,3.0,94.0,2.0,4.0,4.0,36.0,12.0,11.0,3.0,34.0,10.0,6.0,0.0,10.0,75.0,1.0,0.0,6.0,0.0,9.0,18.0,34.0,8.0,63.0,14.0,14.0,39.0,21.0,0.0,44.0,13.0,0.0,24.0,12.0,13.0,22.0,48.0,77.0,0.0,0.0,0.0,2.0,22.0,14.0,16.0,19.0,0.0,0.0,0.0,0.0,0.0,10.0,16.0,7.0,5.0,65.0,40.0,5.0,185.0,4.0,0.0,6.0,5.0,3.0,10.0,1.0,0.0
53,246578837.0,54.0,0.0,27.0,25.0,17.0,2.0,16.0,14.0,10.0,13.0,1.0,11.0,2.0,0.0,7.0,2.0,6.0,20.0,8.0,1.0,12.0,1.0,0.0,3.0,15.0,9.0,0.0,10.0,4.0,5.0,22.0,0.0,19.0,7.0,28.0,2.0,0.0,20.0,11.0,3.0,13.0,5.0,33.0,14.0,7.0,0.0,15.0,11.0,7.0,4.0,0.0,9.0,0.0,13.0,19.0,7.0,14.0,19.0,8.0,3.0,6.0,0.0,17.0,22.0,2.0,13.0,1.0,2.0,31.0,9.0,20.0,0.0,3.0,0.0,5.0,30.0,1.0,7.0,9.0,0.0,0.0,0.0,0.0,1.0,10.0,4.0,0.0,10.0,53.0,14.0,3.0,28.0,1.0,0.0,7.0,31.0,4.0,1.0,3.0,0.0
54,249101464.0,74.0,0.0,18.0,53.0,7.0,1.0,26.0,21.0,7.0,33.0,16.0,21.0,6.0,5.0,22.0,1.0,3.0,25.0,8.0,1.0,31.0,5.0,0.0,11.0,31.0,6.0,0.0,36.0,12.0,4.0,25.0,2.0,53.0,27.0,48.0,6.0,8.0,8.0,5.0,5.0,18.0,3.0,36.0,10.0,34.0,0.0,81.0,11.0,6.0,1.0,1.0,18.0,13.0,0.0,20.0,15.0,19.0,29.0,8.0,15.0,4.0,0.0,14.0,9.0,2.0,4.0,4.0,4.0,36.0,9.0,6.0,3.0,2.0,1.0,12.0,42.0,5.0,10.0,9.0,0.0,0.0,0.0,0.0,0.0,3.0,19.0,0.0,15.0,98.0,6.0,1.0,33.0,3.0,1.0,0.0,3.0,2.0,3.0,1.0,0.0
55,252426369.0,71.0,0.0,74.0,51.0,39.0,0.0,26.0,40.0,38.0,38.0,8.0,25.0,6.0,5.0,16.0,5.0,12.0,50.0,7.0,4.0,32.0,18.0,0.0,16.0,44.0,16.0,1.0,4.0,30.0,12.0,61.0,1.0,69.0,8.0,61.0,7.0,3.0,12.0,23.0,5.0,48.0,6.0,69.0,56.0,18.0,0.0,11.0,30.0,3.0,6.0,3.0,34.0,19.0,20.0,0.0,22.0,23.0,27.0,12.0,10.0,17.0,0.0,37.0,26.0,8.0,25.0,4.0,4.0,28.0,19.0,34.0,53.0,2.0,1.0,12.0,34.0,11.0,37.0,13.0,0.0,1.0,3.0,0.0,1.0,300.0,12.0,7.0,37.0,105.0,41.0,2.0,37.0,23.0,1.0,10.0,12.0,6.0,6.0,11.0,0.0
56,253596561.0,5.0,0.0,2.0,3.0,1.0,1.0,0.0,3.0,1.0,0.0,2.0,3.0,0.0,0.0,1.0,1.0,1.0,9.0,0.0,0.0,3.0,17.0,0.0,2.0,6.0,1.0,1.0,1.0,0.0,0.0,15.0,0.0,8.0,1.0,25.0,2.0,0.0,0.0,1.0,3.0,3.0,3.0,5.0,3.0,4.0,0.0,5.0,8.0,0.0,0.0,3.0,8.0,7.0,15.0,22.0,0.0,6.0,3.0,2.0,0.0,11.0,0.0,1.0,1.0,0.0,0.0,2.0,1.0,6.0,6.0,5.0,3.0,0.0,0.0,0.0,3.0,0.0,24.0,8.0,0.0,0.0,0.0,0.0,0.0,4.0,12.0,10.0,1.0,33.0,6.0,0.0,12.0,4.0,0.0,2.0,0.0,0.0,2.0,0.0,0.0
57,257197718.0,41.0,0.0,61.0,11.0,39.0,1.0,9.0,16.0,16.0,22.0,3.0,109.0,1.0,3.0,5.0,14.0,1.0,48.0,8.0,19.0,8.0,26.0,0.0,5.0,48.0,107.0,6.0,24.0,3.0,5.0,58.0,0.0,14.0,6.0,130.0,1.0,3.0,7.0,18.0,27.0,15.0,5.0,47.0,24.0,16.0,0.0,29.0,95.0,3.0,2.0,11.0,63.0,14.0,19.0,23.0,6.0,0.0,17.0,53.0,9.0,44.0,0.0,43.0,12.0,0.0,58.0,5.0,7.0,24.0,29.0,113.0,1.0,1.0,3.0,9.0,26.0,6.0,2.0,20.0,0.0,0.0,2.0,0.0,0.0,10.0,14.0,4.0,2.0,64.0,129.0,0.0,175.0,7.0,0.0,61.0,15.0,3.0,10.0,2.0,0.0
58,258019953.0,61.0,0.0,43.0,34.0,15.0,1.0,20.0,20.0,9.0,28.0,4.0,23.0,5.0,5.0,10.0,1.0,3.0,30.0,6.0,2.0,27.0,3.0,0.0,7.0,29.0,13.0,1.0,13.0,12.0,4.0,25.0,2.0,23.0,9.0,32.0,4.0,2.0,10.0,17.0,6.0,23.0,11.0,33.0,13.0,12.0,0.0,26.0,13.0,4.0,3.0,3.0,14.0,19.0,29.0,27.0,3.0,17.0,0.0,10.0,6.0,6.0,0.0,28.0,20.0,2.0,15.0,6.0,1.0,33.0,13.0,24.0,1.0,3.0,1.0,9.0,35.0,6.0,8.0,6.0,0.0,1.0,2.0,0.0,1.0,16.0,6.0,1.0,9.0,66.0,23.0,2.0,22.0,3.0,0.0,7.0,9.0,3.0,1.0,7.0,0.0
59,259105109.0,30.0,0.0,62.0,13.0,43.0,2.0,11.0,19.0,28.0,22.0,12.0,80.0,4.0,1.0,9.0,5.0,3.0,42.0,7.0,9.0,12.0,8.0,0.0,2.0,23.0,68.0,1.0,8.0,8.0,3.0,46.0,2.0,19.0,10.0,30.0,0.0,2.0,9.0,14.0,33.0,27.0,7.0,24.0,28.0,21.0,0.0,11.0,67.0,2.0,2.0,2.0,14.0,8.0,8.0,12.0,2.0,53.0,10.0,0.0,1.0,36.0,0.0,27.0,5.0,1.0,60.0,3.0,5.0,23.0,11.0,79.0,1.0,3.0,4.0,3.0,19.0,6.0,8.0,8.0,0.0,0.0,0.0,0.0,0.0,8.0,7.0,3.0,3.0,30.0,124.0,0.0,69.0,6.0,0.0,69.0,19.0,1.0,3.0,3.0,0.0
60,261121484.0,51.0,0.0,8.0,25.0,4.0,0.0,0.0,2.0,3.0,5.0,2.0,13.0,0.0,0.0,15.0,2.0,0.0,9.0,0.0,3.0,0.0,0.0,0.0,3.0,20.0,13.0,0.0,1.0,1.0,0.0,6.0,0.0,19.0,0.0,6.0,1.0,2.0,1.0,14.0,10.0,3.0,0.0,11.0,2.0,0.0,0.0,4.0,12.0,0.0,0.0,0.0,39.0,3.0,15.0,10.0,0.0,9.0,6.0,1.0,0.0,2.0,0.0,16.0,0.0,0.0,4.0,4.0,4.0,7.0,5.0,11.0,1.0,0.0,0.0,1.0,10.0,6.0,2.0,2.0,0.0,0.0,0.0,0.0,0.0,4.0,56.0,0.0,3.0,75.0,7.0,0.0,38.0,1.0,0.0,1.0,1.0,0.0,2.0,1.0,0.0
61,268184418.0,17.0,0.0,32.0,7.0,34.0,1.0,6.0,6.0,10.0,10.0,2.0,58.0,2.0,0.0,3.0,5.0,3.0,13.0,2.0,8.0,4.0,14.0,0.0,1.0,18.0,43.0,3.0,3.0,1.0,0.0,39.0,0.0,8.0,5.0,36.0,2.0,0.0,5.0,4.0,22.0,13.0,5.0,14.0,23.0,8.0,0.0,5.0,61.0,1.0,1.0,4.0,21.0,6.0,4.0,17.0,11.0,44.0,6.0,36.0,2.0,0.0,0.0,21.0,4.0,0.0,39.0,0.0,2.0,12.0,8.0,63.0,2.0,1.0,4.0,3.0,6.0,3.0,14.0,7.0,0.0,0.0,0.0,0.0,0.0,7.0,6.0,12.0,2.0,38.0,117.0,0.0,71.0,2.0,0.0,28.0,6.0,0.0,1.0,4.0,0.0
62,269680826.0,0.0,0.0,0.0,0.0,0.0,0.0,0.0,0.0,0.0,0.0,0.0,0.0,0.0,0.0,0.0,0.0,0.0,0.0,0.0,0.0,0.0,0.0,0.0,0.0,0.0,0.0,0.0,0.0,0.0,0.0,0.0,0.0,0.0,0.0,0.0,0.0,0.0,0.0,0.0,0.0,0.0,0.0,0.0,0.0,0.0,0.0,0.0,0.0,0.0,0.0,0.0,0.0,0.0,0.0,0.0,0.0,0.0,0.0,0.0,0.0,0.0,0.0,0.0,0.0,0.0,0.0,0.0,0.0,0.0,0.0,0.0,0.0,0.0,0.0,0.0,0.0,0.0,0.0,0.0,0.0,0.0,0.0,0.0,0.0,0.0,0.0,0.0,0.0,0.0,0.0,0.0,0.0,0.0,0.0,0.0,0.0,0.0,0.0,0.0,0.0
63,270762885.0,57.0,0.0,158.0,32.0,59.0,2.0,28.0,35.0,40.0,50.0,10.0,41.0,11.0,7.0,24.0,4.0,6.0,102.0,6.0,9.0,46.0,6.0,0.0,5.0,62.0,57.0,2.0,8.0,10.0,5.0,65.0,3.0,39.0,12.0,35.0,4.0,5.0,12.0,34.0,32.0,47.0,6.0,41.0,21.0,25.0,0.0,10.0,62.0,2.0,4.0,1.0,44.0,17.0,14.0,37.0,1.0,43.0,28.0,27.0,16.0,21.0,0.0,0.0,8.0,0.0,41.0,8.0,3.0,41.0,17.0,116.0,2.0,3.0,8.0,9.0,34.0,54.0,20.0,7.0,0.0,0.0,0.0,0.0,0.0,19.0,2.0,1.0,8.0,63.0,64.0,0.0,60.0,4.0,0.0,25.0,7.0,2.0,3.0,12.0,0.0
64,271787365.0,469.0,0.0,28.0,349.0,22.0,0.0,126.0,101.0,63.0,118.0,9.0,16.0,22.0,6.0,23.0,0.0,58.0,43.0,50.0,6.0,34.0,8.0,0.0,32.0,6.0,12.0,1.0,7.0,59.0,71.0,58.0,5.0,110.0,9.0,37.0,16.0,0.0,62.0,5.0,7.0,57.0,1.0,115.0,99.0,49.0,0.0,39.0,9.0,0.0,13.0,2.0,13.0,22.0,9.0,26.0,1.0,12.0,20.0,5.0,0.0,4.0,0.0,8.0,0.0,17.0,55.0,3.0,1.0,49.0,1.0,13.0,7.0,22.0,7.0,14.0,22.0,1.0,15.0,2.0,0.0,0.0,13.0,0.0,1.0,29.0,0.0,0.0,126.0,43.0,18.0,4.0,52.0,2.0,0.0,5.0,63.0,50.0,5.0,3.0,0.0
65,271791007.0,50.0,0.0,13.0,68.0,7.0,6.0,22.0,54.0,22.0,33.0,5.0,2.0,17.0,3.0,57.0,0.0,22.0,14.0,8.0,1.0,17.0,3.0,0.0,12.0,1.0,1.0,0.0,0.0,10.0,14.0,16.0,0.0,129.0,2.0,1.0,6.0,1.0,11.0,0.0,1.0,17.0,0.0,20.0,34.0,27.0,0.0,1.0,1.0,3.0,4.0,0.0,0.0,2.0,2.0,8.0,0.0,0.0,2.0,1.0,0.0,0.0,0.0,0.0,17.0,0.0,11.0,1.0,0.0,12.0,0.0,2.0,4.0,2.0,1.0,2.0,3.0,0.0,9.0,0.0,0.0,1.0,4.0,0.0,1.0,9.0,0.0,0.0,50.0,2.0,6.0,0.0,6.0,0.0,0.0,0.0,5.0,22.0,0.0,0.0,0.0
66,272524094.0,112.0,0.0,126.0,72.0,70.0,1.0,45.0,71.0,123.0,91.0,22.0,74.0,18.0,2.0,20.0,4.0,33.0,88.0,33.0,9.0,34.0,9.0,0.0,12.0,29.0,78.0,2.0,5.0,25.0,32.0,90.0,0.0,58.0,12.0,44.0,21.0,1.0,44.0,19.0,39.0,69.0,6.0,68.0,87.0,66.0,0.0,12.0,69.0,5.0,10.0,4.0,24.0,13.0,4.0,25.0,0.0,58.0,15.0,60.0,4.0,39.0,0.0,41.0,55.0,11.0,0.0,5.0,5.0,43.0,12.0,119.0,3.0,8.0,25.0,8.0,24.0,5.0,27.0,8.0,0.0,1.0,2.0,0.0,2.0,27.0,2.0,2.0,24.0,30.0,172.0,0.0,92.0,2.0,0.0,47.0,23.0,14.0,2.0,3.0,0.0
67,275576176.0,17.0,0.0,8.0,7.0,2.0,0.0,6.0,5.0,11.0,6.0,1.0,8.0,2.0,0.0,3.0,5.0,3.0,9.0,3.0,4.0,4.0,0.0,0.0,1.0,6.0,8.0,0.0,1.0,1.0,1.0,14.0,0.0,5.0,1.0,14.0,1.0,1.0,3.0,6.0,0.0,4.0,2.0,8.0,5.0,5.0,0.0,4.0,11.0,1.0,2.0,1.0,12.0,1.0,4.0,4.0,2.0,5.0,6.0,3.0,4.0,0.0,0.0,8.0,3.0,1.0,5.0,0.0,4.0,12.0,9.0,10.0,2.0,0.0,0.0,0.0,12.0,3.0,2.0,1.0,0.0,0.0,0.0,0.0,1.0,4.0,6.0,0.0,2.0,21.0,2.0,0.0,37.0,0.0,0.0,1.0,21.0,0.0,2.0,0.0,0.0
68,276579513.0,3.0,0.0,4.0,0.0,0.0,0.0,0.0,0.0,3.0,1.0,0.0,6.0,0.0,0.0,0.0,0.0,0.0,12.0,0.0,1.0,0.0,1.0,0.0,0.0,11.0,8.0,20.0,5.0,1.0,0.0,6.0,0.0,0.0,1.0,35.0,0.0,0.0,1.0,10.0,0.0,0.0,2.0,6.0,0.0,0.0,0.0,3.0,13.0,0.0,0.0,4.0,13.0,2.0,4.0,4.0,1.0,7.0,1.0,5.0,4.0,2.0,0.0,3.0,1.0,0.0,5.0,4.0,0.0,6.0,12.0,10.0,0.0,0.0,0.0,0.0,6.0,1.0,0.0,1.0,0.0,0.0,0.0,0.0,0.0,2.0,3.0,0.0,0.0,16.0,7.0,0.0,29.0,0.0,0.0,1.0,3.0,0.0,11.0,1.0,0.0
69,286229334.0,182.0,0.0,104.0,101.0,30.0,23.0,74.0,109.0,86.0,114.0,22.0,29.0,17.0,9.0,50.0,2.0,23.0,106.0,30.0,5.0,73.0,8.0,0.0,15.0,21.0,25.0,3.0,21.0,39.0,26.0,101.0,4.0,108.0,21.0,67.0,21.0,2.0,53.0,29.0,5.0,75.0,16.0,120.0,36.0,81.0,0.0,29.0,19.0,12.0,12.0,8.0,22.0,31.0,36.0,28.0,6.0,24.0,33.0,23.0,7.0,12.0,0.0,41.0,49.0,12.0,43.0,12.0,6.0,0.0,13.0,42.0,6.0,6.0,1.0,14.0,75.0,9.0,31.0,7.0,0.0,1.0,2.0,0.0,2.0,24.0,5.0,1.0,60.0,81.0,24.0,0.0,55.0,5.0,1.0,12.0,45.0,20.0,10.0,7.0,0.0
70,287229977.0,23.0,0.0,25.0,4.0,5.0,0.0,1.0,3.0,7.0,10.0,4.0,15.0,1.0,0.0,2.0,5.0,1.0,27.0,4.0,4.0,14.0,17.0,0.0,4.0,32.0,13.0,8.0,4.0,1.0,0.0,20.0,0.0,12.0,7.0,70.0,0.0,2.0,4.0,12.0,5.0,3.0,13.0,23.0,4.0,1.0,0.0,4.0,40.0,1.0,1.0,6.0,48.0,9.0,9.0,19.0,6.0,29.0,13.0,11.0,5.0,8.0,0.0,17.0,1.0,0.0,12.0,9.0,12.0,13.0,0.0,36.0,1.0,0.0,0.0,1.0,18.0,1.0,2.0,22.0,0.0,0.0,0.0,0.0,0.0,9.0,21.0,1.0,2.0,75.0,17.0,0.0,83.0,7.0,0.0,1.0,2.0,1.0,13.0,0.0,0.0
71,288479798.0,66.0,0.0,200.0,23.0,86.0,1.0,21.0,30.0,101.0,45.0,20.0,128.0,4.0,5.0,13.0,15.0,10.0,127.0,9.0,17.0,32.0,16.0,0.0,4.0,64.0,144.0,5.0,7.0,26.0,6.0,108.0,0.0,31.0,15.0,86.0,7.0,1.0,16.0,30.0,53.0,46.0,10.0,59.0,45.0,31.0,0.0,8.0,217.0,6.0,5.0,9.0,77.0,20.0,6.0,34.0,5.0,113.0,24.0,79.0,11.0,63.0,0.0,116.0,13.0,2.0,119.0,10.0,10.0,42.0,36.0,0.0,2.0,2.0,12.0,10.0,33.0,17.0,14.0,17.0,0.0,0.0,0.0,0.0,1.0,21.0,8.0,5.0,13.0,76.0,220.0,1.0,186.0,4.0,0.0,78.0,16.0,4.0,8.0,11.0,0.0
72,289574030.0,9.0,0.0,3.0,6.0,7.0,1.0,4.0,9.0,5.0,4.0,1.0,1.0,3.0,0.0,1.0,1.0,4.0,2.0,2.0,0.0,2.0,1.0,0.0,4.0,3.0,0.0,0.0,0.0,2.0,3.0,8.0,0.0,16.0,0.0,3.0,1.0,0.0,1.0,1.0,1.0,3.0,0.0,8.0,10.0,3.0,0.0,0.0,2.0,0.0,1.0,0.0,0.0,0.0,3.0,53.0,3.0,1.0,1.0,1.0,1.0,2.0,0.0,2.0,7.0,4.0,3.0,2.0,0.0,6.0,1.0,2.0,0.0,0.0,0.0,2.0,1.0,2.0,3.0,2.0,0.0,0.0,0.0,0.0,0.0,40.0,1.0,0.0,8.0,6.0,2.0,0.0,3.0,3.0,0.0,2.0,1.0,0.0,0.0,0.0,0.0
73,289680934.0,27.0,0.0,10.0,23.0,2.0,0.0,9.0,14.0,13.0,16.0,2.0,4.0,2.0,6.0,4.0,0.0,7.0,9.0,10.0,0.0,2.0,0.0,0.0,7.0,1.0,3.0,0.0,0.0,12.0,4.0,7.0,0.0,27.0,2.0,2.0,2.0,0.0,10.0,3.0,1.0,8.0,0.0,13.0,15.0,7.0,0.0,5.0,3.0,1.0,3.0,0.0,0.0,3.0,2.0,2.0,0.0,1.0,3.0,3.0,0.0,1.0,0.0,3.0,22.0,2.0,8.0,0.0,0.0,6.0,0.0,2.0,0.0,0.0,1.0,1.0,4.0,0.0,4.0,0.0,0.0,0.0,2.0,0.0,0.0,1.0,0.0,0.0,17.0,5.0,2.0,0.0,5.0,0.0,1.0,0.0,8.0,9.0,0.0,0.0,0.0
74,296532899.0,6.0,0.0,22.0,3.0,21.0,0.0,3.0,8.0,17.0,13.0,4.0,3.0,0.0,0.0,1.0,0.0,2.0,8.0,1.0,0.0,4.0,1.0,0.0,1.0,3.0,10.0,0.0,0.0,2.0,2.0,14.0,0.0,6.0,1.0,2.0,3.0,0.0,4.0,2.0,5.0,21.0,0.0,3.0,13.0,12.0,0.0,0.0,8.0,0.0,2.0,0.0,0.0,0.0,1.0,1.0,0.0,3.0,1.0,4.0,0.0,4.0,0.0,8.0,7.0,1.0,25.0,0.0,0.0,1.0,0.0,12.0,0.0,1.0,0.0,2.0,0.0,0.0,3.0,0.0,0.0,1.0,0.0,0.0,2.0,2.0,0.0,0.0,3.0,1.0,33.0,0.0,5.0,0.0,0.0,4.0,0.0,0.0,0.0,0.0,0.0
75,296709793.0,27.0,0.0,16.0,24.0,6.0,0.0,10.0,13.0,5.0,16.0,3.0,14.0,3.0,2.0,5.0,1.0,6.0,13.0,5.0,2.0,7.0,1.0,0.0,5.0,10.0,3.0,0.0,23.0,6.0,10.0,11.0,1.0,8.0,5.0,17.0,3.0,1.0,6.0,8.0,2.0,10.0,1.0,43.0,13.0,7.0,0.0,17.0,5.0,3.0,4.0,0.0,2.0,5.0,12.0,12.0,0.0,9.0,9.0,3.0,1.0,3.0,0.0,9.0,14.0,2.0,8.0,0.0,0.0,14.0,1.0,10.0,2.0,1.0,2.0,0.0,24.0,2.0,5.0,1.0,0.0,1.0,1.0,0.0,1.0,8.0,0.0,0.0,8.0,21.0,9.0,0.0,9.0,0.0,2.0,4.0,9.0,2.0,0.0,3.0,0.0
76,306296054.0,98.0,0.0,61.0,49.0,18.0,2.0,25.0,38.0,23.0,51.0,14.0,31.0,9.0,5.0,18.0,1.0,5.0,54.0,6.0,1.0,26.0,2.0,0.0,11.0,42.0,14.0,2.0,58.0,24.0,13.0,47.0,2.0,34.0,18.0,62.0,4.0,8.0,25.0,29.0,5.0,24.0,5.0,94.0,20.0,19.0,0.0,40.0,15.0,14.0,8.0,3.0,22.0,30.0,42.0,34.0,3.0,26.0,35.0,19.0,10.0,6.0,0.0,34.0,22.0,3.0,24.0,12.0,6.0,75.0,18.0,33.0,1.0,4.0,0.0,24.0,0.0,11.0,16.0,3.0,0.0,0.0,0.0,0.0,2.0,28.0,3.0,0.0,26.0,54.0,18.0,0.0,47.0,4.0,1.0,5.0,31.0,1.0,6.0,6.0,0.0
77,307251688.0,11.0,0.0,33.0,4.0,21.0,0.0,9.0,5.0,10.0,12.0,6.0,14.0,3.0,1.0,8.0,4.0,2.0,33.0,1.0,2.0,8.0,1.0,0.0,0.0,18.0,15.0,1.0,4.0,7.0,0.0,24.0,2.0,9.0,5.0,9.0,1.0,1.0,2.0,12.0,3.0,9.0,1.0,11.0,2.0,6.0,0.0,0.0,11.0,0.0,1.0,0.0,14.0,1.0,5.0,11.0,0.0,6.0,6.0,6.0,6.0,3.0,0.0,54.0,1.0,0.0,5.0,3.0,1.0,9.0,1.0,17.0,2.0,0.0,0.0,2.0,11.0,0.0,5.0,3.0,0.0,0.0,0.0,0.0,0.0,5.0,0.0,1.0,3.0,11.0,14.0,0.0,12.0,2.0,0.0,5.0,1.0,0.0,1.0,6.0,0.0
78,307768573.0,69.0,0.0,62.0,73.0,16.0,3.0,47.0,55.0,47.0,69.0,9.0,9.0,14.0,4.0,55.0,0.0,12.0,44.0,4.0,0.0,80.0,13.0,0.0,17.0,5.0,2.0,0.0,2.0,20.0,8.0,31.0,3.0,94.0,8.0,14.0,8.0,1.0,15.0,8.0,6.0,82.0,3.0,30.0,31.0,31.0,0.0,7.0,1.0,4.0,6.0,5.0,16.0,7.0,10.0,37.0,24.0,2.0,8.0,8.0,2.0,14.0,0.0,20.0,15.0,9.0,27.0,2.0,0.0,31.0,2.0,14.0,3.0,4.0,3.0,5.0,16.0,5.0,0.0,1.0,0.0,0.0,1.0,0.0,1.0,30.0,1.0,16.0,38.0,21.0,23.0,1.0,8.0,2.0,1.0,5.0,6.0,10.0,0.0,2.0,0.0
79,311371515.0,8.0,0.0,7.0,2.0,5.0,1.0,2.0,2.0,1.0,4.0,1.0,14.0,0.0,0.0,0.0,4.0,0.0,9.0,4.0,0.0,1.0,11.0,0.0,1.0,16.0,8.0,2.0,0.0,0.0,1.0,15.0,0.0,1.0,2.0,44.0,2.0,0.0,0.0,1.0,6.0,1.0,1.0,9.0,4.0,5.0,0.0,8.0,28.0,2.0,0.0,2.0,19.0,9.0,9.0,13.0,8.0,20.0,6.0,8.0,2.0,7.0,0.0,7.0,2.0,0.0,8.0,1.0,1.0,7.0,22.0,17.0,2.0,0.0,0.0,1.0,3.0,3.0,1.0,0.0,0.0,0.0,0.0,0.0,0.0,0.0,17.0,1.0,0.0,49.0,15.0,0.0,45.0,11.0,0.0,7.0,2.0,1.0,5.0,0.0,0.0
80,314101925.0,0.0,0.0,0.0,0.0,0.0,0.0,0.0,0.0,0.0,0.0,0.0,0.0,0.0,0.0,0.0,0.0,0.0,0.0,0.0,0.0,0.0,0.0,0.0,0.0,0.0,0.0,0.0,0.0,0.0,0.0,0.0,0.0,0.0,0.0,0.0,0.0,0.0,0.0,0.0,0.0,0.0,0.0,0.0,0.0,0.0,0.0,0.0,0.0,0.0,0.0,0.0,0.0,0.0,0.0,0.0,0.0,0.0,0.0,0.0,0.0,0.0,0.0,0.0,0.0,0.0,0.0,0.0,0.0,0.0,0.0,0.0,0.0,0.0,0.0,0.0,0.0,0.0,0.0,0.0,0.0,0.0,0.0,0.0,0.0,0.0,0.0,0.0,0.0,0.0,0.0,0.0,0.0,0.0,0.0,0.0,0.0,0.0,0.0,0.0,0.0
81,317262357.0,1.0,0.0,1.0,1.0,0.0,0.0,1.0,1.0,1.0,1.0,0.0,0.0,0.0,0.0,0.0,0.0,0.0,1.0,1.0,0.0,1.0,0.0,0.0,1.0,2.0,0.0,0.0,0.0,0.0,1.0,1.0,0.0,1.0,0.0,1.0,1.0,0.0,1.0,0.0,0.0,2.0,0.0,1.0,0.0,1.0,0.0,0.0,0.0,0.0,1.0,0.0,0.0,0.0,0.0,1.0,0.0,0.0,1.0,0.0,0.0,0.0,0.0,0.0,0.0,1.0,1.0,0.0,0.0,1.0,0.0,0.0,0.0,0.0,1.0,1.0,0.0,0.0,0.0,0.0,0.0,0.0,0.0,0.0,1.0,1.0,0.0,0.0,0.0,4.0,0.0,0.0,0.0,0.0,0.0,0.0,0.0,0.0,0.0,0.0,0.0
82,321335111.0,16.0,0.0,0.0,15.0,7.0,1.0,6.0,4.0,5.0,14.0,1.0,1.0,4.0,1.0,13.0,0.0,2.0,6.0,3.0,1.0,9.0,0.0,0.0,7.0,0.0,0.0,0.0,0.0,20.0,4.0,2.0,0.0,29.0,0.0,2.0,0.0,0.0,4.0,0.0,1.0,8.0,0.0,3.0,15.0,3.0,0.0,1.0,0.0,0.0,0.0,0.0,0.0,0.0,0.0,3.0,0.0,2.0,2.0,0.0,0.0,0.0,0.0,0.0,13.0,4.0,2.0,0.0,0.0,2.0,0.0,0.0,0.0,2.0,0.0,1.0,0.0,0.0,1.0,0.0,0.0,0.0,0.0,0.0,0.0,2.0,0.0,0.0,43.0,0.0,0.0,0.0,3.0,0.0,0.0,0.0,0.0,18.0,0.0,0.0,0.0
83,326336700.0,0.0,0.0,0.0,0.0,0.0,0.0,0.0,0.0,0.0,0.0,0.0,0.0,0.0,0.0,0.0,0.0,0.0,0.0,0.0,0.0,0.0,0.0,0.0,0.0,0.0,0.0,0.0,0.0,0.0,0.0,0.0,0.0,0.0,0.0,0.0,0.0,0.0,0.0,0.0,0.0,0.0,0.0,0.0,0.0,0.0,0.0,0.0,0.0,0.0,0.0,0.0,0.0,0.0,0.0,0.0,0.0,0.0,0.0,0.0,0.0,0.0,0.0,0.0,0.0,0.0,0.0,0.0,0.0,0.0,0.0,0.0,0.0,0.0,0.0,0.0,0.0,0.0,0.0,0.0,0.0,0.0,0.0,0.0,1.0,0.0,0.0,0.0,0.0,0.0,0.0,0.0,0.0,0.0,0.0,0.0,0.0,0.0,0.0,0.0,1.0
84,326341109.0,3.0,0.0,2.0,3.0,0.0,0.0,1.0,3.0,2.0,4.0,0.0,0.0,0.0,0.0,0.0,1.0,3.0,3.0,2.0,0.0,1.0,0.0,0.0,1.0,0.0,1.0,0.0,0.0,0.0,2.0,2.0,0.0,2.0,0.0,1.0,1.0,0.0,2.0,2.0,0.0,1.0,0.0,3.0,3.0,1.0,0.0,0.0,0.0,1.0,4.0,0.0,0.0,1.0,0.0,1.0,0.0,0.0,1.0,0.0,0.0,0.0,0.0,0.0,1.0,1.0,2.0,1.0,0.0,2.0,0.0,1.0,0.0,0.0,2.0,1.0,2.0,0.0,1.0,0.0,0.0,1.0,0.0,1.0,0.0,2.0,0.0,0.0,0.0,0.0,0.0,0.0,0.0,0.0,0.0,0.0,1.0,0.0,0.0,0.0,1.0
