,0,1,2,3,4,5,6,7,8,9,10,11,12,13,14,15,16,17,18,19,20,21,22,23,24,25,26,27,28,29,30,31,32,33,34,35,36,37,38,39,40,41,42,43,44,45,46,47,48,49,50,51,52,53,54,55,56,57,58,59,60,61,62,63,64,65,66,67,68,69,70,71,72,73,74,75,76,77,78,79,80,81,82,83,84,85,86,87
0,-1.0,16067592.0,16542687.0,17230082.0,44753526.0,48959778.0,52434723.0,101824385.0,229423749.0,234986986.0,234987253.0,235002222.0,235017564.0,235027659.0,235031383.0,235038511.0,235049190.0,235061645.0,235120851.0,235144644.0,235239044.0,235244721.0,235252116.0,235311592.0,235327570.0,235361998.0,235381655.0,235396430.0,235412941.0,235426208.0,235572234.0,235573919.0,235576757.0,235582604.0,235590945.0,235593353.0,235602290.0,235602602.0,235604645.0,235605735.0,235621009.0,235621226.0,235623809.0,235627963.0,235628211.0,235628521.0,235629274.0,235630503.0,235632067.0,235633785.0,235636649.0,235637445.0,235637805.0,235642668.0,235646348.0,235649193.0,235653027.0,235653830.0,235654863.0,235656055.0,235657683.0,235659706.0,235659779.0,235661827.0,235663710.0,235665778.0,235666549.0,235667201.0,235667782.0,235671204.0,235672077.0,235675462.0,235676104.0,235677728.0,235679167.0,235682468.0,235682772.0,235689519.0,235691456.0,235693397.0,235693981.0,235698786.0,235699108.0,235700121.0,235703766.0,261051503.0,293452799.0,336622675.0
1,16067592.0,0.0,84.0,643.0,37.0,124.0,164.0,0.0,0.0,0.0,0.0,0.0,0.0,0.0,0.0,0.0,0.0,0.0,0.0,0.0,0.0,0.0,0.0,0.0,0.0,0.0,0.0,0.0,0.0,0.0,0.0,0.0,0.0,0.0,0.0,0.0,0.0,0.0,0.0,0.0,0.0,0.0,0.0,0.0,0.0,0.0,0.0,0.0,0.0,0.0,0.0,0.0,0.0,1.0,0.0,0.0,0.0,0.0,0.0,0.0,0.0,0.0,0.0,0.0,0.0,0.0,0.0,0.0,0.0,0.0,0.0,0.0,0.0,0.0,0.0,0.0,0.0,0.0,0.0,0.0,0.0,0.0,0.0,0.0,0.0,63.0,27.0,9.0
2,16542687.0,84.0,0.0,87.0,11.0,30.0,60.0,1.0,2.0,0.0,0.0,0.0,1.0,0.0,3.0,0.0,2.0,0.0,2.0,0.0,1.0,1.0,1.0,1.0,2.0,0.0,2.0,0.0,1.0,1.0,0.0,1.0,1.0,1.0,0.0,0.0,0.0,0.0,0.0,2.0,0.0,0.0,0.0,0.0,1.0,0.0,0.0,1.0,3.0,0.0,1.0,1.0,1.0,1.0,2.0,1.0,0.0,3.0,0.0,0.0,1.0,1.0,0.0,1.0,4.0,0.0,1.0,5.0,0.0,0.0,0.0,0.0,0.0,0.0,0.0,0.0,1.0,0.0,1.0,0.0,0.0,0.0,0.0,1.0,0.0,5.0,3.0,3.0
3,17230082.0,643.0,87.0,0.0,35.0,186.0,65.0,4.0,0.0,0.0,0.0,0.0,0.0,0.0,0.0,0.0,1.0,0.0,0.0,0.0,0.0,0.0,0.0,0.0,0.0,0.0,0.0,0.0,0.0,0.0,0.0,0.0,0.0,0.0,0.0,0.0,0.0,0.0,0.0,0.0,0.0,0.0,0.0,0.0,0.0,0.0,0.0,0.0,0.0,0.0,0.0,0.0,0.0,1.0,0.0,0.0,0.0,0.0,0.0,0.0,0.0,0.0,0.0,0.0,0.0,0.0,0.0,0.0,0.0,0.0,0.0,0.0,0.0,0.0,0.0,0.0,0.0,0.0,0.0,0.0,0.0,0.0,0.0,0.0,0.0,49.0,21.0,8.0
4,44753526.0,37.0,11.0,35.0,0.0,27.0,28.0,0.0,1.0,0.0,0.0,0.0,0.0,0.0,0.0,0.0,0.0,0.0,0.0,0.0,0.0,0.0,0.0,0.0,0.0,0.0,0.0,0.0,0.0,0.0,0.0,0.0,0.0,0.0,0.0,0.0,0.0,0.0,0.0,0.0,0.0,0.0,0.0,0.0,0.0,0.0,0.0,0.0,0.0,0.0,0.0,0.0,0.0,0.0,0.0,0.0,0.0,0.0,0.0,0.0,0.0,0.0,0.0,0.0,0.0,0.0,0.0,0.0,0.0,0.0,0.0,0.0,0.0,0.0,0.0,0.0,0.0,0.0,0.0,0.0,0.0,0.0,0.0,0.0,0.0,38.0,16.0,15.0
5,48959778.0,124.0,30.0,186.0,27.0,0.0,26.0,1.0,0.0,0.0,0.0,0.0,0.0,0.0,0.0,0.0,0.0,0.0,0.0,0.0,1.0,0.0,0.0,0.0,0.0,0.0,0.0,0.0,0.0,0.0,0.0,0.0,0.0,0.0,0.0,0.0,0.0,0.0,0.0,0.0,0.0,0.0,0.0,0.0,0.0,0.0,0.0,0.0,0.0,0.0,0.0,0.0,0.0,1.0,0.0,0.0,0.0,0.0,0.0,0.0,0.0,0.0,0.0,0.0,0.0,0.0,0.0,0.0,0.0,0.0,0.0,0.0,0.0,0.0,0.0,0.0,0.0,0.0,0.0,0.0,0.0,0.0,0.0,0.0,0.0,14.0,19.0,7.0
6,52434723.0,164.0,60.0,65.0,28.0,26.0,0.0,0.0,0.0,0.0,0.0,0.0,0.0,0.0,0.0,0.0,0.0,0.0,0.0,1.0,0.0,0.0,0.0,0.0,0.0,0.0,0.0,0.0,0.0,0.0,0.0,0.0,0.0,0.0,0.0,0.0,0.0,0.0,0.0,0.0,0.0,0.0,0.0,0.0,0.0,0.0,0.0,0.0,0.0,0.0,0.0,0.0,0.0,0.0,0.0,0.0,0.0,0.0,0.0,0.0,0.0,0.0,0.0,0.0,0.0,0.0,0.0,0.0,0.0,0.0,0.0,0.0,0.0,0.0,0.0,1.0,0.0,0.0,0.0,0.0,0.0,0.0,0.0,0.0,0.0,32.0,10.0,4.0
7,101824385.0,0.0,1.0,4.0,0.0,1.0,0.0,0.0,0.0,0.0,0.0,0.0,0.0,0.0,0.0,0.0,0.0,0.0,0.0,0.0,0.0,0.0,0.0,0.0,0.0,0.0,0.0,0.0,0.0,0.0,0.0,0.0,0.0,0.0,0.0,0.0,0.0,0.0,0.0,0.0,0.0,0.0,0.0,0.0,0.0,0.0,0.0,0.0,0.0,0.0,0.0,0.0,0.0,0.0,0.0,0.0,0.0,0.0,0.0,0.0,0.0,0.0,0.0,0.0,0.0,0.0,0.0,0.0,0.0,0.0,0.0,0.0,0.0,0.0,0.0,0.0,0.0,0.0,1.0,0.0,0.0,0.0,0.0,0.0,0.0,1.0,0.0,0.0
8,229423749.0,0.0,2.0,0.0,1.0,0.0,0.0,0.0,0.0,990.0,200.0,203.0,121.0,1480.0,533.0,32.0,765.0,74.0,650.0,182.0,145.0,668.0,830.0,854.0,517.0,1368.0,29.0,540.0,19.0,132.0,1254.0,1246.0,58.0,847.0,127.0,8.0,254.0,1567.0,507.0,1436.0,359.0,462.0,270.0,1394.0,113.0,125.0,62.0,657.0,656.0,468.0,1355.0,686.0,652.0,342.0,46.0,1305.0,2.0,548.0,236.0,0.0,961.0,444.0,1.0,109.0,15.0,14.0,1054.0,131.0,1118.0,31.0,1373.0,1465.0,43.0,162.0,1320.0,128.0,1137.0,1414.0,115.0,1472.0,976.0,1165.0,29.0,1286.0,1299.0,0.0,0.0,0.0
9,234986986.0,0.0,0.0,0.0,0.0,0.0,0.0,0.0,990.0,0.0,65.0,140.0,120.0,942.0,7.0,12.0,5.0,88.0,142.0,39.0,39.0,1.0,172.0,318.0,12.0,1070.0,11.0,594.0,6.0,31.0,1026.0,1011.0,10.0,6.0,20.0,4.0,17.0,949.0,539.0,962.0,397.0,391.0,199.0,1025.0,12.0,24.0,72.0,6.0,2.0,507.0,953.0,4.0,0.0,21.0,15.0,1064.0,2.0,9.0,167.0,0.0,199.0,236.0,0.0,82.0,8.0,9.0,561.0,23.0,689.0,10.0,1050.0,843.0,48.0,57.0,976.0,143.0,235.0,847.0,105.0,1004.0,365.0,872.0,11.0,1000.0,964.0,0.0,1.0,0.0
10,234987253.0,0.0,0.0,0.0,0.0,0.0,0.0,0.0,200.0,65.0,0.0,61.0,43.0,124.0,44.0,0.0,12.0,54.0,97.0,113.0,22.0,53.0,87.0,100.0,45.0,67.0,5.0,61.0,0.0,5.0,66.0,66.0,19.0,15.0,6.0,3.0,127.0,81.0,59.0,83.0,58.0,72.0,53.0,118.0,12.0,10.0,42.0,45.0,42.0,59.0,66.0,43.0,53.0,148.0,3.0,65.0,1.0,39.0,61.0,0.0,63.0,137.0,0.0,76.0,4.0,5.0,64.0,5.0,87.0,0.0,68.0,98.0,42.0,87.0,65.0,48.0,62.0,111.0,47.0,64.0,61.0,132.0,4.0,61.0,62.0,0.0,1.0,0.0
11,235002222.0,0.0,0.0,0.0,0.0,0.0,0.0,0.0,203.0,140.0,61.0,0.0,88.0,124.0,26.0,0.0,66.0,89.0,164.0,31.0,19.0,26.0,135.0,148.0,27.0,132.0,3.0,140.0,1.0,7.0,134.0,136.0,2.0,98.0,4.0,5.0,3.0,131.0,139.0,118.0,128.0,150.0,114.0,128.0,5.0,9.0,68.0,24.0,30.0,131.0,124.0,29.0,21.0,9.0,4.0,133.0,1.0,28.0,142.0,0.0,216.0,129.0,0.0,76.0,0.0,7.0,194.0,8.0,170.0,2.0,154.0,137.0,49.0,54.0,132.0,106.0,192.0,135.0,96.0,119.0,188.0,137.0,2.0,126.0,137.0,0.0,1.0,0.0
12,235017564.0,0.0,1.0,0.0,0.0,0.0,0.0,0.0,121.0,120.0,43.0,88.0,0.0,113.0,5.0,2.0,1.0,61.0,89.0,17.0,15.0,3.0,82.0,96.0,7.0,121.0,3.0,113.0,1.0,9.0,124.0,126.0,2.0,2.0,1.0,2.0,1.0,117.0,111.0,111.0,105.0,113.0,98.0,111.0,1.0,6.0,47.0,3.0,4.0,114.0,115.0,3.0,2.0,3.0,3.0,121.0,0.0,4.0,101.0,0.0,99.0,100.0,1.0,56.0,3.0,6.0,109.0,2.0,111.0,3.0,121.0,120.0,39.0,38.0,122.0,82.0,69.0,119.0,61.0,112.0,103.0,99.0,1.0,121.0,117.0,0.0,0.0,0.0
13,235027659.0,0.0,0.0,0.0,0.0,0.0,0.0,0.0,1480.0,942.0,124.0,124.0,113.0,0.0,53.0,15.0,6.0,86.0,178.0,91.0,47.0,50.0,192.0,292.0,55.0,1279.0,15.0,448.0,8.0,45.0,1279.0,1161.0,38.0,4.0,24.0,2.0,104.0,1330.0,418.0,1518.0,316.0,315.0,177.0,1257.0,19.0,28.0,69.0,53.0,51.0,399.0,1427.0,49.0,50.0,129.0,19.0,1254.0,2.0,51.0,152.0,0.0,163.0,312.0,0.0,109.0,10.0,7.0,444.0,43.0,567.0,12.0,1190.0,1093.0,46.0,89.0,1181.0,121.0,189.0,1149.0,103.0,1450.0,286.0,941.0,13.0,1311.0,1142.0,0.0,0.0,0.0
14,235031383.0,0.0,3.0,0.0,0.0,0.0,0.0,0.0,533.0,7.0,44.0,26.0,5.0,53.0,0.0,5.0,351.0,2.0,613.0,52.0,18.0,701.0,586.0,545.0,757.0,5.0,23.0,3.0,5.0,21.0,10.0,9.0,17.0,351.0,6.0,10.0,68.0,52.0,8.0,19.0,1.0,15.0,15.0,62.0,20.0,28.0,1.0,774.0,744.0,7.0,32.0,753.0,698.0,102.0,21.0,6.0,4.0,727.0,19.0,0.0,324.0,128.0,1.0,26.0,7.0,6.0,231.0,21.0,445.0,12.0,17.0,136.0,1.0,19.0,28.0,2.0,317.0,50.0,5.0,9.0,286.0,104.0,6.0,10.0,19.0,0.0,1.0,0.0
15,235038511.0,0.0,0.0,0.0,0.0,0.0,0.0,0.0,32.0,12.0,0.0,0.0,2.0,15.0,5.0,0.0,4.0,0.0,7.0,3.0,2.0,3.0,6.0,7.0,8.0,18.0,3.0,6.0,5.0,5.0,16.0,15.0,0.0,3.0,2.0,0.0,1.0,16.0,5.0,17.0,3.0,3.0,5.0,15.0,3.0,2.0,0.0,5.0,4.0,5.0,19.0,7.0,2.0,0.0,3.0,15.0,1.0,7.0,2.0,0.0,4.0,7.0,0.0,1.0,6.0,0.0,6.0,2.0,9.0,5.0,15.0,12.0,1.0,0.0,18.0,0.0,4.0,15.0,0.0,19.0,3.0,11.0,1.0,20.0,15.0,0.0,0.0,0.0
16,235049190.0,0.0,2.0,1.0,0.0,0.0,0.0,0.0,765.0,5.0,12.0,66.0,1.0,6.0,351.0,4.0,0.0,1.0,381.0,16.0,24.0,354.0,367.0,371.0,362.0,5.0,5.0,1.0,5.0,12.0,5.0,6.0,5.0,940.0,8.0,2.0,9.0,13.0,4.0,5.0,2.0,14.0,12.0,15.0,14.0,14.0,0.0,360.0,395.0,5.0,45.0,397.0,358.0,18.0,8.0,4.0,1.0,394.0,9.0,0.0,851.0,10.0,0.0,5.0,1.0,1.0,633.0,16.0,359.0,7.0,13.0,176.0,0.0,10.0,51.0,1.0,859.0,14.0,6.0,11.0,759.0,15.0,3.0,5.0,14.0,0.0,1.0,0.0
17,235061645.0,0.0,0.0,0.0,0.0,0.0,0.0,0.0,74.0,88.0,54.0,89.0,61.0,86.0,2.0,0.0,1.0,0.0,85.0,22.0,14.0,0.0,57.0,75.0,1.0,88.0,0.0,88.0,0.0,3.0,88.0,89.0,0.0,2.0,0.0,2.0,1.0,86.0,88.0,82.0,86.0,89.0,74.0,81.0,1.0,2.0,66.0,0.0,0.0,87.0,86.0,0.0,0.0,4.0,3.0,88.0,1.0,0.0,83.0,0.0,77.0,87.0,0.0,72.0,0.0,4.0,87.0,0.0,81.0,1.0,90.0,89.0,44.0,47.0,87.0,73.0,68.0,88.0,71.0,82.0,81.0,77.0,2.0,83.0,89.0,0.0,1.0,0.0
18,235120851.0,0.0,2.0,0.0,0.0,0.0,0.0,0.0,650.0,142.0,97.0,164.0,89.0,178.0,613.0,7.0,381.0,85.0,0.0,71.0,34.0,685.0,722.0,731.0,620.0,137.0,19.0,137.0,11.0,25.0,137.0,140.0,17.0,383.0,6.0,10.0,62.0,162.0,140.0,137.0,127.0,149.0,118.0,183.0,16.0,29.0,66.0,625.0,671.0,133.0,158.0,653.0,694.0,100.0,16.0,136.0,2.0,664.0,139.0,0.0,476.0,242.0,2.0,91.0,16.0,13.0,406.0,19.0,567.0,9.0,153.0,253.0,49.0,68.0,163.0,107.0,450.0,177.0,99.0,128.0,450.0,216.0,6.0,132.0,150.0,0.0,0.0,0.0
19,235144644.0,0.0,0.0,0.0,0.0,0.0,1.0,0.0,182.0,39.0,113.0,31.0,17.0,91.0,52.0,3.0,16.0,22.0,71.0,0.0,28.0,54.0,68.0,72.0,51.0,40.0,26.0,25.0,12.0,7.0,42.0,40.0,31.0,22.0,8.0,4.0,131.0,57.0,24.0,68.0,23.0,40.0,26.0,116.0,10.0,33.0,16.0,46.0,45.0,25.0,41.0,46.0,54.0,155.0,14.0,36.0,3.0,44.0,27.0,0.0,42.0,102.0,2.0,67.0,21.0,13.0,32.0,21.0,60.0,7.0,46.0,108.0,19.0,87.0,36.0,20.0,36.0,103.0,22.0,38.0,36.0,75.0,3.0,38.0,38.0,0.0,1.0,0.0
20,235239044.0,0.0,1.0,0.0,0.0,1.0,0.0,0.0,145.0,39.0,22.0,19.0,15.0,47.0,18.0,2.0,24.0,14.0,34.0,28.0,0.0,23.0,30.0,37.0,22.0,40.0,8.0,22.0,11.0,23.0,45.0,42.0,0.0,26.0,11.0,5.0,9.0,46.0,21.0,41.0,20.0,33.0,25.0,42.0,12.0,23.0,12.0,19.0,23.0,24.0,41.0,17.0,23.0,29.0,7.0,42.0,0.0,21.0,24.0,0.0,47.0,31.0,0.0,28.0,9.0,8.0,34.0,22.0,42.0,17.0,43.0,44.0,14.0,23.0,40.0,15.0,43.0,37.0,15.0,41.0,32.0,42.0,4.0,40.0,38.0,0.0,0.0,0.0
21,235244721.0,0.0,1.0,0.0,0.0,0.0,0.0,0.0,668.0,1.0,53.0,26.0,3.0,50.0,701.0,3.0,354.0,0.0,685.0,54.0,23.0,0.0,724.0,666.0,662.0,1.0,8.0,0.0,1.0,15.0,1.0,1.0,17.0,358.0,12.0,2.0,76.0,224.0,3.0,14.0,0.0,22.0,23.0,55.0,19.0,31.0,0.0,658.0,661.0,1.0,25.0,637.0,1374.0,110.0,10.0,1.0,0.0,637.0,26.0,0.0,320.0,134.0,0.0,16.0,4.0,0.0,221.0,20.0,461.0,2.0,11.0,105.0,0.0,24.0,25.0,0.0,317.0,48.0,6.0,5.0,283.0,102.0,3.0,2.0,12.0,0.0,0.0,0.0
22,235252116.0,0.0,1.0,0.0,0.0,0.0,0.0,0.0,830.0,172.0,87.0,135.0,82.0,192.0,586.0,6.0,367.0,57.0,722.0,68.0,30.0,724.0,0.0,980.0,569.0,172.0,8.0,167.0,3.0,25.0,163.0,170.0,19.0,387.0,14.0,4.0,74.0,184.0,175.0,156.0,160.0,197.0,147.0,208.0,22.0,24.0,44.0,560.0,546.0,167.0,172.0,542.0,691.0,98.0,10.0,170.0,0.0,545.0,149.0,0.0,489.0,247.0,0.0,64.0,3.0,4.0,403.0,25.0,619.0,3.0,198.0,283.0,29.0,54.0,186.0,101.0,452.0,206.0,75.0,150.0,442.0,224.0,5.0,161.0,178.0,0.0,0.0,0.0
23,235311592.0,0.0,1.0,0.0,0.0,0.0,0.0,0.0,854.0,318.0,100.0,148.0,96.0,292.0,545.0,7.0,371.0,75.0,731.0,72.0,37.0,666.0,980.0,0.0,534.0,311.0,10.0,306.0,6.0,27.0,298.0,312.0,19.0,375.0,14.0,4.0,68.0,325.0,318.0,260.0,295.0,312.0,173.0,344.0,19.0,28.0,59.0,541.0,543.0,293.0,279.0,538.0,631.0,88.0,16.0,309.0,0.0,550.0,149.0,0.0,506.0,299.0,0.0,82.0,4.0,7.0,562.0,22.0,732.0,5.0,332.0,416.0,41.0,65.0,327.0,123.0,551.0,339.0,87.0,280.0,574.0,319.0,9.0,293.0,318.0,0.0,0.0,0.0
24,235327570.0,0.0,2.0,0.0,0.0,0.0,0.0,0.0,517.0,12.0,45.0,27.0,7.0,55.0,757.0,8.0,362.0,1.0,620.0,51.0,22.0,662.0,569.0,534.0,0.0,10.0,23.0,4.0,8.0,21.0,13.0,12.0,16.0,360.0,7.0,8.0,65.0,51.0,9.0,24.0,7.0,14.0,14.0,64.0,14.0,21.0,1.0,783.0,731.0,6.0,40.0,752.0,663.0,99.0,18.0,12.0,1.0,736.0,20.0,0.0,325.0,131.0,0.0,28.0,15.0,11.0,236.0,15.0,443.0,13.0,20.0,131.0,0.0,23.0,34.0,3.0,323.0,51.0,10.0,15.0,293.0,102.0,8.0,14.0,19.0,0.0,0.0,0.0
25,235361998.0,0.0,0.0,0.0,0.0,0.0,0.0,0.0,1368.0,1070.0,67.0,132.0,121.0,1279.0,5.0,18.0,5.0,88.0,137.0,40.0,40.0,1.0,172.0,311.0,10.0,0.0,11.0,560.0,12.0,44.0,1393.0,1385.0,17.0,6.0,25.0,5.0,17.0,1235.0,527.0,1373.0,394.0,383.0,201.0,1230.0,17.0,29.0,70.0,6.0,1.0,509.0,1289.0,1.0,0.0,23.0,23.0,1521.0,3.0,8.0,167.0,0.0,193.0,234.0,1.0,86.0,10.0,10.0,559.0,41.0,654.0,15.0,1259.0,1087.0,46.0,65.0,1274.0,139.0,229.0,1154.0,110.0,1333.0,353.0,933.0,14.0,1347.0,1182.0,0.0,0.0,0.0
26,235381655.0,0.0,2.0,0.0,0.0,0.0,0.0,0.0,29.0,11.0,5.0,3.0,3.0,15.0,23.0,3.0,5.0,0.0,19.0,26.0,8.0,8.0,8.0,10.0,23.0,11.0,0.0,2.0,10.0,13.0,5.0,7.0,13.0,6.0,0.0,6.0,16.0,14.0,2.0,22.0,3.0,6.0,2.0,27.0,3.0,11.0,0.0,8.0,10.0,5.0,17.0,7.0,8.0,16.0,11.0,12.0,0.0,14.0,2.0,0.0,10.0,23.0,0.0,19.0,15.0,14.0,6.0,10.0,8.0,11.0,5.0,19.0,2.0,12.0,6.0,3.0,6.0,19.0,4.0,6.0,7.0,6.0,3.0,12.0,8.0,0.0,0.0,0.0
27,235396430.0,0.0,0.0,0.0,0.0,0.0,0.0,0.0,540.0,594.0,61.0,140.0,113.0,448.0,3.0,6.0,1.0,88.0,137.0,25.0,22.0,0.0,167.0,306.0,4.0,560.0,2.0,0.0,1.0,9.0,530.0,568.0,7.0,4.0,10.0,3.0,10.0,522.0,529.0,445.0,384.0,369.0,183.0,546.0,6.0,11.0,71.0,2.0,0.0,499.0,443.0,1.0,0.0,12.0,8.0,557.0,1.0,1.0,162.0,0.0,192.0,223.0,0.0,75.0,3.0,6.0,542.0,7.0,529.0,3.0,593.0,501.0,48.0,52.0,528.0,142.0,226.0,510.0,99.0,502.0,355.0,450.0,7.0,513.0,528.0,0.0,1.0,0.0
28,235412941.0,0.0,1.0,0.0,0.0,0.0,0.0,0.0,19.0,6.0,0.0,1.0,1.0,8.0,5.0,5.0,5.0,0.0,11.0,12.0,11.0,1.0,3.0,6.0,8.0,12.0,10.0,1.0,0.0,15.0,11.0,8.0,2.0,3.0,4.0,6.0,2.0,5.0,1.0,14.0,2.0,2.0,1.0,8.0,1.0,16.0,0.0,1.0,2.0,2.0,11.0,2.0,1.0,6.0,8.0,9.0,1.0,13.0,1.0,0.0,6.0,11.0,1.0,9.0,14.0,12.0,1.0,8.0,2.0,11.0,5.0,4.0,2.0,0.0,5.0,2.0,2.0,3.0,4.0,8.0,2.0,5.0,2.0,9.0,6.0,0.0,0.0,0.0
29,235426208.0,0.0,1.0,0.0,0.0,0.0,0.0,0.0,132.0,31.0,5.0,7.0,9.0,45.0,21.0,5.0,12.0,3.0,25.0,7.0,23.0,15.0,25.0,27.0,21.0,44.0,13.0,9.0,15.0,0.0,41.0,35.0,3.0,21.0,12.0,9.0,12.0,47.0,11.0,57.0,12.0,21.0,10.0,45.0,20.0,17.0,3.0,21.0,21.0,12.0,45.0,19.0,15.0,20.0,10.0,42.0,2.0,22.0,9.0,0.0,20.0,17.0,2.0,17.0,13.0,9.0,18.0,16.0,29.0,9.0,39.0,44.0,0.0,6.0,34.0,3.0,23.0,38.0,5.0,44.0,19.0,37.0,9.0,51.0,45.0,0.0,0.0,0.0
30,235572234.0,0.0,0.0,0.0,0.0,0.0,0.0,0.0,1254.0,1026.0,66.0,134.0,124.0,1279.0,10.0,16.0,5.0,88.0,137.0,42.0,45.0,1.0,163.0,298.0,13.0,1393.0,5.0,530.0,11.0,41.0,0.0,1322.0,18.0,7.0,24.0,7.0,20.0,1188.0,494.0,1314.0,371.0,364.0,202.0,1184.0,14.0,28.0,71.0,5.0,3.0,473.0,1268.0,1.0,0.0,24.0,17.0,1412.0,2.0,10.0,165.0,0.0,190.0,227.0,0.0,85.0,11.0,8.0,519.0,37.0,606.0,15.0,1191.0,1059.0,48.0,63.0,1296.0,142.0,220.0,1102.0,111.0,1330.0,336.0,890.0,15.0,1327.0,1134.0,0.0,1.0,0.0
31,235573919.0,0.0,1.0,0.0,0.0,0.0,0.0,0.0,1246.0,1011.0,66.0,136.0,126.0,1161.0,9.0,15.0,6.0,89.0,140.0,40.0,42.0,1.0,170.0,312.0,12.0,1385.0,7.0,568.0,8.0,35.0,1322.0,0.0,16.0,7.0,25.0,5.0,17.0,1146.0,532.0,1235.0,396.0,388.0,198.0,1144.0,13.0,29.0,71.0,6.0,3.0,513.0,1158.0,2.0,1.0,22.0,20.0,1393.0,5.0,6.0,170.0,0.0,198.0,240.0,1.0,83.0,6.0,9.0,564.0,33.0,664.0,15.0,1166.0,1016.0,47.0,62.0,1236.0,141.0,234.0,1055.0,110.0,1212.0,359.0,851.0,13.0,1211.0,1089.0,0.0,1.0,0.0
32,235576757.0,0.0,1.0,0.0,0.0,0.0,0.0,0.0,58.0,10.0,19.0,2.0,2.0,38.0,17.0,0.0,5.0,0.0,17.0,31.0,0.0,17.0,19.0,19.0,16.0,17.0,13.0,7.0,2.0,3.0,18.0,16.0,0.0,3.0,0.0,2.0,28.0,30.0,8.0,43.0,5.0,4.0,3.0,49.0,1.0,1.0,0.0,14.0,12.0,7.0,19.0,13.0,17.0,28.0,1.0,17.0,0.0,14.0,2.0,0.0,4.0,30.0,0.0,27.0,6.0,0.0,9.0,3.0,15.0,2.0,14.0,45.0,0.0,26.0,18.0,1.0,5.0,44.0,3.0,19.0,5.0,12.0,1.0,18.0,16.0,0.0,0.0,0.0
33,235582604.0,0.0,1.0,0.0,0.0,0.0,0.0,0.0,847.0,6.0,15.0,98.0,2.0,4.0,351.0,3.0,940.0,2.0,383.0,22.0,26.0,358.0,387.0,375.0,360.0,6.0,6.0,4.0,3.0,21.0,7.0,7.0,3.0,0.0,12.0,3.0,12.0,15.0,6.0,4.0,2.0,27.0,19.0,15.0,18.0,20.0,1.0,360.0,397.0,4.0,45.0,398.0,357.0,19.0,10.0,5.0,1.0,395.0,23.0,0.0,969.0,10.0,0.0,3.0,3.0,3.0,639.0,25.0,376.0,5.0,28.0,175.0,0.0,16.0,61.0,2.0,967.0,14.0,9.0,14.0,768.0,24.0,2.0,7.0,15.0,0.0,1.0,0.0
34,235590945.0,0.0,0.0,0.0,0.0,0.0,0.0,0.0,127.0,20.0,6.0,4.0,1.0,24.0,6.0,2.0,8.0,0.0,6.0,8.0,11.0,12.0,14.0,14.0,7.0,25.0,0.0,10.0,4.0,12.0,24.0,25.0,0.0,12.0,0.0,1.0,10.0,33.0,11.0,24.0,8.0,14.0,10.0,28.0,5.0,8.0,0.0,9.0,8.0,7.0,20.0,12.0,12.0,19.0,1.0,24.0,0.0,5.0,11.0,0.0,14.0,8.0,0.0,3.0,1.0,0.0,15.0,13.0,22.0,2.0,27.0,30.0,0.0,5.0,20.0,1.0,21.0,26.0,0.0,23.0,12.0,25.0,2.0,22.0,25.0,0.0,0.0,0.0
35,235593353.0,0.0,0.0,0.0,0.0,0.0,0.0,0.0,8.0,4.0,3.0,5.0,2.0,2.0,10.0,0.0,2.0,2.0,10.0,4.0,5.0,2.0,4.0,4.0,8.0,5.0,6.0,3.0,6.0,9.0,7.0,5.0,2.0,3.0,1.0,0.0,0.0,3.0,3.0,4.0,5.0,2.0,2.0,5.0,3.0,10.0,1.0,2.0,1.0,3.0,4.0,2.0,2.0,2.0,8.0,5.0,0.0,7.0,3.0,0.0,9.0,8.0,2.0,9.0,10.0,5.0,4.0,7.0,5.0,4.0,4.0,4.0,4.0,2.0,3.0,5.0,4.0,3.0,2.0,4.0,4.0,4.0,0.0,2.0,3.0,0.0,0.0,0.0
36,235602290.0,0.0,0.0,0.0,0.0,0.0,0.0,0.0,254.0,17.0,127.0,3.0,1.0,104.0,68.0,1.0,9.0,1.0,62.0,131.0,9.0,76.0,74.0,68.0,65.0,17.0,16.0,10.0,2.0,12.0,20.0,17.0,28.0,12.0,10.0,0.0,0.0,41.0,6.0,49.0,3.0,20.0,16.0,96.0,17.0,11.0,0.0,80.0,67.0,6.0,15.0,75.0,75.0,238.0,4.0,19.0,1.0,61.0,15.0,0.0,13.0,121.0,0.0,37.0,6.0,1.0,13.0,16.0,50.0,0.0,23.0,92.0,0.0,67.0,20.0,2.0,16.0,76.0,1.0,21.0,9.0,143.0,1.0,17.0,22.0,0.0,1.0,0.0
37,235602602.0,0.0,0.0,0.0,0.0,0.0,0.0,0.0,1567.0,949.0,81.0,131.0,117.0,1330.0,52.0,16.0,13.0,86.0,162.0,57.0,46.0,224.0,184.0,325.0,51.0,1235.0,14.0,522.0,5.0,47.0,1188.0,1146.0,30.0,15.0,33.0,3.0,41.0,0.0,510.0,1312.0,388.0,383.0,204.0,1398.0,22.0,32.0,69.0,47.0,49.0,476.0,1235.0,47.0,223.0,39.0,24.0,1215.0,2.0,48.0,172.0,0.0,198.0,248.0,0.0,93.0,11.0,7.0,518.0,42.0,594.0,9.0,1413.0,1394.0,45.0,76.0,1127.0,139.0,240.0,1445.0,107.0,1320.0,361.0,996.0,14.0,1223.0,1403.0,0.0,1.0,0.0
38,235604645.0,0.0,0.0,0.0,0.0,0.0,0.0,0.0,507.0,539.0,59.0,139.0,111.0,418.0,8.0,5.0,4.0,88.0,140.0,24.0,21.0,3.0,175.0,318.0,9.0,527.0,2.0,529.0,1.0,11.0,494.0,532.0,8.0,6.0,11.0,3.0,6.0,510.0,0.0,415.0,396.0,376.0,184.0,509.0,7.0,13.0,70.0,8.0,6.0,504.0,420.0,6.0,4.0,13.0,7.0,524.0,0.0,7.0,162.0,0.0,195.0,229.0,0.0,75.0,2.0,5.0,517.0,8.0,494.0,3.0,551.0,483.0,47.0,51.0,500.0,142.0,235.0,495.0,96.0,468.0,361.0,432.0,7.0,487.0,512.0,0.0,0.0,0.0
39,235605735.0,0.0,2.0,0.0,0.0,0.0,0.0,0.0,1436.0,962.0,83.0,118.0,111.0,1518.0,19.0,17.0,5.0,82.0,137.0,68.0,41.0,14.0,156.0,260.0,24.0,1373.0,22.0,445.0,14.0,57.0,1314.0,1235.0,43.0,4.0,24.0,4.0,49.0,1312.0,415.0,0.0,313.0,310.0,177.0,1285.0,16.0,31.0,65.0,20.0,14.0,394.0,1484.0,13.0,14.0,54.0,20.0,1349.0,2.0,20.0,143.0,0.0,159.0,233.0,0.0,110.0,10.0,9.0,440.0,48.0,556.0,16.0,1255.0,1160.0,43.0,86.0,1216.0,117.0,188.0,1207.0,103.0,1440.0,279.0,892.0,16.0,1357.0,1149.0,0.0,0.0,0.0
40,235621009.0,0.0,0.0,0.0,0.0,0.0,0.0,0.0,359.0,397.0,58.0,128.0,105.0,316.0,1.0,3.0,2.0,86.0,127.0,23.0,20.0,0.0,160.0,295.0,7.0,394.0,3.0,384.0,2.0,12.0,371.0,396.0,5.0,2.0,8.0,5.0,3.0,388.0,396.0,313.0,0.0,352.0,174.0,368.0,3.0,13.0,68.0,1.0,1.0,378.0,317.0,0.0,0.0,8.0,6.0,391.0,0.0,1.0,148.0,0.0,185.0,206.0,0.0,80.0,3.0,7.0,390.0,4.0,360.0,8.0,403.0,372.0,45.0,49.0,374.0,127.0,219.0,368.0,92.0,345.0,331.0,317.0,6.0,367.0,387.0,0.0,0.0,0.0
41,235621226.0,0.0,0.0,0.0,0.0,0.0,0.0,0.0,462.0,391.0,72.0,150.0,113.0,315.0,15.0,3.0,14.0,89.0,149.0,40.0,33.0,22.0,197.0,312.0,14.0,383.0,6.0,369.0,2.0,21.0,364.0,388.0,4.0,27.0,14.0,2.0,20.0,383.0,376.0,310.0,352.0,0.0,201.0,363.0,15.0,27.0,70.0,23.0,29.0,350.0,312.0,18.0,24.0,26.0,10.0,384.0,1.0,13.0,178.0,0.0,222.0,222.0,0.0,81.0,4.0,6.0,366.0,20.0,386.0,5.0,410.0,382.0,47.0,59.0,366.0,136.0,257.0,359.0,97.0,338.0,325.0,324.0,8.0,356.0,378.0,0.0,1.0,0.0
42,235623809.0,0.0,0.0,0.0,0.0,0.0,0.0,0.0,270.0,199.0,53.0,114.0,98.0,177.0,15.0,5.0,12.0,74.0,118.0,26.0,25.0,23.0,147.0,173.0,14.0,201.0,2.0,183.0,1.0,10.0,202.0,198.0,3.0,19.0,10.0,2.0,16.0,204.0,184.0,177.0,174.0,201.0,0.0,191.0,13.0,9.0,58.0,15.0,14.0,179.0,178.0,12.0,25.0,20.0,4.0,200.0,0.0,11.0,142.0,0.0,173.0,164.0,0.0,67.0,1.0,4.0,188.0,9.0,190.0,2.0,206.0,200.0,37.0,51.0,193.0,117.0,139.0,198.0,80.0,179.0,177.0,166.0,5.0,195.0,200.0,0.0,0.0,0.0
43,235627963.0,0.0,0.0,0.0,0.0,0.0,0.0,0.0,1394.0,1025.0,118.0,128.0,111.0,1257.0,62.0,15.0,15.0,81.0,183.0,116.0,42.0,55.0,208.0,344.0,64.0,1230.0,27.0,546.0,8.0,45.0,1184.0,1144.0,49.0,15.0,28.0,5.0,96.0,1398.0,509.0,1285.0,368.0,363.0,191.0,0.0,18.0,33.0,65.0,55.0,49.0,482.0,1223.0,52.0,54.0,107.0,22.0,1208.0,2.0,56.0,154.0,0.0,184.0,296.0,0.0,118.0,15.0,10.0,537.0,42.0,674.0,14.0,1472.0,1331.0,47.0,99.0,1100.0,130.0,220.0,1367.0,102.0,1226.0,342.0,1031.0,11.0,1172.0,1279.0,0.0,1.0,0.0
44,235628211.0,0.0,1.0,0.0,0.0,0.0,0.0,0.0,113.0,12.0,12.0,5.0,1.0,19.0,20.0,3.0,14.0,1.0,16.0,10.0,12.0,19.0,22.0,19.0,14.0,17.0,3.0,6.0,1.0,20.0,14.0,13.0,1.0,18.0,5.0,3.0,17.0,22.0,7.0,16.0,3.0,15.0,13.0,18.0,0.0,9.0,2.0,23.0,25.0,4.0,16.0,20.0,23.0,22.0,5.0,16.0,2.0,16.0,14.0,0.0,17.0,10.0,0.0,3.0,3.0,0.0,14.0,7.0,23.0,3.0,20.0,24.0,2.0,8.0,17.0,3.0,25.0,18.0,2.0,18.0,17.0,21.0,0.0,17.0,18.0,0.0,0.0,0.0
45,235628521.0,0.0,0.0,0.0,0.0,0.0,0.0,0.0,125.0,24.0,10.0,9.0,6.0,28.0,28.0,2.0,14.0,2.0,29.0,33.0,23.0,31.0,24.0,28.0,21.0,29.0,11.0,11.0,16.0,17.0,28.0,29.0,1.0,20.0,8.0,10.0,11.0,32.0,13.0,31.0,13.0,27.0,9.0,33.0,9.0,0.0,2.0,25.0,24.0,13.0,34.0,24.0,30.0,20.0,12.0,30.0,4.0,25.0,12.0,0.0,30.0,26.0,3.0,11.0,6.0,13.0,21.0,18.0,29.0,9.0,31.0,28.0,3.0,9.0,27.0,3.0,24.0,29.0,4.0,28.0,18.0,26.0,3.0,28.0,27.0,0.0,0.0,0.0
46,235629274.0,0.0,0.0,0.0,0.0,0.0,0.0,0.0,62.0,72.0,42.0,68.0,47.0,69.0,1.0,0.0,0.0,66.0,66.0,16.0,12.0,0.0,44.0,59.0,1.0,70.0,0.0,71.0,0.0,3.0,71.0,71.0,0.0,1.0,0.0,1.0,0.0,69.0,70.0,65.0,68.0,70.0,58.0,65.0,2.0,2.0,0.0,0.0,0.0,68.0,68.0,0.0,0.0,2.0,2.0,70.0,0.0,0.0,64.0,0.0,60.0,68.0,0.0,59.0,0.0,4.0,70.0,0.0,67.0,1.0,71.0,69.0,37.0,38.0,71.0,57.0,55.0,69.0,56.0,66.0,64.0,57.0,1.0,69.0,70.0,0.0,0.0,0.0
47,235630503.0,0.0,1.0,0.0,0.0,0.0,0.0,0.0,657.0,6.0,45.0,24.0,3.0,53.0,774.0,5.0,360.0,0.0,625.0,46.0,19.0,658.0,560.0,541.0,783.0,6.0,8.0,2.0,1.0,21.0,5.0,6.0,14.0,360.0,9.0,2.0,80.0,47.0,8.0,20.0,1.0,23.0,15.0,55.0,23.0,25.0,0.0,0.0,879.0,3.0,33.0,1203.0,666.0,101.0,11.0,5.0,0.0,769.0,29.0,0.0,326.0,122.0,0.0,15.0,4.0,0.0,243.0,17.0,440.0,2.0,16.0,273.0,0.0,20.0,31.0,0.0,330.0,48.0,4.0,11.0,294.0,103.0,3.0,8.0,15.0,0.0,0.0,0.0
48,235632067.0,0.0,3.0,0.0,0.0,0.0,0.0,0.0,656.0,2.0,42.0,30.0,4.0,51.0,744.0,4.0,395.0,0.0,671.0,45.0,23.0,661.0,546.0,543.0,731.0,1.0,10.0,0.0,2.0,21.0,3.0,3.0,12.0,397.0,8.0,1.0,67.0,49.0,6.0,14.0,1.0,29.0,14.0,49.0,25.0,24.0,0.0,879.0,0.0,1.0,30.0,960.0,711.0,101.0,10.0,2.0,0.0,800.0,26.0,0.0,372.0,127.0,0.0,15.0,4.0,1.0,292.0,21.0,447.0,4.0,12.0,150.0,0.0,25.0,31.0,0.0,373.0,42.0,3.0,7.0,341.0,103.0,5.0,2.0,15.0,0.0,0.0,0.0
49,235633785.0,0.0,0.0,0.0,0.0,0.0,0.0,0.0,468.0,507.0,59.0,131.0,114.0,399.0,7.0,5.0,5.0,87.0,133.0,25.0,24.0,1.0,167.0,293.0,6.0,509.0,5.0,499.0,2.0,12.0,473.0,513.0,7.0,4.0,7.0,3.0,6.0,476.0,504.0,394.0,378.0,350.0,179.0,482.0,4.0,13.0,68.0,3.0,1.0,0.0,402.0,2.0,0.0,9.0,6.0,506.0,0.0,7.0,154.0,0.0,190.0,215.0,0.0,75.0,5.0,7.0,510.0,9.0,461.0,4.0,523.0,454.0,48.0,52.0,477.0,139.0,217.0,470.0,97.0,449.0,330.0,407.0,7.0,470.0,479.0,0.0,0.0,0.0
50,235636649.0,0.0,1.0,0.0,0.0,0.0,0.0,0.0,1355.0,953.0,66.0,124.0,115.0,1427.0,32.0,19.0,45.0,86.0,158.0,41.0,41.0,25.0,172.0,279.0,40.0,1289.0,17.0,443.0,11.0,45.0,1268.0,1158.0,19.0,45.0,20.0,4.0,15.0,1235.0,420.0,1484.0,317.0,312.0,178.0,1223.0,16.0,34.0,68.0,33.0,30.0,402.0,0.0,28.0,24.0,23.0,22.0,1259.0,0.0,37.0,149.0,0.0,207.0,209.0,0.0,81.0,10.0,8.0,482.0,42.0,562.0,16.0,1220.0,1105.0,46.0,67.0,1270.0,123.0,229.0,1137.0,108.0,1447.0,324.0,882.0,14.0,1358.0,1106.0,0.0,0.0,0.0
51,235637445.0,0.0,1.0,0.0,0.0,0.0,0.0,0.0,686.0,4.0,43.0,29.0,3.0,49.0,753.0,7.0,397.0,0.0,653.0,46.0,17.0,637.0,542.0,538.0,752.0,1.0,7.0,1.0,2.0,19.0,1.0,2.0,13.0,398.0,12.0,2.0,75.0,47.0,6.0,13.0,0.0,18.0,12.0,52.0,20.0,24.0,0.0,1203.0,960.0,2.0,28.0,0.0,645.0,105.0,12.0,1.0,0.0,825.0,28.0,0.0,372.0,127.0,0.0,14.0,3.0,0.0,293.0,19.0,451.0,2.0,12.0,281.0,0.0,27.0,30.0,0.0,372.0,43.0,4.0,5.0,340.0,105.0,4.0,2.0,12.0,0.0,0.0,0.0
52,235637805.0,0.0,1.0,0.0,0.0,0.0,0.0,0.0,652.0,0.0,53.0,21.0,2.0,50.0,698.0,2.0,358.0,0.0,694.0,54.0,23.0,1374.0,691.0,631.0,663.0,0.0,8.0,0.0,1.0,15.0,0.0,1.0,17.0,357.0,12.0,2.0,75.0,223.0,4.0,14.0,0.0,24.0,25.0,54.0,23.0,30.0,0.0,666.0,711.0,0.0,24.0,645.0,0.0,110.0,9.0,0.0,0.0,646.0,28.0,0.0,321.0,132.0,0.0,16.0,4.0,0.0,224.0,19.0,455.0,2.0,10.0,105.0,0.0,24.0,23.0,0.0,321.0,47.0,4.0,4.0,284.0,100.0,4.0,1.0,11.0,0.0,0.0,0.0
53,235642668.0,1.0,1.0,1.0,0.0,1.0,0.0,0.0,342.0,21.0,148.0,9.0,3.0,129.0,102.0,0.0,18.0,4.0,100.0,155.0,29.0,110.0,98.0,88.0,99.0,23.0,16.0,12.0,6.0,20.0,24.0,22.0,28.0,19.0,19.0,2.0,238.0,39.0,13.0,54.0,8.0,26.0,20.0,107.0,22.0,20.0,2.0,101.0,101.0,9.0,23.0,105.0,110.0,0.0,3.0,22.0,1.0,97.0,26.0,0.0,25.0,213.0,1.0,46.0,10.0,6.0,19.0,17.0,72.0,13.0,26.0,87.0,1.0,73.0,24.0,4.0,24.0,85.0,9.0,28.0,20.0,258.0,3.0,22.0,23.0,0.0,2.0,0.0
54,235646348.0,0.0,2.0,0.0,0.0,0.0,0.0,0.0,46.0,15.0,3.0,4.0,3.0,19.0,21.0,3.0,8.0,3.0,16.0,14.0,7.0,10.0,10.0,16.0,18.0,23.0,11.0,8.0,8.0,10.0,17.0,20.0,1.0,10.0,1.0,8.0,4.0,24.0,7.0,20.0,6.0,10.0,4.0,22.0,5.0,12.0,2.0,11.0,10.0,6.0,22.0,12.0,9.0,3.0,0.0,20.0,3.0,17.0,3.0,0.0,16.0,15.0,1.0,13.0,6.0,10.0,12.0,9.0,11.0,6.0,18.0,21.0,2.0,4.0,16.0,4.0,15.0,19.0,3.0,23.0,11.0,14.0,2.0,21.0,17.0,0.0,1.0,0.0
55,235649193.0,0.0,1.0,0.0,0.0,0.0,0.0,0.0,1305.0,1064.0,65.0,133.0,121.0,1254.0,6.0,15.0,4.0,88.0,136.0,36.0,42.0,1.0,170.0,309.0,12.0,1521.0,12.0,557.0,9.0,42.0,1412.0,1393.0,17.0,5.0,24.0,5.0,19.0,1215.0,524.0,1349.0,391.0,384.0,200.0,1208.0,16.0,30.0,70.0,5.0,2.0,506.0,1259.0,1.0,0.0,22.0,20.0,0.0,2.0,7.0,167.0,0.0,196.0,237.0,2.0,83.0,7.0,7.0,556.0,39.0,652.0,14.0,1236.0,1076.0,47.0,64.0,1283.0,138.0,230.0,1122.0,107.0,1302.0,352.0,914.0,15.0,1314.0,1158.0,0.0,0.0,0.0
56,235653027.0,0.0,0.0,0.0,0.0,0.0,0.0,0.0,2.0,2.0,1.0,1.0,0.0,2.0,4.0,1.0,1.0,1.0,2.0,3.0,0.0,0.0,0.0,0.0,1.0,3.0,0.0,1.0,1.0,2.0,2.0,5.0,0.0,1.0,0.0,0.0,1.0,2.0,0.0,2.0,0.0,1.0,0.0,2.0,2.0,4.0,0.0,0.0,0.0,0.0,0.0,0.0,0.0,1.0,3.0,2.0,0.0,2.0,1.0,0.0,3.0,4.0,1.0,3.0,1.0,1.0,0.0,0.0,0.0,0.0,2.0,2.0,0.0,0.0,0.0,1.0,1.0,2.0,1.0,1.0,0.0,1.0,0.0,1.0,2.0,0.0,1.0,0.0
57,235653830.0,0.0,3.0,0.0,0.0,0.0,0.0,0.0,548.0,9.0,39.0,28.0,4.0,51.0,727.0,7.0,394.0,0.0,664.0,44.0,21.0,637.0,545.0,550.0,736.0,8.0,14.0,1.0,13.0,22.0,10.0,6.0,14.0,395.0,5.0,7.0,61.0,48.0,7.0,20.0,1.0,13.0,11.0,56.0,16.0,25.0,0.0,769.0,800.0,7.0,37.0,825.0,646.0,97.0,17.0,7.0,2.0,0.0,22.0,0.0,373.0,130.0,1.0,22.0,9.0,3.0,292.0,16.0,444.0,9.0,15.0,130.0,1.0,22.0,34.0,0.0,365.0,45.0,6.0,9.0,337.0,104.0,7.0,10.0,18.0,0.0,0.0,0.0
58,235654863.0,0.0,0.0,0.0,0.0,0.0,0.0,0.0,236.0,167.0,61.0,142.0,101.0,152.0,19.0,2.0,9.0,83.0,139.0,27.0,24.0,26.0,149.0,149.0,20.0,167.0,2.0,162.0,1.0,9.0,165.0,170.0,2.0,23.0,11.0,3.0,15.0,172.0,162.0,143.0,148.0,178.0,142.0,154.0,14.0,12.0,64.0,29.0,26.0,154.0,149.0,28.0,28.0,26.0,3.0,167.0,1.0,22.0,0.0,0.0,156.0,148.0,0.0,69.0,1.0,5.0,157.0,10.0,177.0,1.0,183.0,171.0,44.0,58.0,169.0,122.0,124.0,169.0,87.0,145.0,149.0,167.0,3.0,161.0,170.0,0.0,1.0,0.0
59,235656055.0,0.0,0.0,0.0,0.0,0.0,0.0,0.0,0.0,0.0,0.0,0.0,0.0,0.0,0.0,0.0,0.0,0.0,0.0,0.0,0.0,0.0,0.0,0.0,0.0,0.0,0.0,0.0,0.0,0.0,0.0,0.0,0.0,0.0,0.0,0.0,0.0,0.0,0.0,0.0,0.0,0.0,0.0,0.0,0.0,0.0,0.0,0.0,0.0,0.0,0.0,0.0,0.0,0.0,0.0,0.0,0.0,0.0,0.0,0.0,0.0,0.0,0.0,0.0,0.0,0.0,0.0,0.0,0.0,0.0,0.0,0.0,0.0,0.0,0.0,0.0,0.0,0.0,0.0,0.0,0.0,0.0,0.0,0.0,0.0,0.0,0.0,0.0
60,235657683.0,0.0,1.0,0.0,0.0,0.0,0.0,0.0,961.0,199.0,63.0,216.0,99.0,163.0,324.0,4.0,851.0,77.0,476.0,42.0,47.0,320.0,489.0,506.0,325.0,193.0,10.0,192.0,6.0,20.0,190.0,198.0,4.0,969.0,14.0,9.0,13.0,198.0,195.0,159.0,185.0,222.0,173.0,184.0,17.0,30.0,60.0,326.0,372.0,190.0,207.0,372.0,321.0,25.0,16.0,196.0,3.0,373.0,156.0,0.0,0.0,180.0,1.0,75.0,4.0,13.0,831.0,29.0,529.0,10.0,225.0,368.0,41.0,55.0,242.0,122.0,1083.0,196.0,89.0,173.0,940.0,167.0,6.0,185.0,200.0,0.0,1.0,0.0
61,235659706.0,0.0,1.0,0.0,0.0,0.0,0.0,0.0,444.0,236.0,137.0,129.0,100.0,312.0,128.0,7.0,10.0,87.0,242.0,102.0,31.0,134.0,247.0,299.0,131.0,234.0,23.0,223.0,11.0,17.0,227.0,240.0,30.0,10.0,8.0,8.0,121.0,248.0,229.0,233.0,206.0,222.0,164.0,296.0,10.0,26.0,68.0,122.0,127.0,215.0,209.0,127.0,132.0,213.0,15.0,237.0,4.0,130.0,148.0,0.0,180.0,0.0,1.0,116.0,12.0,10.0,221.0,19.0,300.0,15.0,244.0,261.0,47.0,84.0,233.0,127.0,154.0,294.0,91.0,211.0,193.0,409.0,7.0,225.0,234.0,0.0,1.0,0.0
62,235659779.0,0.0,0.0,0.0,0.0,0.0,0.0,0.0,1.0,0.0,0.0,0.0,1.0,0.0,1.0,0.0,0.0,0.0,2.0,2.0,0.0,0.0,0.0,0.0,0.0,1.0,0.0,0.0,1.0,2.0,0.0,1.0,0.0,0.0,0.0,2.0,0.0,0.0,0.0,0.0,0.0,0.0,0.0,0.0,0.0,3.0,0.0,0.0,0.0,0.0,0.0,0.0,0.0,1.0,1.0,2.0,1.0,1.0,0.0,0.0,1.0,1.0,0.0,3.0,1.0,0.0,0.0,1.0,0.0,2.0,0.0,0.0,0.0,1.0,0.0,0.0,0.0,0.0,0.0,0.0,0.0,0.0,0.0,1.0,0.0,0.0,0.0,0.0
63,235661827.0,0.0,1.0,0.0,0.0,0.0,0.0,0.0,109.0,82.0,76.0,76.0,56.0,109.0,26.0,1.0,5.0,72.0,91.0,67.0,28.0,16.0,64.0,82.0,28.0,86.0,19.0,75.0,9.0,17.0,85.0,83.0,27.0,3.0,3.0,9.0,37.0,93.0,75.0,110.0,80.0,81.0,67.0,118.0,3.0,11.0,59.0,15.0,15.0,75.0,81.0,14.0,16.0,46.0,13.0,83.0,3.0,22.0,69.0,0.0,75.0,116.0,3.0,0.0,18.0,12.0,78.0,14.0,81.0,11.0,83.0,111.0,40.0,75.0,81.0,60.0,61.0,118.0,62.0,81.0,71.0,70.0,4.0,77.0,85.0,0.0,0.0,0.0
64,235663710.0,0.0,4.0,0.0,0.0,0.0,0.0,0.0,15.0,8.0,4.0,0.0,3.0,10.0,7.0,6.0,1.0,0.0,16.0,21.0,9.0,4.0,3.0,4.0,15.0,10.0,15.0,3.0,14.0,13.0,11.0,6.0,6.0,3.0,1.0,10.0,6.0,11.0,2.0,10.0,3.0,4.0,1.0,15.0,3.0,6.0,0.0,4.0,4.0,5.0,10.0,3.0,4.0,10.0,6.0,7.0,1.0,9.0,1.0,0.0,4.0,12.0,1.0,18.0,0.0,7.0,6.0,8.0,4.0,7.0,4.0,11.0,1.0,5.0,6.0,3.0,1.0,10.0,2.0,6.0,4.0,3.0,6.0,11.0,5.0,0.0,0.0,0.0
65,235665778.0,0.0,0.0,0.0,0.0,0.0,0.0,0.0,14.0,9.0,5.0,7.0,6.0,7.0,6.0,0.0,1.0,4.0,13.0,13.0,8.0,0.0,4.0,7.0,11.0,10.0,14.0,6.0,12.0,9.0,8.0,9.0,0.0,3.0,0.0,5.0,1.0,7.0,5.0,9.0,7.0,6.0,4.0,10.0,0.0,13.0,4.0,0.0,1.0,7.0,8.0,0.0,0.0,6.0,10.0,7.0,1.0,3.0,5.0,0.0,13.0,10.0,0.0,12.0,7.0,0.0,7.0,12.0,5.0,11.0,8.0,8.0,7.0,5.0,7.0,7.0,6.0,7.0,7.0,7.0,7.0,7.0,3.0,12.0,6.0,0.0,1.0,0.0
66,235666549.0,0.0,1.0,0.0,0.0,0.0,0.0,0.0,1054.0,561.0,64.0,194.0,109.0,444.0,231.0,6.0,633.0,87.0,406.0,32.0,34.0,221.0,403.0,562.0,236.0,559.0,6.0,542.0,1.0,18.0,519.0,564.0,9.0,639.0,15.0,4.0,13.0,518.0,517.0,440.0,390.0,366.0,188.0,537.0,14.0,21.0,70.0,243.0,292.0,510.0,482.0,293.0,224.0,19.0,12.0,556.0,0.0,292.0,157.0,0.0,831.0,221.0,0.0,78.0,6.0,7.0,0.0,18.0,748.0,8.0,580.0,659.0,46.0,58.0,570.0,136.0,877.0,505.0,100.0,501.0,981.0,442.0,6.0,515.0,522.0,0.0,0.0,0.0
67,235667201.0,0.0,5.0,0.0,0.0,0.0,0.0,0.0,131.0,23.0,5.0,8.0,2.0,43.0,21.0,2.0,16.0,0.0,19.0,21.0,22.0,20.0,25.0,22.0,15.0,41.0,10.0,7.0,8.0,16.0,37.0,33.0,3.0,25.0,13.0,7.0,16.0,42.0,8.0,48.0,4.0,20.0,9.0,42.0,7.0,18.0,0.0,17.0,21.0,9.0,42.0,19.0,19.0,17.0,9.0,39.0,0.0,16.0,10.0,0.0,29.0,19.0,1.0,14.0,8.0,12.0,18.0,0.0,24.0,8.0,44.0,43.0,1.0,13.0,34.0,3.0,25.0,35.0,3.0,41.0,15.0,30.0,2.0,36.0,36.0,0.0,0.0,0.0
68,235667782.0,0.0,0.0,0.0,0.0,0.0,0.0,0.0,1118.0,689.0,87.0,170.0,111.0,567.0,445.0,9.0,359.0,81.0,567.0,60.0,42.0,461.0,619.0,732.0,443.0,654.0,8.0,529.0,2.0,29.0,606.0,664.0,15.0,376.0,22.0,5.0,50.0,594.0,494.0,556.0,360.0,386.0,190.0,674.0,23.0,29.0,67.0,440.0,447.0,461.0,562.0,451.0,455.0,72.0,11.0,652.0,0.0,444.0,177.0,0.0,529.0,300.0,0.0,81.0,4.0,5.0,748.0,24.0,0.0,7.0,704.0,652.0,46.0,66.0,629.0,131.0,551.0,576.0,96.0,586.0,629.0,597.0,9.0,592.0,598.0,0.0,0.0,0.0
69,235671204.0,0.0,0.0,0.0,0.0,0.0,0.0,0.0,31.0,10.0,0.0,2.0,3.0,12.0,12.0,5.0,7.0,1.0,9.0,7.0,17.0,2.0,3.0,5.0,13.0,15.0,11.0,3.0,11.0,9.0,15.0,15.0,2.0,5.0,2.0,4.0,0.0,9.0,3.0,16.0,8.0,5.0,2.0,14.0,3.0,9.0,1.0,2.0,4.0,4.0,16.0,2.0,2.0,13.0,6.0,14.0,0.0,9.0,1.0,0.0,10.0,15.0,2.0,11.0,7.0,11.0,8.0,8.0,7.0,0.0,10.0,12.0,1.0,1.0,11.0,0.0,5.0,10.0,4.0,12.0,9.0,8.0,3.0,17.0,15.0,0.0,0.0,0.0
70,235672077.0,0.0,0.0,0.0,0.0,0.0,0.0,0.0,1373.0,1050.0,68.0,154.0,121.0,1190.0,17.0,15.0,13.0,90.0,153.0,46.0,43.0,11.0,198.0,332.0,20.0,1259.0,5.0,593.0,5.0,39.0,1191.0,1166.0,14.0,28.0,27.0,4.0,23.0,1413.0,551.0,1255.0,403.0,410.0,206.0,1472.0,20.0,31.0,71.0,16.0,12.0,523.0,1220.0,12.0,10.0,26.0,18.0,1236.0,2.0,15.0,183.0,0.0,225.0,244.0,0.0,83.0,4.0,8.0,580.0,44.0,704.0,10.0,0.0,1316.0,47.0,68.0,1123.0,145.0,262.0,1317.0,109.0,1233.0,372.0,1019.0,11.0,1178.0,1289.0,0.0,1.0,0.0
71,235675462.0,0.0,0.0,0.0,0.0,0.0,0.0,0.0,1465.0,843.0,98.0,137.0,120.0,1093.0,136.0,12.0,176.0,89.0,253.0,108.0,44.0,105.0,283.0,416.0,131.0,1087.0,19.0,501.0,4.0,44.0,1059.0,1016.0,45.0,175.0,30.0,4.0,92.0,1394.0,483.0,1160.0,372.0,382.0,200.0,1331.0,24.0,28.0,69.0,273.0,150.0,454.0,1105.0,281.0,105.0,87.0,21.0,1076.0,2.0,130.0,171.0,0.0,368.0,261.0,0.0,111.0,11.0,8.0,659.0,43.0,652.0,12.0,1316.0,0.0,46.0,115.0,974.0,142.0,405.0,1418.0,108.0,1107.0,506.0,914.0,11.0,1053.0,1211.0,0.0,1.0,0.0
72,235676104.0,0.0,0.0,0.0,0.0,0.0,0.0,0.0,43.0,48.0,42.0,49.0,39.0,46.0,1.0,1.0,0.0,44.0,49.0,19.0,14.0,0.0,29.0,41.0,0.0,46.0,2.0,48.0,2.0,0.0,48.0,47.0,0.0,0.0,0.0,4.0,0.0,45.0,47.0,43.0,45.0,47.0,37.0,47.0,2.0,3.0,37.0,0.0,0.0,48.0,46.0,0.0,0.0,1.0,2.0,47.0,0.0,1.0,44.0,0.0,41.0,47.0,0.0,40.0,1.0,7.0,46.0,1.0,46.0,1.0,47.0,46.0,0.0,35.0,47.0,39.0,34.0,47.0,39.0,42.0,44.0,43.0,2.0,43.0,47.0,0.0,0.0,0.0
73,235677728.0,0.0,0.0,0.0,0.0,0.0,0.0,0.0,162.0,57.0,87.0,54.0,38.0,89.0,19.0,0.0,10.0,47.0,68.0,87.0,23.0,24.0,54.0,65.0,23.0,65.0,12.0,52.0,0.0,6.0,63.0,62.0,26.0,16.0,5.0,2.0,67.0,76.0,51.0,86.0,49.0,59.0,51.0,99.0,8.0,9.0,38.0,20.0,25.0,52.0,67.0,27.0,24.0,73.0,4.0,64.0,0.0,22.0,58.0,0.0,55.0,84.0,1.0,75.0,5.0,5.0,58.0,13.0,66.0,1.0,68.0,115.0,35.0,0.0,66.0,41.0,53.0,98.0,41.0,63.0,54.0,63.0,2.0,59.0,63.0,0.0,0.0,0.0
74,235679167.0,0.0,0.0,0.0,0.0,0.0,0.0,0.0,1320.0,976.0,65.0,132.0,122.0,1181.0,28.0,18.0,51.0,87.0,163.0,36.0,40.0,25.0,186.0,327.0,34.0,1274.0,6.0,528.0,5.0,34.0,1296.0,1236.0,18.0,61.0,20.0,3.0,20.0,1127.0,500.0,1216.0,374.0,366.0,193.0,1100.0,17.0,27.0,71.0,31.0,31.0,477.0,1270.0,30.0,23.0,24.0,16.0,1283.0,0.0,34.0,169.0,0.0,242.0,233.0,0.0,81.0,6.0,7.0,570.0,34.0,629.0,11.0,1123.0,974.0,47.0,66.0,0.0,139.0,273.0,1002.0,105.0,1429.0,385.0,854.0,15.0,1334.0,1021.0,0.0,0.0,0.0
75,235682468.0,0.0,0.0,0.0,0.0,0.0,1.0,0.0,128.0,143.0,48.0,106.0,82.0,121.0,2.0,0.0,1.0,73.0,107.0,20.0,15.0,0.0,101.0,123.0,3.0,139.0,3.0,142.0,2.0,3.0,142.0,141.0,1.0,2.0,1.0,5.0,2.0,139.0,142.0,117.0,127.0,136.0,117.0,130.0,3.0,3.0,57.0,0.0,0.0,139.0,123.0,0.0,0.0,4.0,4.0,138.0,1.0,0.0,122.0,0.0,122.0,127.0,0.0,60.0,3.0,7.0,136.0,3.0,131.0,0.0,145.0,142.0,39.0,41.0,139.0,0.0,91.0,138.0,76.0,117.0,128.0,118.0,3.0,135.0,142.0,0.0,1.0,0.0
76,235682772.0,0.0,1.0,0.0,0.0,0.0,0.0,0.0,1137.0,235.0,62.0,192.0,69.0,189.0,317.0,4.0,859.0,68.0,450.0,36.0,43.0,317.0,452.0,551.0,323.0,229.0,6.0,226.0,2.0,23.0,220.0,234.0,5.0,967.0,21.0,4.0,16.0,240.0,235.0,188.0,219.0,257.0,139.0,220.0,25.0,24.0,55.0,330.0,373.0,217.0,229.0,372.0,321.0,24.0,15.0,230.0,1.0,365.0,124.0,0.0,1083.0,154.0,0.0,61.0,1.0,6.0,877.0,25.0,551.0,5.0,262.0,405.0,34.0,53.0,273.0,91.0,0.0,230.0,77.0,213.0,959.0,206.0,4.0,215.0,237.0,0.0,1.0,0.0
77,235689519.0,0.0,0.0,0.0,0.0,0.0,0.0,0.0,1414.0,847.0,111.0,135.0,119.0,1149.0,50.0,15.0,14.0,88.0,177.0,103.0,37.0,48.0,206.0,339.0,51.0,1154.0,19.0,510.0,3.0,38.0,1102.0,1055.0,44.0,14.0,26.0,3.0,76.0,1445.0,495.0,1207.0,368.0,359.0,198.0,1367.0,18.0,29.0,69.0,48.0,42.0,470.0,1137.0,43.0,47.0,85.0,19.0,1122.0,2.0,45.0,169.0,0.0,196.0,294.0,0.0,118.0,10.0,7.0,505.0,35.0,576.0,10.0,1317.0,1418.0,47.0,98.0,1002.0,138.0,230.0,0.0,108.0,1129.0,337.0,917.0,11.0,1083.0,1264.0,0.0,1.0,0.0
78,235691456.0,0.0,1.0,0.0,0.0,0.0,0.0,1.0,115.0,105.0,47.0,96.0,61.0,103.0,5.0,0.0,6.0,71.0,99.0,22.0,15.0,6.0,75.0,87.0,10.0,110.0,4.0,99.0,4.0,5.0,111.0,110.0,3.0,9.0,0.0,2.0,1.0,107.0,96.0,103.0,92.0,97.0,80.0,102.0,2.0,4.0,56.0,4.0,3.0,97.0,108.0,4.0,4.0,9.0,3.0,107.0,1.0,6.0,87.0,0.0,89.0,91.0,0.0,62.0,2.0,7.0,100.0,3.0,96.0,4.0,109.0,108.0,39.0,41.0,105.0,76.0,77.0,108.0,0.0,102.0,91.0,93.0,4.0,106.0,111.0,0.0,1.0,0.0
79,235693397.0,0.0,0.0,0.0,0.0,0.0,0.0,0.0,1472.0,1004.0,64.0,119.0,112.0,1450.0,9.0,19.0,11.0,82.0,128.0,38.0,41.0,5.0,150.0,280.0,15.0,1333.0,6.0,502.0,8.0,44.0,1330.0,1212.0,19.0,14.0,23.0,4.0,21.0,1320.0,468.0,1440.0,345.0,338.0,179.0,1226.0,18.0,28.0,66.0,11.0,7.0,449.0,1447.0,5.0,4.0,28.0,23.0,1302.0,1.0,9.0,145.0,0.0,173.0,211.0,0.0,81.0,6.0,7.0,501.0,41.0,586.0,12.0,1233.0,1107.0,42.0,63.0,1429.0,117.0,213.0,1129.0,102.0,0.0,315.0,915.0,15.0,1478.0,1131.0,0.0,1.0,0.0
80,235693981.0,0.0,0.0,0.0,0.0,0.0,0.0,0.0,976.0,365.0,61.0,188.0,103.0,286.0,286.0,3.0,759.0,81.0,450.0,36.0,32.0,283.0,442.0,574.0,293.0,353.0,7.0,355.0,2.0,19.0,336.0,359.0,5.0,768.0,12.0,4.0,9.0,361.0,361.0,279.0,331.0,325.0,177.0,342.0,17.0,18.0,64.0,294.0,341.0,330.0,324.0,340.0,284.0,20.0,11.0,352.0,0.0,337.0,149.0,0.0,940.0,193.0,0.0,71.0,4.0,7.0,981.0,15.0,629.0,9.0,372.0,506.0,44.0,54.0,385.0,128.0,959.0,337.0,91.0,315.0,0.0,289.0,7.0,333.0,358.0,0.0,0.0,0.0
81,235698786.0,0.0,0.0,0.0,0.0,0.0,0.0,0.0,1165.0,872.0,132.0,137.0,99.0,941.0,104.0,11.0,15.0,77.0,216.0,75.0,42.0,102.0,224.0,319.0,102.0,933.0,6.0,450.0,5.0,37.0,890.0,851.0,12.0,24.0,25.0,4.0,143.0,996.0,432.0,892.0,317.0,324.0,166.0,1031.0,21.0,26.0,57.0,103.0,103.0,407.0,882.0,105.0,100.0,258.0,14.0,914.0,1.0,104.0,167.0,0.0,167.0,409.0,0.0,70.0,3.0,7.0,442.0,30.0,597.0,8.0,1019.0,914.0,43.0,63.0,854.0,118.0,206.0,917.0,93.0,915.0,289.0,0.0,11.0,901.0,1012.0,0.0,1.0,0.0
82,235699108.0,0.0,0.0,0.0,0.0,0.0,0.0,0.0,29.0,11.0,4.0,2.0,1.0,13.0,6.0,1.0,3.0,2.0,6.0,3.0,4.0,3.0,5.0,9.0,8.0,14.0,3.0,7.0,2.0,9.0,15.0,13.0,1.0,2.0,2.0,0.0,1.0,14.0,7.0,16.0,6.0,8.0,5.0,11.0,0.0,3.0,1.0,3.0,5.0,7.0,14.0,4.0,4.0,3.0,2.0,15.0,0.0,7.0,3.0,0.0,6.0,7.0,0.0,4.0,6.0,3.0,6.0,2.0,9.0,3.0,11.0,11.0,2.0,2.0,15.0,3.0,4.0,11.0,4.0,15.0,7.0,11.0,0.0,16.0,10.0,0.0,0.0,0.0
83,235700121.0,0.0,1.0,0.0,0.0,0.0,0.0,0.0,1286.0,1000.0,61.0,126.0,121.0,1311.0,10.0,20.0,5.0,83.0,132.0,38.0,40.0,2.0,161.0,293.0,14.0,1347.0,12.0,513.0,9.0,51.0,1327.0,1211.0,18.0,7.0,22.0,2.0,17.0,1223.0,487.0,1357.0,367.0,356.0,195.0,1172.0,17.0,28.0,69.0,8.0,2.0,470.0,1358.0,2.0,1.0,22.0,21.0,1314.0,1.0,10.0,161.0,0.0,185.0,225.0,1.0,77.0,11.0,12.0,515.0,36.0,592.0,17.0,1178.0,1053.0,43.0,59.0,1334.0,135.0,215.0,1083.0,106.0,1478.0,333.0,901.0,16.0,0.0,1087.0,0.0,0.0,0.0
84,235703766.0,0.0,0.0,0.0,0.0,0.0,0.0,0.0,1299.0,964.0,62.0,137.0,117.0,1142.0,19.0,15.0,14.0,89.0,150.0,38.0,38.0,12.0,178.0,318.0,19.0,1182.0,8.0,528.0,6.0,45.0,1134.0,1089.0,16.0,15.0,25.0,3.0,22.0,1403.0,512.0,1149.0,387.0,378.0,200.0,1279.0,18.0,27.0,70.0,15.0,15.0,479.0,1106.0,12.0,11.0,23.0,17.0,1158.0,2.0,18.0,170.0,0.0,200.0,234.0,0.0,85.0,5.0,6.0,522.0,36.0,598.0,15.0,1289.0,1211.0,47.0,63.0,1021.0,142.0,237.0,1264.0,111.0,1131.0,358.0,1012.0,10.0,1087.0,0.0,0.0,1.0,0.0
85,261051503.0,63.0,5.0,49.0,38.0,14.0,32.0,1.0,0.0,0.0,0.0,0.0,0.0,0.0,0.0,0.0,0.0,0.0,0.0,0.0,0.0,0.0,0.0,0.0,0.0,0.0,0.0,0.0,0.0,0.0,0.0,0.0,0.0,0.0,0.0,0.0,0.0,0.0,0.0,0.0,0.0,0.0,0.0,0.0,0.0,0.0,0.0,0.0,0.0,0.0,0.0,0.0,0.0,0.0,0.0,0.0,0.0,0.0,0.0,0.0,0.0,0.0,0.0,0.0,0.0,0.0,0.0,0.0,0.0,0.0,0.0,0.0,0.0,0.0,0.0,0.0,0.0,0.0,0.0,0.0,0.0,0.0,0.0,0.0,0.0,0.0,2.0,4.0
86,293452799.0,27.0,3.0,21.0,16.0,19.0,10.0,0.0,0.0,1.0,1.0,1.0,0.0,0.0,1.0,0.0,1.0,1.0,0.0,1.0,0.0,0.0,0.0,0.0,0.0,0.0,0.0,1.0,0.0,0.0,1.0,1.0,0.0,1.0,0.0,0.0,1.0,1.0,0.0,0.0,0.0,1.0,0.0,1.0,0.0,0.0,0.0,0.0,0.0,0.0,0.0,0.0,0.0,2.0,1.0,0.0,1.0,0.0,1.0,0.0,1.0,1.0,0.0,0.0,0.0,1.0,0.0,0.0,0.0,0.0,1.0,1.0,0.0,0.0,0.0,1.0,1.0,1.0,1.0,1.0,0.0,1.0,0.0,0.0,1.0,2.0,0.0,1.0
87,336622675.0,9.0,3.0,8.0,15.0,7.0,4.0,0.0,0.0,0.0,0.0,0.0,0.0,0.0,0.0,0.0,0.0,0.0,0.0,0.0,0.0,0.0,0.0,0.0,0.0,0.0,0.0,0.0,0.0,0.0,0.0,0.0,0.0,0.0,0.0,0.0,0.0,0.0,0.0,0.0,0.0,0.0,0.0,0.0,0.0,0.0,0.0,0.0,0.0,0.0,0.0,0.0,0.0,0.0,0.0,0.0,0.0,0.0,0.0,0.0,0.0,0.0,0.0,0.0,0.0,0.0,0.0,0.0,0.0,0.0,0.0,0.0,0.0,0.0,0.0,0.0,0.0,0.0,0.0,0.0,0.0,0.0,0.0,0.0,0.0,4.0,1.0,0.0
