,0,1,2,3,4,5,6,7,8,9,10,11,12,13,14,15,16,17,18,19,20,21,22,23,24,25,26,27,28,29,30,31,32,33,34,35,36,37,38,39,40,41,42,43,44,45,46,47,48,49,50,51,52,53,54,55,56,57,58,59,60,61,62,63,64,65,66,67,68,69,70,71,72,73,74,75,76,77,78,79,80,81,82,83,84,85,86,87,88,89,90,91,92,93,94,95,96,97,98,99,100,101,102,103,104,105,106,107,108,109,110,111,112,113,114,115,116,117,118,119,120,121,122,123,124,125,126,127,128,129,130,131,132,133,134,135,136,137,138,139,140,141,142,143,144,145,146,147,148,149,150,151,152,153,154,155,156,157,158,159,160,161,162,163,164,165,166,167,168,169,170,171,172,173,174,175,176,177,178,179,180,181,182,183,184,185,186,187,188,189,190,191,192
0,-1.0,742143.0,5858532.0,11277572.0,14795451.0,15529147.0,17160680.0,17735548.0,18358521.0,18594520.0,18922484.0,19126630.0,21059938.0,21804882.0,22201334.0,22992908.0,23923117.0,27277336.0,30672016.0,31076287.0,39344961.0,41279119.0,41507212.0,41640176.0,43669003.0,44734228.0,47107118.0,47962856.0,48305114.0,48495906.0,48955550.0,49052075.0,49817093.0,50645038.0,51056700.0,52696957.0,55312746.0,56122662.0,57811254.0,58649685.0,59126044.0,59404731.0,69271325.0,71516564.0,76888172.0,80525871.0,97534492.0,103303369.0,103591569.0,105534837.0,106039297.0,111596475.0,111950228.0,117899448.0,122928586.0,124407978.0,125473561.0,125656811.0,131803623.0,134472494.0,137917421.0,143030103.0,144105935.0,147036773.0,151058995.0,153550209.0,164827760.0,169081907.0,175481424.0,177561786.0,180261346.0,187874400.0,188737021.0,192534012.0,193652442.0,194008664.0,203533542.0,204638768.0,209651406.0,210824047.0,214179799.0,221706364.0,222837035.0,232181027.0,232840183.0,233140023.0,238051431.0,238169051.0,239065881.0,240391988.0,240710359.0,242303675.0,243336397.0,243368411.0,243545094.0,244529400.0,245027772.0,245901604.0,246003191.0,246503663.0,246580819.0,246875675.0,247241127.0,251021327.0,251196980.0,251381807.0,253204705.0,253512128.0,254171405.0,254521393.0,254945699.0,255408158.0,255471924.0,258289907.0,260046126.0,261885661.0,261905897.0,263022323.0,266084123.0,267088381.0,268445390.0,268968085.0,270818088.0,270936310.0,271834565.0,272104741.0,272308325.0,272395075.0,274945720.0,275901193.0,276641912.0,280185619.0,281669464.0,282256180.0,282259323.0,290840403.0,291213202.0,292122788.0,294523668.0,295123952.0,297027788.0,299566836.0,302144631.0,307001060.0,307768573.0,316144548.0,317262357.0,318018013.0,318567578.0,319106302.0,323555757.0,323988846.0,326991289.0,340664868.0,345875168.0,346707708.0,349146547.0,352445450.0,353142132.0,358813669.0,359179176.0,359397742.0,363763442.0,364887234.0,365535416.0,369028288.0,373157754.0,383538217.0,383602088.0,383968671.0,384239667.0,384726820.0,385892460.0,388197025.0,388440784.0,388466657.0,388505530.0,391166779.0,395269144.0,396449208.0,402037439.0,406558256.0,409731314.0,409763432.0,412663554.0,418038870.0,418731185.0,425842620.0,427111253.0,430530678.0,431602560.0,433223887.0,436267341.0
1,742143.0,0.0,0.0,1.0,2.0,0.0,7.0,0.0,0.0,5.0,0.0,4.0,1.0,0.0,67.0,4.0,2.0,1.0,1.0,0.0,2.0,0.0,1.0,0.0,0.0,0.0,1.0,0.0,0.0,2.0,5.0,0.0,10.0,12.0,2.0,5.0,0.0,0.0,4.0,1.0,2.0,5.0,6.0,0.0,0.0,10.0,6.0,0.0,0.0,1.0,2.0,0.0,3.0,1.0,9.0,0.0,1.0,13.0,3.0,0.0,1.0,2.0,1.0,9.0,8.0,6.0,38.0,1.0,6.0,2.0,1.0,0.0,0.0,1.0,12.0,0.0,10.0,0.0,0.0,0.0,0.0,2.0,0.0,0.0,0.0,0.0,0.0,0.0,7.0,1.0,8.0,0.0,0.0,0.0,3.0,2.0,1.0,4.0,1.0,0.0,0.0,2.0,5.0,3.0,0.0,0.0,2.0,0.0,2.0,0.0,1.0,1.0,1.0,0.0,0.0,20.0,0.0,5.0,11.0,1.0,3.0,6.0,0.0,0.0,0.0,2.0,1.0,1.0,0.0,0.0,1.0,2.0,0.0,0.0,0.0,1.0,0.0,1.0,0.0,0.0,0.0,4.0,0.0,0.0,3.0,0.0,0.0,6.0,0.0,2.0,0.0,0.0,0.0,0.0,0.0,0.0,1.0,0.0,1.0,0.0,1.0,14.0,5.0,0.0,2.0,1.0,0.0,1.0,6.0,0.0,1.0,0.0,0.0,0.0,0.0,6.0,0.0,3.0,2.0,1.0,7.0,0.0,0.0,0.0,0.0,0.0,0.0,1.0,0.0,2.0,0.0,0.0,0.0
2,5858532.0,0.0,0.0,4.0,33.0,33.0,74.0,0.0,0.0,9.0,5.0,23.0,3.0,0.0,53.0,7.0,12.0,44.0,23.0,5.0,73.0,3.0,5.0,3.0,1.0,1.0,37.0,18.0,1.0,140.0,40.0,0.0,175.0,48.0,35.0,35.0,0.0,14.0,53.0,24.0,2.0,30.0,2.0,0.0,5.0,27.0,137.0,0.0,0.0,0.0,2.0,3.0,51.0,6.0,70.0,39.0,17.0,17.0,23.0,4.0,3.0,9.0,3.0,13.0,84.0,23.0,145.0,0.0,3.0,30.0,23.0,0.0,9.0,0.0,67.0,49.0,154.0,0.0,14.0,14.0,0.0,13.0,6.0,0.0,10.0,2.0,29.0,86.0,63.0,1.0,41.0,1.0,32.0,0.0,6.0,71.0,6.0,96.0,19.0,3.0,126.0,56.0,21.0,13.0,18.0,1.0,12.0,6.0,34.0,4.0,49.0,40.0,4.0,13.0,17.0,112.0,17.0,77.0,18.0,80.0,69.0,10.0,8.0,0.0,3.0,62.0,13.0,12.0,5.0,7.0,43.0,73.0,32.0,0.0,0.0,49.0,7.0,1.0,0.0,2.0,30.0,31.0,6.0,13.0,20.0,4.0,0.0,17.0,6.0,25.0,0.0,11.0,1.0,8.0,9.0,0.0,16.0,3.0,6.0,4.0,11.0,2.0,14.0,0.0,12.0,34.0,28.0,16.0,19.0,13.0,16.0,3.0,2.0,0.0,1.0,22.0,5.0,7.0,0.0,13.0,106.0,0.0,2.0,1.0,7.0,0.0,0.0,29.0,1.0,15.0,1.0,2.0,0.0
3,11277572.0,1.0,4.0,0.0,15.0,0.0,8.0,0.0,4.0,9.0,2.0,4.0,5.0,2.0,14.0,7.0,5.0,6.0,8.0,0.0,9.0,6.0,11.0,0.0,0.0,1.0,9.0,92.0,0.0,7.0,9.0,0.0,14.0,20.0,2.0,15.0,2.0,3.0,2.0,5.0,3.0,11.0,2.0,8.0,2.0,10.0,7.0,0.0,0.0,4.0,4.0,20.0,6.0,3.0,20.0,0.0,31.0,3.0,7.0,0.0,4.0,4.0,4.0,2.0,3.0,5.0,11.0,4.0,4.0,6.0,39.0,7.0,50.0,5.0,16.0,7.0,14.0,1.0,3.0,0.0,1.0,2.0,0.0,0.0,1.0,0.0,0.0,10.0,14.0,3.0,7.0,0.0,0.0,0.0,9.0,2.0,1.0,8.0,1.0,6.0,8.0,2.0,6.0,4.0,0.0,0.0,8.0,8.0,0.0,12.0,5.0,3.0,17.0,3.0,0.0,16.0,0.0,18.0,10.0,1.0,1.0,6.0,2.0,0.0,6.0,4.0,1.0,1.0,3.0,3.0,1.0,2.0,1.0,0.0,0.0,0.0,0.0,1.0,0.0,1.0,0.0,5.0,37.0,0.0,4.0,0.0,0.0,25.0,0.0,1.0,0.0,0.0,1.0,1.0,78.0,0.0,1.0,4.0,3.0,4.0,2.0,8.0,11.0,0.0,6.0,145.0,1.0,19.0,31.0,0.0,7.0,0.0,0.0,0.0,0.0,6.0,0.0,0.0,2.0,1.0,3.0,0.0,0.0,0.0,1.0,0.0,1.0,4.0,1.0,2.0,0.0,2.0,0.0
4,14795451.0,2.0,33.0,15.0,0.0,5.0,768.0,2.0,12.0,16.0,5.0,82.0,21.0,3.0,301.0,30.0,53.0,21.0,40.0,5.0,142.0,39.0,24.0,4.0,3.0,9.0,167.0,49.0,2.0,116.0,61.0,2.0,306.0,196.0,33.0,134.0,10.0,36.0,84.0,57.0,10.0,118.0,3.0,14.0,9.0,95.0,119.0,0.0,0.0,6.0,15.0,11.0,60.0,32.0,96.0,10.0,72.0,108.0,47.0,45.0,13.0,24.0,15.0,48.0,148.0,223.0,183.0,15.0,87.0,85.0,30.0,12.0,48.0,9.0,187.0,57.0,216.0,9.0,12.0,10.0,4.0,49.0,1.0,0.0,10.0,1.0,9.0,75.0,46.0,6.0,81.0,3.0,10.0,1.0,17.0,41.0,13.0,174.0,15.0,58.0,109.0,37.0,201.0,30.0,7.0,2.0,25.0,13.0,21.0,17.0,29.0,18.0,118.0,10.0,23.0,242.0,13.0,167.0,220.0,35.0,56.0,101.0,8.0,0.0,4.0,31.0,4.0,9.0,15.0,12.0,30.0,34.0,26.0,0.0,0.0,28.0,1.0,5.0,0.0,10.0,14.0,54.0,17.0,3.0,40.0,0.0,1.0,62.0,0.0,13.0,0.0,4.0,1.0,24.0,40.0,0.0,25.0,4.0,25.0,11.0,10.0,15.0,20.0,0.0,163.0,92.0,23.0,59.0,52.0,4.0,29.0,3.0,1.0,0.0,0.0,44.0,2.0,12.0,2.0,6.0,94.0,0.0,0.0,0.0,9.0,0.0,4.0,28.0,0.0,34.0,1.0,3.0,0.0
5,15529147.0,0.0,33.0,0.0,5.0,0.0,9.0,0.0,0.0,4.0,0.0,3.0,1.0,0.0,12.0,0.0,1.0,19.0,1.0,1.0,44.0,0.0,1.0,4.0,6.0,0.0,9.0,7.0,0.0,20.0,58.0,1.0,49.0,12.0,53.0,10.0,0.0,4.0,9.0,5.0,13.0,1.0,0.0,7.0,4.0,2.0,40.0,0.0,0.0,0.0,1.0,0.0,11.0,1.0,37.0,49.0,6.0,4.0,47.0,1.0,1.0,4.0,10.0,4.0,22.0,4.0,54.0,0.0,0.0,8.0,6.0,0.0,7.0,1.0,7.0,12.0,38.0,0.0,11.0,17.0,0.0,2.0,2.0,0.0,8.0,5.0,23.0,18.0,29.0,0.0,4.0,3.0,45.0,1.0,0.0,24.0,25.0,164.0,10.0,0.0,85.0,26.0,6.0,4.0,11.0,3.0,2.0,2.0,7.0,0.0,30.0,20.0,1.0,5.0,5.0,30.0,4.0,17.0,2.0,27.0,10.0,1.0,0.0,0.0,2.0,21.0,18.0,6.0,9.0,1.0,20.0,28.0,11.0,0.0,0.0,14.0,38.0,0.0,0.0,19.0,21.0,48.0,2.0,6.0,2.0,0.0,0.0,2.0,21.0,10.0,0.0,5.0,2.0,2.0,1.0,0.0,9.0,0.0,0.0,0.0,5.0,0.0,2.0,0.0,2.0,8.0,2.0,1.0,5.0,5.0,32.0,2.0,0.0,0.0,0.0,34.0,1.0,2.0,0.0,14.0,20.0,0.0,0.0,0.0,5.0,0.0,1.0,33.0,4.0,31.0,7.0,0.0,0.0
6,17160680.0,7.0,74.0,8.0,768.0,9.0,0.0,2.0,10.0,23.0,9.0,138.0,24.0,5.0,473.0,47.0,82.0,41.0,60.0,10.0,250.0,53.0,37.0,5.0,1.0,29.0,276.0,24.0,9.0,214.0,97.0,4.0,515.0,288.0,56.0,207.0,7.0,28.0,142.0,76.0,17.0,228.0,10.0,21.0,9.0,132.0,182.0,0.0,0.0,15.0,16.0,7.0,70.0,69.0,139.0,19.0,53.0,194.0,88.0,55.0,14.0,22.0,24.0,84.0,311.0,385.0,284.0,27.0,124.0,174.0,30.0,13.0,66.0,7.0,324.0,99.0,334.0,9.0,15.0,12.0,6.0,83.0,2.0,0.0,18.0,2.0,16.0,94.0,72.0,9.0,135.0,3.0,16.0,1.0,25.0,64.0,18.0,371.0,20.0,69.0,194.0,54.0,293.0,53.0,13.0,7.0,39.0,13.0,33.0,17.0,42.0,24.0,128.0,18.0,28.0,405.0,19.0,230.0,403.0,74.0,109.0,192.0,11.0,0.0,5.0,29.0,9.0,10.0,27.0,6.0,45.0,66.0,47.0,0.0,0.0,55.0,4.0,13.0,0.0,21.0,19.0,84.0,13.0,6.0,66.0,1.0,1.0,48.0,5.0,20.0,1.0,7.0,0.0,24.0,24.0,0.0,36.0,1.0,47.0,8.0,14.0,38.0,27.0,0.0,263.0,68.0,23.0,58.0,53.0,6.0,46.0,5.0,1.0,0.0,1.0,66.0,6.0,20.0,1.0,3.0,169.0,1.0,0.0,1.0,7.0,0.0,7.0,48.0,6.0,49.0,3.0,3.0,0.0
7,17735548.0,0.0,0.0,0.0,2.0,0.0,2.0,0.0,772.0,0.0,0.0,12.0,1.0,6.0,18.0,4.0,4.0,1.0,0.0,0.0,1.0,3.0,68.0,1.0,0.0,0.0,15.0,50.0,0.0,0.0,1.0,1.0,2.0,22.0,0.0,119.0,248.0,1.0,0.0,5.0,0.0,0.0,1.0,1.0,0.0,8.0,0.0,0.0,0.0,26.0,9.0,10.0,14.0,0.0,2.0,0.0,1035.0,0.0,0.0,46.0,818.0,118.0,0.0,0.0,1.0,1.0,0.0,42.0,4.0,39.0,6.0,0.0,67.0,4.0,8.0,4.0,9.0,0.0,0.0,2.0,17.0,0.0,0.0,0.0,2.0,1.0,0.0,12.0,1.0,0.0,6.0,0.0,0.0,0.0,15.0,0.0,1.0,4.0,2.0,1.0,8.0,0.0,2.0,3.0,1.0,0.0,0.0,13.0,0.0,1.0,0.0,2.0,0.0,3.0,0.0,8.0,0.0,13.0,4.0,0.0,3.0,0.0,20.0,0.0,1.0,22.0,0.0,0.0,1.0,0.0,1.0,0.0,3.0,0.0,0.0,0.0,0.0,0.0,0.0,0.0,1.0,2.0,2.0,0.0,11.0,0.0,0.0,60.0,0.0,0.0,0.0,1.0,0.0,0.0,29.0,0.0,0.0,0.0,66.0,3.0,2.0,1.0,0.0,0.0,1.0,64.0,0.0,85.0,9.0,0.0,2.0,0.0,0.0,0.0,0.0,0.0,0.0,0.0,31.0,0.0,0.0,0.0,0.0,0.0,0.0,0.0,0.0,9.0,0.0,2.0,0.0,0.0,0.0
8,18358521.0,0.0,0.0,4.0,12.0,0.0,10.0,772.0,0.0,1.0,0.0,9.0,1.0,5.0,29.0,9.0,5.0,1.0,0.0,0.0,12.0,0.0,111.0,0.0,0.0,1.0,116.0,70.0,1.0,4.0,1.0,1.0,19.0,35.0,1.0,101.0,636.0,6.0,0.0,5.0,0.0,2.0,4.0,1.0,1.0,16.0,2.0,0.0,0.0,36.0,40.0,55.0,7.0,7.0,3.0,0.0,633.0,1.0,5.0,53.0,576.0,97.0,0.0,0.0,4.0,3.0,6.0,34.0,6.0,48.0,3.0,0.0,146.0,2.0,10.0,3.0,4.0,0.0,1.0,1.0,5.0,2.0,0.0,0.0,3.0,1.0,0.0,5.0,3.0,4.0,3.0,0.0,1.0,0.0,17.0,0.0,1.0,13.0,0.0,3.0,14.0,3.0,3.0,1.0,1.0,0.0,7.0,14.0,0.0,3.0,1.0,3.0,1.0,0.0,3.0,23.0,0.0,18.0,13.0,0.0,6.0,3.0,19.0,0.0,1.0,17.0,0.0,0.0,2.0,0.0,1.0,2.0,6.0,0.0,0.0,1.0,0.0,0.0,0.0,0.0,0.0,2.0,0.0,0.0,16.0,0.0,0.0,40.0,0.0,1.0,0.0,0.0,0.0,1.0,56.0,0.0,0.0,0.0,36.0,1.0,1.0,2.0,2.0,0.0,6.0,53.0,0.0,114.0,10.0,0.0,1.0,0.0,0.0,0.0,0.0,1.0,0.0,0.0,9.0,0.0,2.0,0.0,0.0,0.0,0.0,0.0,0.0,4.0,0.0,1.0,0.0,0.0,0.0
9,18594520.0,5.0,9.0,9.0,16.0,4.0,23.0,0.0,1.0,0.0,1.0,13.0,3.0,0.0,50.0,8.0,6.0,9.0,9.0,2.0,21.0,5.0,5.0,6.0,2.0,2.0,20.0,23.0,0.0,16.0,19.0,0.0,43.0,28.0,11.0,17.0,1.0,3.0,13.0,7.0,10.0,11.0,10.0,6.0,5.0,10.0,21.0,0.0,0.0,0.0,5.0,8.0,14.0,4.0,37.0,6.0,11.0,8.0,18.0,5.0,2.0,8.0,11.0,5.0,28.0,11.0,39.0,3.0,6.0,10.0,25.0,3.0,21.0,3.0,30.0,13.0,36.0,0.0,7.0,3.0,0.0,5.0,2.0,0.0,3.0,1.0,2.0,8.0,17.0,2.0,12.0,3.0,5.0,1.0,9.0,12.0,5.0,25.0,8.0,3.0,17.0,6.0,10.0,21.0,2.0,3.0,7.0,4.0,6.0,5.0,7.0,3.0,10.0,4.0,3.0,37.0,4.0,15.0,16.0,10.0,8.0,11.0,0.0,0.0,7.0,12.0,4.0,12.0,11.0,2.0,4.0,7.0,3.0,0.0,0.0,7.0,4.0,1.0,0.0,5.0,4.0,20.0,5.0,1.0,3.0,0.0,1.0,24.0,6.0,5.0,0.0,5.0,4.0,3.0,18.0,0.0,11.0,3.0,1.0,3.0,3.0,25.0,10.0,0.0,7.0,38.0,4.0,21.0,15.0,1.0,14.0,0.0,0.0,0.0,0.0,17.0,1.0,3.0,1.0,0.0,16.0,0.0,0.0,0.0,1.0,0.0,3.0,10.0,6.0,2.0,2.0,1.0,0.0
10,18922484.0,0.0,5.0,2.0,5.0,0.0,9.0,0.0,0.0,1.0,0.0,3.0,1.0,0.0,7.0,2.0,1.0,3.0,0.0,1.0,7.0,3.0,2.0,2.0,0.0,4.0,16.0,2.0,0.0,2.0,6.0,0.0,5.0,7.0,3.0,3.0,3.0,1.0,1.0,6.0,1.0,6.0,1.0,1.0,2.0,7.0,3.0,0.0,0.0,3.0,2.0,3.0,2.0,2.0,3.0,0.0,4.0,5.0,3.0,0.0,4.0,4.0,4.0,1.0,2.0,6.0,4.0,3.0,1.0,5.0,1.0,0.0,3.0,1.0,5.0,3.0,2.0,3.0,3.0,0.0,2.0,0.0,0.0,0.0,2.0,0.0,0.0,3.0,7.0,2.0,1.0,0.0,0.0,0.0,0.0,3.0,0.0,1.0,1.0,1.0,5.0,1.0,3.0,4.0,0.0,0.0,2.0,1.0,0.0,1.0,3.0,0.0,4.0,2.0,1.0,4.0,0.0,4.0,6.0,1.0,1.0,1.0,0.0,0.0,1.0,1.0,0.0,1.0,1.0,2.0,0.0,3.0,3.0,0.0,0.0,2.0,1.0,0.0,0.0,2.0,1.0,4.0,1.0,1.0,3.0,0.0,0.0,6.0,0.0,1.0,0.0,0.0,0.0,0.0,5.0,0.0,1.0,0.0,4.0,2.0,0.0,2.0,0.0,0.0,1.0,7.0,1.0,5.0,4.0,0.0,2.0,0.0,0.0,0.0,0.0,4.0,1.0,0.0,0.0,0.0,1.0,0.0,0.0,0.0,0.0,0.0,2.0,2.0,0.0,1.0,0.0,0.0,0.0
11,19126630.0,4.0,23.0,4.0,82.0,3.0,138.0,12.0,9.0,13.0,3.0,0.0,32.0,8.0,211.0,22.0,42.0,12.0,18.0,12.0,54.0,24.0,10.0,1.0,1.0,19.0,105.0,7.0,5.0,66.0,26.0,3.0,143.0,119.0,17.0,38.0,8.0,12.0,42.0,28.0,6.0,71.0,17.0,7.0,2.0,115.0,52.0,0.0,0.0,14.0,6.0,7.0,20.0,51.0,39.0,7.0,32.0,29.0,22.0,16.0,13.0,24.0,3.0,16.0,72.0,74.0,61.0,40.0,40.0,32.0,17.0,2.0,20.0,2.0,142.0,26.0,118.0,5.0,10.0,5.0,5.0,9.0,5.0,0.0,9.0,1.0,0.0,34.0,40.0,5.0,78.0,2.0,2.0,0.0,12.0,16.0,3.0,81.0,13.0,24.0,62.0,15.0,39.0,22.0,1.0,0.0,5.0,10.0,11.0,15.0,16.0,8.0,21.0,9.0,6.0,106.0,1.0,53.0,112.0,15.0,21.0,38.0,2.0,0.0,2.0,8.0,2.0,4.0,4.0,1.0,12.0,11.0,11.0,0.0,0.0,17.0,0.0,1.0,0.0,2.0,5.0,15.0,2.0,2.0,23.0,0.0,0.0,97.0,1.0,4.0,0.0,4.0,0.0,5.0,9.0,0.0,7.0,0.0,25.0,5.0,0.0,41.0,13.0,0.0,31.0,19.0,9.0,37.0,16.0,0.0,13.0,2.0,0.0,0.0,0.0,25.0,4.0,9.0,3.0,1.0,37.0,0.0,0.0,0.0,2.0,0.0,2.0,8.0,2.0,35.0,0.0,0.0,0.0
12,21059938.0,1.0,3.0,5.0,21.0,1.0,24.0,1.0,1.0,3.0,1.0,32.0,0.0,7.0,55.0,34.0,24.0,11.0,7.0,6.0,24.0,10.0,19.0,0.0,0.0,2.0,32.0,5.0,0.0,14.0,20.0,3.0,27.0,63.0,8.0,33.0,2.0,16.0,4.0,11.0,3.0,26.0,10.0,12.0,5.0,51.0,35.0,0.0,0.0,8.0,12.0,7.0,11.0,19.0,26.0,2.0,7.0,7.0,22.0,5.0,5.0,34.0,7.0,12.0,8.0,26.0,26.0,16.0,11.0,9.0,13.0,6.0,9.0,6.0,26.0,17.0,38.0,1.0,4.0,1.0,0.0,4.0,0.0,0.0,10.0,2.0,0.0,21.0,41.0,10.0,26.0,1.0,3.0,1.0,1.0,9.0,3.0,27.0,10.0,20.0,16.0,9.0,20.0,15.0,0.0,0.0,10.0,5.0,3.0,3.0,12.0,11.0,21.0,4.0,5.0,35.0,5.0,21.0,42.0,3.0,4.0,12.0,1.0,0.0,2.0,8.0,2.0,8.0,7.0,2.0,4.0,6.0,5.0,0.0,0.0,3.0,1.0,1.0,0.0,5.0,1.0,15.0,3.0,0.0,10.0,0.0,0.0,31.0,1.0,3.0,0.0,1.0,1.0,1.0,14.0,0.0,6.0,1.0,10.0,4.0,7.0,22.0,14.0,0.0,17.0,18.0,0.0,11.0,20.0,1.0,11.0,0.0,0.0,0.0,0.0,10.0,5.0,1.0,3.0,1.0,8.0,1.0,0.0,0.0,1.0,0.0,6.0,15.0,2.0,18.0,1.0,0.0,0.0
13,21804882.0,0.0,0.0,2.0,3.0,0.0,5.0,6.0,5.0,0.0,0.0,8.0,7.0,0.0,18.0,14.0,10.0,6.0,3.0,1.0,10.0,8.0,8.0,0.0,0.0,1.0,13.0,1.0,0.0,4.0,5.0,0.0,8.0,12.0,2.0,9.0,1.0,7.0,1.0,4.0,1.0,12.0,8.0,3.0,3.0,30.0,10.0,0.0,0.0,4.0,2.0,2.0,3.0,8.0,8.0,1.0,14.0,1.0,3.0,5.0,5.0,11.0,2.0,4.0,0.0,10.0,7.0,29.0,5.0,4.0,6.0,0.0,6.0,2.0,11.0,4.0,2.0,3.0,3.0,1.0,0.0,3.0,2.0,0.0,3.0,0.0,0.0,4.0,13.0,4.0,4.0,1.0,0.0,0.0,2.0,1.0,0.0,3.0,3.0,9.0,9.0,7.0,9.0,6.0,0.0,1.0,6.0,1.0,0.0,0.0,6.0,8.0,1.0,9.0,3.0,11.0,2.0,7.0,6.0,0.0,1.0,5.0,1.0,0.0,0.0,4.0,0.0,1.0,1.0,1.0,0.0,2.0,2.0,0.0,0.0,2.0,0.0,1.0,0.0,1.0,0.0,4.0,2.0,0.0,7.0,0.0,0.0,18.0,0.0,2.0,0.0,0.0,0.0,0.0,3.0,0.0,1.0,0.0,4.0,3.0,5.0,6.0,6.0,0.0,3.0,3.0,0.0,8.0,8.0,0.0,5.0,0.0,0.0,0.0,0.0,5.0,0.0,0.0,3.0,1.0,2.0,0.0,0.0,0.0,1.0,0.0,0.0,5.0,1.0,8.0,0.0,0.0,0.0
14,22201334.0,67.0,53.0,14.0,301.0,12.0,473.0,18.0,29.0,50.0,7.0,211.0,55.0,18.0,0.0,146.0,253.0,44.0,46.0,13.0,197.0,60.0,89.0,9.0,1.0,69.0,340.0,46.0,9.0,205.0,109.0,5.0,806.0,458.0,70.0,154.0,15.0,39.0,199.0,93.0,19.0,286.0,140.0,24.0,20.0,379.0,160.0,0.0,0.0,41.0,47.0,19.0,73.0,218.0,184.0,13.0,94.0,171.0,124.0,84.0,27.0,87.0,21.0,130.0,362.0,246.0,409.0,238.0,116.0,140.0,41.0,5.0,87.0,15.0,373.0,115.0,383.0,20.0,19.0,8.0,10.0,60.0,6.0,0.0,58.0,6.0,7.0,74.0,172.0,24.0,306.0,3.0,11.0,2.0,136.0,60.0,38.0,309.0,31.0,53.0,188.0,58.0,231.0,101.0,13.0,2.0,53.0,21.0,63.0,47.0,42.0,47.0,65.0,36.0,36.0,556.0,20.0,167.0,425.0,57.0,81.0,125.0,9.0,0.0,3.0,41.0,13.0,19.0,32.0,12.0,47.0,62.0,49.0,0.0,0.0,51.0,2.0,15.0,0.0,10.0,15.0,101.0,11.0,6.0,88.0,1.0,2.0,164.0,6.0,22.0,0.0,4.0,1.0,12.0,56.0,0.0,34.0,5.0,84.0,12.0,20.0,272.0,62.0,0.0,108.0,113.0,37.0,81.0,117.0,2.0,52.0,3.0,14.0,0.0,0.0,86.0,9.0,41.0,15.0,5.0,147.0,2.0,0.0,0.0,6.0,0.0,21.0,62.0,3.0,68.0,4.0,0.0,0.0
15,22992908.0,4.0,7.0,7.0,30.0,0.0,47.0,4.0,9.0,8.0,2.0,22.0,34.0,14.0,146.0,0.0,49.0,25.0,6.0,5.0,46.0,24.0,40.0,1.0,0.0,1.0,58.0,3.0,0.0,39.0,29.0,3.0,87.0,85.0,13.0,52.0,0.0,12.0,18.0,22.0,9.0,41.0,15.0,9.0,6.0,146.0,46.0,0.0,0.0,14.0,22.0,3.0,19.0,20.0,43.0,3.0,13.0,23.0,39.0,16.0,6.0,43.0,6.0,19.0,26.0,42.0,48.0,120.0,18.0,24.0,18.0,1.0,10.0,6.0,40.0,25.0,32.0,6.0,10.0,7.0,3.0,13.0,2.0,0.0,11.0,1.0,0.0,13.0,63.0,19.0,37.0,1.0,2.0,1.0,4.0,22.0,4.0,29.0,14.0,15.0,38.0,14.0,44.0,35.0,6.0,0.0,24.0,7.0,11.0,2.0,26.0,27.0,7.0,15.0,12.0,93.0,7.0,35.0,46.0,3.0,10.0,26.0,4.0,0.0,0.0,22.0,3.0,12.0,8.0,13.0,16.0,18.0,8.0,0.0,0.0,19.0,0.0,6.0,0.0,7.0,1.0,33.0,3.0,2.0,31.0,2.0,1.0,50.0,1.0,10.0,0.0,1.0,0.0,4.0,17.0,0.0,22.0,1.0,13.0,10.0,13.0,38.0,25.0,0.0,31.0,30.0,3.0,19.0,54.0,3.0,28.0,2.0,0.0,0.0,0.0,24.0,4.0,4.0,6.0,3.0,25.0,0.0,0.0,0.0,4.0,0.0,7.0,20.0,0.0,20.0,1.0,0.0,0.0
16,23923117.0,2.0,12.0,5.0,53.0,1.0,82.0,4.0,5.0,6.0,1.0,42.0,24.0,10.0,253.0,49.0,0.0,22.0,8.0,7.0,65.0,39.0,57.0,1.0,1.0,12.0,54.0,4.0,2.0,36.0,28.0,4.0,225.0,109.0,19.0,42.0,4.0,15.0,27.0,21.0,11.0,111.0,30.0,10.0,11.0,107.0,35.0,0.0,0.0,13.0,16.0,4.0,14.0,40.0,69.0,0.0,34.0,20.0,59.0,42.0,7.0,44.0,8.0,15.0,35.0,69.0,47.0,51.0,28.0,28.0,20.0,0.0,34.0,5.0,88.0,34.0,45.0,4.0,10.0,0.0,6.0,12.0,3.0,0.0,14.0,2.0,0.0,10.0,56.0,17.0,60.0,2.0,0.0,1.0,5.0,9.0,5.0,53.0,17.0,26.0,53.0,17.0,89.0,37.0,1.0,0.0,18.0,5.0,5.0,7.0,25.0,36.0,4.0,40.0,10.0,93.0,7.0,47.0,54.0,3.0,13.0,43.0,0.0,0.0,1.0,15.0,3.0,12.0,12.0,10.0,12.0,13.0,11.0,0.0,0.0,7.0,1.0,10.0,0.0,3.0,2.0,28.0,0.0,2.0,32.0,0.0,1.0,59.0,0.0,5.0,0.0,1.0,1.0,1.0,15.0,0.0,18.0,1.0,18.0,7.0,14.0,38.0,22.0,0.0,48.0,39.0,3.0,36.0,51.0,1.0,23.0,0.0,0.0,0.0,0.0,32.0,4.0,2.0,6.0,4.0,16.0,3.0,0.0,0.0,2.0,0.0,10.0,21.0,2.0,17.0,1.0,0.0,0.0
17,27277336.0,1.0,44.0,6.0,21.0,19.0,41.0,1.0,1.0,9.0,3.0,12.0,11.0,6.0,44.0,25.0,22.0,0.0,9.0,4.0,72.0,11.0,16.0,8.0,1.0,3.0,30.0,10.0,0.0,78.0,34.0,4.0,157.0,43.0,35.0,33.0,1.0,9.0,42.0,24.0,9.0,32.0,2.0,6.0,9.0,43.0,68.0,0.0,0.0,9.0,10.0,1.0,39.0,9.0,54.0,53.0,10.0,13.0,25.0,4.0,6.0,17.0,12.0,20.0,41.0,19.0,94.0,15.0,17.0,21.0,12.0,1.0,15.0,6.0,39.0,27.0,63.0,3.0,25.0,33.0,2.0,10.0,5.0,0.0,22.0,11.0,52.0,44.0,78.0,8.0,21.0,9.0,42.0,1.0,2.0,93.0,3.0,50.0,33.0,7.0,128.0,64.0,22.0,35.0,59.0,7.0,16.0,6.0,20.0,3.0,58.0,50.0,7.0,17.0,20.0,83.0,7.0,67.0,23.0,80.0,42.0,12.0,5.0,0.0,4.0,79.0,37.0,15.0,9.0,9.0,54.0,84.0,23.0,0.0,0.0,60.0,13.0,4.0,0.0,6.0,19.0,33.0,5.0,15.0,16.0,3.0,1.0,23.0,14.0,46.0,1.0,7.0,0.0,2.0,15.0,0.0,31.0,1.0,3.0,3.0,26.0,16.0,20.0,0.0,15.0,19.0,14.0,15.0,32.0,12.0,26.0,9.0,2.0,0.0,2.0,48.0,11.0,4.0,3.0,27.0,81.0,1.0,1.0,1.0,6.0,0.0,4.0,23.0,2.0,18.0,1.0,1.0,0.0
18,30672016.0,1.0,23.0,8.0,40.0,1.0,60.0,0.0,0.0,9.0,0.0,18.0,7.0,3.0,46.0,6.0,8.0,9.0,0.0,3.0,38.0,15.0,8.0,3.0,0.0,3.0,34.0,16.0,0.0,64.0,19.0,3.0,61.0,48.0,15.0,29.0,0.0,6.0,23.0,12.0,3.0,31.0,2.0,1.0,1.0,19.0,36.0,0.0,0.0,5.0,3.0,8.0,15.0,13.0,34.0,3.0,12.0,17.0,21.0,3.0,1.0,4.0,4.0,10.0,41.0,25.0,44.0,3.0,11.0,27.0,11.0,0.0,24.0,0.0,43.0,26.0,57.0,0.0,3.0,5.0,0.0,11.0,1.0,0.0,4.0,2.0,3.0,13.0,14.0,2.0,21.0,2.0,4.0,1.0,3.0,16.0,3.0,65.0,4.0,8.0,28.0,10.0,18.0,11.0,3.0,1.0,13.0,3.0,11.0,6.0,8.0,5.0,16.0,5.0,7.0,57.0,4.0,34.0,29.0,19.0,15.0,11.0,1.0,0.0,2.0,10.0,4.0,1.0,5.0,1.0,9.0,15.0,4.0,0.0,0.0,8.0,0.0,3.0,0.0,1.0,6.0,19.0,4.0,2.0,10.0,0.0,2.0,7.0,0.0,5.0,1.0,1.0,1.0,5.0,16.0,0.0,7.0,0.0,2.0,1.0,3.0,3.0,5.0,0.0,19.0,40.0,5.0,16.0,12.0,1.0,8.0,1.0,0.0,0.0,0.0,14.0,1.0,4.0,1.0,0.0,30.0,0.0,0.0,0.0,3.0,0.0,1.0,9.0,1.0,6.0,1.0,0.0,0.0
19,31076287.0,0.0,5.0,0.0,5.0,1.0,10.0,0.0,0.0,2.0,1.0,12.0,6.0,1.0,13.0,5.0,7.0,4.0,3.0,0.0,9.0,3.0,4.0,0.0,0.0,0.0,8.0,2.0,0.0,14.0,11.0,1.0,14.0,11.0,5.0,8.0,0.0,2.0,11.0,6.0,1.0,13.0,4.0,1.0,2.0,8.0,10.0,0.0,0.0,2.0,2.0,0.0,8.0,2.0,12.0,2.0,4.0,3.0,9.0,2.0,0.0,5.0,1.0,4.0,13.0,10.0,9.0,3.0,4.0,6.0,3.0,1.0,1.0,1.0,12.0,7.0,6.0,0.0,2.0,2.0,0.0,1.0,1.0,0.0,3.0,0.0,2.0,15.0,8.0,0.0,7.0,0.0,1.0,0.0,1.0,5.0,1.0,8.0,2.0,3.0,4.0,4.0,6.0,6.0,1.0,0.0,3.0,2.0,7.0,1.0,4.0,2.0,2.0,2.0,4.0,16.0,3.0,12.0,5.0,3.0,1.0,4.0,5.0,0.0,1.0,6.0,1.0,2.0,1.0,0.0,3.0,6.0,1.0,0.0,0.0,3.0,0.0,1.0,0.0,0.0,1.0,5.0,0.0,0.0,4.0,0.0,0.0,14.0,0.0,2.0,0.0,1.0,0.0,0.0,4.0,0.0,1.0,0.0,3.0,1.0,1.0,4.0,4.0,0.0,5.0,5.0,1.0,4.0,4.0,0.0,4.0,1.0,0.0,0.0,0.0,2.0,0.0,2.0,1.0,0.0,8.0,0.0,0.0,0.0,1.0,0.0,1.0,4.0,0.0,3.0,0.0,0.0,0.0
20,39344961.0,2.0,73.0,9.0,142.0,44.0,250.0,1.0,12.0,21.0,7.0,54.0,24.0,10.0,197.0,46.0,65.0,72.0,38.0,9.0,0.0,25.0,34.0,29.0,2.0,13.0,248.0,12.0,4.0,207.0,122.0,2.0,448.0,165.0,83.0,128.0,5.0,21.0,115.0,60.0,18.0,119.0,7.0,21.0,24.0,122.0,189.0,0.0,0.0,17.0,19.0,3.0,59.0,36.0,123.0,49.0,36.0,84.0,124.0,27.0,12.0,26.0,48.0,76.0,205.0,137.0,259.0,31.0,39.0,124.0,25.0,1.0,46.0,5.0,146.0,88.0,242.0,12.0,42.0,28.0,9.0,68.0,1.0,0.0,42.0,8.0,36.0,68.0,104.0,13.0,97.0,17.0,41.0,1.0,6.0,105.0,38.0,389.0,29.0,34.0,236.0,101.0,107.0,90.0,27.0,29.0,36.0,12.0,34.0,9.0,89.0,67.0,22.0,24.0,36.0,318.0,16.0,187.0,162.0,120.0,129.0,55.0,13.0,0.0,6.0,84.0,34.0,21.0,78.0,12.0,69.0,109.0,70.0,0.0,0.0,93.0,21.0,8.0,0.0,53.0,35.0,145.0,4.0,18.0,48.0,5.0,1.0,46.0,45.0,37.0,1.0,12.0,1.0,6.0,24.0,0.0,51.0,2.0,31.0,6.0,30.0,24.0,31.0,0.0,101.0,58.0,27.0,34.0,64.0,17.0,79.0,16.0,3.0,0.0,3.0,93.0,13.0,6.0,3.0,20.0,179.0,0.0,0.0,1.0,16.0,0.0,11.0,88.0,15.0,88.0,8.0,0.0,0.0
21,41279119.0,0.0,3.0,6.0,39.0,0.0,53.0,3.0,0.0,5.0,3.0,24.0,10.0,8.0,60.0,24.0,39.0,11.0,15.0,3.0,25.0,0.0,30.0,2.0,1.0,4.0,30.0,2.0,0.0,21.0,18.0,2.0,47.0,66.0,9.0,32.0,1.0,16.0,9.0,12.0,7.0,27.0,10.0,6.0,7.0,43.0,23.0,0.0,0.0,20.0,7.0,3.0,26.0,21.0,30.0,1.0,21.0,20.0,21.0,9.0,5.0,23.0,5.0,4.0,22.0,32.0,33.0,31.0,18.0,19.0,21.0,0.0,13.0,5.0,32.0,16.0,43.0,3.0,6.0,1.0,2.0,4.0,1.0,0.0,5.0,1.0,0.0,16.0,30.0,6.0,29.0,0.0,4.0,0.0,0.0,9.0,1.0,21.0,9.0,22.0,24.0,10.0,46.0,19.0,1.0,0.0,9.0,1.0,0.0,4.0,14.0,13.0,22.0,10.0,3.0,43.0,4.0,31.0,27.0,1.0,6.0,22.0,0.0,0.0,0.0,10.0,1.0,4.0,8.0,3.0,8.0,5.0,9.0,0.0,0.0,8.0,0.0,3.0,0.0,2.0,5.0,14.0,1.0,1.0,19.0,0.0,0.0,22.0,0.0,6.0,0.0,0.0,0.0,2.0,14.0,0.0,12.0,1.0,11.0,2.0,6.0,15.0,12.0,0.0,41.0,25.0,3.0,11.0,23.0,1.0,12.0,0.0,1.0,0.0,0.0,17.0,2.0,1.0,5.0,2.0,8.0,0.0,0.0,0.0,2.0,0.0,2.0,19.0,1.0,18.0,1.0,0.0,0.0
22,41507212.0,1.0,5.0,11.0,24.0,1.0,37.0,68.0,111.0,5.0,2.0,10.0,19.0,8.0,89.0,40.0,57.0,16.0,8.0,4.0,34.0,30.0,0.0,0.0,0.0,3.0,47.0,39.0,1.0,21.0,26.0,3.0,70.0,141.0,13.0,58.0,19.0,23.0,10.0,11.0,7.0,26.0,13.0,9.0,9.0,67.0,25.0,0.0,0.0,38.0,13.0,12.0,19.0,29.0,36.0,1.0,234.0,7.0,36.0,44.0,59.0,75.0,6.0,7.0,11.0,25.0,31.0,42.0,22.0,21.0,34.0,1.0,95.0,8.0,42.0,24.0,42.0,0.0,8.0,1.0,5.0,6.0,0.0,0.0,10.0,1.0,1.0,13.0,36.0,13.0,45.0,1.0,1.0,2.0,13.0,9.0,2.0,19.0,10.0,11.0,33.0,12.0,30.0,21.0,0.0,0.0,20.0,14.0,10.0,7.0,19.0,19.0,8.0,10.0,8.0,63.0,8.0,51.0,24.0,2.0,14.0,19.0,20.0,0.0,2.0,17.0,6.0,10.0,7.0,10.0,10.0,11.0,11.0,0.0,0.0,7.0,0.0,8.0,0.0,3.0,1.0,20.0,3.0,2.0,22.0,0.0,2.0,68.0,0.0,4.0,0.0,1.0,0.0,1.0,26.0,0.0,17.0,2.0,16.0,10.0,12.0,26.0,19.0,0.0,20.0,47.0,0.0,103.0,43.0,3.0,17.0,2.0,0.0,0.0,0.0,18.0,4.0,1.0,5.0,2.0,13.0,0.0,0.0,0.0,3.0,0.0,7.0,18.0,2.0,18.0,1.0,1.0,0.0
23,41640176.0,0.0,3.0,0.0,4.0,4.0,5.0,1.0,0.0,6.0,2.0,1.0,0.0,0.0,9.0,1.0,1.0,8.0,3.0,0.0,29.0,2.0,0.0,0.0,0.0,5.0,11.0,1.0,0.0,6.0,5.0,0.0,18.0,10.0,11.0,3.0,1.0,0.0,2.0,2.0,3.0,3.0,0.0,4.0,12.0,3.0,4.0,0.0,0.0,1.0,1.0,1.0,1.0,1.0,23.0,10.0,1.0,1.0,18.0,0.0,1.0,4.0,19.0,47.0,6.0,1.0,17.0,1.0,1.0,2.0,0.0,0.0,4.0,0.0,1.0,3.0,3.0,1.0,12.0,1.0,1.0,1.0,6.0,0.0,59.0,73.0,2.0,3.0,39.0,1.0,2.0,55.0,15.0,0.0,0.0,10.0,7.0,30.0,27.0,1.0,6.0,13.0,3.0,120.0,5.0,74.0,0.0,0.0,2.0,1.0,9.0,6.0,10.0,0.0,1.0,7.0,4.0,3.0,2.0,1.0,2.0,0.0,0.0,0.0,0.0,9.0,8.0,5.0,70.0,0.0,3.0,5.0,7.0,0.0,0.0,6.0,14.0,0.0,0.0,22.0,4.0,26.0,0.0,2.0,5.0,1.0,0.0,2.0,35.0,5.0,7.0,4.0,0.0,2.0,1.0,0.0,9.0,1.0,0.0,0.0,2.0,0.0,0.0,0.0,3.0,4.0,0.0,1.0,11.0,6.0,22.0,1.0,4.0,0.0,0.0,11.0,1.0,0.0,0.0,6.0,3.0,0.0,0.0,0.0,2.0,0.0,5.0,14.0,6.0,9.0,5.0,0.0,0.0
24,43669003.0,0.0,1.0,0.0,3.0,6.0,1.0,0.0,0.0,2.0,0.0,1.0,0.0,0.0,1.0,0.0,1.0,1.0,0.0,0.0,2.0,1.0,0.0,0.0,0.0,0.0,2.0,0.0,0.0,6.0,4.0,0.0,6.0,3.0,0.0,1.0,0.0,1.0,0.0,1.0,3.0,1.0,0.0,0.0,1.0,2.0,3.0,0.0,0.0,0.0,0.0,0.0,4.0,0.0,8.0,1.0,3.0,1.0,4.0,2.0,0.0,1.0,3.0,0.0,1.0,3.0,4.0,0.0,2.0,0.0,2.0,0.0,3.0,0.0,3.0,1.0,9.0,0.0,1.0,1.0,0.0,0.0,0.0,0.0,0.0,0.0,0.0,3.0,3.0,0.0,0.0,0.0,1.0,0.0,0.0,4.0,1.0,3.0,0.0,0.0,5.0,2.0,1.0,0.0,0.0,0.0,1.0,0.0,1.0,0.0,2.0,3.0,1.0,0.0,1.0,2.0,0.0,3.0,0.0,0.0,0.0,3.0,0.0,0.0,0.0,2.0,1.0,4.0,0.0,0.0,0.0,1.0,2.0,0.0,0.0,1.0,0.0,1.0,0.0,1.0,2.0,1.0,0.0,0.0,1.0,0.0,0.0,1.0,0.0,1.0,0.0,2.0,0.0,1.0,1.0,0.0,2.0,0.0,0.0,1.0,2.0,0.0,0.0,0.0,1.0,1.0,1.0,2.0,1.0,0.0,2.0,0.0,0.0,0.0,0.0,3.0,0.0,0.0,0.0,1.0,2.0,0.0,0.0,0.0,0.0,0.0,1.0,3.0,0.0,1.0,0.0,0.0,0.0
25,44734228.0,0.0,1.0,1.0,9.0,0.0,29.0,0.0,1.0,2.0,4.0,19.0,2.0,1.0,69.0,1.0,12.0,3.0,3.0,0.0,13.0,4.0,3.0,5.0,0.0,0.0,42.0,3.0,1.0,5.0,7.0,0.0,42.0,24.0,5.0,5.0,3.0,2.0,5.0,7.0,1.0,21.0,2.0,2.0,0.0,21.0,5.0,0.0,0.0,2.0,2.0,15.0,0.0,53.0,11.0,0.0,6.0,9.0,10.0,5.0,2.0,3.0,2.0,16.0,6.0,13.0,11.0,6.0,17.0,6.0,0.0,0.0,14.0,0.0,10.0,3.0,14.0,2.0,1.0,1.0,1.0,2.0,0.0,0.0,9.0,1.0,1.0,3.0,14.0,2.0,11.0,0.0,0.0,0.0,8.0,2.0,4.0,19.0,2.0,3.0,16.0,3.0,10.0,15.0,0.0,1.0,1.0,2.0,1.0,20.0,1.0,1.0,8.0,3.0,2.0,24.0,0.0,9.0,18.0,1.0,3.0,9.0,0.0,0.0,1.0,0.0,0.0,1.0,3.0,1.0,1.0,3.0,2.0,0.0,0.0,2.0,0.0,0.0,0.0,1.0,0.0,3.0,0.0,1.0,4.0,0.0,0.0,21.0,0.0,1.0,0.0,0.0,0.0,1.0,1.0,0.0,2.0,0.0,5.0,0.0,0.0,4.0,4.0,0.0,5.0,10.0,2.0,7.0,5.0,0.0,3.0,0.0,0.0,0.0,0.0,9.0,1.0,0.0,0.0,1.0,3.0,0.0,0.0,0.0,0.0,0.0,2.0,4.0,1.0,3.0,0.0,0.0,0.0
26,47107118.0,1.0,37.0,9.0,167.0,9.0,276.0,15.0,116.0,20.0,16.0,105.0,32.0,13.0,340.0,58.0,54.0,30.0,34.0,8.0,248.0,30.0,47.0,11.0,2.0,42.0,0.0,25.0,6.0,313.0,63.0,9.0,335.0,289.0,39.0,150.0,110.0,25.0,92.0,114.0,8.0,139.0,6.0,15.0,12.0,167.0,121.0,0.0,0.0,30.0,34.0,60.0,51.0,47.0,95.0,11.0,93.0,68.0,83.0,22.0,48.0,42.0,16.0,65.0,179.0,131.0,167.0,45.0,73.0,145.0,30.0,4.0,66.0,6.0,124.0,69.0,224.0,22.0,17.0,11.0,9.0,76.0,1.0,0.0,40.0,7.0,8.0,64.0,88.0,11.0,127.0,6.0,9.0,1.0,17.0,51.0,15.0,428.0,22.0,61.0,186.0,41.0,102.0,59.0,5.0,8.0,33.0,14.0,16.0,21.0,31.0,25.0,42.0,15.0,37.0,302.0,6.0,170.0,284.0,48.0,85.0,66.0,19.0,0.0,1.0,33.0,4.0,11.0,30.0,8.0,40.0,43.0,67.0,0.0,0.0,49.0,2.0,9.0,0.0,14.0,22.0,65.0,6.0,3.0,54.0,1.0,1.0,63.0,3.0,11.0,0.0,1.0,1.0,7.0,61.0,0.0,24.0,1.0,56.0,8.0,17.0,27.0,24.0,0.0,74.0,108.0,35.0,47.0,57.0,2.0,42.0,3.0,2.0,0.0,0.0,53.0,8.0,13.0,2.0,4.0,131.0,2.0,0.0,0.0,6.0,0.0,12.0,38.0,1.0,35.0,0.0,1.0,0.0
27,47962856.0,0.0,18.0,92.0,49.0,7.0,24.0,50.0,70.0,23.0,2.0,7.0,5.0,1.0,46.0,3.0,4.0,10.0,16.0,2.0,12.0,2.0,39.0,1.0,0.0,3.0,25.0,0.0,0.0,18.0,14.0,1.0,32.0,89.0,3.0,57.0,45.0,9.0,1.0,8.0,11.0,14.0,8.0,4.0,2.0,13.0,12.0,0.0,0.0,12.0,7.0,65.0,12.0,4.0,54.0,5.0,401.0,9.0,22.0,34.0,48.0,20.0,6.0,0.0,10.0,22.0,40.0,3.0,14.0,21.0,92.0,10.0,967.0,6.0,27.0,15.0,44.0,0.0,11.0,2.0,1.0,16.0,1.0,0.0,4.0,1.0,0.0,56.0,14.0,1.0,19.0,0.0,3.0,0.0,169.0,1.0,15.0,34.0,5.0,5.0,32.0,4.0,14.0,10.0,4.0,0.0,9.0,50.0,9.0,41.0,6.0,1.0,23.0,5.0,4.0,35.0,2.0,63.0,15.0,6.0,12.0,5.0,32.0,0.0,11.0,19.0,1.0,9.0,5.0,2.0,13.0,2.0,18.0,0.0,0.0,1.0,3.0,2.0,0.0,2.0,6.0,9.0,91.0,0.0,11.0,1.0,0.0,153.0,2.0,1.0,0.0,6.0,2.0,11.0,234.0,0.0,4.0,6.0,5.0,8.0,0.0,43.0,23.0,0.0,12.0,452.0,16.0,112.0,72.0,0.0,18.0,1.0,0.0,0.0,0.0,24.0,0.0,0.0,2.0,1.0,10.0,0.0,0.0,0.0,0.0,0.0,1.0,9.0,4.0,1.0,1.0,3.0,0.0
28,48305114.0,0.0,1.0,0.0,2.0,0.0,9.0,0.0,1.0,0.0,0.0,5.0,0.0,0.0,9.0,0.0,2.0,0.0,0.0,0.0,4.0,0.0,1.0,0.0,0.0,1.0,6.0,0.0,0.0,7.0,1.0,0.0,12.0,43.0,0.0,5.0,0.0,0.0,3.0,1.0,0.0,9.0,0.0,0.0,0.0,2.0,3.0,0.0,0.0,0.0,0.0,0.0,1.0,5.0,1.0,0.0,3.0,1.0,2.0,1.0,0.0,0.0,0.0,2.0,4.0,4.0,4.0,0.0,6.0,5.0,0.0,0.0,1.0,0.0,26.0,2.0,19.0,0.0,0.0,0.0,0.0,6.0,0.0,0.0,0.0,0.0,0.0,1.0,1.0,1.0,4.0,0.0,0.0,0.0,1.0,0.0,0.0,11.0,0.0,1.0,7.0,0.0,5.0,1.0,0.0,0.0,0.0,0.0,0.0,0.0,0.0,0.0,1.0,0.0,0.0,14.0,0.0,3.0,19.0,1.0,4.0,1.0,0.0,0.0,0.0,0.0,0.0,0.0,0.0,0.0,0.0,1.0,1.0,0.0,0.0,2.0,0.0,0.0,0.0,0.0,1.0,0.0,0.0,0.0,1.0,2.0,0.0,0.0,0.0,0.0,0.0,0.0,0.0,0.0,0.0,0.0,0.0,0.0,0.0,0.0,0.0,0.0,0.0,0.0,4.0,1.0,2.0,1.0,0.0,0.0,0.0,0.0,0.0,0.0,0.0,1.0,0.0,0.0,0.0,0.0,4.0,0.0,0.0,0.0,0.0,0.0,0.0,0.0,0.0,0.0,0.0,0.0,0.0
29,48495906.0,2.0,140.0,7.0,116.0,20.0,214.0,0.0,4.0,16.0,2.0,66.0,14.0,4.0,205.0,39.0,36.0,78.0,64.0,14.0,207.0,21.0,21.0,6.0,6.0,5.0,313.0,18.0,7.0,0.0,82.0,20.0,472.0,309.0,65.0,131.0,1.0,34.0,182.0,96.0,9.0,145.0,21.0,5.0,9.0,92.0,248.0,0.0,0.0,11.0,9.0,2.0,176.0,23.0,131.0,69.0,93.0,59.0,74.0,30.0,5.0,32.0,7.0,52.0,213.0,93.0,304.0,13.0,54.0,101.0,40.0,2.0,46.0,7.0,184.0,98.0,350.0,0.0,32.0,36.0,1.0,42.0,3.0,0.0,22.0,3.0,62.0,189.0,128.0,6.0,139.0,1.0,57.0,2.0,22.0,169.0,14.0,304.0,37.0,25.0,312.0,99.0,91.0,36.0,60.0,4.0,48.0,23.0,93.0,10.0,92.0,79.0,20.0,16.0,62.0,385.0,30.0,266.0,138.0,167.0,182.0,81.0,55.0,0.0,1.0,189.0,31.0,20.0,17.0,5.0,123.0,155.0,88.0,0.0,0.0,140.0,2.0,10.0,0.0,11.0,66.0,78.0,6.0,19.0,40.0,10.0,1.0,48.0,7.0,53.0,0.0,12.0,1.0,13.0,45.0,0.0,52.0,2.0,20.0,5.0,29.0,18.0,24.0,0.0,56.0,77.0,69.0,40.0,58.0,16.0,29.0,10.0,2.0,0.0,3.0,76.0,15.0,24.0,2.0,42.0,304.0,0.0,4.0,3.0,14.0,0.0,8.0,44.0,1.0,22.0,1.0,1.0,0.0
30,48955550.0,5.0,40.0,9.0,61.0,58.0,97.0,1.0,1.0,19.0,6.0,26.0,20.0,5.0,109.0,29.0,28.0,34.0,19.0,11.0,122.0,18.0,26.0,5.0,4.0,7.0,63.0,14.0,1.0,82.0,0.0,5.0,141.0,87.0,69.0,71.0,1.0,21.0,41.0,27.0,19.0,47.0,8.0,16.0,12.0,55.0,96.0,0.0,0.0,13.0,14.0,3.0,41.0,18.0,92.0,29.0,7.0,37.0,74.0,5.0,6.0,25.0,35.0,40.0,82.0,52.0,134.0,19.0,22.0,40.0,24.0,4.0,27.0,6.0,68.0,49.0,108.0,4.0,22.0,20.0,1.0,22.0,4.0,0.0,25.0,3.0,11.0,43.0,70.0,8.0,50.0,5.0,30.0,2.0,3.0,40.0,33.0,147.0,20.0,21.0,95.0,63.0,42.0,40.0,18.0,13.0,30.0,10.0,32.0,8.0,46.0,36.0,23.0,10.0,18.0,127.0,17.0,64.0,62.0,42.0,37.0,32.0,6.0,0.0,8.0,33.0,17.0,21.0,39.0,4.0,33.0,46.0,28.0,0.0,0.0,29.0,17.0,4.0,0.0,32.0,16.0,114.0,8.0,10.0,28.0,1.0,1.0,27.0,17.0,17.0,1.0,10.0,2.0,6.0,20.0,0.0,35.0,1.0,14.0,3.0,17.0,23.0,28.0,0.0,38.0,33.0,8.0,13.0,44.0,5.0,52.0,4.0,1.0,0.0,0.0,51.0,7.0,16.0,2.0,16.0,61.0,0.0,0.0,0.0,7.0,0.0,10.0,63.0,7.0,69.0,7.0,0.0,0.0
31,49052075.0,0.0,0.0,0.0,2.0,1.0,4.0,1.0,1.0,0.0,0.0,3.0,3.0,0.0,5.0,3.0,4.0,4.0,3.0,1.0,2.0,2.0,3.0,0.0,0.0,0.0,9.0,1.0,0.0,20.0,5.0,0.0,4.0,16.0,2.0,6.0,0.0,2.0,1.0,9.0,1.0,2.0,1.0,1.0,1.0,6.0,5.0,0.0,0.0,0.0,2.0,0.0,4.0,2.0,5.0,0.0,4.0,3.0,2.0,0.0,0.0,4.0,0.0,0.0,1.0,1.0,5.0,5.0,1.0,1.0,5.0,0.0,2.0,4.0,5.0,3.0,5.0,0.0,2.0,2.0,0.0,0.0,2.0,0.0,3.0,0.0,0.0,11.0,5.0,1.0,5.0,1.0,0.0,1.0,0.0,3.0,0.0,3.0,3.0,0.0,3.0,5.0,4.0,5.0,2.0,0.0,1.0,5.0,2.0,0.0,4.0,3.0,0.0,2.0,4.0,7.0,2.0,7.0,1.0,1.0,0.0,4.0,2.0,0.0,0.0,5.0,2.0,3.0,0.0,0.0,5.0,2.0,0.0,0.0,0.0,4.0,0.0,1.0,0.0,0.0,0.0,4.0,1.0,0.0,2.0,0.0,0.0,4.0,1.0,0.0,0.0,1.0,0.0,0.0,2.0,0.0,2.0,0.0,2.0,1.0,1.0,3.0,4.0,0.0,2.0,2.0,0.0,3.0,4.0,0.0,3.0,0.0,0.0,0.0,0.0,1.0,1.0,1.0,1.0,0.0,1.0,0.0,0.0,0.0,0.0,0.0,0.0,3.0,1.0,4.0,0.0,0.0,0.0
32,49817093.0,10.0,175.0,14.0,306.0,49.0,515.0,2.0,19.0,43.0,5.0,143.0,27.0,8.0,806.0,87.0,225.0,157.0,61.0,14.0,448.0,47.0,70.0,18.0,6.0,42.0,335.0,32.0,12.0,472.0,141.0,4.0,0.0,368.0,118.0,211.0,2.0,34.0,285.0,89.0,31.0,366.0,33.0,21.0,18.0,263.0,335.0,0.0,0.0,19.0,29.0,18.0,128.0,107.0,236.0,197.0,84.0,156.0,189.0,99.0,14.0,63.0,42.0,108.0,372.0,269.0,512.0,67.0,117.0,191.0,52.0,2.0,104.0,11.0,347.0,138.0,444.0,8.0,78.0,89.0,16.0,82.0,5.0,0.0,43.0,7.0,159.0,155.0,313.0,21.0,257.0,7.0,162.0,3.0,35.0,286.0,29.0,512.0,61.0,49.0,717.0,172.0,264.0,112.0,160.0,17.0,51.0,20.0,66.0,40.0,191.0,126.0,44.0,43.0,64.0,698.0,30.0,319.0,323.0,305.0,212.0,124.0,27.0,0.0,7.0,349.0,84.0,28.0,55.0,20.0,209.0,287.0,135.0,0.0,0.0,221.0,16.0,22.0,0.0,37.0,81.0,149.0,18.0,43.0,78.0,11.0,1.0,98.0,39.0,112.0,1.0,12.0,3.0,14.0,49.0,0.0,111.0,4.0,49.0,8.0,69.0,56.0,58.0,0.0,190.0,140.0,78.0,93.0,136.0,28.0,81.0,24.0,3.0,0.0,5.0,179.0,32.0,23.0,4.0,123.0,437.0,2.0,8.0,7.0,25.0,0.0,16.0,99.0,14.0,63.0,11.0,1.0,0.0
33,50645038.0,12.0,48.0,20.0,196.0,12.0,288.0,22.0,35.0,28.0,7.0,119.0,63.0,12.0,458.0,85.0,109.0,43.0,48.0,11.0,165.0,66.0,141.0,10.0,3.0,24.0,289.0,89.0,43.0,309.0,87.0,16.0,368.0,0.0,51.0,226.0,17.0,91.0,106.0,92.0,28.0,168.0,44.0,26.0,15.0,233.0,175.0,0.0,0.0,40.0,39.0,17.0,145.0,88.0,185.0,13.0,245.0,70.0,114.0,69.0,33.0,125.0,26.0,51.0,166.0,157.0,224.0,68.0,97.0,105.0,89.0,5.0,137.0,11.0,375.0,129.0,418.0,13.0,34.0,16.0,8.0,51.0,5.0,0.0,36.0,8.0,11.0,168.0,159.0,24.0,209.0,7.0,26.0,3.0,38.0,62.0,13.0,214.0,42.0,73.0,187.0,56.0,149.0,95.0,13.0,7.0,55.0,33.0,43.0,40.0,70.0,44.0,90.0,17.0,39.0,364.0,34.0,262.0,256.0,48.0,65.0,113.0,30.0,0.0,13.0,66.0,14.0,28.0,29.0,13.0,51.0,51.0,71.0,0.0,0.0,49.0,1.0,12.0,0.0,20.0,21.0,77.0,10.0,6.0,72.0,4.0,1.0,150.0,7.0,29.0,1.0,15.0,2.0,16.0,101.0,0.0,51.0,1.0,50.0,18.0,24.0,86.0,45.0,0.0,108.0,167.0,36.0,74.0,102.0,9.0,61.0,6.0,0.0,0.0,1.0,80.0,8.0,16.0,5.0,13.0,95.0,1.0,0.0,0.0,9.0,0.0,14.0,63.0,6.0,75.0,2.0,2.0,0.0
34,51056700.0,2.0,35.0,2.0,33.0,53.0,56.0,0.0,1.0,11.0,3.0,17.0,8.0,2.0,70.0,13.0,19.0,35.0,15.0,5.0,83.0,9.0,13.0,11.0,0.0,5.0,39.0,3.0,0.0,65.0,69.0,2.0,118.0,51.0,0.0,38.0,1.0,12.0,43.0,17.0,12.0,30.0,6.0,13.0,12.0,34.0,91.0,0.0,0.0,7.0,7.0,3.0,29.0,12.0,60.0,45.0,9.0,15.0,50.0,2.0,3.0,19.0,36.0,18.0,67.0,44.0,98.0,9.0,8.0,32.0,7.0,0.0,8.0,4.0,44.0,34.0,147.0,1.0,31.0,18.0,2.0,12.0,3.0,0.0,24.0,5.0,25.0,34.0,47.0,9.0,26.0,6.0,54.0,2.0,6.0,53.0,18.0,119.0,21.0,13.0,117.0,46.0,18.0,31.0,25.0,9.0,15.0,6.0,23.0,4.0,50.0,36.0,6.0,9.0,15.0,82.0,13.0,35.0,33.0,54.0,44.0,9.0,2.0,0.0,2.0,38.0,23.0,15.0,27.0,3.0,37.0,60.0,38.0,0.0,0.0,28.0,30.0,3.0,0.0,43.0,47.0,82.0,3.0,13.0,14.0,1.0,1.0,16.0,31.0,14.0,1.0,8.0,1.0,0.0,18.0,0.0,39.0,1.0,5.0,0.0,14.0,18.0,10.0,0.0,12.0,23.0,13.0,10.0,30.0,11.0,49.0,4.0,4.0,0.0,0.0,53.0,7.0,7.0,2.0,21.0,70.0,0.0,1.0,1.0,8.0,0.0,5.0,67.0,7.0,53.0,14.0,0.0,0.0
35,52696957.0,5.0,35.0,15.0,134.0,10.0,207.0,119.0,101.0,17.0,3.0,38.0,33.0,9.0,154.0,52.0,42.0,33.0,29.0,8.0,128.0,32.0,58.0,3.0,1.0,5.0,150.0,57.0,5.0,131.0,71.0,6.0,211.0,226.0,38.0,0.0,23.0,32.0,59.0,49.0,22.0,76.0,12.0,22.0,14.0,118.0,111.0,0.0,0.0,19.0,20.0,6.0,76.0,22.0,125.0,11.0,200.0,63.0,75.0,26.0,92.0,116.0,22.0,34.0,96.0,91.0,154.0,32.0,48.0,139.0,54.0,7.0,76.0,8.0,111.0,154.0,191.0,4.0,26.0,14.0,4.0,65.0,4.0,0.0,21.0,5.0,5.0,106.0,89.0,9.0,83.0,2.0,15.0,2.0,14.0,56.0,12.0,155.0,15.0,57.0,109.0,50.0,108.0,56.0,14.0,5.0,51.0,26.0,22.0,11.0,55.0,30.0,77.0,12.0,34.0,238.0,19.0,202.0,142.0,33.0,55.0,64.0,28.0,0.0,9.0,58.0,9.0,18.0,27.0,5.0,46.0,43.0,38.0,0.0,0.0,39.0,0.0,8.0,0.0,17.0,18.0,68.0,9.0,6.0,70.0,2.0,1.0,65.0,5.0,21.0,0.0,7.0,2.0,7.0,48.0,0.0,49.0,2.0,41.0,7.0,23.0,27.0,35.0,0.0,93.0,93.0,12.0,51.0,78.0,6.0,56.0,4.0,1.0,0.0,1.0,54.0,4.0,13.0,9.0,9.0,81.0,0.0,0.0,0.0,8.0,0.0,16.0,54.0,8.0,48.0,4.0,1.0,0.0
36,55312746.0,0.0,0.0,2.0,10.0,0.0,7.0,248.0,636.0,1.0,3.0,8.0,2.0,1.0,15.0,0.0,4.0,1.0,0.0,0.0,5.0,1.0,19.0,1.0,0.0,3.0,110.0,45.0,0.0,1.0,1.0,0.0,2.0,17.0,1.0,23.0,0.0,0.0,1.0,7.0,0.0,3.0,0.0,2.0,1.0,3.0,1.0,0.0,0.0,23.0,7.0,67.0,1.0,0.0,1.0,0.0,186.0,3.0,3.0,15.0,167.0,51.0,1.0,0.0,0.0,5.0,1.0,12.0,5.0,8.0,5.0,0.0,52.0,0.0,4.0,1.0,3.0,2.0,0.0,2.0,2.0,0.0,0.0,0.0,1.0,0.0,0.0,5.0,4.0,1.0,3.0,0.0,0.0,0.0,9.0,0.0,1.0,2.0,0.0,1.0,4.0,1.0,4.0,2.0,1.0,0.0,0.0,2.0,1.0,10.0,0.0,1.0,1.0,0.0,2.0,3.0,0.0,11.0,3.0,0.0,2.0,2.0,12.0,0.0,0.0,5.0,0.0,1.0,0.0,1.0,1.0,1.0,4.0,0.0,0.0,0.0,0.0,0.0,0.0,1.0,1.0,0.0,0.0,0.0,6.0,0.0,0.0,29.0,0.0,0.0,0.0,0.0,0.0,0.0,31.0,0.0,0.0,0.0,10.0,1.0,1.0,3.0,0.0,0.0,3.0,29.0,0.0,44.0,4.0,0.0,0.0,0.0,0.0,0.0,0.0,1.0,1.0,0.0,7.0,0.0,0.0,0.0,0.0,0.0,0.0,0.0,0.0,1.0,0.0,1.0,1.0,0.0,0.0
37,56122662.0,0.0,14.0,3.0,36.0,4.0,28.0,1.0,6.0,3.0,1.0,12.0,16.0,7.0,39.0,12.0,15.0,9.0,6.0,2.0,21.0,16.0,23.0,0.0,1.0,2.0,25.0,9.0,0.0,34.0,21.0,2.0,34.0,91.0,12.0,32.0,0.0,0.0,7.0,13.0,7.0,20.0,4.0,8.0,6.0,26.0,28.0,0.0,0.0,2.0,6.0,0.0,23.0,19.0,25.0,1.0,37.0,7.0,17.0,9.0,3.0,18.0,5.0,5.0,18.0,30.0,30.0,9.0,12.0,12.0,21.0,1.0,12.0,6.0,26.0,19.0,104.0,1.0,6.0,4.0,0.0,4.0,0.0,0.0,5.0,5.0,1.0,34.0,20.0,1.0,23.0,1.0,8.0,1.0,1.0,12.0,0.0,23.0,4.0,17.0,24.0,13.0,23.0,14.0,5.0,0.0,12.0,9.0,4.0,7.0,13.0,10.0,14.0,4.0,8.0,38.0,13.0,31.0,22.0,7.0,14.0,19.0,3.0,0.0,1.0,15.0,3.0,6.0,5.0,1.0,9.0,6.0,15.0,0.0,0.0,8.0,0.0,0.0,0.0,1.0,16.0,10.0,2.0,2.0,11.0,0.0,0.0,16.0,0.0,6.0,0.0,4.0,0.0,5.0,10.0,0.0,11.0,0.0,8.0,4.0,6.0,13.0,10.0,0.0,17.0,47.0,2.0,14.0,17.0,2.0,11.0,1.0,0.0,0.0,1.0,13.0,3.0,1.0,1.0,2.0,13.0,0.0,0.0,0.0,1.0,0.0,1.0,18.0,2.0,12.0,0.0,0.0,0.0
38,57811254.0,4.0,53.0,2.0,84.0,9.0,142.0,0.0,0.0,13.0,1.0,42.0,4.0,1.0,199.0,18.0,27.0,42.0,23.0,11.0,115.0,9.0,10.0,2.0,0.0,5.0,92.0,1.0,3.0,182.0,41.0,1.0,285.0,106.0,43.0,59.0,1.0,7.0,0.0,45.0,4.0,107.0,3.0,3.0,5.0,53.0,124.0,0.0,0.0,3.0,5.0,2.0,54.0,14.0,51.0,28.0,10.0,53.0,29.0,11.0,0.0,11.0,3.0,65.0,141.0,79.0,142.0,6.0,30.0,64.0,8.0,2.0,10.0,2.0,115.0,55.0,130.0,1.0,14.0,13.0,2.0,23.0,1.0,0.0,8.0,1.0,20.0,67.0,32.0,5.0,80.0,1.0,15.0,2.0,8.0,77.0,6.0,150.0,19.0,9.0,122.0,43.0,63.0,21.0,18.0,1.0,24.0,7.0,62.0,8.0,31.0,25.0,12.0,9.0,23.0,228.0,7.0,115.0,106.0,83.0,72.0,22.0,11.0,0.0,1.0,46.0,16.0,4.0,8.0,4.0,47.0,77.0,21.0,0.0,0.0,58.0,0.0,3.0,0.0,6.0,12.0,39.0,3.0,6.0,20.0,6.0,1.0,16.0,1.0,27.0,0.0,1.0,1.0,4.0,10.0,0.0,16.0,2.0,8.0,0.0,10.0,6.0,15.0,0.0,32.0,22.0,26.0,17.0,25.0,6.0,11.0,4.0,0.0,0.0,1.0,37.0,5.0,26.0,1.0,9.0,163.0,1.0,2.0,1.0,7.0,0.0,2.0,14.0,1.0,11.0,0.0,0.0,0.0
39,58649685.0,1.0,24.0,5.0,57.0,5.0,76.0,5.0,5.0,7.0,6.0,28.0,11.0,4.0,93.0,22.0,21.0,24.0,12.0,6.0,60.0,12.0,11.0,2.0,1.0,7.0,114.0,8.0,1.0,96.0,27.0,9.0,89.0,92.0,17.0,49.0,7.0,13.0,45.0,0.0,4.0,61.0,3.0,10.0,14.0,50.0,65.0,0.0,0.0,5.0,9.0,10.0,43.0,13.0,42.0,7.0,17.0,28.0,20.0,9.0,10.0,16.0,8.0,13.0,43.0,33.0,69.0,20.0,18.0,21.0,19.0,4.0,20.0,4.0,55.0,32.0,91.0,8.0,16.0,7.0,3.0,13.0,6.0,0.0,8.0,3.0,7.0,36.0,40.0,6.0,42.0,3.0,11.0,1.0,8.0,31.0,2.0,65.0,12.0,13.0,62.0,31.0,44.0,17.0,3.0,0.0,15.0,6.0,14.0,3.0,22.0,16.0,25.0,7.0,14.0,84.0,9.0,69.0,54.0,21.0,28.0,22.0,3.0,0.0,2.0,23.0,5.0,14.0,5.0,8.0,27.0,28.0,17.0,0.0,0.0,30.0,0.0,4.0,0.0,5.0,6.0,24.0,5.0,6.0,26.0,2.0,1.0,22.0,3.0,11.0,0.0,5.0,0.0,5.0,12.0,0.0,13.0,0.0,6.0,6.0,11.0,11.0,13.0,0.0,22.0,25.0,21.0,19.0,25.0,5.0,13.0,2.0,0.0,0.0,0.0,29.0,2.0,4.0,1.0,5.0,50.0,0.0,0.0,0.0,6.0,0.0,2.0,10.0,0.0,16.0,1.0,1.0,0.0
40,59126044.0,2.0,2.0,3.0,10.0,13.0,17.0,0.0,0.0,10.0,1.0,6.0,3.0,1.0,19.0,9.0,11.0,9.0,3.0,1.0,18.0,7.0,7.0,3.0,3.0,1.0,8.0,11.0,0.0,9.0,19.0,1.0,31.0,28.0,12.0,22.0,0.0,7.0,4.0,4.0,0.0,8.0,4.0,8.0,4.0,16.0,19.0,0.0,0.0,4.0,8.0,1.0,9.0,5.0,32.0,2.0,7.0,9.0,16.0,3.0,3.0,11.0,49.0,4.0,13.0,12.0,33.0,7.0,6.0,8.0,12.0,0.0,17.0,2.0,10.0,13.0,29.0,0.0,5.0,2.0,1.0,4.0,2.0,0.0,7.0,1.0,0.0,8.0,19.0,2.0,11.0,1.0,2.0,0.0,1.0,10.0,22.0,16.0,4.0,1.0,10.0,13.0,13.0,16.0,4.0,2.0,5.0,3.0,2.0,3.0,14.0,8.0,10.0,6.0,2.0,19.0,4.0,14.0,11.0,1.0,4.0,8.0,0.0,0.0,10.0,8.0,3.0,16.0,11.0,1.0,1.0,3.0,5.0,0.0,0.0,2.0,1.0,2.0,0.0,39.0,2.0,43.0,4.0,0.0,9.0,1.0,0.0,11.0,6.0,4.0,0.0,7.0,11.0,2.0,7.0,0.0,16.0,2.0,3.0,1.0,3.0,8.0,11.0,0.0,13.0,17.0,1.0,7.0,14.0,0.0,52.0,0.0,1.0,0.0,0.0,12.0,0.0,1.0,2.0,4.0,8.0,0.0,0.0,0.0,0.0,0.0,5.0,32.0,8.0,49.0,1.0,0.0,0.0
41,59404731.0,5.0,30.0,11.0,118.0,1.0,228.0,0.0,2.0,11.0,6.0,71.0,26.0,12.0,286.0,41.0,111.0,32.0,31.0,13.0,119.0,27.0,26.0,3.0,1.0,21.0,139.0,14.0,9.0,145.0,47.0,2.0,366.0,168.0,30.0,76.0,3.0,20.0,107.0,61.0,8.0,0.0,20.0,17.0,7.0,91.0,85.0,0.0,0.0,13.0,12.0,13.0,27.0,69.0,83.0,5.0,24.0,49.0,47.0,51.0,4.0,26.0,9.0,35.0,117.0,119.0,113.0,28.0,47.0,83.0,23.0,9.0,43.0,8.0,179.0,55.0,155.0,4.0,10.0,3.0,7.0,33.0,3.0,0.0,14.0,3.0,2.0,47.0,52.0,15.0,109.0,0.0,4.0,1.0,20.0,34.0,5.0,162.0,13.0,38.0,95.0,29.0,142.0,34.0,2.0,1.0,21.0,6.0,19.0,17.0,13.0,18.0,67.0,27.0,14.0,184.0,11.0,120.0,207.0,32.0,42.0,62.0,2.0,0.0,5.0,14.0,2.0,11.0,13.0,9.0,21.0,32.0,17.0,0.0,0.0,23.0,1.0,10.0,0.0,5.0,12.0,39.0,10.0,1.0,31.0,2.0,1.0,56.0,1.0,9.0,0.0,2.0,0.0,7.0,30.0,0.0,12.0,5.0,23.0,6.0,14.0,26.0,18.0,0.0,77.0,66.0,24.0,50.0,39.0,1.0,20.0,2.0,2.0,0.0,0.0,36.0,7.0,12.0,4.0,3.0,82.0,1.0,0.0,0.0,3.0,0.0,4.0,23.0,2.0,15.0,1.0,4.0,0.0
42,69271325.0,6.0,2.0,2.0,3.0,0.0,10.0,1.0,4.0,10.0,1.0,17.0,10.0,8.0,140.0,15.0,30.0,2.0,2.0,4.0,7.0,10.0,13.0,0.0,0.0,2.0,6.0,8.0,0.0,21.0,8.0,1.0,33.0,44.0,6.0,12.0,0.0,4.0,3.0,3.0,4.0,20.0,0.0,2.0,1.0,27.0,12.0,0.0,0.0,3.0,6.0,0.0,4.0,37.0,18.0,0.0,5.0,2.0,18.0,7.0,2.0,17.0,1.0,4.0,18.0,13.0,24.0,14.0,9.0,5.0,8.0,0.0,6.0,3.0,25.0,6.0,22.0,1.0,0.0,0.0,0.0,5.0,1.0,0.0,6.0,1.0,0.0,6.0,23.0,3.0,35.0,0.0,0.0,0.0,30.0,3.0,1.0,8.0,4.0,11.0,8.0,2.0,12.0,12.0,0.0,0.0,7.0,1.0,3.0,1.0,3.0,5.0,1.0,6.0,3.0,35.0,1.0,9.0,14.0,0.0,3.0,11.0,0.0,0.0,0.0,5.0,2.0,3.0,3.0,0.0,3.0,3.0,3.0,0.0,0.0,1.0,1.0,1.0,0.0,0.0,0.0,3.0,0.0,0.0,10.0,0.0,0.0,35.0,0.0,1.0,0.0,0.0,0.0,0.0,4.0,0.0,5.0,0.0,7.0,1.0,1.0,59.0,12.0,0.0,9.0,17.0,2.0,10.0,13.0,0.0,6.0,0.0,7.0,0.0,0.0,4.0,0.0,0.0,3.0,2.0,11.0,1.0,0.0,0.0,0.0,0.0,1.0,9.0,1.0,5.0,0.0,1.0,0.0
