,0,1,2,3,4,5,6,7,8,9,10,11,12,13,14,15,16,17,18,19,20,21,22,23,24,25,26,27,28,29,30,31,32,33,34,35,36,37,38,39,40,41,42,43,44,45,46,47,48,49,50,51,52,53,54,55,56,57,58,59,60,61,62,63,64,65,66,67,68,69,70,71,72,73,74,75,76,77,78,79,80,81,82,83,84,85,86,87,88,89,90,91,92,93,94,95,96,97,98,99,100,101,102,103,104,105,106,107,108,109,110,111,112,113,114,115,116,117,118,119,120,121,122,123,124,125,126,127,128,129,130,131,132,133,134,135,136,137,138,139,140,141,142,143,144,145,146,147,148,149,150,151,152,153,154,155,156,157,158,159,160,161,162
0,-1.0,102369885.0,1030565256.0,1051350216.0,1087953404.0,113381668.0,1139883054.0,1153461667.0,117823035.0,1291459598.0,1333059001.0,1335760136.0,1376770248.0,1420174280.0,144505433.0,146451547.0,148096595.0,153315774.0,1558658197.0,1596642901.0,1606605774.0,162305483.0,167399591.0,1690789746.0,173440169.0,213593704.0,214835448.0,2169977191.0,2179339949.0,2194294489.0,2245408938.0,2262981727.0,2289821430.0,2315877188.0,2357647305.0,237230120.0,2376555092.0,2478097370.0,2478171368.0,2478224024.0,2479392000.0,2479398997.0,2488443307.0,2492692844.0,2585578158.0,2592491108.0,2811401036.0,2865432406.0,290980868.0,2910242700.0,2911006837.0,2919490124.0,2943058004.0,2956904760.0,2961279018.0,2964865058.0,2966763000.0,2988322231.0,299161925.0,2993264642.0,299742283.0,3021417533.0,3106953674.0,3112089343.0,312475062.0,3239486382.0,3252915559.0,3286260847.0,328969422.0,3315394497.0,3317709895.0,3319992475.0,3321558558.0,3323689118.0,367159422.0,3674141895.0,393972762.0,4009902553.0,4079033294.0,4109776685.0,413729906.0,435617591.0,442897740.0,4481995992.0,4552531032.0,457140613.0,4650254340.0,465431049.0,4838662880.0,496019858.0,501995255.0,552633255.0,553504196.0,66122954.0,7.042462039075963e+17,7.075167413964841e+17,7.182933202970296e+17,7.184282798336369e+17,7.235850151167836e+17,7.296824312682906e+17,7.340434088140841e+17,7.378207415009976e+17,7.396777474720072e+17,7.513127665063731e+17,7.58619895521239e+17,7.603239196937503e+17,7.672629092610458e+17,773403318.0,7.793474572053463e+17,7.813470691434414e+17,7.86241101896319e+17,7.869414938481213e+17,7.873123365916877e+17,7.875670724149576e+17,7.93680660850434e+17,7.962546747603763e+17,7.991236651284603e+17,800092981.0,8.016356205398958e+17,8.10434654608171e+17,8.152582154747453e+17,8.208751337998459e+17,8.391434595042058e+17,8.393756294557983e+17,8.404254073672827e+17,8.437262806588867e+17,8.458253134478377e+17,8.481864022526525e+17,8.501980764928737e+17,8.554015534732206e+17,8.558887380854661e+17,8.829632697443369e+17,8.838788092120801e+17,8.964524056502682e+17,899660964.0,9.000430871283507e+17,9.063528727946281e+17,909005360.0,9.112602518395453e+17,9.23226559934165e+17,9.232562108615926e+17,9.245182675694305e+17,9.250722208245432e+17,9.279797747099197e+17,9.330118341095342e+17,9.339022349531914e+17,9.363143505072128e+17,9.383161666022932e+17,9.40100992644694e+17,9.461095627418624e+17,9.471870963593953e+17,9.54932420180095e+17,9.557004096198328e+17,95648924.0,9.56548157730562e+17,9.567097605433426e+17,9.576386378096271e+17,9.63662879793836e+17,9.656420964502733e+17,967270471.0,97263585.0,986145967.0,99232803.0
1,102369885.0,0.0,13.0,74.0,110.0,47.0,7.0,19.0,13.0,3.0,37.0,15.0,13.0,158.0,9.0,150.0,2.0,3.0,58.0,16.0,16.0,5.0,93.0,5.0,72.0,81.0,16.0,12.0,70.0,24.0,6.0,29.0,3.0,14.0,50.0,41.0,34.0,2.0,1.0,11.0,20.0,3.0,4.0,34.0,19.0,126.0,99.0,38.0,26.0,20.0,75.0,14.0,80.0,104.0,1.0,21.0,46.0,35.0,1.0,77.0,20.0,35.0,5.0,8.0,11.0,20.0,25.0,10.0,97.0,70.0,0.0,17.0,26.0,2.0,34.0,10.0,15.0,44.0,7.0,8.0,31.0,2.0,27.0,56.0,31.0,4.0,14.0,82.0,48.0,2.0,13.0,45.0,40.0,7.0,2.0,2.0,29.0,102.0,131.0,35.0,5.0,97.0,82.0,3.0,45.0,6.0,3.0,29.0,0.0,25.0,15.0,9.0,9.0,52.0,1.0,4.0,29.0,0.0,18.0,1.0,2.0,43.0,2.0,46.0,5.0,73.0,87.0,13.0,112.0,8.0,30.0,6.0,3.0,57.0,98.0,22.0,13.0,17.0,10.0,4.0,35.0,6.0,5.0,3.0,5.0,53.0,16.0,6.0,20.0,9.0,5.0,5.0,42.0,12.0,6.0,14.0,37.0,2.0,17.0,7.0,23.0,5.0,38.0
2,1030565256.0,13.0,0.0,158.0,78.0,49.0,10.0,153.0,15.0,97.0,21.0,58.0,118.0,248.0,28.0,101.0,4.0,92.0,53.0,4.0,56.0,6.0,65.0,33.0,60.0,81.0,18.0,19.0,37.0,100.0,46.0,37.0,35.0,33.0,193.0,155.0,166.0,11.0,25.0,100.0,141.0,79.0,179.0,23.0,65.0,184.0,64.0,150.0,38.0,18.0,53.0,94.0,124.0,69.0,41.0,7.0,39.0,155.0,11.0,55.0,132.0,124.0,20.0,118.0,6.0,32.0,60.0,19.0,75.0,63.0,0.0,137.0,23.0,61.0,92.0,17.0,15.0,69.0,127.0,78.0,120.0,7.0,101.0,51.0,27.0,5.0,29.0,39.0,62.0,10.0,69.0,199.0,217.0,101.0,145.0,6.0,46.0,36.0,129.0,14.0,3.0,75.0,52.0,19.0,84.0,17.0,100.0,32.0,2.0,21.0,33.0,201.0,33.0,58.0,32.0,31.0,52.0,0.0,16.0,2.0,51.0,37.0,6.0,35.0,1.0,44.0,51.0,6.0,71.0,10.0,11.0,15.0,3.0,53.0,43.0,13.0,25.0,6.0,112.0,62.0,41.0,57.0,36.0,127.0,85.0,67.0,29.0,35.0,23.0,52.0,1.0,12.0,33.0,20.0,6.0,6.0,88.0,5.0,15.0,19.0,59.0,13.0,38.0
3,1051350216.0,74.0,158.0,0.0,326.0,304.0,85.0,251.0,48.0,159.0,215.0,125.0,192.0,876.0,55.0,583.0,4.0,139.0,286.0,24.0,128.0,12.0,349.0,64.0,241.0,418.0,49.0,69.0,315.0,231.0,87.0,106.0,44.0,88.0,395.0,325.0,288.0,16.0,34.0,237.0,295.0,157.0,294.0,183.0,140.0,694.0,605.0,444.0,101.0,70.0,441.0,153.0,527.0,493.0,33.0,93.0,226.0,332.0,11.0,428.0,240.0,282.0,103.0,218.0,26.0,87.0,166.0,49.0,457.0,437.0,0.0,258.0,118.0,140.0,277.0,96.0,87.0,309.0,172.0,97.0,290.0,16.0,222.0,301.0,117.0,32.0,136.0,395.0,327.0,18.0,149.0,389.0,562.0,171.0,250.0,22.0,128.0,443.0,707.0,148.0,28.0,500.0,543.0,80.0,311.0,26.0,98.0,122.0,2.0,111.0,95.0,381.0,64.0,364.0,72.0,38.0,187.0,1.0,113.0,3.0,91.0,133.0,10.0,227.0,19.0,218.0,386.0,84.0,430.0,67.0,115.0,95.0,15.0,392.0,354.0,103.0,117.0,69.0,176.0,109.0,145.0,89.0,50.0,188.0,104.0,254.0,98.0,58.0,91.0,69.0,18.0,18.0,213.0,55.0,43.0,66.0,218.0,7.0,104.0,49.0,159.0,108.0,170.0
4,1087953404.0,110.0,78.0,326.0,0.0,147.0,50.0,106.0,33.0,35.0,155.0,90.0,111.0,481.0,44.0,449.0,5.0,39.0,211.0,19.0,75.0,9.0,292.0,24.0,225.0,318.0,44.0,52.0,253.0,139.0,49.0,94.0,32.0,62.0,202.0,153.0,146.0,8.0,20.0,87.0,106.0,23.0,56.0,139.0,97.0,399.0,369.0,195.0,77.0,60.0,290.0,72.0,307.0,345.0,13.0,52.0,163.0,158.0,6.0,296.0,123.0,153.0,53.0,54.0,23.0,60.0,108.0,38.0,358.0,294.0,0.0,90.0,85.0,20.0,183.0,41.0,74.0,200.0,53.0,38.0,152.0,13.0,101.0,198.0,73.0,12.0,87.0,235.0,225.0,11.0,77.0,205.0,216.0,65.0,40.0,20.0,107.0,269.0,391.0,96.0,12.0,322.0,317.0,22.0,196.0,22.0,36.0,104.0,1.0,75.0,68.0,81.0,49.0,233.0,8.0,20.0,129.0,3.0,56.0,2.0,25.0,98.0,8.0,158.0,14.0,171.0,242.0,37.0,294.0,36.0,73.0,45.0,11.0,212.0,275.0,62.0,56.0,49.0,65.0,35.0,87.0,35.0,33.0,40.0,57.0,176.0,64.0,24.0,72.0,36.0,9.0,16.0,150.0,46.0,22.0,36.0,134.0,4.0,75.0,33.0,115.0,54.0,164.0
5,113381668.0,47.0,49.0,304.0,147.0,0.0,44.0,66.0,31.0,31.0,139.0,70.0,46.0,405.0,19.0,280.0,3.0,17.0,116.0,14.0,66.0,7.0,123.0,11.0,113.0,203.0,25.0,39.0,149.0,88.0,30.0,50.0,10.0,39.0,130.0,134.0,87.0,4.0,6.0,107.0,84.0,38.0,73.0,78.0,65.0,302.0,266.0,162.0,52.0,46.0,277.0,43.0,210.0,216.0,10.0,52.0,124.0,109.0,3.0,198.0,78.0,95.0,43.0,66.0,85.0,45.0,69.0,25.0,215.0,210.0,0.0,80.0,65.0,56.0,118.0,43.0,31.0,152.0,25.0,24.0,84.0,12.0,79.0,130.0,56.0,11.0,95.0,158.0,115.0,10.0,59.0,139.0,195.0,35.0,43.0,18.0,44.0,250.0,345.0,92.0,6.0,186.0,316.0,30.0,97.0,11.0,23.0,62.0,0.0,70.0,41.0,97.0,38.0,203.0,25.0,11.0,86.0,1.0,59.0,1.0,20.0,80.0,5.0,223.0,12.0,98.0,224.0,36.0,245.0,36.0,55.0,54.0,13.0,237.0,161.0,136.0,37.0,31.0,49.0,17.0,54.0,17.0,21.0,45.0,39.0,125.0,50.0,21.0,60.0,19.0,5.0,7.0,104.0,53.0,21.0,37.0,89.0,2.0,58.0,17.0,62.0,41.0,97.0
6,1139883054.0,7.0,10.0,85.0,50.0,44.0,0.0,27.0,11.0,1.0,30.0,28.0,24.0,79.0,7.0,61.0,2.0,3.0,128.0,6.0,12.0,6.0,40.0,4.0,51.0,49.0,13.0,12.0,40.0,35.0,28.0,16.0,5.0,19.0,54.0,47.0,35.0,3.0,2.0,36.0,24.0,2.0,8.0,17.0,35.0,99.0,146.0,49.0,8.0,14.0,73.0,29.0,79.0,81.0,1.0,13.0,67.0,49.0,0.0,54.0,26.0,35.0,7.0,16.0,9.0,26.0,29.0,10.0,70.0,71.0,0.0,27.0,13.0,1.0,39.0,52.0,50.0,41.0,14.0,6.0,46.0,1.0,23.0,99.0,38.0,54.0,38.0,109.0,58.0,2.0,8.0,50.0,60.0,9.0,3.0,5.0,13.0,45.0,138.0,25.0,19.0,142.0,59.0,4.0,49.0,4.0,6.0,34.0,0.0,34.0,22.0,16.0,17.0,64.0,1.0,5.0,30.0,0.0,29.0,1.0,0.0,53.0,3.0,35.0,10.0,22.0,80.0,45.0,103.0,44.0,13.0,47.0,22.0,144.0,62.0,26.0,48.0,31.0,12.0,6.0,31.0,6.0,13.0,3.0,15.0,51.0,32.0,7.0,25.0,5.0,4.0,2.0,47.0,6.0,15.0,7.0,28.0,0.0,39.0,9.0,25.0,8.0,28.0
7,1153461667.0,19.0,153.0,251.0,106.0,66.0,27.0,0.0,19.0,200.0,40.0,68.0,177.0,404.0,38.0,140.0,2.0,173.0,81.0,8.0,93.0,9.0,120.0,52.0,69.0,103.0,27.0,26.0,58.0,169.0,56.0,40.0,45.0,43.0,414.0,234.0,287.0,17.0,35.0,153.0,263.0,165.0,346.0,44.0,88.0,293.0,96.0,330.0,59.0,29.0,91.0,137.0,201.0,88.0,57.0,18.0,62.0,282.0,13.0,77.0,199.0,208.0,30.0,228.0,13.0,33.0,102.0,24.0,115.0,86.0,0.0,281.0,35.0,144.0,158.0,27.0,28.0,108.0,230.0,108.0,229.0,10.0,185.0,100.0,42.0,8.0,45.0,71.0,112.0,11.0,105.0,375.0,502.0,188.0,324.0,7.0,71.0,71.0,182.0,32.0,9.0,86.0,81.0,43.0,145.0,18.0,123.0,45.0,2.0,38.0,47.0,489.0,27.0,67.0,71.0,33.0,83.0,0.0,29.0,2.0,84.0,64.0,5.0,60.0,6.0,36.0,85.0,14.0,86.0,23.0,25.0,24.0,8.0,87.0,70.0,29.0,31.0,25.0,189.0,96.0,66.0,101.0,44.0,195.0,93.0,69.0,30.0,36.0,35.0,67.0,2.0,14.0,52.0,19.0,13.0,13.0,101.0,5.0,37.0,26.0,86.0,24.0,47.0
8,117823035.0,13.0,15.0,48.0,33.0,31.0,11.0,19.0,0.0,7.0,25.0,32.0,9.0,69.0,12.0,38.0,1.0,3.0,24.0,9.0,14.0,4.0,27.0,8.0,36.0,58.0,12.0,13.0,30.0,21.0,8.0,19.0,6.0,12.0,16.0,23.0,16.0,2.0,5.0,25.0,19.0,3.0,13.0,16.0,18.0,46.0,50.0,26.0,20.0,14.0,41.0,9.0,36.0,43.0,4.0,9.0,23.0,25.0,2.0,43.0,16.0,20.0,9.0,8.0,5.0,11.0,19.0,7.0,34.0,47.0,0.0,18.0,10.0,7.0,27.0,12.0,9.0,34.0,8.0,8.0,24.0,5.0,18.0,29.0,12.0,5.0,24.0,24.0,20.0,5.0,9.0,27.0,29.0,10.0,3.0,10.0,12.0,50.0,48.0,21.0,3.0,31.0,40.0,8.0,20.0,3.0,3.0,19.0,0.0,22.0,11.0,10.0,13.0,33.0,2.0,6.0,29.0,0.0,8.0,1.0,4.0,32.0,8.0,24.0,4.0,16.0,28.0,9.0,35.0,9.0,16.0,11.0,4.0,28.0,30.0,11.0,8.0,12.0,16.0,9.0,13.0,8.0,4.0,7.0,7.0,20.0,11.0,8.0,17.0,6.0,3.0,6.0,19.0,13.0,3.0,3.0,22.0,2.0,14.0,11.0,13.0,7.0,30.0
9,1291459598.0,3.0,97.0,159.0,35.0,31.0,1.0,200.0,7.0,0.0,7.0,27.0,108.0,233.0,23.0,59.0,1.0,133.0,11.0,3.0,50.0,6.0,67.0,25.0,20.0,28.0,8.0,14.0,7.0,124.0,35.0,17.0,30.0,19.0,271.0,186.0,196.0,14.0,27.0,123.0,268.0,193.0,320.0,8.0,42.0,151.0,16.0,264.0,35.0,10.0,20.0,118.0,115.0,18.0,35.0,4.0,8.0,183.0,11.0,12.0,136.0,161.0,16.0,247.0,2.0,12.0,61.0,8.0,42.0,13.0,0.0,214.0,7.0,185.0,97.0,6.0,6.0,48.0,151.0,97.0,127.0,5.0,165.0,19.0,9.0,2.0,14.0,10.0,49.0,8.0,83.0,244.0,424.0,146.0,306.0,0.0,32.0,11.0,83.0,5.0,1.0,9.0,11.0,45.0,64.0,8.0,83.0,11.0,2.0,7.0,23.0,431.0,10.0,10.0,67.0,27.0,45.0,0.0,3.0,2.0,82.0,20.0,3.0,7.0,1.0,5.0,16.0,5.0,11.0,3.0,5.0,3.0,2.0,12.0,9.0,4.0,6.0,1.0,149.0,71.0,18.0,74.0,29.0,209.0,61.0,15.0,4.0,34.0,6.0,47.0,2.0,9.0,6.0,8.0,1.0,1.0,46.0,4.0,5.0,13.0,52.0,11.0,8.0
10,1333059001.0,37.0,21.0,215.0,155.0,139.0,30.0,40.0,25.0,7.0,0.0,61.0,25.0,275.0,20.0,260.0,2.0,3.0,113.0,33.0,45.0,6.0,111.0,8.0,139.0,196.0,26.0,36.0,154.0,62.0,14.0,47.0,9.0,20.0,64.0,57.0,46.0,2.0,6.0,41.0,44.0,3.0,17.0,99.0,49.0,241.0,254.0,108.0,39.0,37.0,214.0,15.0,127.0,199.0,3.0,121.0,118.0,69.0,1.0,200.0,30.0,69.0,47.0,9.0,22.0,38.0,56.0,20.0,181.0,202.0,0.0,41.0,48.0,4.0,103.0,24.0,34.0,135.0,14.0,8.0,56.0,8.0,36.0,108.0,47.0,12.0,70.0,143.0,111.0,5.0,38.0,100.0,98.0,11.0,5.0,18.0,47.0,427.0,255.0,146.0,7.0,170.0,213.0,17.0,101.0,10.0,6.0,60.0,0.0,51.0,41.0,16.0,35.0,192.0,2.0,7.0,73.0,0.0,36.0,1.0,4.0,58.0,10.0,112.0,22.0,53.0,151.0,35.0,206.0,27.0,120.0,40.0,10.0,118.0,162.0,55.0,25.0,35.0,34.0,10.0,52.0,18.0,11.0,9.0,21.0,68.0,42.0,9.0,63.0,13.0,14.0,6.0,92.0,31.0,32.0,99.0,82.0,3.0,65.0,23.0,68.0,68.0,95.0
11,1335760136.0,15.0,58.0,125.0,90.0,70.0,28.0,68.0,32.0,27.0,61.0,0.0,50.0,195.0,30.0,133.0,4.0,29.0,72.0,8.0,32.0,8.0,70.0,21.0,91.0,110.0,19.0,23.0,54.0,66.0,33.0,38.0,23.0,24.0,81.0,72.0,60.0,9.0,20.0,85.0,58.0,24.0,50.0,32.0,52.0,130.0,106.0,84.0,56.0,28.0,90.0,37.0,90.0,100.0,7.0,15.0,63.0,83.0,10.0,102.0,68.0,67.0,29.0,42.0,10.0,33.0,56.0,10.0,90.0,114.0,0.0,59.0,23.0,15.0,88.0,21.0,20.0,85.0,38.0,27.0,75.0,11.0,53.0,72.0,35.0,9.0,51.0,53.0,69.0,11.0,56.0,93.0,100.0,40.0,28.0,10.0,45.0,139.0,123.0,33.0,5.0,92.0,86.0,19.0,63.0,12.0,27.0,38.0,1.0,37.0,38.0,56.0,38.0,98.0,8.0,17.0,59.0,1.0,23.0,1.0,18.0,52.0,8.0,49.0,7.0,29.0,73.0,16.0,93.0,18.0,22.0,29.0,6.0,75.0,59.0,27.0,23.0,21.0,44.0,36.0,35.0,28.0,24.0,38.0,37.0,64.0,25.0,22.0,32.0,30.0,4.0,12.0,40.0,29.0,6.0,9.0,68.0,5.0,28.0,25.0,42.0,25.0,76.0
12,1376770248.0,13.0,118.0,192.0,111.0,46.0,24.0,177.0,9.0,108.0,25.0,50.0,0.0,272.0,33.0,136.0,2.0,137.0,67.0,5.0,73.0,8.0,112.0,47.0,71.0,84.0,20.0,18.0,50.0,109.0,63.0,40.0,41.0,49.0,314.0,175.0,240.0,18.0,32.0,107.0,148.0,92.0,215.0,34.0,83.0,220.0,91.0,187.0,42.0,20.0,85.0,104.0,163.0,81.0,38.0,10.0,45.0,176.0,13.0,67.0,167.0,133.0,36.0,134.0,5.0,31.0,76.0,19.0,119.0,68.0,0.0,167.0,32.0,64.0,114.0,17.0,23.0,95.0,132.0,66.0,204.0,5.0,122.0,71.0,28.0,5.0,31.0,57.0,96.0,11.0,82.0,236.0,314.0,138.0,199.0,0.0,72.0,44.0,149.0,18.0,4.0,88.0,67.0,23.0,129.0,16.0,96.0,33.0,2.0,19.0,37.0,273.0,25.0,57.0,34.0,29.0,59.0,0.0,20.0,2.0,78.0,58.0,4.0,34.0,1.0,41.0,70.0,5.0,77.0,10.0,15.0,11.0,2.0,69.0,69.0,6.0,24.0,7.0,98.0,76.0,51.0,67.0,37.0,123.0,93.0,68.0,19.0,35.0,15.0,58.0,2.0,11.0,43.0,18.0,6.0,5.0,90.0,5.0,23.0,25.0,78.0,31.0,31.0
13,1420174280.0,158.0,248.0,876.0,481.0,405.0,79.0,404.0,69.0,233.0,275.0,195.0,272.0,0.0,69.0,882.0,5.0,217.0,313.0,30.0,346.0,12.0,479.0,73.0,362.0,595.0,57.0,120.0,385.0,278.0,99.0,136.0,47.0,98.0,712.0,492.0,470.0,20.0,40.0,252.0,426.0,221.0,581.0,210.0,172.0,968.0,763.0,610.0,177.0,80.0,524.0,192.0,636.0,625.0,82.0,90.0,244.0,488.0,13.0,579.0,321.0,365.0,128.0,278.0,32.0,106.0,194.0,53.0,610.0,572.0,0.0,394.0,161.0,184.0,335.0,81.0,84.0,361.0,331.0,189.0,406.0,33.0,274.0,345.0,130.0,19.0,173.0,432.0,368.0,25.0,203.0,732.0,905.0,263.0,429.0,68.0,165.0,759.0,909.0,161.0,19.0,580.0,714.0,98.0,345.0,31.0,161.0,139.0,2.0,147.0,104.0,749.0,81.0,415.0,69.0,43.0,208.0,4.0,111.0,2.0,116.0,192.0,14.0,274.0,20.0,346.0,422.0,56.0,563.0,70.0,134.0,85.0,16.0,410.0,437.0,109.0,103.0,70.0,252.0,131.0,161.0,140.0,61.0,295.0,150.0,311.0,110.0,62.0,104.0,76.0,14.0,20.0,233.0,121.0,42.0,70.0,260.0,7.0,103.0,49.0,200.0,128.0,305.0
14,144505433.0,9.0,28.0,55.0,44.0,19.0,7.0,38.0,12.0,23.0,20.0,30.0,33.0,69.0,0.0,57.0,1.0,21.0,31.0,3.0,10.0,8.0,43.0,16.0,39.0,47.0,16.0,8.0,32.0,40.0,14.0,23.0,17.0,20.0,57.0,39.0,43.0,7.0,15.0,35.0,40.0,20.0,31.0,24.0,30.0,52.0,40.0,40.0,26.0,11.0,38.0,24.0,49.0,37.0,7.0,6.0,24.0,46.0,6.0,39.0,40.0,39.0,13.0,33.0,3.0,17.0,33.0,10.0,52.0,38.0,0.0,33.0,13.0,16.0,48.0,8.0,12.0,36.0,22.0,15.0,42.0,2.0,37.0,28.0,14.0,2.0,19.0,33.0,36.0,7.0,27.0,41.0,56.0,29.0,26.0,4.0,25.0,37.0,51.0,14.0,3.0,33.0,29.0,7.0,36.0,8.0,13.0,24.0,1.0,10.0,22.0,39.0,18.0,30.0,6.0,11.0,36.0,0.0,7.0,1.0,15.0,16.0,5.0,22.0,1.0,20.0,28.0,5.0,32.0,1.0,14.0,4.0,1.0,26.0,30.0,9.0,6.0,7.0,29.0,21.0,21.0,23.0,13.0,25.0,20.0,24.0,10.0,10.0,12.0,17.0,2.0,9.0,23.0,11.0,4.0,7.0,38.0,4.0,12.0,18.0,33.0,16.0,33.0
15,146451547.0,150.0,101.0,583.0,449.0,280.0,61.0,140.0,38.0,59.0,260.0,133.0,136.0,882.0,57.0,0.0,3.0,51.0,288.0,26.0,122.0,12.0,484.0,51.0,301.0,484.0,56.0,95.0,368.0,180.0,64.0,132.0,30.0,83.0,293.0,246.0,200.0,11.0,28.0,133.0,172.0,41.0,119.0,223.0,130.0,660.0,662.0,283.0,122.0,74.0,465.0,87.0,568.0,566.0,25.0,104.0,235.0,233.0,9.0,571.0,159.0,212.0,149.0,77.0,29.0,93.0,139.0,49.0,558.0,465.0,0.0,136.0,130.0,54.0,230.0,88.0,82.0,283.0,86.0,54.0,223.0,22.0,119.0,310.0,119.0,17.0,140.0,420.0,388.0,21.0,143.0,301.0,400.0,96.0,88.0,33.0,145.0,528.0,728.0,158.0,16.0,531.0,601.0,41.0,296.0,28.0,37.0,130.0,1.0,107.0,99.0,186.0,64.0,337.0,19.0,27.0,187.0,2.0,97.0,2.0,53.0,119.0,9.0,279.0,15.0,367.0,407.0,52.0,540.0,43.0,147.0,59.0,18.0,351.0,498.0,89.0,82.0,77.0,94.0,68.0,123.0,73.0,37.0,77.0,72.0,280.0,89.0,34.0,92.0,38.0,19.0,17.0,238.0,72.0,38.0,78.0,192.0,5.0,96.0,50.0,158.0,152.0,237.0
16,148096595.0,2.0,4.0,4.0,5.0,3.0,2.0,2.0,1.0,1.0,2.0,4.0,2.0,5.0,1.0,3.0,0.0,1.0,5.0,1.0,1.0,1.0,2.0,1.0,5.0,3.0,2.0,1.0,2.0,2.0,3.0,2.0,2.0,2.0,1.0,3.0,2.0,1.0,1.0,3.0,1.0,1.0,2.0,1.0,1.0,5.0,3.0,2.0,1.0,2.0,2.0,1.0,3.0,4.0,1.0,1.0,3.0,2.0,1.0,3.0,3.0,3.0,1.0,3.0,1.0,4.0,3.0,0.0,2.0,5.0,0.0,1.0,2.0,1.0,2.0,1.0,1.0,2.0,2.0,2.0,4.0,1.0,3.0,3.0,2.0,0.0,1.0,4.0,2.0,1.0,2.0,5.0,4.0,1.0,1.0,0.0,2.0,3.0,4.0,3.0,0.0,5.0,4.0,1.0,2.0,1.0,4.0,2.0,0.0,1.0,2.0,1.0,3.0,4.0,1.0,1.0,1.0,0.0,2.0,1.0,1.0,3.0,1.0,5.0,0.0,3.0,5.0,1.0,4.0,1.0,3.0,0.0,1.0,3.0,2.0,1.0,0.0,1.0,1.0,1.0,5.0,1.0,3.0,1.0,1.0,5.0,2.0,2.0,3.0,1.0,1.0,1.0,3.0,1.0,0.0,0.0,4.0,1.0,1.0,1.0,2.0,1.0,4.0
17,153315774.0,3.0,92.0,139.0,39.0,17.0,3.0,173.0,3.0,133.0,3.0,29.0,137.0,217.0,21.0,51.0,1.0,0.0,11.0,1.0,68.0,7.0,49.0,35.0,21.0,21.0,6.0,11.0,7.0,116.0,37.0,15.0,32.0,20.0,324.0,135.0,260.0,13.0,25.0,90.0,197.0,155.0,285.0,5.0,63.0,127.0,18.0,217.0,22.0,5.0,17.0,114.0,114.0,17.0,43.0,2.0,7.0,160.0,12.0,9.0,131.0,112.0,15.0,195.0,1.0,10.0,56.0,16.0,56.0,14.0,0.0,193.0,9.0,145.0,104.0,2.0,2.0,45.0,138.0,68.0,235.0,5.0,124.0,16.0,10.0,2.0,8.0,8.0,71.0,7.0,62.0,229.0,396.0,170.0,331.0,0.0,49.0,5.0,74.0,2.0,1.0,13.0,6.0,47.0,72.0,12.0,80.0,11.0,2.0,3.0,25.0,374.0,7.0,8.0,60.0,19.0,36.0,0.0,6.0,2.0,62.0,16.0,1.0,3.0,0.0,5.0,24.0,1.0,11.0,0.0,2.0,1.0,1.0,10.0,12.0,0.0,2.0,1.0,110.0,75.0,21.0,69.0,28.0,154.0,61.0,11.0,0.0,31.0,7.0,48.0,2.0,6.0,3.0,6.0,0.0,0.0,47.0,4.0,2.0,17.0,44.0,11.0,8.0
18,1558658197.0,58.0,53.0,286.0,211.0,116.0,128.0,81.0,24.0,11.0,113.0,72.0,67.0,313.0,31.0,288.0,5.0,11.0,0.0,19.0,38.0,14.0,200.0,19.0,176.0,229.0,47.0,47.0,175.0,103.0,51.0,73.0,18.0,63.0,161.0,129.0,112.0,6.0,10.0,68.0,92.0,6.0,27.0,117.0,94.0,313.0,549.0,182.0,50.0,49.0,259.0,57.0,251.0,282.0,5.0,51.0,201.0,140.0,2.0,264.0,97.0,135.0,41.0,28.0,34.0,61.0,112.0,43.0,274.0,256.0,0.0,61.0,83.0,11.0,141.0,123.0,142.0,163.0,32.0,29.0,124.0,8.0,66.0,311.0,98.0,127.0,71.0,351.0,204.0,4.0,56.0,162.0,196.0,34.0,10.0,12.0,70.0,204.0,432.0,88.0,43.0,529.0,242.0,12.0,180.0,14.0,16.0,108.0,0.0,110.0,61.0,53.0,49.0,220.0,6.0,15.0,111.0,2.0,73.0,2.0,7.0,94.0,8.0,133.0,16.0,135.0,259.0,122.0,324.0,95.0,67.0,108.0,60.0,474.0,237.0,71.0,122.0,80.0,42.0,24.0,98.0,24.0,25.0,16.0,35.0,204.0,87.0,19.0,67.0,23.0,10.0,14.0,173.0,34.0,37.0,30.0,125.0,4.0,98.0,29.0,82.0,48.0,122.0
19,1596642901.0,16.0,4.0,24.0,19.0,14.0,6.0,8.0,9.0,3.0,33.0,8.0,5.0,30.0,3.0,26.0,1.0,1.0,19.0,0.0,8.0,2.0,13.0,3.0,16.0,25.0,3.0,6.0,23.0,9.0,4.0,8.0,3.0,4.0,9.0,12.0,11.0,1.0,2.0,6.0,8.0,1.0,2.0,18.0,7.0,32.0,29.0,13.0,6.0,8.0,22.0,3.0,17.0,21.0,1.0,29.0,19.0,9.0,1.0,19.0,5.0,10.0,6.0,3.0,10.0,12.0,11.0,2.0,18.0,24.0,0.0,8.0,7.0,2.0,13.0,5.0,5.0,16.0,6.0,4.0,12.0,2.0,8.0,17.0,12.0,5.0,10.0,28.0,15.0,2.0,5.0,14.0,13.0,3.0,2.0,3.0,7.0,40.0,33.0,29.0,1.0,25.0,22.0,4.0,16.0,1.0,1.0,8.0,0.0,11.0,8.0,6.0,4.0,21.0,1.0,4.0,11.0,0.0,6.0,1.0,2.0,16.0,4.0,14.0,6.0,8.0,26.0,11.0,32.0,9.0,20.0,5.0,5.0,18.0,25.0,9.0,5.0,6.0,11.0,4.0,12.0,7.0,4.0,5.0,3.0,10.0,8.0,2.0,11.0,5.0,7.0,3.0,18.0,7.0,5.0,14.0,17.0,2.0,13.0,4.0,9.0,8.0,10.0
20,1606605774.0,16.0,56.0,128.0,75.0,66.0,12.0,93.0,14.0,50.0,45.0,32.0,73.0,346.0,10.0,122.0,1.0,68.0,38.0,8.0,0.0,4.0,51.0,16.0,54.0,72.0,7.0,17.0,59.0,60.0,26.0,19.0,16.0,15.0,185.0,90.0,109.0,7.0,15.0,56.0,53.0,27.0,100.0,19.0,38.0,176.0,100.0,89.0,26.0,19.0,59.0,51.0,83.0,69.0,27.0,14.0,37.0,94.0,5.0,70.0,65.0,65.0,16.0,53.0,10.0,13.0,34.0,13.0,67.0,87.0,0.0,84.0,62.0,19.0,65.0,7.0,9.0,76.0,50.0,28.0,100.0,23.0,31.0,38.0,10.0,6.0,24.0,45.0,40.0,11.0,46.0,119.0,144.0,66.0,97.0,69.0,50.0,175.0,103.0,27.0,3.0,68.0,65.0,24.0,83.0,8.0,45.0,22.0,0.0,32.0,18.0,138.0,14.0,50.0,12.0,8.0,33.0,2.0,16.0,2.0,18.0,29.0,5.0,35.0,3.0,32.0,41.0,10.0,53.0,11.0,21.0,14.0,3.0,39.0,40.0,8.0,6.0,12.0,51.0,23.0,18.0,50.0,22.0,49.0,40.0,28.0,11.0,14.0,23.0,34.0,4.0,5.0,22.0,162.0,6.0,7.0,39.0,4.0,17.0,10.0,38.0,17.0,49.0
21,162305483.0,5.0,6.0,12.0,9.0,7.0,6.0,9.0,4.0,6.0,6.0,8.0,8.0,12.0,8.0,12.0,1.0,7.0,14.0,2.0,4.0,0.0,9.0,6.0,11.0,10.0,5.0,4.0,5.0,10.0,3.0,6.0,5.0,6.0,13.0,7.0,10.0,6.0,4.0,7.0,9.0,6.0,7.0,5.0,7.0,13.0,16.0,12.0,5.0,6.0,10.0,9.0,11.0,13.0,4.0,4.0,8.0,10.0,3.0,9.0,8.0,9.0,4.0,8.0,4.0,6.0,8.0,1.0,15.0,8.0,0.0,10.0,4.0,4.0,11.0,5.0,7.0,10.0,7.0,4.0,9.0,3.0,8.0,9.0,6.0,5.0,5.0,11.0,11.0,3.0,7.0,11.0,12.0,8.0,5.0,1.0,10.0,8.0,15.0,6.0,6.0,11.0,8.0,3.0,12.0,5.0,5.0,7.0,0.0,7.0,10.0,6.0,6.0,7.0,2.0,7.0,8.0,1.0,3.0,1.0,6.0,5.0,1.0,3.0,1.0,4.0,11.0,8.0,11.0,4.0,6.0,6.0,2.0,12.0,9.0,3.0,3.0,5.0,8.0,8.0,7.0,5.0,4.0,6.0,7.0,8.0,6.0,4.0,3.0,7.0,3.0,3.0,6.0,3.0,3.0,2.0,8.0,2.0,6.0,5.0,8.0,3.0,7.0
22,167399591.0,93.0,65.0,349.0,292.0,123.0,40.0,120.0,27.0,67.0,111.0,70.0,112.0,479.0,43.0,484.0,2.0,49.0,200.0,13.0,51.0,9.0,0.0,26.0,189.0,289.0,44.0,60.0,229.0,167.0,46.0,96.0,26.0,67.0,236.0,186.0,176.0,10.0,21.0,93.0,154.0,59.0,115.0,139.0,94.0,379.0,377.0,238.0,90.0,53.0,288.0,85.0,328.0,333.0,16.0,45.0,140.0,175.0,6.0,310.0,132.0,171.0,70.0,109.0,22.0,67.0,116.0,33.0,352.0,258.0,0.0,114.0,86.0,90.0,169.0,49.0,62.0,171.0,59.0,54.0,161.0,9.0,124.0,200.0,89.0,11.0,84.0,254.0,252.0,13.0,100.0,207.0,325.0,74.0,100.0,11.0,106.0,245.0,387.0,73.0,14.0,318.0,321.0,34.0,205.0,20.0,28.0,103.0,1.0,66.0,74.0,178.0,36.0,194.0,28.0,23.0,134.0,2.0,66.0,1.0,51.0,81.0,6.0,148.0,7.0,214.0,254.0,31.0,300.0,28.0,75.0,29.0,13.0,226.0,293.0,53.0,53.0,43.0,96.0,53.0,88.0,49.0,23.0,90.0,49.0,201.0,63.0,29.0,60.0,28.0,5.0,15.0,162.0,37.0,19.0,37.0,124.0,4.0,66.0,32.0,113.0,80.0,138.0
23,1690789746.0,5.0,33.0,64.0,24.0,11.0,4.0,52.0,8.0,25.0,8.0,21.0,47.0,73.0,16.0,51.0,1.0,35.0,19.0,3.0,16.0,6.0,26.0,0.0,21.0,30.0,6.0,7.0,13.0,31.0,15.0,12.0,15.0,22.0,52.0,32.0,45.0,10.0,15.0,32.0,49.0,21.0,58.0,7.0,27.0,68.0,21.0,45.0,19.0,10.0,19.0,29.0,61.0,24.0,7.0,5.0,13.0,52.0,6.0,17.0,49.0,33.0,10.0,29.0,4.0,14.0,22.0,8.0,25.0,26.0,0.0,59.0,10.0,16.0,30.0,9.0,4.0,27.0,54.0,24.0,68.0,2.0,34.0,28.0,12.0,4.0,21.0,17.0,20.0,5.0,27.0,70.0,76.0,56.0,53.0,0.0,19.0,16.0,55.0,8.0,2.0,21.0,18.0,13.0,29.0,7.0,21.0,15.0,1.0,10.0,14.0,69.0,11.0,18.0,9.0,10.0,21.0,0.0,5.0,1.0,37.0,11.0,2.0,7.0,0.0,8.0,22.0,4.0,20.0,5.0,5.0,4.0,2.0,21.0,18.0,7.0,7.0,3.0,33.0,44.0,23.0,24.0,11.0,36.0,24.0,21.0,6.0,14.0,8.0,15.0,2.0,8.0,12.0,8.0,2.0,0.0,23.0,4.0,8.0,12.0,26.0,5.0,12.0
24,173440169.0,72.0,60.0,241.0,225.0,113.0,51.0,69.0,36.0,20.0,139.0,91.0,71.0,362.0,39.0,301.0,5.0,21.0,176.0,16.0,54.0,11.0,189.0,21.0,0.0,238.0,44.0,40.0,180.0,100.0,47.0,68.0,22.0,53.0,160.0,101.0,96.0,7.0,16.0,83.0,86.0,15.0,47.0,99.0,79.0,316.0,308.0,150.0,60.0,46.0,231.0,38.0,209.0,255.0,7.0,38.0,134.0,121.0,5.0,238.0,82.0,107.0,41.0,30.0,25.0,49.0,86.0,33.0,243.0,245.0,0.0,61.0,60.0,15.0,124.0,33.0,50.0,149.0,33.0,25.0,99.0,12.0,78.0,146.0,58.0,17.0,67.0,184.0,147.0,8.0,52.0,146.0,156.0,41.0,22.0,18.0,72.0,282.0,311.0,79.0,16.0,233.0,221.0,29.0,140.0,18.0,22.0,91.0,0.0,59.0,50.0,45.0,52.0,183.0,7.0,16.0,89.0,0.0,42.0,2.0,17.0,112.0,11.0,123.0,12.0,106.0,186.0,25.0,224.0,32.0,82.0,34.0,7.0,163.0,213.0,46.0,46.0,36.0,46.0,25.0,77.0,24.0,30.0,25.0,36.0,136.0,57.0,17.0,50.0,28.0,9.0,11.0,101.0,32.0,18.0,28.0,110.0,3.0,66.0,30.0,68.0,51.0,154.0
25,213593704.0,81.0,81.0,418.0,318.0,203.0,49.0,103.0,58.0,28.0,196.0,110.0,84.0,595.0,47.0,484.0,3.0,21.0,229.0,25.0,72.0,10.0,289.0,30.0,238.0,0.0,52.0,60.0,295.0,153.0,60.0,110.0,26.0,78.0,177.0,173.0,135.0,8.0,22.0,120.0,114.0,19.0,65.0,188.0,113.0,500.0,440.0,236.0,108.0,73.0,388.0,61.0,361.0,407.0,11.0,67.0,190.0,190.0,6.0,391.0,122.0,162.0,74.0,45.0,30.0,85.0,128.0,40.0,363.0,381.0,0.0,95.0,101.0,25.0,196.0,64.0,69.0,246.0,49.0,41.0,165.0,15.0,103.0,258.0,99.0,13.0,141.0,316.0,260.0,17.0,96.0,230.0,249.0,55.0,28.0,30.0,106.0,390.0,503.0,133.0,12.0,362.0,432.0,31.0,226.0,24.0,24.0,120.0,2.0,110.0,81.0,84.0,60.0,302.0,7.0,18.0,162.0,0.0,81.0,2.0,24.0,122.0,11.0,214.0,16.0,194.0,319.0,44.0,366.0,44.0,110.0,59.0,9.0,274.0,311.0,88.0,74.0,51.0,71.0,41.0,103.0,44.0,30.0,35.0,54.0,223.0,83.0,23.0,84.0,33.0,9.0,17.0,193.0,52.0,30.0,49.0,169.0,6.0,93.0,42.0,133.0,84.0,199.0
26,214835448.0,16.0,18.0,49.0,44.0,25.0,13.0,27.0,12.0,8.0,26.0,19.0,20.0,57.0,16.0,56.0,2.0,6.0,47.0,3.0,7.0,5.0,44.0,6.0,44.0,52.0,0.0,18.0,35.0,34.0,14.0,28.0,9.0,24.0,30.0,37.0,29.0,4.0,4.0,13.0,30.0,3.0,8.0,43.0,31.0,56.0,54.0,40.0,20.0,23.0,46.0,18.0,50.0,56.0,3.0,16.0,44.0,38.0,2.0,51.0,29.0,43.0,18.0,13.0,6.0,19.0,35.0,17.0,44.0,50.0,0.0,21.0,19.0,6.0,43.0,22.0,21.0,44.0,11.0,12.0,30.0,4.0,28.0,41.0,28.0,4.0,22.0,42.0,46.0,3.0,18.0,42.0,39.0,14.0,7.0,2.0,19.0,46.0,54.0,27.0,7.0,51.0,54.0,5.0,40.0,10.0,6.0,37.0,0.0,21.0,22.0,17.0,19.0,47.0,4.0,6.0,41.0,0.0,24.0,1.0,3.0,26.0,4.0,34.0,1.0,34.0,51.0,6.0,54.0,10.0,23.0,9.0,4.0,45.0,48.0,18.0,14.0,15.0,17.0,11.0,32.0,4.0,10.0,7.0,11.0,43.0,19.0,8.0,22.0,10.0,2.0,9.0,42.0,12.0,6.0,9.0,40.0,3.0,22.0,11.0,22.0,15.0,35.0
27,2169977191.0,12.0,19.0,69.0,52.0,39.0,12.0,26.0,13.0,14.0,36.0,23.0,18.0,120.0,8.0,95.0,1.0,11.0,47.0,6.0,17.0,4.0,60.0,7.0,40.0,60.0,18.0,0.0,49.0,41.0,9.0,17.0,11.0,12.0,54.0,43.0,30.0,2.0,5.0,30.0,47.0,14.0,36.0,26.0,28.0,87.0,90.0,63.0,26.0,24.0,55.0,23.0,61.0,65.0,6.0,11.0,40.0,45.0,2.0,63.0,22.0,38.0,14.0,32.0,9.0,16.0,28.0,5.0,59.0,70.0,0.0,41.0,18.0,30.0,44.0,19.0,16.0,48.0,14.0,12.0,31.0,1.0,29.0,52.0,23.0,6.0,27.0,59.0,40.0,3.0,27.0,53.0,81.0,21.0,27.0,2.0,22.0,66.0,73.0,24.0,5.0,49.0,79.0,7.0,40.0,10.0,8.0,26.0,0.0,28.0,18.0,60.0,14.0,53.0,13.0,5.0,36.0,0.0,16.0,1.0,10.0,25.0,6.0,30.0,4.0,32.0,45.0,18.0,66.0,11.0,16.0,19.0,8.0,52.0,47.0,17.0,16.0,15.0,24.0,12.0,30.0,11.0,8.0,29.0,10.0,35.0,21.0,4.0,22.0,9.0,3.0,6.0,35.0,13.0,6.0,3.0,25.0,2.0,21.0,7.0,19.0,9.0,33.0
28,2179339949.0,70.0,37.0,315.0,253.0,149.0,40.0,58.0,30.0,7.0,154.0,54.0,50.0,385.0,32.0,368.0,2.0,7.0,175.0,23.0,59.0,5.0,229.0,13.0,180.0,295.0,35.0,49.0,0.0,106.0,25.0,71.0,11.0,52.0,129.0,119.0,92.0,1.0,5.0,60.0,69.0,5.0,25.0,151.0,80.0,386.0,352.0,173.0,68.0,66.0,300.0,41.0,281.0,329.0,6.0,58.0,163.0,132.0,1.0,287.0,70.0,115.0,48.0,24.0,22.0,62.0,84.0,32.0,278.0,354.0,0.0,53.0,129.0,9.0,134.0,41.0,47.0,184.0,21.0,21.0,102.0,7.0,66.0,181.0,75.0,11.0,80.0,251.0,204.0,3.0,48.0,150.0,183.0,23.0,9.0,13.0,71.0,281.0,377.0,110.0,11.0,269.0,337.0,19.0,206.0,17.0,11.0,95.0,0.0,79.0,47.0,40.0,42.0,253.0,4.0,9.0,110.0,2.0,111.0,1.0,4.0,82.0,8.0,189.0,15.0,148.0,261.0,38.0,319.0,28.0,86.0,42.0,7.0,238.0,264.0,57.0,51.0,38.0,39.0,14.0,77.0,19.0,20.0,13.0,28.0,158.0,62.0,16.0,68.0,16.0,9.0,10.0,144.0,36.0,32.0,39.0,111.0,3.0,75.0,28.0,83.0,63.0,127.0
29,2194294489.0,24.0,100.0,231.0,139.0,88.0,35.0,169.0,21.0,124.0,62.0,66.0,109.0,278.0,40.0,180.0,2.0,116.0,103.0,9.0,60.0,10.0,167.0,31.0,100.0,153.0,34.0,41.0,106.0,0.0,46.0,54.0,36.0,55.0,233.0,184.0,171.0,12.0,29.0,121.0,235.0,149.0,226.0,72.0,90.0,260.0,165.0,300.0,53.0,42.0,137.0,116.0,194.0,152.0,33.0,23.0,94.0,199.0,11.0,129.0,144.0,186.0,47.0,243.0,12.0,37.0,117.0,26.0,157.0,133.0,0.0,205.0,52.0,211.0,178.0,35.0,35.0,137.0,92.0,70.0,155.0,9.0,171.0,115.0,48.0,9.0,67.0,113.0,135.0,12.0,109.0,221.0,425.0,135.0,236.0,10.0,79.0,110.0,192.0,45.0,9.0,132.0,137.0,49.0,145.0,19.0,70.0,73.0,2.0,51.0,57.0,356.0,36.0,111.0,78.0,22.0,111.0,1.0,36.0,2.0,64.0,57.0,7.0,89.0,6.0,72.0,124.0,20.0,126.0,24.0,41.0,32.0,10.0,125.0,108.0,39.0,35.0,30.0,143.0,70.0,56.0,54.0,32.0,170.0,63.0,96.0,39.0,35.0,42.0,44.0,3.0,14.0,91.0,29.0,14.0,20.0,100.0,6.0,52.0,28.0,85.0,42.0,70.0
30,2245408938.0,6.0,46.0,87.0,49.0,30.0,28.0,56.0,8.0,35.0,14.0,33.0,63.0,99.0,14.0,64.0,3.0,37.0,51.0,4.0,26.0,3.0,46.0,15.0,47.0,60.0,14.0,9.0,25.0,46.0,0.0,18.0,23.0,37.0,80.0,65.0,66.0,8.0,19.0,71.0,53.0,26.0,52.0,15.0,39.0,99.0,57.0,76.0,25.0,10.0,50.0,42.0,87.0,54.0,9.0,7.0,33.0,69.0,7.0,29.0,67.0,61.0,27.0,48.0,4.0,15.0,41.0,10.0,59.0,46.0,0.0,53.0,11.0,19.0,52.0,19.0,15.0,44.0,38.0,23.0,79.0,4.0,55.0,62.0,29.0,3.0,15.0,51.0,53.0,8.0,43.0,75.0,103.0,50.0,41.0,0.0,29.0,31.0,88.0,15.0,5.0,55.0,49.0,11.0,61.0,9.0,37.0,26.0,3.0,17.0,26.0,75.0,12.0,37.0,15.0,17.0,33.0,0.0,21.0,2.0,23.0,44.0,4.0,30.0,3.0,16.0,64.0,4.0,59.0,18.0,10.0,18.0,3.0,61.0,41.0,18.0,33.0,6.0,35.0,34.0,29.0,26.0,28.0,43.0,43.0,38.0,16.0,14.0,17.0,28.0,1.0,8.0,25.0,13.0,6.0,4.0,40.0,4.0,16.0,15.0,47.0,13.0,13.0
31,2262981727.0,29.0,37.0,106.0,94.0,50.0,16.0,40.0,19.0,17.0,47.0,38.0,40.0,136.0,23.0,132.0,2.0,15.0,73.0,8.0,19.0,6.0,96.0,12.0,68.0,110.0,28.0,17.0,71.0,54.0,18.0,0.0,13.0,29.0,79.0,73.0,61.0,6.0,9.0,33.0,50.0,14.0,26.0,68.0,48.0,132.0,112.0,78.0,40.0,24.0,111.0,29.0,101.0,111.0,6.0,22.0,57.0,65.0,3.0,112.0,53.0,73.0,37.0,24.0,12.0,35.0,49.0,19.0,96.0,95.0,0.0,31.0,31.0,11.0,77.0,21.0,27.0,71.0,21.0,17.0,66.0,3.0,44.0,72.0,40.0,6.0,37.0,82.0,84.0,6.0,37.0,81.0,85.0,21.0,18.0,6.0,45.0,90.0,128.0,39.0,9.0,98.0,103.0,11.0,69.0,9.0,14.0,43.0,0.0,29.0,28.0,37.0,22.0,82.0,5.0,12.0,57.0,0.0,27.0,1.0,11.0,33.0,7.0,65.0,4.0,60.0,85.0,16.0,96.0,10.0,36.0,10.0,4.0,70.0,82.0,22.0,22.0,21.0,34.0,19.0,42.0,16.0,10.0,22.0,23.0,73.0,26.0,14.0,28.0,19.0,4.0,11.0,74.0,22.0,13.0,17.0,59.0,3.0,39.0,18.0,47.0,39.0,47.0
32,2289821430.0,3.0,35.0,44.0,32.0,10.0,5.0,45.0,6.0,30.0,9.0,23.0,41.0,47.0,17.0,30.0,2.0,32.0,18.0,3.0,16.0,5.0,26.0,15.0,22.0,26.0,9.0,11.0,11.0,36.0,23.0,13.0,0.0,18.0,56.0,37.0,48.0,7.0,16.0,36.0,37.0,16.0,34.0,9.0,19.0,54.0,22.0,37.0,20.0,10.0,19.0,30.0,39.0,22.0,5.0,4.0,14.0,44.0,6.0,13.0,37.0,37.0,13.0,40.0,3.0,11.0,24.0,5.0,35.0,15.0,0.0,41.0,7.0,13.0,31.0,8.0,6.0,30.0,33.0,21.0,47.0,3.0,33.0,24.0,14.0,3.0,11.0,19.0,32.0,6.0,27.0,47.0,60.0,29.0,33.0,0.0,31.0,13.0,41.0,9.0,3.0,20.0,17.0,6.0,46.0,9.0,26.0,13.0,2.0,8.0,19.0,52.0,11.0,14.0,9.0,16.0,21.0,0.0,5.0,1.0,14.0,16.0,4.0,11.0,0.0,13.0,19.0,5.0,15.0,4.0,6.0,5.0,3.0,20.0,18.0,6.0,7.0,2.0,32.0,24.0,19.0,20.0,15.0,29.0,29.0,16.0,5.0,11.0,9.0,18.0,1.0,9.0,11.0,8.0,2.0,1.0,23.0,4.0,5.0,13.0,30.0,10.0,8.0
33,2315877188.0,14.0,33.0,88.0,62.0,39.0,19.0,43.0,12.0,19.0,20.0,24.0,49.0,98.0,20.0,83.0,2.0,20.0,63.0,4.0,15.0,6.0,67.0,22.0,53.0,78.0,24.0,12.0,52.0,55.0,37.0,29.0,18.0,0.0,72.0,62.0,61.0,7.0,13.0,49.0,61.0,14.0,32.0,36.0,56.0,97.0,74.0,69.0,24.0,22.0,74.0,37.0,96.0,77.0,8.0,9.0,51.0,66.0,4.0,65.0,64.0,66.0,20.0,31.0,7.0,24.0,43.0,14.0,76.0,74.0,0.0,43.0,23.0,17.0,60.0,24.0,20.0,69.0,28.0,26.0,63.0,2.0,42.0,67.0,37.0,6.0,31.0,62.0,70.0,5.0,32.0,77.0,89.0,32.0,19.0,0.0,34.0,37.0,92.0,17.0,10.0,74.0,70.0,8.0,69.0,10.0,20.0,44.0,2.0,22.0,30.0,47.0,20.0,59.0,7.0,16.0,52.0,0.0,19.0,1.0,14.0,29.0,4.0,37.0,2.0,41.0,73.0,6.0,73.0,20.0,14.0,19.0,2.0,68.0,61.0,23.0,30.0,15.0,30.0,27.0,31.0,16.0,18.0,26.0,28.0,70.0,20.0,18.0,20.0,16.0,2.0,10.0,48.0,14.0,7.0,4.0,54.0,3.0,26.0,19.0,47.0,16.0,36.0
34,2357647305.0,50.0,193.0,395.0,202.0,130.0,54.0,414.0,16.0,271.0,64.0,81.0,314.0,712.0,57.0,293.0,1.0,324.0,161.0,9.0,185.0,13.0,236.0,52.0,160.0,177.0,30.0,54.0,129.0,233.0,80.0,79.0,56.0,72.0,0.0,405.0,627.0,18.0,35.0,234.0,370.0,255.0,570.0,62.0,155.0,588.0,269.0,545.0,70.0,30.0,217.0,237.0,415.0,200.0,121.0,25.0,92.0,415.0,12.0,163.0,298.0,270.0,52.0,338.0,18.0,46.0,140.0,41.0,259.0,200.0,0.0,400.0,78.0,242.0,240.0,39.0,56.0,164.0,277.0,144.0,440.0,8.0,287.0,159.0,59.0,17.0,66.0,161.0,232.0,16.0,157.0,565.0,1036.0,299.0,669.0,5.0,135.0,145.0,369.0,35.0,10.0,236.0,151.0,73.0,254.0,22.0,150.0,67.0,3.0,44.0,54.0,938.0,38.0,136.0,88.0,36.0,122.0,7.0,55.0,2.0,109.0,126.0,6.0,92.0,8.0,89.0,185.0,20.0,205.0,23.0,37.0,26.0,13.0,196.0,158.0,33.0,57.0,29.0,247.0,106.0,72.0,139.0,50.0,275.0,123.0,113.0,52.0,55.0,37.0,76.0,9.0,15.0,83.0,34.0,12.0,25.0,149.0,8.0,40.0,33.0,147.0,43.0,79.0
35,237230120.0,41.0,155.0,325.0,153.0,134.0,47.0,234.0,23.0,186.0,57.0,72.0,175.0,492.0,39.0,246.0,3.0,135.0,129.0,12.0,90.0,7.0,186.0,32.0,101.0,173.0,37.0,43.0,119.0,184.0,65.0,73.0,37.0,62.0,405.0,0.0,279.0,13.0,24.0,183.0,305.0,213.0,353.0,72.0,108.0,330.0,188.0,404.0,77.0,46.0,160.0,154.0,300.0,181.0,46.0,24.0,106.0,292.0,9.0,154.0,204.0,249.0,45.0,275.0,16.0,54.0,119.0,38.0,184.0,153.0,0.0,267.0,69.0,221.0,182.0,52.0,48.0,151.0,153.0,103.0,194.0,6.0,256.0,144.0,67.0,9.0,66.0,138.0,160.0,13.0,119.0,353.0,591.0,159.0,324.0,8.0,69.0,104.0,267.0,50.0,12.0,172.0,174.0,72.0,156.0,20.0,123.0,80.0,2.0,52.0,56.0,555.0,39.0,131.0,86.0,35.0,129.0,15.0,47.0,2.0,88.0,93.0,8.0,90.0,6.0,112.0,165.0,30.0,177.0,28.0,29.0,34.0,18.0,178.0,142.0,41.0,49.0,40.0,167.0,71.0,65.0,59.0,46.0,256.0,95.0,127.0,48.0,52.0,44.0,50.0,4.0,17.0,108.0,56.0,18.0,19.0,131.0,5.0,52.0,30.0,99.0,31.0,77.0
36,2376555092.0,34.0,166.0,288.0,146.0,87.0,35.0,287.0,16.0,196.0,46.0,60.0,240.0,470.0,43.0,200.0,2.0,260.0,112.0,11.0,109.0,10.0,176.0,45.0,96.0,135.0,29.0,30.0,92.0,171.0,66.0,61.0,48.0,61.0,627.0,279.0,0.0,18.0,34.0,146.0,261.0,157.0,385.0,61.0,132.0,337.0,143.0,321.0,61.0,33.0,133.0,165.0,236.0,135.0,80.0,25.0,70.0,274.0,13.0,112.0,232.0,223.0,44.0,222.0,13.0,51.0,110.0,29.0,169.0,117.0,0.0,272.0,59.0,138.0,190.0,31.0,41.0,139.0,232.0,127.0,337.0,8.0,194.0,104.0,46.0,8.0,54.0,96.0,149.0,13.0,103.0,431.0,556.0,217.0,399.0,3.0,93.0,76.0,223.0,39.0,6.0,135.0,123.0,43.0,178.0,19.0,131.0,67.0,2.0,38.0,53.0,513.0,35.0,95.0,58.0,30.0,96.0,1.0,34.0,2.0,82.0,70.0,6.0,66.0,7.0,73.0,123.0,18.0,120.0,20.0,29.0,19.0,8.0,118.0,113.0,30.0,29.0,24.0,188.0,90.0,66.0,125.0,45.0,208.0,104.0,105.0,36.0,45.0,39.0,70.0,6.0,14.0,82.0,32.0,14.0,18.0,121.0,6.0,40.0,35.0,111.0,34.0,62.0
37,2478097370.0,2.0,11.0,16.0,8.0,4.0,3.0,17.0,2.0,14.0,2.0,9.0,18.0,20.0,7.0,11.0,1.0,13.0,6.0,1.0,7.0,6.0,10.0,10.0,7.0,8.0,4.0,2.0,1.0,12.0,8.0,6.0,7.0,7.0,18.0,13.0,18.0,0.0,7.0,11.0,16.0,13.0,19.0,2.0,7.0,17.0,6.0,18.0,9.0,2.0,5.0,14.0,13.0,5.0,4.0,2.0,4.0,18.0,5.0,5.0,14.0,15.0,5.0,16.0,1.0,6.0,9.0,1.0,12.0,5.0,0.0,14.0,2.0,6.0,13.0,3.0,2.0,8.0,15.0,9.0,16.0,1.0,17.0,6.0,4.0,1.0,5.0,4.0,8.0,3.0,10.0,19.0,21.0,13.0,17.0,0.0,5.0,4.0,14.0,2.0,2.0,6.0,4.0,4.0,10.0,5.0,13.0,6.0,1.0,3.0,9.0,21.0,5.0,4.0,4.0,8.0,8.0,0.0,4.0,1.0,12.0,6.0,1.0,3.0,0.0,3.0,5.0,2.0,5.0,2.0,2.0,2.0,2.0,5.0,4.0,2.0,3.0,2.0,12.0,11.0,7.0,7.0,6.0,15.0,9.0,7.0,2.0,6.0,1.0,9.0,1.0,2.0,3.0,2.0,0.0,0.0,10.0,2.0,3.0,4.0,10.0,4.0,4.0
38,2478171368.0,1.0,25.0,34.0,20.0,6.0,2.0,35.0,5.0,27.0,6.0,20.0,32.0,40.0,15.0,28.0,1.0,25.0,10.0,2.0,15.0,4.0,21.0,15.0,16.0,22.0,4.0,5.0,5.0,29.0,19.0,9.0,16.0,13.0,35.0,24.0,34.0,7.0,0.0,35.0,32.0,16.0,37.0,4.0,19.0,37.0,15.0,36.0,14.0,4.0,14.0,25.0,30.0,15.0,5.0,1.0,5.0,37.0,9.0,9.0,35.0,31.0,10.0,32.0,2.0,8.0,17.0,3.0,27.0,15.0,0.0,34.0,5.0,16.0,26.0,3.0,1.0,27.0,31.0,18.0,38.0,2.0,24.0,14.0,6.0,0.0,10.0,9.0,23.0,6.0,27.0,37.0,42.0,31.0,31.0,2.0,22.0,10.0,31.0,5.0,2.0,10.0,9.0,8.0,32.0,8.0,21.0,10.0,2.0,3.0,20.0,39.0,6.0,8.0,8.0,13.0,14.0,0.0,3.0,1.0,16.0,11.0,5.0,6.0,0.0,3.0,12.0,1.0,8.0,3.0,1.0,1.0,2.0,10.0,8.0,2.0,3.0,2.0,28.0,30.0,10.0,20.0,14.0,31.0,20.0,12.0,2.0,12.0,5.0,21.0,1.0,5.0,3.0,5.0,2.0,0.0,23.0,2.0,3.0,10.0,21.0,8.0,6.0
39,2478224024.0,11.0,100.0,237.0,87.0,107.0,36.0,153.0,25.0,123.0,41.0,85.0,107.0,252.0,35.0,133.0,3.0,90.0,68.0,6.0,56.0,7.0,93.0,32.0,83.0,120.0,13.0,30.0,60.0,121.0,71.0,33.0,36.0,49.0,234.0,183.0,146.0,11.0,35.0,0.0,196.0,130.0,234.0,14.0,68.0,233.0,116.0,245.0,47.0,15.0,107.0,116.0,172.0,95.0,22.0,6.0,58.0,202.0,12.0,77.0,149.0,146.0,25.0,220.0,7.0,32.0,90.0,13.0,110.0,113.0,0.0,177.0,25.0,147.0,125.0,27.0,15.0,88.0,76.0,54.0,141.0,9.0,184.0,96.0,29.0,7.0,43.0,60.0,96.0,16.0,96.0,163.0,341.0,110.0,186.0,8.0,51.0,97.0,183.0,22.0,8.0,102.0,70.0,60.0,100.0,10.0,85.0,32.0,2.0,27.0,39.0,296.0,29.0,92.0,72.0,31.0,68.0,0.0,24.0,2.0,60.0,82.0,8.0,49.0,6.0,27.0,82.0,9.0,121.0,27.0,14.0,39.0,6.0,90.0,62.0,19.0,53.0,16.0,132.0,65.0,31.0,56.0,43.0,152.0,67.0,73.0,29.0,36.0,21.0,50.0,1.0,11.0,34.0,28.0,4.0,3.0,78.0,4.0,24.0,21.0,79.0,12.0,54.0
40,2479392000.0,20.0,141.0,295.0,106.0,84.0,24.0,263.0,19.0,268.0,44.0,58.0,148.0,426.0,40.0,172.0,1.0,197.0,92.0,8.0,53.0,9.0,154.0,49.0,86.0,114.0,30.0,47.0,69.0,235.0,53.0,50.0,37.0,61.0,370.0,305.0,261.0,16.0,32.0,196.0,0.0,350.0,529.0,53.0,95.0,296.0,126.0,482.0,47.0,29.0,119.0,184.0,220.0,118.0,44.0,24.0,83.0,270.0,13.0,102.0,200.0,251.0,35.0,451.0,14.0,40.0,120.0,29.0,142.0,104.0,0.0,340.0,40.0,399.0,186.0,32.0,28.0,113.0,232.0,140.0,194.0,10.0,262.0,103.0,40.0,8.0,48.0,71.0,130.0,14.0,123.0,392.0,765.0,226.0,488.0,6.0,67.0,70.0,198.0,35.0,10.0,122.0,88.0,108.0,137.0,15.0,97.0,51.0,2.0,35.0,46.0,731.0,33.0,93.0,118.0,29.0,111.0,0.0,28.0,2.0,118.0,51.0,5.0,54.0,5.0,62.0,102.0,13.0,112.0,27.0,28.0,31.0,9.0,94.0,87.0,28.0,43.0,26.0,246.0,101.0,49.0,80.0,37.0,344.0,76.0,100.0,34.0,58.0,29.0,58.0,6.0,14.0,66.0,25.0,10.0,15.0,110.0,6.0,40.0,33.0,89.0,28.0,57.0
41,2479398997.0,3.0,79.0,157.0,23.0,38.0,2.0,165.0,3.0,193.0,3.0,24.0,92.0,221.0,20.0,41.0,1.0,155.0,6.0,1.0,27.0,6.0,59.0,21.0,15.0,19.0,3.0,14.0,5.0,149.0,26.0,14.0,16.0,14.0,255.0,213.0,157.0,13.0,16.0,130.0,350.0,0.0,384.0,6.0,36.0,114.0,11.0,371.0,22.0,4.0,13.0,118.0,101.0,12.0,27.0,1.0,5.0,163.0,8.0,9.0,127.0,150.0,15.0,363.0,1.0,9.0,69.0,4.0,36.0,8.0,0.0,227.0,5.0,362.0,96.0,4.0,1.0,36.0,134.0,79.0,102.0,4.0,190.0,14.0,3.0,0.0,8.0,8.0,33.0,7.0,76.0,210.0,618.0,134.0,426.0,0.0,19.0,9.0,57.0,2.0,1.0,8.0,5.0,85.0,38.0,8.0,73.0,6.0,2.0,3.0,14.0,623.0,10.0,5.0,102.0,17.0,56.0,0.0,4.0,2.0,78.0,13.0,1.0,3.0,0.0,5.0,8.0,2.0,12.0,0.0,1.0,1.0,1.0,11.0,7.0,0.0,2.0,0.0,168.0,61.0,8.0,47.0,16.0,227.0,47.0,13.0,2.0,32.0,2.0,32.0,2.0,4.0,2.0,8.0,0.0,0.0,37.0,4.0,1.0,7.0,35.0,8.0,6.0
42,2488443307.0,4.0,179.0,294.0,56.0,73.0,8.0,346.0,13.0,320.0,17.0,50.0,215.0,581.0,31.0,119.0,2.0,285.0,27.0,2.0,100.0,7.0,115.0,58.0,47.0,65.0,8.0,36.0,25.0,226.0,52.0,26.0,34.0,32.0,570.0,353.0,385.0,19.0,37.0,234.0,529.0,384.0,0.0,9.0,85.0,337.0,56.0,617.0,36.0,10.0,40.0,202.0,194.0,51.0,92.0,4.0,20.0,345.0,14.0,48.0,258.0,264.0,20.0,607.0,2.0,22.0,122.0,12.0,79.0,52.0,0.0,457.0,22.0,550.0,190.0,15.0,7.0,84.0,333.0,157.0,274.0,9.0,292.0,34.0,11.0,3.0,24.0,18.0,69.0,15.0,141.0,561.0,1145.0,322.0,756.0,8.0,47.0,46.0,149.0,5.0,2.0,51.0,24.0,134.0,90.0,14.0,143.0,20.0,2.0,13.0,28.0,1171.0,26.0,39.0,161.0,30.0,88.0,0.0,9.0,2.0,154.0,30.0,10.0,10.0,1.0,22.0,31.0,3.0,42.0,9.0,6.0,17.0,1.0,32.0,21.0,1.0,22.0,5.0,298.0,125.0,46.0,132.0,40.0,451.0,93.0,43.0,13.0,61.0,9.0,62.0,2.0,6.0,15.0,30.0,3.0,0.0,90.0,6.0,10.0,16.0,70.0,12.0,26.0
43,2492692844.0,34.0,23.0,183.0,139.0,78.0,17.0,44.0,16.0,8.0,99.0,32.0,34.0,210.0,24.0,223.0,1.0,5.0,117.0,18.0,19.0,5.0,139.0,7.0,99.0,188.0,43.0,26.0,151.0,72.0,15.0,68.0,9.0,36.0,62.0,72.0,61.0,2.0,4.0,14.0,53.0,6.0,9.0,0.0,48.0,203.0,205.0,111.0,42.0,40.0,189.0,27.0,162.0,191.0,5.0,58.0,95.0,82.0,1.0,205.0,39.0,88.0,62.0,11.0,16.0,39.0,69.0,24.0,154.0,177.0,0.0,33.0,56.0,7.0,93.0,28.0,42.0,117.0,14.0,19.0,61.0,5.0,40.0,109.0,59.0,6.0,53.0,148.0,151.0,5.0,34.0,105.0,112.0,17.0,7.0,5.0,51.0,152.0,205.0,86.0,7.0,180.0,207.0,7.0,133.0,14.0,4.0,78.0,0.0,46.0,43.0,23.0,24.0,145.0,4.0,9.0,84.0,0.0,45.0,1.0,4.0,38.0,5.0,124.0,6.0,116.0,157.0,15.0,172.0,14.0,84.0,13.0,7.0,138.0,164.0,50.0,26.0,27.0,34.0,14.0,70.0,22.0,8.0,11.0,24.0,109.0,50.0,13.0,46.0,18.0,5.0,11.0,129.0,19.0,22.0,40.0,88.0,3.0,63.0,21.0,72.0,78.0,82.0
44,2585578158.0,19.0,65.0,140.0,97.0,65.0,35.0,88.0,18.0,42.0,49.0,52.0,83.0,172.0,30.0,130.0,1.0,63.0,94.0,7.0,38.0,7.0,94.0,27.0,79.0,113.0,31.0,28.0,80.0,90.0,39.0,48.0,19.0,56.0,155.0,108.0,132.0,7.0,19.0,68.0,95.0,36.0,85.0,48.0,0.0,143.0,109.0,126.0,39.0,36.0,99.0,55.0,133.0,110.0,19.0,20.0,78.0,115.0,8.0,95.0,104.0,105.0,28.0,61.0,12.0,41.0,79.0,25.0,111.0,102.0,0.0,90.0,35.0,33.0,112.0,32.0,36.0,107.0,56.0,35.0,123.0,6.0,78.0,82.0,37.0,7.0,48.0,83.0,82.0,10.0,55.0,138.0,154.0,63.0,65.0,7.0,49.0,77.0,128.0,41.0,7.0,96.0,103.0,13.0,100.0,14.0,34.0,62.0,0.0,33.0,43.0,92.0,35.0,95.0,15.0,20.0,78.0,0.0,30.0,1.0,31.0,49.0,6.0,63.0,6.0,56.0,97.0,17.0,101.0,25.0,24.0,32.0,3.0,86.0,83.0,31.0,32.0,32.0,61.0,50.0,52.0,36.0,31.0,53.0,46.0,90.0,33.0,22.0,36.0,29.0,3.0,12.0,65.0,24.0,12.0,13.0,88.0,3.0,51.0,23.0,70.0,25.0,56.0
