,0,1,2,3,4,5,6,7,8,9,10,11,12,13,14,15,16,17,18,19,20,21,22,23,24,25,26,27,28,29,30,31,32,33,34,35,36,37,38,39,40,41,42,43,44,45,46,47,48,49,50,51,52,53,54,55,56,57,58,59,60,61,62,63,64,65,66,67,68,69,70,71,72,73,74,75,76,77,78,79,80,81,82,83,84,85,86,87,88,89,90,91,92,93,94,95,96,97,98,99,100,101,102,103,104,105,106,107,108,109,110,111,112,113,114,115,116,117,118,119,120,121,122,123,124,125,126,127,128,129,130,131,132,133,134
0,-1.0,112077222.0,1193351876.0,1201259976.0,12154072.0,1254948954.0,1256244530.0,1285599488.0,1304602711.0,1370886721.0,1484838398.0,1577272964.0,1617405097.0,1690971836.0,170227238.0,179635048.0,1896903314.0,203779960.0,2150214601.0,2233423569.0,2308883654.0,237158398.0,2416824502.0,2428489305.0,2465934385.0,2515007300.0,264013487.0,2730683010.0,2733625915.0,2772853362.0,2786928739.0,2827806306.0,283111686.0,2854111591.0,2887012286.0,2891849250.0,2903360653.0,2910794929.0,2911006837.0,2915729407.0,2925375086.0,2940472412.0,2957404981.0,2990987958.0,3073317074.0,3076248691.0,3133331985.0,3139765596.0,3144995366.0,3153251286.0,3223162074.0,3237034825.0,323824621.0,3246602130.0,3322059139.0,3378114558.0,368201887.0,3958886533.0,3978823959.0,425649742.0,434083861.0,4357471874.0,4365468440.0,4378883246.0,4411473134.0,446271701.0,4548087492.0,456427886.0,4697085992.0,4709715133.0,4719158232.0,4729497019.0,484114944.0,4846294509.0,4861887744.0,4872412393.0,554355894.0,555227531.0,576360862.0,576440226.0,602858739.0,614884368.0,7.007146102618194e+17,7.04224653594792e+17,717594542.0,7.213964407281132e+17,749831814.0,7.54216765274456e+17,7.562225030605169e+17,756719846.0,7.597347753807053e+17,7.617864377633014e+17,77396252.0,7.799164091407606e+17,7.839592806888366e+17,7.855165394369946e+17,7.89343365515051e+17,7.918703388670362e+17,7.960549130211328e+17,8.016389863935386e+17,8.0169478938948e+17,8.156080442141655e+17,8.159112482483692e+17,8.206789392701194e+17,8.257042271879946e+17,8.265807785196298e+17,8.268068804587028e+17,8.306720521557402e+17,8.310131434512261e+17,8.385768289147535e+17,8.387614160395428e+17,8.419927677902807e+17,8.503531430661038e+17,8.636892180186235e+17,8.676578127422177e+17,8.716327682827469e+17,8.720140611558646e+17,874005571.0,8.950013864163901e+17,8.963426675958866e+17,8.963453605027103e+17,9.03802493511e+17,9.079119899425055e+17,9.159464568249467e+17,9.183563445408236e+17,9.317627068263875e+17,9.353379334851174e+17,9.357660255089746e+17,93648948.0,9.37708074000728e+17,9.382806862970102e+17,9.464471044901601e+17,9.467581834853007e+17,9.480591399718666e+17,9.492749298406277e+17
1,112077222.0,0.0,2.0,1.0,588.0,0.0,2.0,6.0,224.0,0.0,1.0,19.0,1.0,0.0,7.0,1.0,0.0,191.0,247.0,0.0,1.0,135.0,7.0,0.0,1.0,7.0,13.0,1.0,0.0,3.0,0.0,2.0,0.0,0.0,1.0,0.0,0.0,4.0,2.0,1.0,0.0,0.0,1.0,0.0,2.0,2.0,1.0,1.0,0.0,0.0,0.0,0.0,22.0,3.0,0.0,0.0,1.0,1.0,0.0,2.0,1.0,2.0,1.0,2.0,96.0,2.0,4.0,7.0,0.0,0.0,0.0,0.0,0.0,2.0,0.0,0.0,0.0,128.0,1.0,7.0,2.0,2.0,0.0,0.0,0.0,0.0,156.0,1.0,1.0,0.0,0.0,0.0,1.0,1.0,0.0,0.0,1.0,0.0,0.0,1.0,0.0,0.0,0.0,0.0,0.0,0.0,0.0,0.0,1.0,4.0,3.0,0.0,0.0,0.0,5.0,0.0,1.0,0.0,1.0,0.0,0.0,0.0,9.0,0.0,0.0,0.0,0.0,6.0,58.0,0.0,3.0,1.0,2.0,0.0,1.0
2,1193351876.0,2.0,0.0,14.0,0.0,18.0,33.0,2.0,100.0,1.0,45.0,0.0,23.0,3.0,38.0,23.0,17.0,15.0,24.0,8.0,33.0,30.0,4.0,0.0,4.0,12.0,62.0,0.0,3.0,26.0,2.0,32.0,5.0,0.0,78.0,6.0,0.0,5.0,58.0,39.0,8.0,11.0,24.0,0.0,29.0,48.0,4.0,18.0,1.0,46.0,0.0,2.0,17.0,169.0,0.0,0.0,20.0,28.0,38.0,23.0,21.0,8.0,12.0,29.0,14.0,6.0,0.0,2.0,0.0,1.0,5.0,3.0,0.0,3.0,12.0,0.0,5.0,19.0,15.0,30.0,60.0,36.0,13.0,37.0,6.0,183.0,4.0,8.0,2.0,5.0,0.0,0.0,3.0,20.0,2.0,11.0,7.0,2.0,0.0,1.0,2.0,4.0,15.0,0.0,2.0,0.0,0.0,10.0,2.0,31.0,37.0,6.0,1.0,2.0,5.0,0.0,0.0,1.0,32.0,0.0,0.0,0.0,5.0,43.0,0.0,1.0,0.0,103.0,15.0,1.0,0.0,20.0,4.0,1.0,8.0
3,1201259976.0,1.0,14.0,0.0,2.0,16.0,45.0,2.0,45.0,15.0,11.0,1.0,38.0,8.0,13.0,65.0,19.0,10.0,29.0,45.0,35.0,11.0,4.0,9.0,2.0,5.0,95.0,4.0,45.0,26.0,22.0,69.0,18.0,0.0,5.0,16.0,0.0,6.0,78.0,39.0,24.0,47.0,66.0,0.0,84.0,105.0,1.0,73.0,20.0,59.0,0.0,8.0,2.0,30.0,0.0,1.0,35.0,38.0,11.0,63.0,64.0,20.0,55.0,103.0,10.0,0.0,0.0,5.0,10.0,6.0,33.0,36.0,0.0,1.0,42.0,13.0,6.0,17.0,35.0,19.0,18.0,97.0,0.0,1.0,0.0,6.0,6.0,44.0,33.0,4.0,0.0,0.0,15.0,44.0,15.0,0.0,59.0,7.0,0.0,18.0,23.0,37.0,43.0,2.0,19.0,0.0,0.0,28.0,6.0,58.0,61.0,23.0,29.0,43.0,9.0,17.0,0.0,0.0,23.0,5.0,4.0,0.0,2.0,2.0,0.0,11.0,1.0,106.0,15.0,3.0,2.0,6.0,2.0,1.0,20.0
4,12154072.0,588.0,0.0,2.0,0.0,0.0,0.0,3.0,93.0,0.0,0.0,32.0,0.0,0.0,2.0,0.0,0.0,132.0,338.0,0.0,1.0,31.0,9.0,0.0,0.0,6.0,29.0,4.0,0.0,3.0,0.0,1.0,0.0,0.0,0.0,0.0,0.0,6.0,2.0,0.0,0.0,0.0,2.0,0.0,1.0,2.0,3.0,1.0,0.0,1.0,1.0,0.0,3.0,1.0,0.0,0.0,0.0,1.0,0.0,1.0,2.0,2.0,1.0,1.0,102.0,1.0,1.0,8.0,0.0,0.0,0.0,0.0,0.0,0.0,0.0,0.0,0.0,145.0,2.0,0.0,2.0,3.0,0.0,0.0,0.0,0.0,174.0,1.0,1.0,0.0,0.0,0.0,2.0,2.0,0.0,0.0,1.0,0.0,0.0,1.0,0.0,0.0,0.0,0.0,0.0,0.0,0.0,0.0,0.0,12.0,1.0,0.0,0.0,0.0,1.0,0.0,1.0,1.0,0.0,0.0,0.0,0.0,3.0,0.0,0.0,0.0,0.0,7.0,24.0,0.0,4.0,0.0,1.0,0.0,1.0
5,1254948954.0,0.0,18.0,16.0,0.0,0.0,15.0,3.0,51.0,0.0,10.0,0.0,15.0,2.0,20.0,22.0,5.0,8.0,41.0,1.0,14.0,8.0,2.0,1.0,1.0,13.0,38.0,2.0,3.0,30.0,3.0,7.0,3.0,0.0,7.0,14.0,0.0,2.0,25.0,8.0,7.0,1.0,23.0,0.0,13.0,23.0,1.0,10.0,6.0,22.0,0.0,1.0,2.0,29.0,0.0,0.0,19.0,11.0,12.0,11.0,8.0,7.0,10.0,32.0,6.0,3.0,1.0,3.0,0.0,0.0,1.0,8.0,0.0,1.0,24.0,2.0,5.0,101.0,7.0,26.0,26.0,38.0,4.0,1.0,10.0,10.0,4.0,3.0,2.0,1.0,0.0,0.0,0.0,18.0,6.0,1.0,17.0,10.0,0.0,2.0,8.0,5.0,22.0,0.0,2.0,0.0,0.0,5.0,5.0,25.0,14.0,5.0,0.0,2.0,4.0,1.0,0.0,0.0,39.0,0.0,0.0,0.0,0.0,4.0,0.0,1.0,0.0,84.0,16.0,0.0,0.0,13.0,2.0,1.0,15.0
6,1256244530.0,2.0,33.0,45.0,0.0,15.0,0.0,2.0,86.0,1.0,20.0,0.0,30.0,7.0,40.0,72.0,20.0,26.0,69.0,26.0,131.0,33.0,6.0,1.0,30.0,5.0,215.0,0.0,29.0,46.0,10.0,60.0,488.0,0.0,9.0,576.0,3.0,7.0,362.0,174.0,78.0,53.0,57.0,0.0,73.0,162.0,4.0,75.0,6.0,128.0,0.0,8.0,6.0,29.0,0.0,2.0,490.0,190.0,9.0,41.0,54.0,83.0,39.0,74.0,19.0,5.0,0.0,3.0,0.0,2.0,10.0,12.0,0.0,2.0,305.0,0.0,6.0,42.0,43.0,29.0,51.0,116.0,2.0,2.0,4.0,19.0,5.0,34.0,20.0,20.0,0.0,0.0,7.0,42.0,4.0,0.0,28.0,160.0,0.0,2.0,7.0,14.0,322.0,1.0,3.0,4.0,0.0,178.0,6.0,228.0,49.0,15.0,7.0,14.0,7.0,7.0,0.0,1.0,31.0,0.0,0.0,0.0,4.0,3.0,0.0,69.0,0.0,657.0,32.0,268.0,0.0,10.0,4.0,3.0,17.0
7,1285599488.0,6.0,2.0,2.0,3.0,3.0,2.0,0.0,6.0,0.0,1.0,1.0,2.0,0.0,3.0,4.0,0.0,4.0,5.0,0.0,2.0,3.0,2.0,0.0,0.0,1.0,8.0,12.0,0.0,9.0,0.0,3.0,1.0,6.0,1.0,3.0,0.0,33.0,6.0,2.0,0.0,0.0,3.0,7.0,3.0,5.0,1.0,2.0,0.0,2.0,0.0,0.0,0.0,4.0,0.0,0.0,2.0,2.0,1.0,2.0,1.0,4.0,2.0,5.0,4.0,13.0,0.0,1.0,0.0,0.0,0.0,2.0,0.0,1.0,1.0,0.0,0.0,12.0,1.0,4.0,6.0,5.0,0.0,0.0,1.0,1.0,3.0,2.0,1.0,0.0,0.0,8.0,1.0,3.0,1.0,0.0,3.0,1.0,0.0,1.0,3.0,0.0,1.0,0.0,1.0,0.0,0.0,0.0,16.0,9.0,2.0,0.0,0.0,1.0,52.0,0.0,45.0,0.0,3.0,0.0,0.0,0.0,30.0,1.0,0.0,0.0,0.0,9.0,5.0,0.0,1.0,1.0,2.0,0.0,4.0
8,1304602711.0,224.0,100.0,45.0,93.0,51.0,86.0,6.0,0.0,0.0,62.0,8.0,32.0,10.0,567.0,57.0,22.0,174.0,317.0,23.0,57.0,469.0,12.0,1.0,13.0,36.0,270.0,10.0,22.0,60.0,5.0,58.0,17.0,0.0,40.0,26.0,0.0,19.0,142.0,60.0,29.0,16.0,61.0,2.0,70.0,144.0,9.0,44.0,15.0,100.0,0.0,5.0,154.0,78.0,0.0,1.0,51.0,54.0,24.0,52.0,50.0,19.0,35.0,78.0,81.0,12.0,1.0,8.0,0.0,1.0,10.0,9.0,0.0,7.0,58.0,1.0,9.0,249.0,37.0,83.0,113.0,111.0,7.0,9.0,12.0,121.0,68.0,24.0,12.0,21.0,0.0,1.0,6.0,52.0,3.0,2.0,31.0,8.0,0.0,5.0,14.0,9.0,53.0,0.0,3.0,0.0,0.0,38.0,7.0,120.0,65.0,12.0,5.0,12.0,14.0,5.0,2.0,1.0,80.0,0.0,0.0,0.0,12.0,14.0,0.0,12.0,0.0,320.0,228.0,3.0,8.0,28.0,9.0,1.0,24.0
9,1370886721.0,0.0,1.0,15.0,0.0,0.0,1.0,0.0,0.0,0.0,0.0,0.0,84.0,0.0,0.0,51.0,24.0,0.0,1.0,11.0,1.0,0.0,0.0,15.0,1.0,0.0,10.0,0.0,61.0,0.0,108.0,54.0,0.0,0.0,0.0,0.0,0.0,0.0,4.0,1.0,0.0,138.0,15.0,0.0,36.0,96.0,0.0,34.0,17.0,39.0,0.0,1.0,0.0,0.0,0.0,0.0,1.0,1.0,0.0,10.0,33.0,1.0,36.0,81.0,0.0,0.0,0.0,0.0,6.0,4.0,51.0,97.0,0.0,0.0,0.0,14.0,1.0,0.0,8.0,0.0,1.0,115.0,0.0,0.0,0.0,0.0,0.0,35.0,40.0,0.0,0.0,0.0,3.0,8.0,63.0,0.0,67.0,0.0,0.0,11.0,25.0,32.0,1.0,2.0,55.0,0.0,0.0,1.0,0.0,2.0,54.0,7.0,29.0,34.0,0.0,12.0,0.0,0.0,0.0,5.0,4.0,0.0,0.0,0.0,0.0,0.0,1.0,5.0,0.0,0.0,0.0,0.0,0.0,0.0,0.0
10,1484838398.0,1.0,45.0,11.0,0.0,10.0,20.0,1.0,62.0,0.0,0.0,0.0,14.0,4.0,11.0,12.0,12.0,3.0,5.0,6.0,24.0,24.0,1.0,0.0,2.0,4.0,54.0,0.0,1.0,25.0,1.0,19.0,2.0,0.0,18.0,1.0,0.0,1.0,43.0,25.0,2.0,3.0,17.0,0.0,27.0,27.0,2.0,12.0,0.0,22.0,0.0,0.0,11.0,41.0,0.0,0.0,10.0,15.0,8.0,15.0,16.0,3.0,5.0,17.0,13.0,5.0,0.0,0.0,0.0,0.0,4.0,0.0,0.0,2.0,8.0,0.0,2.0,12.0,10.0,30.0,66.0,23.0,3.0,5.0,25.0,27.0,1.0,10.0,2.0,1.0,0.0,0.0,0.0,9.0,0.0,1.0,1.0,0.0,0.0,0.0,1.0,0.0,11.0,0.0,1.0,0.0,0.0,8.0,0.0,19.0,30.0,3.0,1.0,2.0,0.0,0.0,0.0,0.0,39.0,0.0,0.0,0.0,0.0,7.0,0.0,2.0,0.0,77.0,5.0,1.0,1.0,22.0,13.0,0.0,2.0
11,1577272964.0,19.0,0.0,1.0,32.0,0.0,0.0,1.0,8.0,0.0,0.0,0.0,0.0,0.0,1.0,0.0,0.0,8.0,26.0,0.0,0.0,1.0,2.0,0.0,0.0,2.0,4.0,2.0,0.0,2.0,0.0,1.0,0.0,0.0,0.0,0.0,0.0,2.0,2.0,0.0,0.0,0.0,1.0,0.0,1.0,2.0,2.0,1.0,0.0,0.0,0.0,0.0,0.0,1.0,0.0,0.0,0.0,0.0,0.0,1.0,1.0,2.0,1.0,1.0,12.0,0.0,0.0,1.0,0.0,0.0,0.0,0.0,0.0,0.0,0.0,0.0,0.0,21.0,2.0,1.0,0.0,1.0,0.0,0.0,0.0,1.0,21.0,1.0,1.0,0.0,0.0,0.0,1.0,2.0,0.0,0.0,1.0,0.0,0.0,1.0,0.0,0.0,0.0,0.0,0.0,0.0,0.0,0.0,0.0,4.0,1.0,0.0,0.0,0.0,0.0,0.0,0.0,0.0,2.0,0.0,0.0,0.0,3.0,0.0,0.0,0.0,0.0,3.0,1.0,0.0,1.0,0.0,1.0,0.0,1.0
12,1617405097.0,1.0,23.0,38.0,0.0,15.0,30.0,2.0,32.0,84.0,14.0,0.0,0.0,2.0,10.0,75.0,38.0,6.0,17.0,32.0,13.0,13.0,2.0,16.0,6.0,3.0,55.0,0.0,68.0,21.0,87.0,86.0,5.0,0.0,8.0,10.0,0.0,3.0,47.0,30.0,14.0,145.0,47.0,0.0,74.0,133.0,1.0,50.0,25.0,71.0,0.0,6.0,7.0,16.0,0.0,1.0,23.0,29.0,10.0,39.0,52.0,13.0,60.0,118.0,3.0,4.0,0.0,3.0,11.0,6.0,50.0,91.0,0.0,2.0,16.0,14.0,8.0,16.0,25.0,17.0,25.0,143.0,2.0,1.0,5.0,12.0,2.0,51.0,49.0,4.0,0.0,0.0,9.0,32.0,66.0,2.0,81.0,5.0,0.0,12.0,31.0,40.0,23.0,2.0,56.0,0.0,0.0,18.0,4.0,31.0,76.0,14.0,37.0,49.0,2.0,18.0,0.0,0.0,19.0,4.0,3.0,0.0,1.0,4.0,0.0,4.0,1.0,62.0,10.0,0.0,0.0,10.0,3.0,1.0,12.0
13,1690971836.0,0.0,3.0,8.0,0.0,2.0,7.0,0.0,10.0,0.0,4.0,0.0,2.0,0.0,1.0,7.0,2.0,5.0,4.0,3.0,4.0,4.0,0.0,2.0,2.0,1.0,13.0,1.0,2.0,4.0,1.0,6.0,2.0,0.0,0.0,2.0,0.0,1.0,10.0,8.0,7.0,5.0,6.0,0.0,6.0,13.0,0.0,8.0,2.0,8.0,0.0,1.0,1.0,3.0,0.0,1.0,6.0,7.0,0.0,4.0,9.0,2.0,4.0,10.0,2.0,0.0,0.0,1.0,0.0,1.0,1.0,1.0,0.0,1.0,9.0,0.0,0.0,5.0,5.0,2.0,4.0,12.0,0.0,0.0,0.0,1.0,1.0,2.0,2.0,0.0,0.0,0.0,1.0,5.0,1.0,0.0,6.0,1.0,0.0,1.0,1.0,2.0,4.0,0.0,0.0,0.0,0.0,6.0,1.0,10.0,7.0,2.0,1.0,0.0,1.0,0.0,0.0,1.0,3.0,0.0,0.0,0.0,1.0,0.0,0.0,2.0,0.0,13.0,2.0,1.0,0.0,1.0,1.0,0.0,4.0
14,170227238.0,7.0,38.0,13.0,2.0,20.0,40.0,3.0,567.0,0.0,11.0,1.0,10.0,1.0,0.0,25.0,7.0,26.0,159.0,2.0,28.0,13.0,3.0,2.0,5.0,11.0,92.0,2.0,16.0,26.0,1.0,21.0,6.0,0.0,32.0,25.0,1.0,10.0,50.0,11.0,7.0,7.0,29.0,1.0,12.0,70.0,2.0,8.0,5.0,38.0,0.0,1.0,4.0,22.0,0.0,0.0,21.0,13.0,12.0,19.0,11.0,8.0,19.0,28.0,15.0,6.0,0.0,2.0,0.0,0.0,1.0,7.0,0.0,0.0,19.0,2.0,1.0,66.0,5.0,32.0,24.0,34.0,6.0,1.0,3.0,94.0,12.0,9.0,4.0,17.0,0.0,1.0,1.0,22.0,1.0,1.0,19.0,6.0,0.0,5.0,9.0,2.0,22.0,0.0,0.0,0.0,0.0,13.0,4.0,38.0,9.0,3.0,0.0,2.0,4.0,1.0,1.0,0.0,24.0,0.0,0.0,0.0,2.0,5.0,0.0,4.0,0.0,101.0,59.0,1.0,3.0,7.0,5.0,0.0,16.0
15,179635048.0,1.0,23.0,65.0,0.0,22.0,72.0,4.0,57.0,51.0,12.0,0.0,75.0,7.0,25.0,0.0,38.0,15.0,39.0,44.0,51.0,23.0,2.0,15.0,11.0,6.0,115.0,1.0,69.0,30.0,67.0,91.0,24.0,0.0,7.0,26.0,0.0,4.0,93.0,37.0,24.0,114.0,74.0,0.0,96.0,188.0,1.0,78.0,18.0,98.0,0.0,6.0,7.0,27.0,0.0,1.0,54.0,48.0,11.0,50.0,73.0,25.0,83.0,139.0,6.0,3.0,0.0,2.0,10.0,7.0,57.0,74.0,0.0,3.0,49.0,15.0,7.0,21.0,38.0,31.0,29.0,146.0,1.0,1.0,3.0,11.0,3.0,67.0,51.0,5.0,0.0,0.0,21.0,48.0,42.0,0.0,85.0,12.0,0.0,18.0,32.0,42.0,47.0,5.0,36.0,0.0,0.0,37.0,6.0,72.0,76.0,24.0,36.0,48.0,8.0,20.0,0.0,1.0,29.0,5.0,4.0,0.0,3.0,3.0,0.0,11.0,1.0,131.0,23.0,6.0,0.0,10.0,4.0,1.0,21.0
16,1896903314.0,0.0,17.0,19.0,0.0,5.0,20.0,0.0,22.0,24.0,12.0,0.0,38.0,2.0,7.0,38.0,0.0,2.0,6.0,19.0,12.0,9.0,1.0,8.0,4.0,0.0,33.0,0.0,25.0,12.0,23.0,44.0,5.0,0.0,8.0,6.0,0.0,1.0,29.0,26.0,5.0,38.0,24.0,0.0,35.0,59.0,1.0,30.0,9.0,36.0,0.0,1.0,8.0,13.0,0.0,0.0,17.0,25.0,8.0,21.0,29.0,11.0,25.0,44.0,1.0,2.0,0.0,0.0,6.0,4.0,20.0,28.0,0.0,0.0,16.0,7.0,4.0,7.0,19.0,5.0,22.0,51.0,3.0,2.0,4.0,11.0,0.0,25.0,18.0,3.0,0.0,0.0,2.0,20.0,22.0,2.0,26.0,1.0,0.0,6.0,6.0,17.0,16.0,2.0,15.0,0.0,0.0,14.0,0.0,19.0,35.0,11.0,15.0,17.0,0.0,8.0,0.0,0.0,12.0,3.0,2.0,0.0,1.0,5.0,0.0,4.0,1.0,35.0,8.0,1.0,0.0,5.0,0.0,0.0,2.0
17,203779960.0,191.0,15.0,10.0,132.0,8.0,26.0,4.0,174.0,0.0,3.0,8.0,6.0,5.0,26.0,15.0,2.0,0.0,303.0,3.0,9.0,55.0,12.0,0.0,6.0,22.0,113.0,8.0,1.0,21.0,1.0,14.0,1.0,0.0,5.0,3.0,1.0,20.0,33.0,12.0,6.0,3.0,16.0,0.0,9.0,41.0,10.0,10.0,3.0,28.0,0.0,0.0,22.0,11.0,0.0,1.0,10.0,11.0,2.0,8.0,18.0,12.0,11.0,15.0,122.0,5.0,3.0,14.0,0.0,1.0,1.0,2.0,0.0,1.0,8.0,0.0,2.0,292.0,16.0,11.0,22.0,33.0,1.0,0.0,1.0,6.0,99.0,1.0,3.0,2.0,0.0,0.0,5.0,14.0,1.0,0.0,4.0,2.0,0.0,2.0,0.0,2.0,9.0,0.0,1.0,0.0,0.0,9.0,1.0,61.0,11.0,2.0,0.0,0.0,5.0,1.0,1.0,1.0,13.0,0.0,0.0,0.0,9.0,0.0,0.0,1.0,0.0,87.0,35.0,1.0,9.0,3.0,8.0,0.0,6.0
18,2150214601.0,247.0,24.0,29.0,338.0,41.0,69.0,5.0,317.0,1.0,5.0,26.0,17.0,4.0,159.0,39.0,6.0,303.0,0.0,5.0,41.0,39.0,16.0,2.0,19.0,33.0,333.0,23.0,14.0,32.0,4.0,43.0,17.0,0.0,11.0,30.0,2.0,26.0,100.0,45.0,18.0,20.0,55.0,3.0,32.0,134.0,8.0,36.0,12.0,73.0,0.0,3.0,19.0,29.0,0.0,2.0,39.0,32.0,7.0,19.0,34.0,20.0,26.0,63.0,269.0,11.0,3.0,38.0,0.0,3.0,4.0,15.0,0.0,3.0,52.0,1.0,4.0,864.0,21.0,37.0,34.0,111.0,4.0,0.0,3.0,23.0,236.0,11.0,19.0,7.0,0.0,1.0,9.0,28.0,3.0,1.0,34.0,7.0,0.0,7.0,9.0,11.0,44.0,1.0,2.0,2.0,0.0,30.0,3.0,175.0,33.0,9.0,7.0,4.0,11.0,4.0,3.0,1.0,26.0,0.0,0.0,0.0,15.0,1.0,0.0,9.0,0.0,264.0,48.0,1.0,17.0,5.0,8.0,1.0,19.0
19,2233423569.0,0.0,8.0,45.0,0.0,1.0,26.0,0.0,23.0,11.0,6.0,0.0,32.0,3.0,2.0,44.0,19.0,3.0,5.0,0.0,21.0,6.0,0.0,6.0,0.0,2.0,78.0,0.0,42.0,6.0,19.0,60.0,16.0,0.0,3.0,9.0,0.0,0.0,49.0,30.0,13.0,41.0,42.0,0.0,74.0,83.0,0.0,72.0,12.0,54.0,0.0,7.0,2.0,9.0,0.0,0.0,16.0,34.0,2.0,52.0,54.0,18.0,34.0,69.0,2.0,0.0,0.0,0.0,9.0,5.0,33.0,27.0,0.0,1.0,17.0,9.0,4.0,9.0,26.0,5.0,16.0,71.0,0.0,1.0,1.0,6.0,0.0,44.0,32.0,3.0,0.0,0.0,10.0,40.0,13.0,1.0,41.0,3.0,0.0,11.0,17.0,21.0,25.0,1.0,11.0,0.0,0.0,31.0,0.0,30.0,52.0,16.0,25.0,35.0,0.0,14.0,0.0,0.0,12.0,4.0,3.0,0.0,2.0,2.0,0.0,9.0,1.0,77.0,2.0,1.0,0.0,8.0,1.0,0.0,9.0
20,2308883654.0,1.0,33.0,35.0,1.0,14.0,131.0,2.0,57.0,1.0,24.0,0.0,13.0,4.0,28.0,51.0,12.0,9.0,41.0,21.0,0.0,15.0,4.0,1.0,6.0,8.0,124.0,1.0,19.0,29.0,5.0,34.0,53.0,0.0,9.0,60.0,1.0,5.0,149.0,72.0,25.0,21.0,44.0,0.0,60.0,92.0,0.0,42.0,6.0,66.0,0.0,4.0,4.0,31.0,0.0,1.0,87.0,72.0,18.0,36.0,39.0,36.0,24.0,47.0,21.0,3.0,0.0,1.0,1.0,1.0,9.0,7.0,0.0,2.0,67.0,3.0,4.0,25.0,24.0,27.0,41.0,68.0,2.0,3.0,2.0,20.0,6.0,17.0,10.0,4.0,0.0,0.0,5.0,26.0,4.0,0.0,13.0,22.0,0.0,3.0,10.0,6.0,78.0,2.0,3.0,2.0,0.0,59.0,4.0,80.0,36.0,7.0,4.0,9.0,2.0,3.0,0.0,1.0,27.0,1.0,1.0,0.0,3.0,4.0,0.0,18.0,1.0,220.0,8.0,18.0,0.0,6.0,1.0,1.0,14.0
21,237158398.0,135.0,30.0,11.0,31.0,8.0,33.0,3.0,469.0,0.0,24.0,1.0,13.0,4.0,13.0,23.0,9.0,55.0,39.0,6.0,15.0,0.0,5.0,0.0,3.0,7.0,88.0,1.0,5.0,31.0,1.0,17.0,3.0,0.0,4.0,6.0,1.0,7.0,48.0,23.0,6.0,3.0,19.0,0.0,19.0,40.0,3.0,16.0,3.0,20.0,6.0,1.0,80.0,22.0,1.0,0.0,13.0,19.0,6.0,16.0,18.0,8.0,7.0,26.0,28.0,7.0,0.0,1.0,0.0,0.0,2.0,1.0,0.0,5.0,14.0,0.0,2.0,57.0,16.0,19.0,47.0,29.0,2.0,1.0,1.0,7.0,9.0,5.0,2.0,2.0,0.0,0.0,2.0,12.0,5.0,2.0,6.0,0.0,0.0,2.0,3.0,2.0,12.0,0.0,3.0,0.0,0.0,9.0,2.0,30.0,23.0,4.0,3.0,4.0,4.0,1.0,1.0,1.0,25.0,0.0,0.0,0.0,6.0,3.0,0.0,6.0,0.0,76.0,402.0,2.0,1.0,10.0,5.0,1.0,8.0
22,2416824502.0,7.0,4.0,4.0,9.0,2.0,6.0,2.0,12.0,0.0,1.0,2.0,2.0,0.0,3.0,2.0,1.0,12.0,16.0,0.0,4.0,5.0,0.0,0.0,0.0,4.0,15.0,5.0,0.0,10.0,0.0,2.0,1.0,0.0,1.0,3.0,0.0,9.0,6.0,3.0,1.0,1.0,5.0,0.0,3.0,8.0,5.0,4.0,0.0,7.0,0.0,0.0,1.0,6.0,0.0,0.0,5.0,2.0,2.0,3.0,8.0,5.0,5.0,6.0,13.0,2.0,0.0,7.0,0.0,0.0,1.0,2.0,0.0,0.0,2.0,0.0,0.0,19.0,4.0,2.0,4.0,7.0,1.0,0.0,1.0,2.0,13.0,1.0,1.0,0.0,0.0,0.0,1.0,4.0,1.0,0.0,2.0,0.0,0.0,1.0,2.0,1.0,2.0,0.0,1.0,0.0,0.0,1.0,1.0,18.0,4.0,2.0,0.0,1.0,1.0,0.0,1.0,0.0,3.0,0.0,0.0,0.0,3.0,0.0,0.0,0.0,0.0,17.0,7.0,0.0,3.0,0.0,2.0,1.0,4.0
23,2428489305.0,0.0,0.0,9.0,0.0,1.0,1.0,0.0,1.0,15.0,0.0,0.0,16.0,2.0,2.0,15.0,8.0,0.0,2.0,6.0,1.0,0.0,0.0,0.0,0.0,1.0,6.0,0.0,9.0,1.0,18.0,12.0,0.0,0.0,0.0,1.0,0.0,0.0,3.0,2.0,0.0,18.0,7.0,0.0,13.0,18.0,0.0,12.0,7.0,7.0,0.0,1.0,0.0,1.0,0.0,0.0,2.0,1.0,0.0,6.0,11.0,1.0,12.0,15.0,1.0,0.0,0.0,1.0,5.0,3.0,12.0,18.0,0.0,0.0,1.0,7.0,1.0,1.0,6.0,1.0,2.0,22.0,0.0,0.0,0.0,0.0,1.0,14.0,14.0,0.0,0.0,0.0,2.0,8.0,12.0,0.0,17.0,0.0,0.0,6.0,7.0,15.0,2.0,2.0,15.0,0.0,0.0,2.0,1.0,3.0,15.0,4.0,11.0,7.0,1.0,5.0,0.0,0.0,1.0,3.0,2.0,0.0,0.0,0.0,0.0,0.0,1.0,4.0,1.0,0.0,0.0,0.0,0.0,0.0,2.0
24,2465934385.0,1.0,4.0,2.0,0.0,1.0,30.0,0.0,13.0,1.0,2.0,0.0,6.0,2.0,5.0,11.0,4.0,6.0,19.0,0.0,6.0,3.0,0.0,0.0,0.0,1.0,32.0,2.0,2.0,2.0,0.0,12.0,3.0,0.0,2.0,10.0,0.0,1.0,194.0,54.0,96.0,23.0,5.0,0.0,7.0,29.0,3.0,5.0,0.0,20.0,0.0,0.0,5.0,2.0,0.0,1.0,10.0,139.0,1.0,2.0,8.0,4.0,8.0,9.0,7.0,1.0,0.0,0.0,0.0,1.0,1.0,0.0,0.0,0.0,14.0,0.0,0.0,15.0,4.0,3.0,4.0,29.0,1.0,1.0,1.0,3.0,1.0,3.0,1.0,2.0,0.0,0.0,0.0,7.0,0.0,0.0,1.0,3.0,0.0,0.0,1.0,2.0,10.0,0.0,0.0,0.0,0.0,135.0,0.0,14.0,6.0,3.0,0.0,0.0,0.0,1.0,2.0,0.0,4.0,0.0,0.0,0.0,2.0,1.0,0.0,4.0,0.0,58.0,7.0,1.0,0.0,1.0,1.0,0.0,1.0
25,2515007300.0,7.0,12.0,5.0,6.0,13.0,5.0,1.0,36.0,0.0,4.0,2.0,3.0,1.0,11.0,6.0,0.0,22.0,33.0,2.0,8.0,7.0,4.0,1.0,1.0,0.0,25.0,4.0,4.0,6.0,1.0,9.0,1.0,0.0,9.0,3.0,0.0,8.0,16.0,4.0,2.0,3.0,5.0,0.0,7.0,18.0,5.0,7.0,6.0,13.0,0.0,4.0,5.0,12.0,0.0,0.0,4.0,4.0,2.0,6.0,5.0,2.0,6.0,9.0,26.0,3.0,0.0,3.0,0.0,0.0,0.0,2.0,0.0,19.0,3.0,1.0,5.0,27.0,7.0,9.0,11.0,16.0,3.0,0.0,2.0,12.0,12.0,4.0,4.0,2.0,0.0,0.0,5.0,6.0,0.0,0.0,6.0,1.0,0.0,2.0,3.0,3.0,3.0,0.0,0.0,0.0,0.0,3.0,2.0,21.0,7.0,2.0,2.0,3.0,1.0,2.0,0.0,0.0,6.0,0.0,0.0,0.0,3.0,0.0,0.0,1.0,0.0,36.0,9.0,0.0,4.0,7.0,3.0,0.0,7.0
26,264013487.0,13.0,62.0,95.0,29.0,38.0,215.0,8.0,270.0,10.0,54.0,4.0,55.0,13.0,92.0,115.0,33.0,113.0,333.0,78.0,124.0,88.0,15.0,6.0,32.0,25.0,0.0,13.0,114.0,77.0,21.0,181.0,81.0,1.0,18.0,62.0,4.0,23.0,353.0,164.0,68.0,88.0,151.0,1.0,207.0,366.0,10.0,155.0,32.0,214.0,2.0,15.0,16.0,64.0,0.0,1.0,114.0,163.0,24.0,112.0,107.0,61.0,111.0,219.0,119.0,13.0,1.0,19.0,4.0,6.0,43.0,68.0,0.0,5.0,128.0,13.0,14.0,270.0,71.0,69.0,123.0,293.0,7.0,5.0,7.0,43.0,63.0,77.0,65.0,15.0,0.0,1.0,41.0,72.0,17.0,2.0,115.0,15.0,0.0,19.0,32.0,34.0,123.0,4.0,12.0,4.0,0.0,134.0,8.0,245.0,107.0,30.0,23.0,52.0,15.0,21.0,3.0,1.0,73.0,3.0,3.0,0.0,14.0,7.0,0.0,42.0,1.0,599.0,43.0,17.0,6.0,15.0,6.0,2.0,36.0
27,2730683010.0,1.0,0.0,4.0,4.0,2.0,0.0,12.0,10.0,0.0,0.0,2.0,0.0,1.0,2.0,1.0,0.0,8.0,23.0,0.0,1.0,1.0,5.0,0.0,2.0,4.0,13.0,0.0,0.0,2.0,0.0,1.0,0.0,6.0,0.0,0.0,0.0,13.0,3.0,1.0,1.0,0.0,5.0,5.0,2.0,7.0,3.0,2.0,1.0,2.0,0.0,0.0,0.0,2.0,0.0,0.0,0.0,3.0,1.0,2.0,3.0,2.0,1.0,3.0,8.0,11.0,0.0,3.0,0.0,1.0,0.0,0.0,0.0,0.0,1.0,0.0,0.0,24.0,6.0,0.0,0.0,5.0,0.0,0.0,0.0,0.0,13.0,1.0,1.0,0.0,0.0,8.0,2.0,5.0,0.0,0.0,3.0,0.0,0.0,1.0,0.0,0.0,0.0,0.0,0.0,0.0,0.0,0.0,10.0,14.0,1.0,0.0,0.0,0.0,12.0,0.0,9.0,0.0,0.0,0.0,0.0,0.0,12.0,0.0,0.0,0.0,0.0,12.0,2.0,0.0,2.0,0.0,2.0,0.0,1.0
28,2733625915.0,0.0,3.0,45.0,0.0,3.0,29.0,0.0,22.0,61.0,1.0,0.0,68.0,2.0,16.0,69.0,25.0,1.0,14.0,42.0,19.0,5.0,0.0,9.0,2.0,4.0,114.0,0.0,0.0,0.0,73.0,102.0,13.0,0.0,3.0,8.0,0.0,0.0,51.0,28.0,10.0,149.0,84.0,0.0,88.0,182.0,0.0,68.0,24.0,76.0,0.0,13.0,1.0,0.0,0.0,0.0,36.0,27.0,1.0,52.0,48.0,8.0,121.0,152.0,3.0,2.0,0.0,0.0,12.0,5.0,55.0,79.0,0.0,1.0,16.0,16.0,3.0,7.0,22.0,6.0,8.0,151.0,2.0,0.0,3.0,5.0,1.0,89.0,90.0,5.0,0.0,0.0,17.0,30.0,53.0,0.0,113.0,4.0,0.0,16.0,29.0,40.0,24.0,2.0,38.0,0.0,0.0,23.0,0.0,25.0,56.0,18.0,55.0,52.0,0.0,18.0,0.0,0.0,6.0,5.0,4.0,0.0,1.0,0.0,0.0,5.0,1.0,94.0,2.0,5.0,0.0,3.0,0.0,0.0,10.0
29,2772853362.0,3.0,26.0,26.0,3.0,30.0,46.0,9.0,60.0,0.0,25.0,2.0,21.0,4.0,26.0,30.0,12.0,21.0,32.0,6.0,29.0,31.0,10.0,1.0,2.0,6.0,77.0,2.0,0.0,0.0,3.0,21.0,5.0,0.0,12.0,13.0,2.0,12.0,61.0,24.0,11.0,3.0,31.0,0.0,26.0,51.0,6.0,23.0,5.0,31.0,0.0,0.0,6.0,37.0,0.0,0.0,26.0,21.0,13.0,21.0,34.0,15.0,14.0,44.0,20.0,6.0,0.0,5.0,0.0,0.0,3.0,6.0,0.0,3.0,29.0,1.0,7.0,60.0,18.0,23.0,64.0,46.0,5.0,2.0,7.0,13.0,11.0,10.0,4.0,3.0,0.0,0.0,3.0,26.0,4.0,2.0,16.0,4.0,0.0,4.0,10.0,5.0,27.0,0.0,2.0,0.0,0.0,12.0,6.0,58.0,29.0,11.0,1.0,1.0,8.0,0.0,2.0,1.0,48.0,0.0,0.0,0.0,7.0,4.0,0.0,1.0,0.0,101.0,25.0,1.0,1.0,12.0,20.0,1.0,17.0
30,2786928739.0,0.0,2.0,22.0,0.0,3.0,10.0,0.0,5.0,108.0,1.0,0.0,87.0,1.0,1.0,67.0,23.0,1.0,4.0,19.0,5.0,1.0,0.0,18.0,0.0,1.0,21.0,0.0,73.0,3.0,0.0,76.0,3.0,0.0,0.0,3.0,0.0,0.0,13.0,5.0,2.0,195.0,22.0,0.0,51.0,117.0,0.0,38.0,23.0,48.0,0.0,1.0,0.0,2.0,0.0,0.0,7.0,7.0,0.0,13.0,32.0,2.0,52.0,106.0,1.0,0.0,0.0,1.0,10.0,4.0,67.0,113.0,0.0,0.0,3.0,14.0,2.0,1.0,13.0,1.0,2.0,121.0,0.0,0.0,1.0,0.0,1.0,53.0,50.0,0.0,0.0,0.0,5.0,17.0,71.0,0.0,89.0,2.0,0.0,12.0,28.0,37.0,6.0,2.0,69.0,0.0,0.0,4.0,2.0,6.0,73.0,8.0,34.0,42.0,2.0,14.0,0.0,0.0,2.0,5.0,4.0,0.0,0.0,0.0,0.0,0.0,1.0,13.0,3.0,0.0,0.0,1.0,0.0,0.0,2.0
31,2827806306.0,2.0,32.0,69.0,1.0,7.0,60.0,3.0,58.0,54.0,19.0,1.0,86.0,6.0,21.0,91.0,44.0,14.0,43.0,60.0,34.0,17.0,2.0,12.0,12.0,9.0,181.0,1.0,102.0,21.0,76.0,0.0,22.0,0.0,12.0,19.0,0.0,8.0,104.0,66.0,26.0,182.0,91.0,0.0,159.0,248.0,2.0,120.0,18.0,153.0,0.0,9.0,7.0,23.0,0.0,1.0,45.0,63.0,11.0,71.0,83.0,24.0,114.0,168.0,13.0,4.0,0.0,4.0,9.0,6.0,83.0,83.0,0.0,4.0,40.0,16.0,8.0,25.0,43.0,21.0,46.0,180.0,5.0,4.0,5.0,19.0,5.0,81.0,71.0,8.0,0.0,0.0,20.0,48.0,32.0,1.0,104.0,6.0,0.0,20.0,41.0,47.0,38.0,5.0,23.0,0.0,0.0,48.0,1.0,58.0,106.0,22.0,44.0,48.0,2.0,19.0,0.0,2.0,25.0,6.0,5.0,0.0,3.0,7.0,0.0,15.0,1.0,169.0,12.0,3.0,1.0,11.0,4.0,0.0,16.0
32,283111686.0,0.0,5.0,18.0,0.0,3.0,488.0,1.0,17.0,0.0,2.0,0.0,5.0,2.0,6.0,24.0,5.0,1.0,17.0,16.0,53.0,3.0,1.0,0.0,3.0,1.0,81.0,0.0,13.0,5.0,3.0,22.0,0.0,0.0,3.0,286.0,1.0,0.0,114.0,61.0,28.0,27.0,22.0,0.0,49.0,56.0,0.0,35.0,2.0,47.0,0.0,4.0,1.0,8.0,0.0,1.0,259.0,71.0,1.0,24.0,21.0,44.0,11.0,30.0,0.0,0.0,0.0,1.0,0.0,0.0,8.0,8.0,0.0,0.0,136.0,0.0,0.0,2.0,5.0,9.0,7.0,52.0,0.0,1.0,0.0,1.0,0.0,18.0,9.0,4.0,0.0,0.0,3.0,15.0,3.0,0.0,12.0,101.0,0.0,1.0,5.0,7.0,126.0,2.0,1.0,1.0,0.0,71.0,1.0,107.0,20.0,7.0,2.0,8.0,2.0,4.0,0.0,1.0,4.0,0.0,0.0,0.0,1.0,0.0,0.0,28.0,0.0,278.0,6.0,118.0,0.0,1.0,1.0,1.0,5.0
33,2854111591.0,0.0,0.0,0.0,0.0,0.0,0.0,6.0,0.0,0.0,0.0,0.0,0.0,0.0,0.0,0.0,0.0,0.0,0.0,0.0,0.0,0.0,0.0,0.0,0.0,0.0,1.0,6.0,0.0,0.0,0.0,0.0,0.0,0.0,0.0,0.0,0.0,13.0,0.0,0.0,0.0,0.0,0.0,12.0,0.0,0.0,0.0,0.0,0.0,0.0,0.0,0.0,0.0,0.0,0.0,0.0,0.0,0.0,0.0,0.0,0.0,0.0,0.0,0.0,0.0,13.0,0.0,0.0,0.0,0.0,0.0,0.0,0.0,0.0,0.0,0.0,0.0,1.0,0.0,0.0,0.0,0.0,0.0,0.0,0.0,0.0,0.0,0.0,0.0,0.0,0.0,12.0,0.0,0.0,0.0,0.0,0.0,0.0,0.0,0.0,0.0,0.0,0.0,0.0,0.0,0.0,0.0,0.0,13.0,0.0,0.0,0.0,0.0,0.0,15.0,0.0,13.0,0.0,0.0,0.0,0.0,0.0,10.0,0.0,0.0,0.0,0.0,0.0,1.0,0.0,0.0,0.0,0.0,0.0,0.0
34,2887012286.0,1.0,78.0,5.0,0.0,7.0,9.0,1.0,40.0,0.0,18.0,0.0,8.0,0.0,32.0,7.0,8.0,5.0,11.0,3.0,9.0,4.0,1.0,0.0,2.0,9.0,18.0,0.0,3.0,12.0,0.0,12.0,3.0,0.0,0.0,3.0,0.0,1.0,25.0,10.0,2.0,8.0,15.0,0.0,8.0,27.0,4.0,6.0,0.0,32.0,0.0,1.0,5.0,27.0,0.0,0.0,9.0,8.0,13.0,9.0,10.0,2.0,8.0,12.0,3.0,7.0,0.0,1.0,0.0,0.0,2.0,2.0,0.0,2.0,5.0,0.0,3.0,8.0,4.0,11.0,19.0,12.0,7.0,7.0,8.0,76.0,0.0,5.0,2.0,5.0,0.0,0.0,1.0,5.0,0.0,4.0,3.0,0.0,0.0,0.0,2.0,2.0,5.0,0.0,0.0,0.0,0.0,6.0,0.0,10.0,5.0,4.0,0.0,0.0,0.0,0.0,0.0,0.0,8.0,0.0,0.0,0.0,1.0,15.0,0.0,2.0,0.0,37.0,5.0,0.0,0.0,20.0,1.0,0.0,5.0
35,2891849250.0,0.0,6.0,16.0,0.0,14.0,576.0,3.0,26.0,0.0,1.0,0.0,10.0,2.0,25.0,26.0,6.0,3.0,30.0,9.0,60.0,6.0,3.0,1.0,10.0,3.0,62.0,0.0,8.0,13.0,3.0,19.0,286.0,0.0,3.0,0.0,2.0,1.0,88.0,42.0,27.0,17.0,37.0,0.0,22.0,53.0,0.0,28.0,7.0,32.0,0.0,0.0,2.0,10.0,0.0,1.0,273.0,48.0,8.0,15.0,16.0,43.0,16.0,26.0,5.0,2.0,0.0,2.0,0.0,0.0,3.0,7.0,0.0,0.0,133.0,2.0,1.0,12.0,7.0,15.0,12.0,50.0,0.0,1.0,0.0,7.0,2.0,12.0,8.0,10.0,0.0,0.0,1.0,19.0,4.0,0.0,23.0,80.0,0.0,1.0,8.0,7.0,122.0,1.0,3.0,3.0,0.0,49.0,6.0,100.0,13.0,8.0,1.0,5.0,5.0,1.0,1.0,0.0,16.0,0.0,0.0,0.0,0.0,0.0,0.0,24.0,0.0,212.0,9.0,105.0,0.0,1.0,0.0,3.0,16.0
36,2903360653.0,0.0,0.0,0.0,0.0,0.0,3.0,0.0,0.0,0.0,0.0,0.0,0.0,0.0,1.0,0.0,0.0,1.0,2.0,0.0,1.0,1.0,0.0,0.0,0.0,0.0,4.0,0.0,0.0,2.0,0.0,0.0,1.0,0.0,0.0,2.0,0.0,0.0,5.0,1.0,0.0,0.0,1.0,0.0,1.0,2.0,0.0,1.0,0.0,1.0,0.0,0.0,0.0,0.0,0.0,0.0,1.0,1.0,0.0,0.0,1.0,2.0,0.0,1.0,1.0,0.0,0.0,0.0,0.0,0.0,0.0,0.0,0.0,0.0,1.0,0.0,0.0,1.0,1.0,0.0,1.0,3.0,1.0,0.0,0.0,0.0,1.0,0.0,0.0,0.0,0.0,0.0,0.0,0.0,0.0,0.0,0.0,0.0,0.0,0.0,0.0,0.0,1.0,0.0,0.0,22.0,0.0,2.0,0.0,3.0,0.0,0.0,0.0,0.0,0.0,0.0,0.0,0.0,1.0,0.0,0.0,0.0,0.0,0.0,0.0,0.0,0.0,7.0,0.0,0.0,0.0,0.0,0.0,2.0,0.0
37,2910794929.0,4.0,5.0,6.0,6.0,2.0,7.0,33.0,19.0,0.0,1.0,2.0,3.0,1.0,10.0,4.0,1.0,20.0,26.0,0.0,5.0,7.0,9.0,0.0,1.0,8.0,23.0,13.0,0.0,12.0,0.0,8.0,0.0,13.0,1.0,1.0,0.0,0.0,7.0,3.0,2.0,0.0,4.0,44.0,5.0,10.0,3.0,7.0,1.0,6.0,0.0,0.0,1.0,7.0,0.0,0.0,5.0,3.0,2.0,3.0,7.0,5.0,4.0,7.0,23.0,34.0,0.0,7.0,0.0,0.0,0.0,1.0,0.0,1.0,2.0,0.0,1.0,43.0,7.0,4.0,13.0,9.0,0.0,0.0,0.0,4.0,15.0,2.0,1.0,0.0,0.0,26.0,2.0,7.0,1.0,0.0,4.0,1.0,0.0,1.0,1.0,2.0,4.0,0.0,1.0,0.0,0.0,0.0,26.0,19.0,6.0,3.0,0.0,2.0,204.0,0.0,122.0,0.0,4.0,0.0,0.0,0.0,79.0,1.0,0.0,0.0,0.0,22.0,9.0,0.0,3.0,1.0,2.0,1.0,3.0
38,2911006837.0,2.0,58.0,78.0,2.0,25.0,362.0,6.0,142.0,4.0,43.0,2.0,47.0,10.0,50.0,93.0,29.0,33.0,100.0,49.0,149.0,48.0,6.0,3.0,194.0,16.0,353.0,3.0,51.0,61.0,13.0,104.0,114.0,0.0,25.0,88.0,5.0,7.0,0.0,258.0,118.0,74.0,103.0,0.0,152.0,239.0,7.0,108.0,18.0,176.0,0.0,9.0,15.0,62.0,0.0,1.0,179.0,297.0,19.0,92.0,84.0,69.0,67.0,130.0,35.0,8.0,0.0,5.0,2.0,2.0,26.0,22.0,0.0,6.0,174.0,6.0,8.0,52.0,51.0,56.0,78.0,189.0,4.0,4.0,5.0,38.0,8.0,55.0,38.0,24.0,0.0,0.0,13.0,63.0,6.0,3.0,56.0,33.0,0.0,8.0,20.0,23.0,175.0,3.0,6.0,4.0,0.0,271.0,7.0,181.0,87.0,20.0,15.0,29.0,13.0,14.0,0.0,1.0,59.0,1.0,1.0,0.0,6.0,10.0,0.0,66.0,1.0,627.0,33.0,21.0,1.0,18.0,6.0,2.0,27.0
39,2915729407.0,1.0,39.0,39.0,0.0,8.0,174.0,2.0,60.0,1.0,25.0,0.0,30.0,8.0,11.0,37.0,26.0,12.0,45.0,30.0,72.0,23.0,3.0,2.0,54.0,4.0,164.0,1.0,28.0,24.0,5.0,66.0,61.0,0.0,10.0,42.0,1.0,3.0,258.0,0.0,77.0,37.0,51.0,0.0,76.0,134.0,1.0,65.0,6.0,82.0,0.0,5.0,8.0,31.0,0.0,2.0,90.0,190.0,15.0,46.0,47.0,47.0,26.0,61.0,17.0,3.0,0.0,2.0,2.0,2.0,15.0,7.0,0.0,3.0,115.0,1.0,7.0,18.0,33.0,22.0,48.0,108.0,5.0,3.0,4.0,15.0,1.0,26.0,18.0,11.0,0.0,0.0,7.0,37.0,5.0,2.0,12.0,16.0,0.0,3.0,5.0,13.0,107.0,2.0,3.0,2.0,0.0,154.0,2.0,84.0,55.0,11.0,5.0,16.0,4.0,8.0,1.0,1.0,28.0,1.0,1.0,0.0,2.0,7.0,0.0,34.0,1.0,369.0,17.0,7.0,0.0,11.0,3.0,1.0,9.0
40,2925375086.0,0.0,8.0,24.0,0.0,7.0,78.0,0.0,29.0,0.0,2.0,0.0,14.0,7.0,7.0,24.0,5.0,6.0,18.0,13.0,25.0,6.0,1.0,0.0,96.0,2.0,68.0,1.0,10.0,11.0,2.0,26.0,28.0,0.0,2.0,27.0,0.0,2.0,118.0,77.0,0.0,33.0,26.0,0.0,32.0,65.0,0.0,28.0,5.0,53.0,0.0,3.0,0.0,11.0,0.0,0.0,46.0,146.0,7.0,22.0,20.0,16.0,18.0,36.0,1.0,0.0,0.0,1.0,0.0,0.0,6.0,7.0,0.0,0.0,59.0,2.0,2.0,12.0,16.0,16.0,11.0,60.0,0.0,1.0,0.0,4.0,0.0,17.0,8.0,5.0,0.0,0.0,4.0,15.0,4.0,1.0,24.0,20.0,0.0,3.0,5.0,10.0,47.0,0.0,1.0,1.0,0.0,129.0,4.0,43.0,27.0,7.0,0.0,8.0,3.0,5.0,0.0,1.0,10.0,0.0,0.0,0.0,2.0,2.0,0.0,24.0,0.0,117.0,5.0,5.0,0.0,4.0,0.0,1.0,10.0
41,2940472412.0,0.0,11.0,47.0,0.0,1.0,53.0,0.0,16.0,138.0,3.0,0.0,145.0,5.0,7.0,114.0,38.0,3.0,20.0,41.0,21.0,3.0,1.0,18.0,23.0,3.0,88.0,0.0,149.0,3.0,195.0,182.0,27.0,0.0,8.0,17.0,0.0,0.0,74.0,37.0,33.0,0.0,60.0,0.0,150.0,288.0,0.0,101.0,37.0,153.0,0.0,7.0,1.0,5.0,0.0,1.0,37.0,48.0,2.0,43.0,68.0,16.0,130.0,209.0,2.0,1.0,0.0,1.0,12.0,6.0,116.0,192.0,0.0,1.0,29.0,15.0,5.0,7.0,28.0,11.0,13.0,243.0,1.0,1.0,2.0,10.0,1.0,84.0,83.0,5.0,0.0,0.0,14.0,27.0,109.0,0.0,143.0,8.0,0.0,16.0,42.0,59.0,25.0,5.0,124.0,0.0,0.0,52.0,0.0,35.0,121.0,15.0,42.0,72.0,0.0,20.0,0.0,0.0,7.0,5.0,4.0,0.0,2.0,0.0,0.0,13.0,2.0,94.0,4.0,4.0,0.0,6.0,1.0,0.0,6.0
42,2957404981.0,1.0,24.0,66.0,2.0,23.0,57.0,3.0,61.0,15.0,17.0,1.0,47.0,6.0,29.0,74.0,24.0,16.0,55.0,42.0,44.0,19.0,5.0,7.0,5.0,5.0,151.0,5.0,84.0,31.0,22.0,91.0,22.0,0.0,15.0,37.0,1.0,4.0,103.0,51.0,26.0,60.0,0.0,0.0,98.0,155.0,2.0,78.0,19.0,89.0,0.0,14.0,10.0,30.0,0.0,1.0,49.0,50.0,16.0,72.0,66.0,21.0,83.0,112.0,16.0,10.0,0.0,4.0,4.0,4.0,29.0,41.0,0.0,1.0,37.0,16.0,9.0,28.0,36.0,26.0,29.0,127.0,6.0,1.0,4.0,13.0,10.0,64.0,52.0,7.0,0.0,0.0,24.0,42.0,11.0,0.0,88.0,8.0,0.0,12.0,25.0,32.0,48.0,2.0,13.0,0.0,0.0,31.0,8.0,63.0,61.0,22.0,26.0,36.0,10.0,16.0,1.0,0.0,34.0,2.0,2.0,0.0,3.0,3.0,0.0,11.0,1.0,177.0,18.0,0.0,2.0,8.0,1.0,1.0,24.0
43,2990987958.0,0.0,0.0,0.0,0.0,0.0,0.0,7.0,2.0,0.0,0.0,0.0,0.0,0.0,1.0,0.0,0.0,0.0,3.0,0.0,0.0,0.0,0.0,0.0,0.0,0.0,1.0,5.0,0.0,0.0,0.0,0.0,0.0,12.0,0.0,0.0,0.0,44.0,0.0,0.0,0.0,0.0,0.0,0.0,0.0,0.0,0.0,0.0,0.0,0.0,0.0,0.0,0.0,0.0,0.0,0.0,0.0,0.0,0.0,0.0,0.0,0.0,0.0,0.0,0.0,20.0,0.0,0.0,0.0,0.0,0.0,0.0,0.0,0.0,0.0,0.0,0.0,2.0,0.0,0.0,0.0,0.0,0.0,0.0,0.0,1.0,0.0,0.0,0.0,0.0,0.0,20.0,0.0,0.0,0.0,0.0,0.0,0.0,0.0,0.0,0.0,0.0,0.0,0.0,0.0,0.0,0.0,0.0,17.0,0.0,0.0,0.0,0.0,0.0,45.0,0.0,35.0,0.0,0.0,0.0,0.0,0.0,21.0,0.0,0.0,0.0,0.0,1.0,1.0,0.0,0.0,0.0,0.0,0.0,0.0
44,3073317074.0,2.0,29.0,84.0,1.0,13.0,73.0,3.0,70.0,36.0,27.0,1.0,74.0,6.0,12.0,96.0,35.0,9.0,32.0,74.0,60.0,19.0,3.0,13.0,7.0,7.0,207.0,2.0,88.0,26.0,51.0,159.0,49.0,0.0,8.0,22.0,1.0,5.0,152.0,76.0,32.0,150.0,98.0,0.0,0.0,219.0,1.0,130.0,30.0,163.0,0.0,11.0,6.0,36.0,0.0,1.0,48.0,84.0,17.0,104.0,85.0,30.0,102.0,182.0,8.0,2.0,0.0,4.0,12.0,5.0,72.0,70.0,0.0,2.0,60.0,15.0,10.0,18.0,48.0,35.0,50.0,182.0,4.0,3.0,5.0,15.0,1.0,78.0,55.0,4.0,0.0,0.0,22.0,51.0,35.0,0.0,90.0,4.0,0.0,21.0,32.0,45.0,64.0,4.0,38.0,0.0,0.0,65.0,4.0,93.0,120.0,26.0,39.0,66.0,7.0,20.0,0.0,0.0,39.0,4.0,3.0,0.0,2.0,5.0,0.0,21.0,2.0,223.0,17.0,7.0,1.0,16.0,3.0,1.0,17.0
45,3076248691.0,2.0,48.0,105.0,2.0,23.0,162.0,5.0,144.0,96.0,27.0,2.0,133.0,13.0,70.0,188.0,59.0,41.0,134.0,83.0,92.0,40.0,8.0,18.0,29.0,18.0,366.0,7.0,182.0,51.0,117.0,248.0,56.0,0.0,27.0,53.0,2.0,10.0,239.0,134.0,65.0,288.0,155.0,0.0,219.0,0.0,10.0,177.0,34.0,267.0,0.0,13.0,14.0,48.0,0.0,2.0,116.0,134.0,23.0,110.0,132.0,52.0,179.0,298.0,33.0,12.0,0.0,6.0,17.0,8.0,107.0,157.0,0.0,3.0,95.0,24.0,15.0,93.0,77.0,43.0,83.0,344.0,7.0,4.0,6.0,45.0,14.0,118.0,94.0,23.0,0.0,0.0,30.0,76.0,69.0,3.0,176.0,19.0,0.0,27.0,61.0,71.0,96.0,6.0,52.0,2.0,0.0,121.0,10.0,159.0,164.0,33.0,51.0,87.0,10.0,35.0,1.0,1.0,46.0,5.0,4.0,0.0,6.0,7.0,0.0,32.0,2.0,419.0,38.0,12.0,2.0,16.0,5.0,2.0,33.0
46,3133331985.0,1.0,4.0,1.0,3.0,1.0,4.0,1.0,9.0,0.0,2.0,2.0,1.0,0.0,2.0,1.0,1.0,10.0,8.0,0.0,0.0,3.0,5.0,0.0,3.0,5.0,10.0,3.0,0.0,6.0,0.0,2.0,0.0,0.0,4.0,0.0,0.0,3.0,7.0,1.0,0.0,0.0,2.0,0.0,1.0,10.0,0.0,1.0,0.0,6.0,0.0,0.0,1.0,4.0,0.0,0.0,2.0,0.0,1.0,2.0,9.0,3.0,5.0,2.0,8.0,0.0,0.0,2.0,0.0,0.0,0.0,0.0,0.0,0.0,0.0,0.0,0.0,15.0,2.0,0.0,4.0,5.0,1.0,1.0,0.0,5.0,4.0,1.0,1.0,1.0,0.0,0.0,1.0,4.0,0.0,1.0,2.0,0.0,0.0,1.0,0.0,0.0,0.0,0.0,0.0,0.0,0.0,0.0,0.0,8.0,2.0,0.0,0.0,0.0,0.0,0.0,0.0,0.0,2.0,0.0,0.0,0.0,3.0,1.0,0.0,0.0,0.0,15.0,5.0,0.0,1.0,1.0,1.0,0.0,2.0
47,3139765596.0,1.0,18.0,73.0,1.0,10.0,75.0,2.0,44.0,34.0,12.0,1.0,50.0,8.0,8.0,78.0,30.0,10.0,36.0,72.0,42.0,16.0,4.0,12.0,5.0,7.0,155.0,2.0,68.0,23.0,38.0,120.0,35.0,0.0,6.0,28.0,1.0,7.0,108.0,65.0,28.0,101.0,78.0,0.0,130.0,177.0,1.0,0.0,21.0,105.0,0.0,9.0,5.0,21.0,0.0,2.0,49.0,72.0,7.0,80.0,91.0,39.0,73.0,143.0,10.0,2.0,0.0,3.0,9.0,6.0,58.0,60.0,0.0,3.0,61.0,15.0,10.0,25.0,42.0,19.0,30.0,168.0,2.0,2.0,4.0,10.0,4.0,64.0,53.0,6.0,0.0,0.0,16.0,55.0,27.0,0.0,77.0,6.0,0.0,16.0,33.0,41.0,61.0,3.0,22.0,1.0,0.0,59.0,5.0,78.0,91.0,25.0,30.0,48.0,4.0,18.0,0.0,0.0,22.0,5.0,4.0,0.0,4.0,2.0,0.0,24.0,1.0,152.0,15.0,4.0,1.0,9.0,2.0,2.0,23.0
48,3144995366.0,0.0,1.0,20.0,0.0,6.0,6.0,0.0,15.0,17.0,0.0,0.0,25.0,2.0,5.0,18.0,9.0,3.0,12.0,12.0,6.0,3.0,0.0,7.0,0.0,6.0,32.0,1.0,24.0,5.0,23.0,18.0,2.0,0.0,0.0,7.0,0.0,1.0,18.0,6.0,5.0,37.0,19.0,0.0,30.0,34.0,0.0,21.0,0.0,19.0,0.0,6.0,0.0,6.0,0.0,0.0,11.0,8.0,5.0,20.0,19.0,2.0,21.0,36.0,4.0,2.0,0.0,2.0,4.0,4.0,15.0,30.0,0.0,0.0,7.0,7.0,3.0,11.0,13.0,8.0,6.0,46.0,0.0,0.0,0.0,1.0,2.0,17.0,15.0,1.0,0.0,0.0,4.0,14.0,37.0,0.0,30.0,3.0,0.0,6.0,12.0,18.0,8.0,2.0,34.0,0.0,0.0,6.0,3.0,17.0,19.0,7.0,11.0,31.0,3.0,9.0,0.0,0.0,9.0,3.0,3.0,0.0,0.0,0.0,0.0,2.0,1.0,30.0,3.0,0.0,1.0,4.0,0.0,0.0,7.0
49,3153251286.0,0.0,46.0,59.0,1.0,22.0,128.0,2.0,100.0,39.0,22.0,0.0,71.0,8.0,38.0,98.0,36.0,28.0,73.0,54.0,66.0,20.0,7.0,7.0,20.0,13.0,214.0,2.0,76.0,31.0,48.0,153.0,47.0,0.0,32.0,32.0,1.0,6.0,176.0,82.0,53.0,153.0,89.0,0.0,163.0,267.0,6.0,105.0,19.0,0.0,0.0,9.0,7.0,33.0,0.0,1.0,83.0,98.0,12.0,61.0,79.0,25.0,129.0,157.0,26.0,6.0,0.0,2.0,5.0,5.0,46.0,57.0,0.0,2.0,66.0,13.0,8.0,56.0,41.0,30.0,36.0,203.0,6.0,2.0,5.0,43.0,7.0,59.0,46.0,10.0,0.0,0.0,16.0,46.0,30.0,1.0,83.0,22.0,0.0,15.0,31.0,31.0,75.0,2.0,15.0,1.0,0.0,89.0,4.0,109.0,97.0,16.0,27.0,38.0,3.0,18.0,0.0,1.0,31.0,3.0,2.0,0.0,4.0,4.0,0.0,22.0,1.0,280.0,19.0,5.0,0.0,15.0,5.0,2.0,18.0
50,3223162074.0,0.0,0.0,0.0,1.0,0.0,0.0,0.0,0.0,0.0,0.0,0.0,0.0,0.0,0.0,0.0,0.0,0.0,0.0,0.0,0.0,6.0,0.0,0.0,0.0,0.0,2.0,0.0,0.0,0.0,0.0,0.0,0.0,0.0,0.0,0.0,0.0,0.0,0.0,0.0,0.0,0.0,0.0,0.0,0.0,0.0,0.0,0.0,0.0,0.0,0.0,0.0,0.0,0.0,0.0,0.0,0.0,0.0,0.0,0.0,0.0,0.0,0.0,0.0,0.0,0.0,0.0,0.0,0.0,0.0,0.0,0.0,0.0,0.0,0.0,0.0,0.0,4.0,0.0,0.0,0.0,0.0,0.0,0.0,0.0,0.0,0.0,0.0,0.0,0.0,0.0,0.0,0.0,0.0,0.0,0.0,0.0,0.0,0.0,0.0,0.0,0.0,0.0,0.0,0.0,0.0,0.0,0.0,0.0,0.0,0.0,0.0,0.0,0.0,0.0,0.0,0.0,0.0,0.0,0.0,0.0,0.0,0.0,0.0,0.0,0.0,0.0,1.0,0.0,0.0,0.0,0.0,0.0,0.0,0.0
51,3237034825.0,0.0,2.0,8.0,0.0,1.0,8.0,0.0,5.0,1.0,0.0,0.0,6.0,1.0,1.0,6.0,1.0,0.0,3.0,7.0,4.0,1.0,0.0,1.0,0.0,4.0,15.0,0.0,13.0,0.0,1.0,9.0,4.0,0.0,1.0,0.0,0.0,0.0,9.0,5.0,3.0,7.0,14.0,0.0,11.0,13.0,0.0,9.0,6.0,9.0,0.0,0.0,0.0,1.0,0.0,0.0,6.0,6.0,0.0,7.0,7.0,2.0,9.0,18.0,0.0,0.0,0.0,0.0,1.0,2.0,4.0,6.0,0.0,1.0,3.0,1.0,2.0,3.0,6.0,1.0,1.0,17.0,0.0,0.0,0.0,2.0,0.0,9.0,10.0,2.0,0.0,0.0,7.0,4.0,2.0,0.0,18.0,1.0,0.0,4.0,5.0,4.0,5.0,1.0,1.0,0.0,0.0,6.0,0.0,9.0,2.0,3.0,8.0,6.0,0.0,4.0,0.0,0.0,1.0,1.0,1.0,0.0,1.0,0.0,0.0,3.0,1.0,19.0,1.0,0.0,0.0,2.0,1.0,0.0,4.0
52,323824621.0,22.0,17.0,2.0,3.0,2.0,6.0,0.0,154.0,0.0,11.0,0.0,7.0,1.0,4.0,7.0,8.0,22.0,19.0,2.0,4.0,80.0,1.0,0.0,5.0,5.0,16.0,0.0,1.0,6.0,0.0,7.0,1.0,0.0,5.0,2.0,0.0,1.0,15.0,8.0,0.0,1.0,10.0,0.0,6.0,14.0,1.0,5.0,0.0,7.0,0.0,0.0,0.0,9.0,0.0,0.0,5.0,8.0,2.0,5.0,6.0,0.0,3.0,8.0,2.0,4.0,0.0,0.0,0.0,0.0,2.0,0.0,0.0,3.0,3.0,0.0,1.0,9.0,2.0,64.0,12.0,7.0,1.0,1.0,3.0,7.0,0.0,2.0,0.0,0.0,0.0,0.0,0.0,4.0,0.0,1.0,2.0,0.0,0.0,0.0,1.0,0.0,4.0,0.0,0.0,0.0,0.0,4.0,1.0,8.0,6.0,3.0,1.0,1.0,1.0,0.0,0.0,0.0,6.0,0.0,0.0,0.0,0.0,3.0,0.0,0.0,0.0,18.0,19.0,0.0,0.0,5.0,2.0,0.0,1.0
53,3246602130.0,3.0,169.0,30.0,1.0,29.0,29.0,4.0,78.0,0.0,41.0,1.0,16.0,3.0,22.0,27.0,13.0,11.0,29.0,9.0,31.0,22.0,6.0,1.0,2.0,12.0,64.0,2.0,0.0,37.0,2.0,23.0,8.0,0.0,27.0,10.0,0.0,7.0,62.0,31.0,11.0,5.0,30.0,0.0,36.0,48.0,4.0,21.0,6.0,33.0,0.0,1.0,9.0,0.0,0.0,0.0,20.0,24.0,28.0,26.0,27.0,11.0,13.0,41.0,16.0,4.0,0.0,4.0,0.0,0.0,6.0,5.0,0.0,2.0,29.0,2.0,5.0,25.0,19.0,33.0,55.0,44.0,11.0,40.0,5.0,137.0,4.0,10.0,3.0,2.0,0.0,0.0,4.0,20.0,2.0,9.0,10.0,4.0,0.0,4.0,10.0,7.0,32.0,0.0,1.0,0.0,0.0,9.0,6.0,44.0,42.0,9.0,1.0,4.0,7.0,0.0,0.0,0.0,33.0,0.0,0.0,0.0,3.0,22.0,0.0,2.0,0.0,103.0,18.0,1.0,1.0,11.0,3.0,1.0,13.0
54,3322059139.0,0.0,0.0,0.0,0.0,0.0,0.0,0.0,0.0,0.0,0.0,0.0,0.0,0.0,0.0,0.0,0.0,0.0,0.0,0.0,0.0,1.0,0.0,0.0,0.0,0.0,0.0,0.0,0.0,0.0,0.0,0.0,0.0,0.0,0.0,0.0,0.0,0.0,0.0,0.0,0.0,0.0,0.0,0.0,0.0,0.0,0.0,0.0,0.0,0.0,0.0,0.0,0.0,0.0,0.0,0.0,0.0,0.0,0.0,0.0,0.0,0.0,0.0,0.0,1.0,0.0,0.0,0.0,0.0,0.0,0.0,0.0,0.0,0.0,0.0,0.0,0.0,0.0,0.0,0.0,0.0,0.0,0.0,0.0,0.0,0.0,0.0,0.0,0.0,0.0,0.0,0.0,0.0,0.0,0.0,0.0,0.0,0.0,0.0,0.0,0.0,0.0,0.0,0.0,0.0,0.0,0.0,0.0,0.0,0.0,0.0,0.0,0.0,0.0,0.0,0.0,0.0,0.0,0.0,0.0,0.0,0.0,0.0,0.0,0.0,0.0,0.0,0.0,0.0,0.0,0.0,0.0,0.0,0.0,0.0
55,3378114558.0,0.0,0.0,1.0,0.0,0.0,2.0,0.0,1.0,0.0,0.0,0.0,1.0,1.0,0.0,1.0,0.0,1.0,2.0,0.0,1.0,0.0,0.0,0.0,1.0,0.0,1.0,0.0,0.0,0.0,0.0,1.0,1.0,0.0,0.0,1.0,0.0,0.0,1.0,2.0,0.0,1.0,1.0,0.0,1.0,2.0,0.0,2.0,0.0,1.0,0.0,0.0,0.0,0.0,0.0,0.0,1.0,1.0,0.0,0.0,1.0,2.0,1.0,1.0,1.0,0.0,0.0,0.0,0.0,1.0,0.0,0.0,0.0,0.0,2.0,0.0,0.0,0.0,1.0,1.0,1.0,1.0,0.0,0.0,0.0,0.0,0.0,0.0,0.0,0.0,0.0,0.0,0.0,1.0,1.0,0.0,0.0,1.0,0.0,0.0,0.0,1.0,1.0,0.0,0.0,1.0,0.0,1.0,0.0,2.0,2.0,1.0,0.0,0.0,0.0,0.0,0.0,0.0,0.0,0.0,0.0,0.0,0.0,0.0,0.0,1.0,0.0,2.0,1.0,1.0,0.0,0.0,0.0,0.0,2.0
56,368201887.0,1.0,20.0,35.0,0.0,19.0,490.0,2.0,51.0,1.0,10.0,0.0,23.0,6.0,21.0,54.0,17.0,10.0,39.0,16.0,87.0,13.0,5.0,2.0,10.0,4.0,114.0,0.0,36.0,26.0,7.0,45.0,259.0,0.0,9.0,273.0,1.0,5.0,179.0,90.0,46.0,37.0,49.0,0.0,48.0,116.0,2.0,49.0,11.0,83.0,0.0,6.0,5.0,20.0,0.0,1.0,0.0,103.0,9.0,35.0,36.0,57.0,50.0,52.0,9.0,3.0,0.0,3.0,1.0,2.0,10.0,13.0,0.0,2.0,180.0,5.0,7.0,20.0,21.0,28.0,23.0,88.0,1.0,0.0,3.0,10.0,2.0,24.0,23.0,9.0,0.0,0.0,10.0,27.0,7.0,0.0,30.0,148.0,0.0,7.0,15.0,15.0,178.0,2.0,5.0,2.0,0.0,82.0,6.0,143.0,31.0,16.0,8.0,14.0,5.0,7.0,0.0,0.0,28.0,1.0,1.0,0.0,3.0,4.0,0.0,43.0,1.0,397.0,19.0,156.0,0.0,8.0,1.0,2.0,23.0
57,3958886533.0,1.0,28.0,38.0,1.0,11.0,190.0,2.0,54.0,1.0,15.0,0.0,29.0,7.0,13.0,48.0,25.0,11.0,32.0,34.0,72.0,19.0,2.0,1.0,139.0,4.0,163.0,3.0,27.0,21.0,7.0,63.0,71.0,0.0,8.0,48.0,1.0,3.0,297.0,190.0,146.0,48.0,50.0,0.0,84.0,134.0,0.0,72.0,8.0,98.0,0.0,6.0,8.0,24.0,0.0,1.0,103.0,0.0,13.0,52.0,47.0,54.0,34.0,70.0,9.0,4.0,0.0,2.0,1.0,3.0,13.0,11.0,0.0,4.0,128.0,1.0,8.0,17.0,31.0,20.0,36.0,119.0,1.0,0.0,4.0,13.0,1.0,31.0,21.0,13.0,0.0,0.0,7.0,39.0,6.0,0.0,28.0,23.0,0.0,3.0,9.0,14.0,106.0,3.0,3.0,2.0,0.0,222.0,2.0,97.0,53.0,12.0,4.0,19.0,3.0,7.0,1.0,0.0,27.0,1.0,1.0,0.0,1.0,2.0,0.0,55.0,1.0,303.0,18.0,12.0,0.0,10.0,3.0,1.0,10.0
58,3978823959.0,0.0,38.0,11.0,0.0,12.0,9.0,1.0,24.0,0.0,8.0,0.0,10.0,0.0,12.0,11.0,8.0,2.0,7.0,2.0,18.0,6.0,2.0,0.0,1.0,2.0,24.0,1.0,1.0,13.0,0.0,11.0,1.0,0.0,13.0,8.0,0.0,2.0,19.0,15.0,7.0,2.0,16.0,0.0,17.0,23.0,1.0,7.0,5.0,12.0,0.0,0.0,2.0,28.0,0.0,0.0,9.0,13.0,0.0,12.0,9.0,5.0,12.0,14.0,6.0,3.0,0.0,1.0,0.0,1.0,4.0,4.0,0.0,0.0,11.0,1.0,3.0,6.0,15.0,14.0,16.0,18.0,8.0,9.0,1.0,24.0,2.0,4.0,2.0,2.0,0.0,0.0,1.0,10.0,1.0,5.0,5.0,3.0,0.0,1.0,6.0,4.0,13.0,0.0,1.0,0.0,0.0,3.0,4.0,15.0,12.0,6.0,0.0,3.0,2.0,1.0,0.0,0.0,16.0,0.0,0.0,0.0,0.0,26.0,0.0,0.0,0.0,33.0,8.0,1.0,0.0,3.0,1.0,1.0,7.0
59,425649742.0,2.0,23.0,63.0,1.0,11.0,41.0,2.0,52.0,10.0,15.0,1.0,39.0,4.0,19.0,50.0,21.0,8.0,19.0,52.0,36.0,16.0,3.0,6.0,2.0,6.0,112.0,2.0,52.0,21.0,13.0,71.0,24.0,0.0,9.0,15.0,0.0,3.0,92.0,46.0,22.0,43.0,72.0,0.0,104.0,110.0,2.0,80.0,20.0,61.0,0.0,7.0,5.0,26.0,0.0,0.0,35.0,52.0,12.0,0.0,63.0,22.0,47.0,94.0,4.0,3.0,0.0,4.0,7.0,4.0,30.0,29.0,0.0,3.0,31.0,11.0,8.0,17.0,33.0,17.0,28.0,97.0,4.0,3.0,3.0,12.0,3.0,51.0,36.0,7.0,0.0,0.0,10.0,40.0,11.0,2.0,53.0,3.0,0.0,13.0,19.0,30.0,42.0,3.0,11.0,0.0,0.0,33.0,5.0,55.0,64.0,21.0,24.0,41.0,6.0,19.0,0.0,0.0,26.0,3.0,3.0,0.0,2.0,5.0,0.0,13.0,1.0,116.0,14.0,2.0,1.0,10.0,3.0,1.0,17.0
60,434083861.0,1.0,21.0,64.0,2.0,8.0,54.0,1.0,50.0,33.0,16.0,1.0,52.0,9.0,11.0,73.0,29.0,18.0,34.0,54.0,39.0,18.0,8.0,11.0,8.0,5.0,107.0,3.0,48.0,34.0,32.0,83.0,21.0,0.0,10.0,16.0,1.0,7.0,84.0,47.0,20.0,68.0,66.0,0.0,85.0,132.0,9.0,91.0,19.0,79.0,0.0,7.0,6.0,27.0,0.0,1.0,36.0,47.0,9.0,63.0,0.0,27.0,54.0,104.0,15.0,4.0,0.0,4.0,8.0,6.0,46.0,48.0,0.0,1.0,37.0,10.0,6.0,33.0,42.0,19.0,30.0,126.0,6.0,2.0,2.0,14.0,6.0,53.0,42.0,3.0,0.0,0.0,14.0,44.0,24.0,1.0,68.0,3.0,0.0,13.0,24.0,35.0,41.0,3.0,21.0,0.0,0.0,33.0,5.0,68.0,73.0,24.0,29.0,41.0,7.0,17.0,0.0,1.0,24.0,5.0,4.0,0.0,4.0,4.0,0.0,12.0,1.0,117.0,19.0,2.0,2.0,9.0,3.0,1.0,17.0
61,4357471874.0,2.0,8.0,20.0,2.0,7.0,83.0,4.0,19.0,1.0,3.0,2.0,13.0,2.0,8.0,25.0,11.0,12.0,20.0,18.0,36.0,8.0,5.0,1.0,4.0,2.0,61.0,2.0,8.0,15.0,2.0,24.0,44.0,0.0,2.0,43.0,2.0,5.0,69.0,47.0,16.0,16.0,21.0,0.0,30.0,52.0,3.0,39.0,2.0,25.0,0.0,2.0,0.0,11.0,0.0,2.0,57.0,54.0,5.0,22.0,27.0,0.0,10.0,28.0,5.0,1.0,0.0,3.0,1.0,3.0,5.0,7.0,0.0,1.0,63.0,1.0,4.0,14.0,20.0,13.0,21.0,47.0,2.0,0.0,2.0,2.0,4.0,17.0,16.0,6.0,0.0,0.0,6.0,29.0,3.0,0.0,10.0,19.0,0.0,4.0,7.0,10.0,58.0,2.0,5.0,1.0,0.0,44.0,3.0,62.0,23.0,10.0,2.0,9.0,3.0,3.0,0.0,0.0,12.0,1.0,1.0,0.0,5.0,0.0,0.0,22.0,1.0,103.0,11.0,26.0,1.0,3.0,3.0,2.0,13.0
62,4365468440.0,1.0,12.0,55.0,1.0,10.0,39.0,2.0,35.0,36.0,5.0,1.0,60.0,4.0,19.0,83.0,25.0,11.0,26.0,34.0,24.0,7.0,5.0,12.0,8.0,6.0,111.0,1.0,121.0,14.0,52.0,114.0,11.0,0.0,8.0,16.0,0.0,4.0,67.0,26.0,18.0,130.0,83.0,0.0,102.0,179.0,5.0,73.0,21.0,129.0,0.0,9.0,3.0,13.0,0.0,1.0,50.0,34.0,12.0,47.0,54.0,10.0,0.0,126.0,9.0,2.0,0.0,1.0,18.0,7.0,43.0,61.0,0.0,1.0,22.0,20.0,5.0,19.0,28.0,17.0,14.0,142.0,1.0,0.0,4.0,17.0,1.0,84.0,77.0,7.0,0.0,0.0,16.0,42.0,36.0,0.0,94.0,12.0,0.0,19.0,35.0,38.0,27.0,3.0,26.0,0.0,0.0,25.0,3.0,34.0,46.0,15.0,40.0,53.0,2.0,14.0,0.0,0.0,17.0,5.0,4.0,0.0,1.0,3.0,0.0,7.0,1.0,113.0,13.0,2.0,1.0,6.0,1.0,1.0,16.0
